           1     3.84235     3.84235           0
           2     3.93092     3.88664    0.044288
           3     4.23548     4.00292    0.119058
           4     4.07558     4.02108    0.086124
           5      4.0863     4.03412   0.0679745
           6     4.00988     4.03008   0.0556479
           7     3.95759     4.01973   0.0481577
           8     3.90065     4.00484   0.0442825
           9     4.04618     4.00944   0.0393227
          10     4.02187     4.01068   0.0351932
          11     4.02323     4.01182   0.0318539
          12      3.9152     4.00377   0.0301726
          13     4.02108      4.0051   0.0277867
          14     4.19348     4.01856   0.0290322
          15     4.06803     4.02185    0.027228
          16     4.14074     4.02928   0.0265312
          17     3.81773     4.01684   0.0278561
          18     4.02612     4.01736    0.026268
          19     4.12148     4.02284   0.0254442
          20      3.5051     3.99695   0.0353948
          21     3.66996     3.98138   0.0370936
          22     3.84003     3.97495   0.0359462
          23     4.11802     3.98117   0.0349065
          24     3.78278     3.97291   0.0344275
          25     3.88353     3.96933   0.0332147
          26     3.79448     3.96261   0.0326126
          27     4.04085      3.9655    0.031515
          28     3.87277     3.96219   0.0305487
          29     3.97975      3.9628   0.0294827
          30     4.10438     3.96752   0.0288713
          31     3.90959     3.96565   0.0279869
          32     4.20339     3.97308   0.0280982
          33     4.22834     3.98081   0.0283107
          34     4.02092     3.98199   0.0274907
          35     3.97149     3.98169   0.0266954
          36     4.24236     3.98893   0.0269348
          37     3.85158     3.98522   0.0264584
          38      4.0177     3.98608   0.0257669
          39     3.83913     3.98231   0.0253788
          40     3.81164     3.97804   0.0251014
          41     3.89037      3.9759   0.0245748
          42     3.94905     3.97526    0.023991
          43     4.04863     3.97697   0.0234885
          44      4.0249     3.97806   0.0229743
          45     4.32559     3.98578   0.0237488
          46      3.8054     3.98186   0.0235555
          47     3.64211     3.97463   0.0241558
          48     3.75885     3.97014   0.0240707
          49     4.05912     3.97195   0.0236442
          50     3.63545     3.96522   0.0241243
          51     4.18118     3.96946   0.0240227
          52     4.15488     3.97302   0.0238245
          53      4.0858     3.97515   0.0234674
          54     3.67269     3.96955   0.0237001
          55     4.21712     3.97405   0.0236966
          56     3.94945     3.97361   0.0232738
          57     3.66572     3.96821   0.0234913
          58     3.84401     3.96607   0.0231818
          59     3.88491     3.96469    0.022827
          60     3.93551     3.96421   0.0224486
          61     4.17316     3.96763   0.0223417
          62     4.18772     3.97118   0.0222632
          63     4.07103     3.97277   0.0219642
          64     3.93356     3.97215    0.021627
          65     3.76121     3.96891   0.0215376
          66     3.77284     3.96594   0.0214158
          67     4.08065     3.96765   0.0211631
          68     3.74579     3.96439   0.0211033
          69     4.15677     3.96718   0.0209813
          70     4.27973     3.97164   0.0211559
          71     4.12911     3.97386   0.0209734
          72      3.9936     3.97413   0.0206819
          73     3.72556     3.97073   0.0206789
          74     4.00008     3.97112   0.0204014
          75     3.96185       3.971   0.0201279
          76     3.80534     3.96882   0.0199805
          77     3.91889     3.96817     0.01973
          78     3.91212     3.96745   0.0194887
          79     4.12758     3.96948   0.0193469
          80     3.98068     3.96962    0.019104
          81     3.91664     3.96897    0.018878
          82     3.97519     3.96904   0.0186465
          83     3.94328     3.96873   0.0184231
          84     3.95098     3.96852   0.0182037
          85       4.094        3.97   0.0180487
          86     3.90572     3.96925   0.0178533
          87     4.34045     3.97352   0.0181554
          88     3.85981     3.97222   0.0179943
          89     4.15825     3.97431   0.0179134
          90     3.71264     3.97141   0.0179502
          91     3.73747     3.96884   0.0179371
          92     3.94739      3.9686   0.0177426
          93     3.91588     3.96804   0.0175599
          94     3.89149     3.96722   0.0173912
          95     3.94166     3.96695   0.0172092
          96     3.92796     3.96655   0.0170339
          97     3.93828     3.96626   0.0168599
          98     3.78922     3.96445   0.0167844
          99     4.05462     3.96536    0.016639
         100     4.60676     3.97177   0.0176765
