           1    0.358651    0.358651           0
           2    0.361067    0.359859  0.00120826
           3    0.360664    0.360127 0.000747379
           4    0.364224    0.361151  0.00115254
           5    0.360492     0.36102 0.000902443
           6    0.348656    0.358959  0.00218839
           7    0.364376    0.359733  0.00200493
           8    0.358154    0.359536  0.00174749
           9    0.361923    0.359801   0.0015638
          10    0.365169    0.360338  0.00149818
          11    0.362919    0.360572  0.00137532
          12     0.36269    0.360749  0.00126784
          13    0.354597    0.360275   0.0012586
          14    0.339748    0.358809  0.00187285
          15    0.354427    0.358517  0.00176783
          16     0.37437    0.359508  0.00192776
          17    0.348959    0.358887  0.00191419
          18    0.360896    0.358999  0.00180816
          19    0.351436    0.358601  0.00175605
          20    0.351576     0.35825  0.00170257
          21    0.352837    0.357992  0.00163985
          22    0.357461    0.357968  0.00156372
          23    0.350444    0.357641  0.00152957
          24    0.341095    0.356951  0.00161861
          25    0.342979    0.356392  0.00165005
          26     0.35978    0.356523  0.00159066
          27    0.371004    0.357059  0.00162186
          28     0.36385    0.357302  0.00158158
          29    0.367349    0.357648   0.0015649
          30    0.360425    0.357741  0.00151467
          31    0.370648    0.358157  0.00152302
          32    0.353493    0.358011  0.00148184
          33      0.3586    0.358029  0.00143634
          34     0.36127    0.358124  0.00139671
          35    0.348587    0.357852  0.00138332
          36    0.357481    0.357842  0.00134439
          37    0.360227    0.357906  0.00130914
          38    0.366929    0.358143  0.00129615
          39     0.35497    0.358062   0.0012651
          40    0.353314    0.357943  0.00123877
          41     0.35791    0.357943  0.00120818
          42    0.363745    0.358081  0.00118712
          43     0.35135    0.357924  0.00116971
          44    0.363348    0.358047  0.00114944
          45    0.366836    0.358243  0.00114046
          46    0.361036    0.358303  0.00111704
          47    0.352582    0.358182  0.00109977
          48    0.350955    0.358031  0.00108709
          49    0.357853    0.358028  0.00106468
          50    0.369278    0.358253  0.00106716
          51    0.356433    0.358217  0.00104664
          52    0.364155    0.358331  0.00103264
          53    0.351042    0.358194  0.00102227
          54    0.352185    0.358082  0.00100931
          55    0.357797    0.358077 0.000990802
          56    0.356137    0.358042 0.000973565
          57    0.345814    0.357828 0.000980099
          58    0.345643    0.357618   0.0009857
          59    0.366055    0.357761 0.000979345
          60    0.351591    0.357658 0.000968359
          61    0.351284    0.357554 0.000958067
          62    0.359556    0.357586  0.00094304
          63    0.359223    0.357612 0.000928315
          64    0.358003    0.357618 0.000913715
          65    0.360398    0.357661 0.000900565
          66    0.356917    0.357649 0.000886886
          67    0.361302    0.357704 0.000875249
          68    0.352183    0.357623 0.000866096
          69     0.34605    0.357455 0.000869776
          70    0.358739    0.357473 0.000857457
          71    0.366637    0.357602  0.00085509
          72    0.358383    0.357613 0.000843199
          73    0.352055    0.357537 0.000835048
          74    0.350857    0.357447 0.000828618
          75    0.365055    0.357548 0.000823765
          76    0.357506    0.357548 0.000812853
          77    0.358036    0.357554 0.000802253
          78    0.370735    0.357723  0.00080973
          79    0.356556    0.357708 0.000799552
          80    0.363579    0.357782 0.000792897
          81    0.343196    0.357602 0.000803486
          82    0.364308    0.357683  0.00079783
          83    0.357415     0.35768 0.000788165
          84    0.363901    0.357754 0.000782239
          85    0.351861    0.357685 0.000776085
          86    0.364158     0.35776 0.000770691
          87    0.352002    0.357694 0.000764651
          88      0.3588    0.357707 0.000756016
          89    0.359918    0.357731 0.000747886
          90    0.348516    0.357629 0.000746584
          91    0.366136    0.357723 0.000744229
          92    0.346641    0.357602 0.000745885
          93    0.366014    0.357693 0.000743345
          94    0.358881    0.357705 0.000735503
          95    0.343341    0.357554 0.000743262
          96    0.359645    0.357576 0.000735801
          97    0.349361    0.357491 0.000733085
          98    0.353697    0.357452 0.000726598
          99    0.359727    0.357475 0.000719588
         100    0.359788    0.357498 0.000712731
