           1   -0.664784   -0.664784           0
           2   -0.668864   -0.666824     0.00204
           3   -0.663344   -0.665664  0.00165312
           4   -0.664808    -0.66545  0.00118836
           5   -0.664184   -0.665197 0.000954687
           6   -0.668664   -0.665775 0.000970334
           7   -0.667576   -0.666032 0.000859509
           8     -0.6656   -0.665978 0.000746312
           9     -0.6672   -0.666114 0.000672045
          10   -0.663752   -0.665878 0.000645829
          11   -0.665816   -0.665872 0.000584201
          12   -0.662264   -0.665571 0.000612217
          13   -0.666984    -0.66568 0.000573546
          14   -0.665584   -0.665673 0.000531045
          15   -0.662712   -0.665476 0.000532333
          16   -0.666608   -0.665547 0.000502955
          17     -0.6648   -0.665503  0.00047448
          18   -0.661528   -0.665282 0.000498873
          19   -0.664632   -0.665248 0.000473124
          20   -0.661544   -0.665062 0.000485544
          21    -0.66864   -0.665233 0.000492264
          22   -0.661848   -0.665079 0.000493928
          23   -0.665152   -0.665082 0.000471975
          24    -0.66688   -0.665157 0.000458049
          25   -0.666904   -0.665227 0.000444868
          26   -0.665608   -0.665242 0.000427667
          27   -0.665632   -0.665256 0.000411777
          28   -0.661672   -0.665128 0.000416932
          29    -0.66388   -0.665085 0.000404594
          30   -0.664464   -0.665064 0.000391422
          31   -0.666168     -0.6651 0.000380256
          32   -0.666528   -0.665144 0.000370876
          33   -0.666584   -0.665188 0.000362099
          34   -0.664656   -0.665172 0.000351636
          35   -0.665664   -0.665187  0.00034173
          36   -0.665208   -0.665187 0.000332102
          37   -0.663904   -0.665152 0.000324858
          38     -0.6678   -0.665222 0.000323779
          39   -0.664416   -0.665201 0.000316044
          40   -0.660928   -0.665095 0.000326043
          41   -0.666192   -0.665121 0.000319115
          42    -0.66412   -0.665098 0.000312336
          43    -0.66732   -0.665149 0.000309334
          44   -0.662176   -0.665082 0.000309684
          45   -0.666072   -0.665104 0.000303523
          46    -0.66584    -0.66512 0.000297283
          47     -0.6658   -0.665134 0.000291249
          48   -0.659424   -0.665015 0.000308939
          49   -0.663552   -0.664985 0.000304038
          50   -0.662976   -0.664945 0.000300594
          51    -0.66612   -0.664968  0.00029554
          52   -0.666904   -0.665005 0.000292182
          53   -0.664544   -0.664997 0.000286748
          54   -0.661128   -0.664925 0.000290365
          55   -0.668816   -0.664996 0.000293685
          56   -0.661264   -0.664929 0.000295992
          57   -0.662832   -0.664892 0.000293071
          58    -0.66664   -0.664922 0.000289546
          59   -0.664816   -0.664921 0.000284602
          60   -0.664896    -0.66492 0.000279819
          61   -0.665568   -0.664931 0.000275398
          62   -0.663672   -0.664911  0.00027168
          63   -0.663648   -0.664891 0.000268083
          64   -0.662928    -0.66486 0.000265636
          65   -0.664112   -0.664848 0.000261771
          66    -0.65832   -0.664749 0.000276101
          67   -0.662232   -0.664712 0.000274532
          68   -0.658992   -0.664628 0.000283243
          69    -0.66388   -0.664617 0.000279318
          70   -0.662704    -0.66459 0.000276652
          71   -0.663376   -0.664573 0.000273263
          72   -0.663904   -0.664563 0.000269601
          73   -0.663864   -0.664554 0.000266054
          74   -0.667624   -0.664595 0.000265694
          75     -0.6642    -0.66459  0.00026218
          76   -0.663264   -0.664572 0.000259295
          77   -0.664784   -0.664575  0.00025592
          78   -0.665696    -0.66459 0.000253026
          79     -0.6626   -0.664564 0.000251069
          80    -0.66516   -0.664572 0.000248023
          81   -0.661472   -0.664534 0.000247913
          82   -0.659912   -0.664477 0.000251273
          83   -0.661408    -0.66444 0.000250967
          84   -0.663992   -0.664435 0.000248018
          85   -0.662504   -0.664412 0.000246134
          86   -0.667584   -0.664449 0.000246035
          87   -0.666344   -0.664471 0.000244164
          88    -0.66456   -0.664472 0.000241376
          89   -0.667128   -0.664502 0.000240507
          90   -0.660248   -0.664454 0.000242471
          91   -0.662856   -0.664437 0.000240434
          92   -0.662488   -0.664416 0.000238748
          93   -0.664816    -0.66442 0.000236206
          94   -0.665456   -0.664431 0.000233939
          95   -0.664984   -0.664437 0.000231537
          96   -0.663368   -0.664426 0.000229383
          97   -0.666112   -0.664443  0.00022767
          98   -0.664392   -0.664443 0.000225336
          99    -0.66364   -0.664434 0.000223195
         100   -0.666608   -0.664456 0.000222018
