41.6631
39.0144
37.7809
35.6678
35.097
34.0802
33.7938
32.4218
31.3987
30.561
29.7823
30.1029
29.2413
29.3953
28.4647
27.4372
26.8919
26.0728
25.0852
24.65
23.4102
22.9035
22.2226
21.9171
21.5713
21.1046
20.6741
20.0773
19.5912
19.0146
18.663
17.857
16.9098
16.5087
15.7945
15.3244
14.562
13.8506
13.4827
13.1623
12.2197
11.676
11.6065
11.3
10.8377
10.5049
10.3996
10.3791
10.1372
9.9654
9.7228
9.5696
9.33799
9.24496
9.21476
9.26218
9.12139
8.93036
8.84542
8.67623
8.54394
8.36509
8.08457
7.95813
7.70819
7.60535
7.57616
7.48532
7.47865
7.39213
7.29762
7.27516
7.26244
7.25091
7.23166
7.18441
7.17181
7.06951
6.96709
6.80181
6.74362
6.7032
6.67927
6.61513
6.59062
6.56158
6.53209
6.47685
6.42942
6.39608
6.37471
6.30705
6.29124
6.2782
6.27123
6.24304
6.19627
6.16768
6.12829
6.09129
6.05086
5.9721
5.90679
5.91128
5.83537
5.76094
5.72131
5.69145
5.68612
5.68318
5.6826
5.6826
5.6826
5.6826
5.6826
5.6826
5.6826
5.6826
5.6826
5.6826
5.6826
5.6826
5.6826
5.6826
5.6826
5.6826
5.6826
5.6826
5.6826
5.6826
5.6826
5.6826
5.68171
5.67688
5.6689
5.65384
5.64055
5.63257
5.62419
5.61308
5.60966
5.60064
5.5915
5.58624
5.57935
5.57165
5.56638
5.56638
5.56638
5.56638
5.56638
5.56638
5.56638
5.56638
5.56638
5.5685
5.56638
5.56638
5.56638
5.56638
5.56638
5.56638
5.56638
5.56638
5.56638
5.56638
5.56638
5.56638
5.56638
5.56544
5.56357
5.55701
5.54669
5.53638
5.52701
5.50826
5.49795
5.48201
5.48339
5.48201
5.48201
5.48201
5.48201
5.4816
5.47998
5.47593
5.46945
5.46013
5.45243
5.44635
5.44488
5.44332
5.4407
5.43717
5.43698
5.42487
5.42624
5.41806
5.49786
5.64557
5.43564
5.39899
5.46727
5.40845
5.3967
5.38652
5.38652
5.38805
5.38652
5.38652
5.38652
5.38652
5.38652
5.38652
5.38652
5.38652
5.38652
5.38652
5.38652
5.38652
5.38652
5.38652
5.38652
5.38652
5.38652
5.38652
5.38652
5.38652
5.38652
5.38652
5.38652
5.38652
5.38652
5.38652
5.38652
5.38652
5.38652
5.38652
5.38652
5.38652
5.38652
5.38652
5.38652
5.38652
5.38652
5.38652
5.38652
5.38652
5.38652
5.38652
5.38652
5.38652
5.38652
5.38652
5.38652
5.38652
5.38652
5.38652
5.38652
5.38652
5.38652
5.38652
5.38652
5.38652
5.38652
5.38652
5.38652
5.38652
5.38652
5.38652
5.38652
5.38652
5.38652
5.38652
5.38652
5.38652
5.38652
5.38652
5.38652
5.38652
5.38652
5.38652
5.38652
5.38652
5.38652
5.38652
5.38652
5.38652
5.38652
5.38652
5.38652
5.38652
5.38652
5.38652
5.38652
5.38652
5.38652
5.38652
5.38652
5.38458
5.3807
5.371
5.37003
5.39385
5.71244
5.6664
5.60733
5.43365
5.52392
5.54651
5.5308
5.54168
5.41474
5.31294
5.30143
5.2992
5.2992
5.2992
5.2992
5.2992
5.2992
5.2992
5.2992
5.2992
5.2992
5.2992
5.2992
5.2992
5.2992
5.2992
5.2992
5.2992
5.2992
5.2992
5.2992
5.2992
5.2992
5.2992
5.2992
5.2992
5.2992
5.2992
5.2992
5.2992
5.2992
5.2992
5.2992
5.2992
5.2992
5.2992
5.2992
5.2992
5.2992
5.2992
5.2992
5.2992
5.2992
5.2992
5.2992
5.2992
5.2992
5.2992
5.2992
5.2992
5.2992
5.2992
5.2992
5.2992
5.2992
5.2992
5.2992
5.2992
5.2992
5.2992
5.2992
5.2992
5.2992
5.2992
5.2992
5.2992
5.2992
5.2992
5.2992
5.2992
5.2992
5.2992
5.2992
5.2992
5.2992
5.2992
5.2992
5.2992
5.2992
5.2992
5.2992
5.2992
5.2992
5.2992
5.2992
5.2992
5.2992
5.2992
5.2992
5.2992
5.2992
5.2992
5.2992
5.2992
5.2992
5.2992
5.2992
5.2992
5.2992
5.2992
5.2992
5.2992
5.2992
5.2992
5.2992
5.2992
5.2992
5.2992
5.2992
5.2992
5.2992
5.2992
5.2992
5.2992
5.2992
5.2992
5.29987
5.2992
5.2992
5.2992
5.2992
5.2992
5.2992
5.2992
5.2992
5.2992
5.2992
5.2992
5.2992
5.2992
5.2992
5.2992
5.2992
5.2992
5.2992
5.29846
5.29648
5.2924
5.28921
5.28378
5.27688
5.26867
5.26772
5.26793
5.26698
5.26625
5.26625
5.26625
5.26625
5.26677
5.26625
5.26625
5.26625
5.26625
5.26625
5.26625
5.26625
5.26625
5.26583
5.265
5.26125
5.25584
5.24585
5.24543
5.23918
5.23419
5.23419
5.23086
5.23336
5.22919
5.22878
5.22878
5.22878
5.22878
5.22878
5.22878
5.22878
5.22878
5.22878
5.22878
5.22878
5.22878
5.22878
5.22878
5.22878
5.22878
