32.6796
32.6796
31.2822
30.4257
28.3594
28.3594
28.3594
26.9025
26.7666
26.7666
24.8218
24.8218
22.9431
22.9431
22.9431
22.9431
22.9431
22.1542
22.1542
21.8053
21.8053
20.2335
20.2335
19.7143
18.8493
18.3657
17.4523
17.4523
17.4523
14.1115
14.1115
14.1115
13.9921
13.9037
12.2849
11.0324
11.0324
11.0324
11.0324
10.9441
10.4652
10.4652
10.3851
10.124
9.46098
9.46098
9.37264
9.37264
9.37264
9.01586
9.01586
9.01586
8.77708
8.77708
8.40648
8.40648
8.17252
7.81574
7.66603
7.66603
7.66603
7.66603
7.44715
7.29745
7.29316
7.29316
7.29316
7.29316
7.22503
7.22503
7.22503
7.22503
7.18579
7.02543
6.96844
6.76884
6.76884
6.76884
6.58926
6.58926
6.58926
6.55002
6.55002
6.4084
6.4084
6.4084
6.2443
6.2443
6.2443
6.2443
6.20507
6.20507
6.20507
6.20507
6.20507
5.98721
5.98721
5.98721
5.85587
5.83123
5.69989
5.69989
5.6826
5.6826
5.6826
5.6826
5.6826
5.6826
5.6826
5.6826
5.6826
5.6826
5.6826
5.6826
5.6826
5.6826
5.6826
5.6826
5.6826
5.6826
5.6826
5.6826
5.6826
5.6826
5.6826
5.6826
5.6826
5.6826
5.6826
5.6826
5.6826
5.6826
5.60285
5.60285
5.60285
5.60285
5.60285
5.60285
5.60285
5.56638
5.56638
5.56638
5.56638
5.56638
5.56638
5.56638
5.56638
5.56638
5.56638
5.56638
5.56638
5.56638
5.56638
5.56638
5.56638
5.56638
5.56638
5.56638
5.56638
5.56638
5.56638
5.56638
5.56638
5.56638
5.56638
5.56638
5.56638
5.56638
5.56638
5.48201
5.48201
5.48201
5.48201
5.48201
5.48201
5.48201
5.48201
5.48201
5.48201
5.48201
5.48201
5.48201
5.48201
5.44554
5.44554
5.44554
5.44554
5.44554
5.44554
5.44554
5.38652
5.38652
5.38652
5.38652
5.38652
5.38652
5.38652
5.38652
5.38652
5.38652
5.38652
5.38652
5.38652
5.38652
5.38652
5.38652
5.38652
5.38652
5.38652
5.38652
5.38652
5.38652
5.38652
5.38652
5.38652
5.38652
5.38652
5.38652
5.38652
5.38652
5.38652
5.38652
5.38652
5.38652
5.38652
5.38652
5.38652
5.38652
5.38652
5.38652
5.38652
5.38652
5.38652
5.38652
5.38652
5.38652
5.38652
5.38652
5.38652
5.38652
5.38652
5.38652
5.38652
5.38652
5.38652
5.38652
5.38652
5.38652
5.38652
5.38652
5.38652
5.38652
5.38652
5.38652
5.38652
5.38652
5.38652
5.38652
5.38652
5.38652
5.38652
5.38652
5.38652
5.38652
5.38652
5.38652
5.38652
5.38652
5.38652
5.38652
5.38652
5.38652
5.38652
5.38652
5.38652
5.38652
5.38652
5.38652
5.38652
5.38652
5.38652
5.38652
5.38652
5.38652
5.38652
5.38652
5.38652
5.38652
5.38652
5.38652
5.38652
5.38652
5.38652
5.38652
5.38652
5.38652
5.38652
5.38652
5.38652
5.2992
5.2992
5.2992
5.2992
5.2992
5.2992
5.2992
5.2992
5.2992
5.2992
5.2992
5.2992
5.2992
5.2992
5.2992
5.2992
5.2992
5.2992
5.2992
5.2992
5.2992
5.2992
5.2992
5.2992
5.2992
5.2992
5.2992
5.2992
5.2992
5.2992
5.2992
5.2992
5.2992
5.2992
5.2992
5.2992
5.2992
5.2992
5.2992
5.2992
5.2992
5.2992
5.2992
5.2992
5.2992
5.2992
5.2992
5.2992
5.2992
5.2992
5.2992
5.2992
5.2992
5.2992
5.2992
5.2992
5.2992
5.2992
5.2992
5.2992
5.2992
5.2992
5.2992
5.2992
5.2992
5.2992
5.2992
5.2992
5.2992
5.2992
5.2992
5.2992
5.2992
5.2992
5.2992
5.2992
5.2992
5.2992
5.2992
5.2992
5.2992
5.2992
5.2992
5.2992
5.2992
5.2992
5.2992
5.2992
5.2992
5.2992
5.2992
5.2992
5.2992
5.2992
5.2992
5.2992
5.2992
5.2992
5.2992
5.2992
5.2992
5.2992
5.2992
5.2992
5.2992
5.2992
5.2992
5.2992
5.2992
5.2992
5.2992
5.2992
5.2992
5.2992
5.2992
5.2992
5.2992
5.2992
5.2992
5.2992
5.2992
5.2992
5.2992
5.2992
5.2992
5.2992
5.2992
5.2992
5.2992
5.2992
5.2992
5.2992
5.2992
5.2992
5.2992
5.2992
5.2992
5.2992
5.2992
5.2992
5.2992
5.2992
5.2992
5.2992
5.2992
5.2992
5.2992
5.2992
5.2992
5.2992
5.26625
5.26625
5.26625
5.26625
5.26625
5.26625
5.26625
5.26625
5.26625
5.26625
5.26625
5.26625
5.26625
5.26625
5.26625
5.26625
5.26625
5.26625
5.26625
5.26625
5.26625
5.26625
5.26625
5.22878
5.22878
5.22878
5.22878
5.22878
5.22878
5.22878
5.22878
5.22878
5.22878
5.22878
5.22878
5.22878
5.22878
5.22878
5.22878
5.22878
5.22878
5.22878
5.22878
5.22878
5.22878
5.22878
5.22878
5.22878
5.22878
5.22878
5.22878
