           1     1.39704     1.39704           0
           2     1.47371     1.43537   0.0383323
           3      1.4227     1.43115   0.0225311
           4     1.39994     1.42335   0.0177394
           5     1.46197     1.43107   0.0157628
           6     1.41689     1.42871   0.0130854
           7     1.42788     1.42859   0.0110598
           8     1.35364     1.41922   0.0133984
           9     1.35909     1.41254   0.0135744
          10     1.43183     1.41447   0.0122935
          11     1.43561     1.41639   0.0112848
          12     1.41055      1.4159    0.010313
          13     1.46385     1.41959   0.0101783
          14     1.41365     1.41917  0.00943282
          15     1.42901     1.41982  0.00880596
          16     1.39961     1.41856  0.00833353
          17     1.45896     1.42094  0.00818075
          18     1.44041     1.42202  0.00778836
          19     1.44415     1.42318   0.0074586
          20     1.39015     1.42153  0.00726605
          21     1.37858     1.41949  0.00720766
          22     1.46454     1.42153  0.00717085
          23     1.45055     1.42279  0.00696718
          24     1.44285     1.42363  0.00672271
          25     1.38897     1.42224  0.00659554
          26     1.37966     1.42061  0.00654508
          27      1.4668     1.42232  0.00652623
          28     1.38717     1.42106  0.00641288
          29     1.41311     1.42079  0.00619387
          30      1.4507     1.42178  0.00606635
          31     1.36921     1.42009  0.00610755
          32     1.46237     1.42141   0.0060594
          33      1.4126     1.42114  0.00587898
          34      1.4041     1.42064  0.00572543
          35     1.53607     1.42394   0.0064641
          36     1.40277     1.42335  0.00630945
          37      1.3514     1.42141   0.0064373
          38     1.43794     1.42184   0.0062807
          39     1.42659     1.42196  0.00611875
          40     1.40157     1.42145  0.00598557
          41     1.43883     1.42188  0.00585312
          42      1.3904     1.42113  0.00576101
          43     1.37139     1.41997  0.00574311
          44     1.46809     1.42107  0.00571665
          45     1.51045     1.42305  0.00593071
          46     1.44292     1.42348  0.00581641
          47     1.30158     1.42089  0.00625443
          48      1.4997     1.42253  0.00633909
          49      1.4573     1.42324  0.00624878
          50     1.43168     1.42341  0.00612485
          51     1.43493     1.42364   0.0060078
          52      1.4951     1.42501   0.0060493
          53     1.51604     1.42673  0.00617761
          54     1.39358     1.42611  0.00609313
          55     1.44997     1.42655  0.00599703
          56     1.41827      1.4264  0.00589083
          57     1.43485     1.42655  0.00578845
          58     1.43566     1.42671  0.00568994
          59     1.44651     1.42704  0.00560274
          60      1.5005     1.42827    0.005643
          61     1.42176     1.42816  0.00555074
          62     1.40988     1.42786  0.00546844
          63     1.44814     1.42819  0.00539055
          64     1.43182     1.42824  0.00530596
          65     1.42454     1.42819    0.005224
          66     1.41484     1.42798  0.00514822
          67     1.37419     1.42718  0.00513395
          68     1.48277       1.428  0.00512353
          69     1.52966     1.42947  0.00525932
          70     1.45058     1.42977  0.00519241
          71     1.46955     1.43033  0.00514932
          72     1.51545     1.43152  0.00521312
          73     1.38642      1.4309  0.00517818
          74     1.46819      1.4314  0.00513253
          75     1.34864      1.4303  0.00518249
          76     1.38325     1.42968  0.00515117
          77     1.46692     1.43016  0.00510679
          78     1.45792     1.43052  0.00505343
          79     1.45453     1.43082   0.0049983
          80     1.53754     1.43216  0.00511252
          81     1.42852     1.43211  0.00504921
          82     1.46495     1.43251  0.00500331
          83     1.37157     1.43178  0.00499691
          84     1.40801     1.43149  0.00494516
          85     1.45404     1.43176  0.00489383
          86     1.38526     1.43122  0.00486673
          87     1.45618     1.43151  0.00481901
          88     1.40805     1.43124  0.00477139
          89     1.50559     1.43207  0.00479088
          90     1.45292     1.43231  0.00474301
          91     1.47345     1.43276  0.00471234
          92     1.49869     1.43348  0.00471561
          93     1.42453     1.43338  0.00466562
          94     1.51524     1.43425  0.00469715
          95     1.42915      1.4342  0.00464775
          96     1.42257     1.43408  0.00460068
          97     1.41781     1.43391  0.00455609
          98     1.38963     1.43346  0.00453194
          99     1.44377     1.43356  0.00448714
         100     1.47198     1.43394  0.00445863
