           1   -0.470808   -0.470808           0
           2   -0.471992     -0.4714    0.000592
           3     -0.4706   -0.471133 0.000433512
           4   -0.470376   -0.470944 0.000360296
           5   -0.472136   -0.471182 0.000367046
           6   -0.474928   -0.471807 0.000692477
           7   -0.473424   -0.472038 0.000629206
           8   -0.471416    -0.47196 0.000550422
           9   -0.473544   -0.472136 0.000516348
          10   -0.474688   -0.472391 0.000527654
          11    -0.47308   -0.472454 0.000481371
          12   -0.472352   -0.472445 0.000439512
          13   -0.472008   -0.472412 0.000405689
          14   -0.473336   -0.472478 0.000381354
          15    -0.47184   -0.472435 0.000357558
          16   -0.472624   -0.472447 0.000334673
          17   -0.471728   -0.472405 0.000317203
          18   -0.472952   -0.472435 0.000300603
          19   -0.472696   -0.472449 0.000284673
          20   -0.468264    -0.47224 0.000341639
          21   -0.471288   -0.472194 0.000328108
          22   -0.470848   -0.472133 0.000318768
          23   -0.475344   -0.472273 0.000335062
          24    -0.47488   -0.472381 0.000338693
          25   -0.473824   -0.472439 0.000329948
          26    -0.47352   -0.472481 0.000319719
          27   -0.470504   -0.472407  0.00031624
          28   -0.469728   -0.472312 0.000319408
          29   -0.471824   -0.472295 0.000308656
          30   -0.473024   -0.472319 0.000299179
          31    -0.47092   -0.472274 0.000292866
          32   -0.472944   -0.472295 0.000284338
          33   -0.472328   -0.472296 0.000275589
          34      -0.471   -0.472258 0.000270064
          35   -0.474592   -0.472325 0.000270581
          36   -0.470264   -0.472267 0.000269115
          37   -0.470976   -0.472232 0.000264057
          38   -0.473616   -0.472269 0.000259581
          39   -0.471064   -0.472238 0.000254718
          40   -0.470984   -0.472207 0.000250239
          41   -0.472696   -0.472219 0.000244351
          42   -0.472472   -0.472225 0.000238539
          43   -0.473176   -0.472247 0.000233974
          44   -0.469464   -0.472183 0.000237182
          45   -0.470512   -0.472146 0.000234807
          46   -0.472584   -0.472156 0.000229843
          47   -0.471112   -0.472134 0.000225994
          48   -0.472896   -0.472149 0.000221805
          49   -0.471968   -0.472146 0.000217263
          50   -0.473336    -0.47217   0.0002142
          51   -0.472392   -0.472174 0.000210003
          52    -0.47276   -0.472185 0.000206233
          53   -0.470208   -0.472148 0.000205716
          54    -0.47052   -0.472118 0.000204109
          55   -0.472416   -0.472123 0.000200437
          56    -0.47064   -0.472097 0.000198599
          57   -0.474336   -0.472136    0.000199
          58   -0.471704   -0.472129 0.000195681
          59   -0.471176   -0.472112 0.000193012
          60   -0.471984    -0.47211  0.00018978
          61   -0.473008   -0.472125 0.000187222
          62    -0.47292   -0.472138 0.000184623
          63   -0.469832   -0.472101 0.000185319
          64   -0.472912   -0.472114  0.00018284
          65   -0.473344   -0.472133 0.000180997
          66   -0.470128   -0.472102 0.000180804
          67    -0.46768   -0.472036 0.000189924
          68    -0.47324   -0.472054 0.000187945
          69   -0.473608   -0.472077 0.000186565
          70     -0.4704   -0.472053 0.000185434
          71   -0.472184   -0.472055 0.000182813
          72   -0.472056   -0.472055 0.000180256
          73   -0.470928   -0.472039 0.000178439
          74   -0.470392   -0.472017 0.000177412
          75   -0.473384   -0.472035 0.000175978
          76    -0.47236   -0.472039 0.000173699
          77   -0.470984   -0.472026 0.000171976
          78   -0.473656   -0.472047 0.000171039
          79   -0.473312   -0.472063 0.000169618
          80   -0.470984   -0.472049 0.000168026
          81   -0.469896   -0.472023 0.000168054
          82   -0.472136   -0.472024 0.000165998
          83   -0.472432   -0.472029 0.000164059
          84   -0.470416    -0.47201 0.000163228
          85   -0.472328   -0.472013 0.000161339
          86   -0.473328   -0.472029 0.000160183
          87    -0.47168   -0.472025 0.000158382
          88   -0.470512   -0.472007 0.000157513
          89   -0.473776   -0.472027 0.000156995
          90   -0.472576   -0.472033 0.000155361
          91   -0.472096   -0.472034 0.000153646
          92      -0.471   -0.472023 0.000152382
          93   -0.472048   -0.472023 0.000150734
          94   -0.474784   -0.472053 0.000151987
          95   -0.475888   -0.472093 0.000155704
          96     -0.4708   -0.472079 0.000154661
          97   -0.469736   -0.472055 0.000154953
          98   -0.470752   -0.472042  0.00015394
          99   -0.470704   -0.472028 0.000152975
         100   -0.472192    -0.47203 0.000151446
