           1    0.204733    0.204733           0
           2    0.205017    0.204875 0.000142306
           3    0.214309     0.20802   0.0031458
           4     0.20577    0.207457   0.0022944
           5     0.20604    0.207174  0.00179969
           6    0.203284    0.206525  0.00160613
           7    0.207379    0.206647  0.00136289
           8     0.20129    0.205978  0.00135706
           9    0.202013    0.205537   0.0012753
          10    0.204547    0.205438  0.00114495
          11    0.202925     0.20521  0.00106055
          12    0.210006    0.205609   0.0010474
          13    0.206821    0.205703 0.000967973
          14    0.199991    0.205295 0.000984647
          15    0.202073     0.20508 0.000941481
          16    0.211103    0.205456 0.000957762
          17    0.207839    0.205596  0.00091051
          18    0.208287    0.205746 0.000871356
          19    0.201894    0.205543 0.000848792
          20    0.200818    0.205307 0.000839183
          21    0.203112    0.205202 0.000805037
          22    0.202672    0.205087 0.000776142
          23    0.206905    0.205166 0.000745828
          24    0.199255     0.20492 0.000755369
          25    0.206571    0.204986 0.000727526
          26    0.206739    0.205054 0.000702228
          27    0.205987    0.205088 0.000676604
          28    0.202992    0.205013 0.000656277
          29    0.204577    0.204998  0.00063342
          30    0.212155    0.205237 0.000656796
          31    0.203884    0.205193 0.000636753
          32    0.204145     0.20516 0.000617402
          33    0.205709    0.205177 0.000598632
          34    0.206495    0.205216 0.000582051
          35    0.207344    0.205277 0.000568438
          36    0.209293    0.205388 0.000563575
          37    0.201171    0.205274 0.000559857
          38    0.203608     0.20523 0.000546687
          39     0.20136    0.205131 0.000541653
          40    0.203479     0.20509 0.000529552
          41     0.20048    0.204977 0.000528572
          42    0.206209    0.205007 0.000516667
          43    0.204188    0.204988 0.000504867
          44     0.20881    0.205074 0.000500853
          45    0.200906    0.204982 0.000498281
          46    0.202932    0.204937 0.000489361
          47    0.198173    0.204793 0.000499995
          48    0.204086    0.204779 0.000489689
          49    0.202184    0.204726 0.000482505
          50     0.20871    0.204805 0.000479425
          51    0.203298    0.204776 0.000470858
          52    0.201132    0.204706 0.000467003
          53    0.205441     0.20472 0.000458317
          54    0.204409    0.204714 0.000449786
          55    0.200997    0.204646 0.000446674
          56    0.212165    0.204781 0.000458711
          57    0.200709    0.204709 0.000456218
          58    0.206302    0.204737 0.000449124
          59    0.206452    0.204766 0.000442403
          60     0.20621     0.20479 0.000435633
          61     0.20483     0.20479 0.000428432
          62    0.202407    0.204752 0.000423214
          63    0.207665    0.204798 0.000419002
          64    0.203315    0.204775 0.000413054
          65    0.205766     0.20479 0.000406935
          66    0.200977    0.204733 0.000404866
          67    0.203663    0.204717 0.000399097
          68    0.196726    0.204599 0.000410367
          69    0.201654    0.204556 0.000406623
          70    0.201821    0.204517 0.000402672
          71    0.200008    0.204454  0.00040201
          72    0.200856    0.204404 0.000399523
          73    0.199325    0.204334 0.000400108
          74    0.204899    0.204342 0.000394738
          75    0.205554    0.204358 0.000389774
          76    0.195179    0.204237 0.000403127
          77    0.211978    0.204338 0.000410363
          78    0.202487    0.204314 0.000405762
          79     0.20539    0.204328 0.000400824
          80    0.205027    0.204336 0.000395879
          81     0.19994    0.204282 0.000394711
          82    0.209305    0.204343 0.000394651
          83     0.20334    0.204331 0.000390055
          84    0.210964     0.20441  0.00039339
          85    0.205204     0.20442 0.000388846
          86    0.205965    0.204438 0.000384718
          87    0.203284    0.204424 0.000380501
          88    0.202354    0.204401 0.000376888
          89    0.205991    0.204419 0.000373057
          90    0.198302    0.204351 0.000375096
          91    0.203019    0.204336  0.00037124
          92    0.203449    0.204326 0.000367309
          93    0.202504    0.204307 0.000363866
          94    0.208381     0.20435 0.000362574
          95     0.19968    0.204301  0.00036209
          96    0.205606    0.204315 0.000358556
          97    0.206781     0.20434  0.00035575
          98     0.20206    0.204317 0.000352869
          99     0.20331    0.204307 0.000349435
         100    0.209216    0.204356 0.000349389
