           1   -0.662261   -0.662261           0
           2   -0.661012   -0.661636   0.0006244
           3   -0.653457    -0.65891  0.00275026
           4   -0.662658   -0.659847  0.00215866
           5   -0.662722   -0.660422  0.00176818
           6   -0.659798   -0.660318  0.00144746
           7   -0.657793   -0.659957  0.00127539
           8   -0.663774   -0.660434  0.00120319
           9   -0.662554    -0.66067  0.00108693
          10   -0.662106   -0.660813 0.000982739
          11    -0.66003   -0.660742 0.000891766
          12   -0.659942   -0.660676 0.000816791
          13   -0.660843   -0.660688 0.000751449
          14   -0.659462   -0.660601 0.000701197
          15   -0.665462   -0.660925 0.000728785
          16    -0.66105   -0.660933 0.000681761
          17   -0.660841   -0.660927 0.000640426
          18   -0.662343   -0.661006 0.000608902
          19   -0.659486   -0.660926  0.00058149
          20   -0.656124   -0.660686 0.000601636
          21   -0.654745   -0.660403 0.000638382
          22    -0.66213   -0.660482 0.000613716
          23   -0.660872   -0.660499 0.000586672
          24   -0.660181   -0.660485 0.000561852
          25   -0.659882   -0.660461  0.00053945
          26   -0.659508   -0.660424 0.000519582
          27   -0.663323   -0.660532 0.000511365
          28   -0.657346   -0.660418 0.000505732
          29   -0.655042   -0.660233 0.000522012
          30   -0.659117   -0.660195 0.000505681
          31   -0.667952   -0.660446 0.000549383
          32   -0.663975   -0.660556 0.000543253
          33   -0.662114   -0.660603 0.000528647
          34   -0.659022   -0.660557 0.000514966
          35   -0.667545   -0.660756 0.000538424
          36   -0.659155   -0.660712 0.000525141
          37   -0.659875   -0.660689 0.000511251
          38   -0.662632    -0.66074 0.000500235
          39   -0.665294   -0.660857 0.000501036
          40    -0.65499    -0.66071 0.000509899
          41   -0.655412   -0.660581 0.000513824
          42   -0.661881   -0.660612 0.000502395
          43   -0.659255   -0.660581 0.000491586
          44   -0.651015   -0.660363 0.000527194
          45   -0.666302   -0.660495 0.000531973
          46   -0.663863   -0.660568 0.000525407
          47   -0.661779   -0.660594 0.000514751
          48   -0.658482    -0.66055  0.00050583
          49   -0.663228   -0.660605 0.000498405
          50   -0.657928   -0.660551 0.000491261
          51   -0.658133   -0.660504 0.000483861
          52   -0.658274   -0.660461 0.000476398
          53   -0.664758   -0.660542 0.000474302
          54   -0.663876   -0.660604 0.000469513
          55   -0.661763   -0.660625 0.000461379
          56   -0.660733   -0.660627  0.00045307
          57   -0.661826   -0.660648 0.000445547
          58   -0.660096   -0.660638 0.000437901
          59    -0.66365   -0.660689  0.00043343
          60   -0.661442   -0.660702  0.00042633
          61   -0.659179   -0.660677 0.000420025
          62    -0.65655    -0.66061 0.000418523
          63   -0.660498   -0.660609  0.00041183
          64   -0.663401   -0.660652 0.000407686
          65   -0.661045   -0.660658  0.00040141
          66   -0.659634   -0.660643 0.000395586
          67    -0.65676   -0.660585 0.000393923
          68   -0.659077   -0.660563 0.000388719
          69   -0.659663    -0.66055 0.000383266
          70   -0.660567    -0.66055 0.000377751
          71   -0.664135     -0.6606 0.000375801
          72   -0.662644   -0.660629  0.00037163
          73   -0.653606   -0.660533 0.000378921
          74    -0.66079   -0.660536 0.000373782
          75   -0.656913   -0.660488 0.000371915
          76   -0.662778   -0.660518 0.000368224
          77   -0.659102   -0.660499 0.000363875
          78   -0.661489   -0.660512 0.000359403
          79   -0.667209   -0.660597  0.00036481
          80    -0.66463   -0.660647 0.000363731
          81   -0.658877   -0.660625 0.000359877
          82   -0.662262   -0.660645  0.00035602
          83   -0.661774   -0.660659 0.000351967
          84   -0.654303   -0.660583 0.000355888
          85    -0.66049   -0.660582 0.000351678
          86   -0.659904   -0.660574 0.000347654
          87   -0.663819   -0.660612 0.000345653
          88   -0.659216   -0.660596 0.000342071
          89   -0.669633   -0.660697 0.000353119
          90    -0.66318   -0.660725 0.000350261
          91   -0.668201   -0.660807    0.000356
          92    -0.66061   -0.660805 0.000352116
          93   -0.661416   -0.660811 0.000348371
          94   -0.662215   -0.660826 0.000344968
          95   -0.668024   -0.660902 0.000349625
          96   -0.663165   -0.660926 0.000346766
          97   -0.662552   -0.660943 0.000343582
          98   -0.658271   -0.660915 0.000341149
          99   -0.661755   -0.660924 0.000337792
         100    -0.66074   -0.660922 0.000334402
