           1    0.421743    0.421743           0
           2    0.418327    0.420035  0.00170804
           3    0.419848    0.419972 0.000988107
           4    0.416702    0.419155  0.00107541
           5    0.434824    0.422289  0.00324266
           6    0.417245    0.421448  0.00277785
           7    0.412948    0.420234  0.00264315
           8    0.410341    0.418997  0.00260169
           9    0.417506    0.418831  0.00230045
          10    0.415521      0.4185  0.00208404
          11    0.423581    0.418962  0.00194085
          12    0.418108    0.418891  0.00177318
          13    0.411001    0.418284  0.00174034
          14    0.411665    0.417811  0.00167917
          15    0.424489    0.418257  0.00162536
          16    0.409029     0.41768   0.0016261
          17    0.430754    0.418449  0.00171015
          18    0.417872    0.418417  0.00161266
          19    0.412447    0.418103  0.00155745
          20    0.422758    0.418335  0.00149575
          21    0.419888    0.418409  0.00142466
          22     0.40863    0.417965  0.00142925
          23    0.416775    0.417913  0.00136667
          24      0.4137    0.417738  0.00132021
          25    0.413091    0.417552  0.00127987
          26    0.408306    0.417196  0.00128005
          27    0.433347    0.417794   0.0013693
          28    0.422144     0.41795   0.0013286
          29    0.404322     0.41748  0.00136539
          30    0.428222    0.417838  0.00136683
          31    0.412024     0.41765  0.00133524
          32    0.406437      0.4173  0.00133948
          33     0.42067    0.417402  0.00130227
          34    0.428459    0.417727  0.00130457
          35     0.41928    0.417772  0.00126752
          36    0.409721    0.417548  0.00125195
          37    0.409346    0.417326  0.00123765
          38    0.419678    0.417388  0.00120623
          39    0.418589    0.417419   0.0011753
          40    0.414718    0.417351  0.00114753
          41    0.400218    0.416933  0.00119466
          42    0.415229    0.416893  0.00116658
          43    0.425215    0.417086  0.00115545
          44    0.407547     0.41687  0.00114952
          45    0.416913    0.416871  0.00112368
          46    0.411207    0.416747  0.00110586
          47    0.409379    0.416591  0.00109337
          48    0.416839    0.416596  0.00107036
          49    0.429684    0.416863  0.00108178
          50    0.429184    0.417109   0.0010882
          51    0.401101    0.416795  0.00111187
          52    0.418402    0.416826  0.00109072
          53    0.392817    0.416373  0.00116189
          54    0.414232    0.416334  0.00114086
          55    0.415557     0.41632  0.00112001
          56    0.431033    0.416582  0.00113078
          57    0.428957    0.416799  0.00113178
          58    0.426375    0.416965  0.00112428
          59    0.419023    0.416999  0.00110561
          60    0.445016    0.417466  0.00118307
          61    0.415362    0.417432  0.00116403
          62      0.4198     0.41747  0.00114574
          63    0.437285    0.417785  0.00117046
          64    0.412672    0.417705  0.00115479
          65    0.406932    0.417539   0.0011489
          66    0.410649    0.417435  0.00113617
          67    0.402397     0.41721  0.00114137
          68    0.420373    0.417257  0.00112542
          69    0.424704    0.417365  0.00111423
          70    0.408276    0.417235  0.00110584
          71    0.413713    0.417185  0.00109128
          72    0.419468    0.417217  0.00107649
          73    0.419892    0.417253  0.00106227
          74    0.445509    0.417635  0.00111522
          75    0.429553    0.417794  0.00111167
          76    0.401529     0.41758  0.00111762
          77    0.434887    0.417805  0.00112568
          78    0.429839    0.417959  0.00112182
          79     0.41592    0.417933  0.00110782
          80    0.431121    0.418098  0.00110624
          81    0.423032    0.418159  0.00109419
          82    0.435193    0.418367  0.00110055
          83    0.423489    0.418429  0.00108896
          84    0.424954    0.418506  0.00107872
          85    0.414372    0.418458  0.00106706
          86    0.407657    0.418332  0.00106203
          87    0.414548    0.418289  0.00105065
          88    0.405438    0.418143  0.00104886
          89     0.42269    0.418194  0.00103827
          90    0.414341    0.418151  0.00102756
          91    0.416891    0.418137   0.0010163
          92    0.432451    0.418293  0.00101716
          93    0.423095    0.418344  0.00100749
          94     0.42747    0.418441  0.00100143
          95    0.423719    0.418497 0.000992389
          96    0.424847    0.418563 0.000984223
          97    0.419412    0.418572 0.000974063
          98    0.424259     0.41863 0.000965817
          99    0.421881    0.418663 0.000956575
         100    0.427607    0.418752 0.000951176
