           1     1.60529     1.60529           0
           2     1.61249     1.60889  0.00360297
           3     1.69829     1.63869   0.0298717
           4     1.60622     1.63057   0.0226283
           5     1.64538     1.63353   0.0177761
           6     1.60744     1.62919   0.0151517
           7     1.60742     1.62608   0.0131777
           8     1.54456     1.61589   0.0152995
           9     1.67896     1.62289   0.0152042
          10     1.66986     1.62759   0.0143874
          11     1.60781     1.62579   0.0131376
          12     1.67579     1.62996    0.012696
          13     1.59612     1.62736   0.0119652
          14     1.71925     1.63392   0.0128762
          15     1.57539     1.63002   0.0126061
          16     1.57769     1.62675    0.012237
          17     1.64757     1.62797   0.0115597
          18     1.64169     1.62873   0.0109253
          19     1.61198     1.62785   0.0103718
          20     1.64836     1.62888  0.00989286
          21     1.64739     1.62976   0.0094512
          22     1.56967     1.62703  0.00941619
          23     1.60334       1.626  0.00905621
          24     1.62479     1.62595  0.00867081
          25      1.6297      1.6261   0.0083181
          26     1.58817     1.62464  0.00812384
          27     1.60064     1.62375  0.00786756
          28     1.61982     1.62361  0.00758267
          29     1.61433     1.62329  0.00732352
          30      1.6533     1.62429  0.00714557
          31     1.56192     1.62228  0.00719814
          32     1.63449     1.62266     0.00698
          33     1.61951     1.62256  0.00676586
          34     1.61386     1.62231  0.00656883
          35     1.60986     1.62195   0.0063883
          36     1.57645     1.62069  0.00633567
          37     1.55704     1.61897  0.00639769
          38     1.53675      1.6168   0.0065922
          39     1.63496     1.61727   0.0064378
          40     1.66528     1.61847  0.00638857
          41     1.68034     1.61998  0.00641092
          42      1.6203     1.61999  0.00625643
          43     1.62862     1.62019   0.0061125
          44     1.71154     1.62226  0.00632259
          45     1.61171     1.62203  0.00618494
          46     1.53541     1.62015   0.0063353
          47     1.54471     1.61854  0.00640347
          48     1.64746     1.61914  0.00629752
          49     1.63243     1.61942  0.00617362
          50     1.69159     1.62086  0.00621872
          51      1.5871      1.6202   0.0061314
          52     1.63551     1.62049  0.00601955
          53     1.54598     1.61909  0.00606995
          54     1.61888     1.61908  0.00595648
          55     1.64838     1.61961   0.0058714
          56     1.71524     1.62132  0.00601315
          57     1.67289     1.62223  0.00597558
          58      1.6446     1.62261  0.00588431
          59     1.60089     1.62224  0.00579541
          60     1.68758     1.62333  0.00580113
          61     1.66724     1.62405  0.00575046
          62     1.62243     1.62403  0.00565701
          63     1.63999     1.62428  0.00557226
          64      1.6593     1.62483  0.00551173
          65     1.63878     1.62504  0.00543052
          66     1.57388     1.62427  0.00540349
          67     1.52473     1.62278  0.00552569
          68     1.67498     1.62355  0.00549767
          69     1.70538     1.62473  0.00554571
          70     1.58777     1.62421  0.00549136
          71     1.59844     1.62384  0.00542562
          72     1.59481     1.62344   0.0053649
          73     1.68062     1.62422  0.00534857
          74     1.71262     1.62542  0.00540933
          75     1.67084     1.62602  0.00537097
          76     1.59389      1.6256  0.00531667
          77     1.69208     1.62646  0.00531773
          78     1.61942     1.62637  0.00524989
          79      1.5917     1.62594  0.00520156
          80     1.73604     1.62731  0.00531732
          81     1.61472     1.62716  0.00525356
          82     1.70541     1.62811  0.00527613
          83      1.6017     1.62779  0.00522188
          84     1.66669     1.62826  0.00518008
          85     1.67493      1.6288  0.00514814
          86     1.62453     1.62875  0.00508817
          87     1.59011     1.62831  0.00504892
          88     1.54988     1.62742  0.00507017
          89     1.63875     1.62755  0.00501449
          90     1.62652     1.62754  0.00495848
          91      1.5768     1.62698  0.00493528
          92     1.62915       1.627   0.0048814
          93     1.62314     1.62696   0.0048288
          94     1.62684     1.62696  0.00477716
          95     1.55428     1.62619  0.00478811
          96     1.63082     1.62624  0.00473822
          97     1.63122     1.62629   0.0046894
          98     1.57827      1.6258   0.0046671
          99       1.629     1.62584  0.00461983
         100     1.65791     1.62616  0.00458463
