           1    0.380464    0.380464           0
           2     0.37586    0.378162    0.002302
           3    0.365044    0.373789  0.00457019
           4    0.384128    0.376374  0.00413809
           5    0.389968    0.379093  0.00420311
           6    0.372228    0.377949  0.00361752
           7    0.375764    0.377637  0.00307325
           8    0.386392    0.378731  0.00287775
           9    0.376768    0.378513  0.00254729
          10    0.377452    0.378407  0.00228084
          11    0.373072    0.377922  0.00211933
          12    0.377392    0.377878  0.00193518
          13    0.376456    0.377768  0.00178346
          14    0.367992     0.37707  0.00179276
          15    0.393188    0.378145  0.00198496
          16    0.372092    0.377766   0.0018949
          17    0.377804    0.377768  0.00177995
          18    0.381636    0.377983  0.00169186
          19    0.374632    0.377807  0.00161003
          20      0.3721    0.377522  0.00155383
          21    0.365004    0.376926  0.00159366
          22    0.386292    0.377351  0.00157801
          23      0.3758    0.377284  0.00150935
          24    0.374624    0.377173  0.00144934
          25    0.374088     0.37705  0.00139562
          26     0.37526    0.376981  0.00134264
          27    0.384096    0.377244  0.00131856
          28    0.374928    0.377162  0.00127328
          29    0.364928     0.37674    0.001299
          30    0.372344    0.376593  0.00126347
          31     0.38828     0.37697  0.00127887
          32    0.378676    0.377024   0.0012394
          33    0.379932    0.377112  0.00120449
          34    0.377272    0.377116  0.00116854
          35    0.394644    0.377617  0.00124026
          36    0.379536     0.37767  0.00120649
          37    0.376536     0.37764  0.00117383
          38     0.37848    0.377662  0.00114274
          39    0.387232    0.377907  0.00113978
          40    0.368792    0.377679  0.00113405
          41      0.3593    0.377231  0.00119344
          42    0.379604    0.377288  0.00116604
          43    0.367476    0.377059  0.00116124
          44    0.352676    0.376505  0.00126265
          45    0.392628    0.376864  0.00128522
          46    0.383036    0.376998  0.00126412
          47    0.379456     0.37705  0.00123803
          48    0.374572    0.376998  0.00121307
          49     0.38726    0.377208  0.00120637
          50       0.369    0.377044  0.00119334
          51    0.369824    0.376902  0.00117824
          52    0.373972    0.376846  0.00115673
          53    0.385828    0.377015  0.00114728
          54     0.38322     0.37713  0.00113169
          55    0.373736    0.377068  0.00111263
          56    0.378504    0.377094  0.00109288
          57    0.374888    0.377055  0.00107424
          58      0.3742    0.377006   0.0010567
          59    0.387128    0.377178  0.00105271
          60    0.383052    0.377276  0.00103964
          61    0.367976    0.377123  0.00103375
          62    0.368708    0.376987  0.00102596
          63    0.382368    0.377073  0.00101315
          64    0.381084    0.377136 0.000999162
          65    0.373344    0.377077 0.000985398
          66    0.380652    0.377131 0.000971864
          67     0.37428    0.377089 0.000958194
          68    0.369664     0.37698 0.000950291
          69    0.370956    0.376892 0.000940478
          70    0.385236    0.377011 0.000934578
          71    0.385476    0.377131 0.000929002
          72     0.38606    0.377255 0.000924366
          73    0.358268    0.376995 0.000947993
          74    0.377788    0.377005 0.000935156
          75    0.364604     0.37684 0.000937303
          76    0.382368    0.376913 0.000927743
          77    0.371272    0.376839 0.000918541
          78    0.379884    0.376879 0.000907528
          79    0.388924    0.377031 0.000908849
          80    0.382068    0.377094 0.000899622
          81    0.374264    0.377059 0.000889133
          82    0.377868    0.377069 0.000878278
          83    0.378148    0.377082 0.000867729
          84    0.365236    0.376941 0.000868858
          85    0.381692    0.376997 0.000860393
          86     0.37596    0.376985 0.000850415
          87    0.383576     0.37706  0.00084399
          88     0.37756    0.377066 0.000834364
          89    0.393444     0.37725 0.000845212
          90     0.38054    0.377287 0.000836567
          91    0.388884    0.377414 0.000837081
          92    0.379168    0.377433 0.000828151
          93      0.3842    0.377506 0.000822423
          94    0.376596    0.377496 0.000813685
          95     0.39036    0.377632 0.000816382
          96    0.381904    0.377676 0.000809058
          97     0.38448    0.377746  0.00080374
          98    0.376636    0.377735 0.000795577
          99    0.378256     0.37774 0.000787518
         100     0.37886    0.377751 0.000779683
