           1    -1.18799    -1.18799           0
           2    -1.18714    -1.18757   0.0004268
           3    -1.18777    -1.18763 0.000255237
           4    -1.18772    -1.18765 0.000181729
           5    -1.18827    -1.18778 0.000187144
           6    -1.18631    -1.18753 0.000287942
           7    -1.18723    -1.18749 0.000247207
           8    -1.18806    -1.18756 0.000225839
           9    -1.18696    -1.18749 0.000210227
          10    -1.18684    -1.18743 0.000199063
          11    -1.18794    -1.18747 0.000185849
          12    -1.19002    -1.18769 0.000271755
          13    -1.18663    -1.18761 0.000262978
          14    -1.18731    -1.18758 0.000244396
          15    -1.18632     -1.1875 0.000242724
          16    -1.18933    -1.18761  0.00025436
          17    -1.18761    -1.18761 0.000238929
          18    -1.18895    -1.18769 0.000237191
          19    -1.18714    -1.18766 0.000226206
          20    -1.18941    -1.18775 0.000231671
          21    -1.18783    -1.18775 0.000220401
          22    -1.18711    -1.18772 0.000212183
          23    -1.18663    -1.18767 0.000208212
          24     -1.1877    -1.18768  0.00019935
          25    -1.18782    -1.18768 0.000191301
          26    -1.18817     -1.1877 0.000184747
          27    -1.18635    -1.18765 0.000184643
          28    -1.18785    -1.18766 0.000178063
          29    -1.18811    -1.18767 0.000172513
          30    -1.18889    -1.18771 0.000171535
          31    -1.18965    -1.18778 0.000177305
          32     -1.1868    -1.18775 0.000174336
          33    -1.18737    -1.18773 0.000169348
          34     -1.1884    -1.18775 0.000165443
          35    -1.18767    -1.18775 0.000160666
          36    -1.18815    -1.18776 0.000156531
          37    -1.18886    -1.18779 0.000155098
          38    -1.18692    -1.18777 0.000152704
          39    -1.18792    -1.18777  0.00014879
          40    -1.18771    -1.18777  0.00014503
          41    -1.18904     -1.1878 0.000144773
          42    -1.18753     -1.1878 0.000141433
          43    -1.18686    -1.18777  0.00013982
          44    -1.18904     -1.1878 0.000139581
          45    -1.18791     -1.1878 0.000136464
          46    -1.18633    -1.18777 0.000137244
          47    -1.18952    -1.18781 0.000139369
          48     -1.1887    -1.18783 0.000137684
          49    -1.18888    -1.18785 0.000136528
          50    -1.18769    -1.18785 0.000133807
          51     -1.1879    -1.18785 0.000131161
          52    -1.18635    -1.18782 0.000131792
          53    -1.18688     -1.1878 0.000130478
          54    -1.18772     -1.1878 0.000128048
          55    -1.18721    -1.18779 0.000126158
          56    -1.18903    -1.18781 0.000125862
          57    -1.18797    -1.18781 0.000123667
          58    -1.18671     -1.1878 0.000122995
          59    -1.18889    -1.18781 0.000122299
          60    -1.18868    -1.18783 0.000121111
          61    -1.18797    -1.18783 0.000119132
          62    -1.18854    -1.18784 0.000117747
          63    -1.18645    -1.18782  0.00011795
          64    -1.18768    -1.18782 0.000116114
          65    -1.18701    -1.18781  0.00011499
          66    -1.18773     -1.1878  0.00011324
          67     -1.1869    -1.18779 0.000112345
          68    -1.18818     -1.1878 0.000110829
          69    -1.18988    -1.18783 0.000113291
          70    -1.18743    -1.18782 0.000111803
          71    -1.18811    -1.18782 0.000110291
          72    -1.18732    -1.18782 0.000108978
          73    -1.18867    -1.18783 0.000108112
          74    -1.18768    -1.18783  0.00010666
          75    -1.18812    -1.18783 0.000105301
          76    -1.19036    -1.18786 0.000109119
          77    -1.18768    -1.18786 0.000107718
          78    -1.18759    -1.18786 0.000106384
          79    -1.18794    -1.18786 0.000105033
          80    -1.18878    -1.18787 0.000104342
          81    -1.18715    -1.18786 0.000103429
          82    -1.18785    -1.18786  0.00010216
          83    -1.18693    -1.18785 0.000101551
          84    -1.18865    -1.18786 0.000100789
          85    -1.18781    -1.18786 9.95974e-05
          86     -1.1884    -1.18787 9.86289e-05
          87    -1.18816    -1.18787 9.75473e-05
          88    -1.18831    -1.18787 9.65624e-05
          89    -1.18689    -1.18786  9.6115e-05
          90    -1.18741    -1.18786 9.51725e-05
          91    -1.18885    -1.18787 9.47467e-05
          92    -1.18858    -1.18788 9.40274e-05
          93    -1.18907    -1.18789 9.38856e-05
          94     -1.1884     -1.1879 9.30413e-05
          95    -1.18964    -1.18791 9.38786e-05
          96    -1.18729    -1.18791 9.31212e-05
          97    -1.18778    -1.18791 9.21659e-05
          98    -1.18547    -1.18788 9.45522e-05
          99      -1.188    -1.18788 9.36004e-05
         100    -1.18863    -1.18789 9.29604e-05
