           1    0.137992    0.137992           0
           2    0.147859    0.142925  0.00493377
           3    0.144346    0.143399  0.00288759
           4    0.138821    0.142254  0.00234065
           5    0.141573    0.142118  0.00181818
           6    0.157165    0.144626   0.0029143
           7    0.152416    0.145739  0.00270279
           8    0.136497    0.144584  0.00261022
           9    0.147733    0.144934  0.00232844
          10    0.156313    0.146072  0.00237323
          11    0.136769    0.145226  0.00230725
          12    0.111733    0.142435  0.00349658
          13    0.156364    0.143506  0.00339016
          14    0.146247    0.143702  0.00314477
          15    0.161597    0.144895  0.00316137
          16    0.123134    0.143535  0.00325495
          17    0.164203    0.144751  0.00329033
          18    0.125801    0.143698  0.00327593
          19     0.15337    0.144207  0.00314025
          20    0.125335    0.143263  0.00312497
          21    0.141103    0.143161  0.00297422
          22    0.145712    0.143276  0.00283818
          23    0.156478     0.14385  0.00277205
          24     0.13676    0.143555  0.00267043
          25    0.147676     0.14372  0.00256668
          26     0.13885    0.143533  0.00247309
          27     0.16396    0.144289   0.0024971
          28    0.141815    0.144201  0.00240789
          29    0.134334    0.143861  0.00234816
          30    0.125487    0.143248  0.00234976
          31    0.121557    0.142548  0.00237797
          32    0.152578    0.142862  0.00232369
          33    0.145071    0.142929  0.00225317
          34    0.130275    0.142557  0.00221735
          35    0.142188    0.142546  0.00215309
          36    0.141508    0.142517  0.00209263
          37    0.128023    0.142125  0.00207264
          38    0.152266    0.142392  0.00203493
          39    0.150212    0.142593  0.00199219
          40    0.142747    0.142597  0.00194175
          41    0.128264    0.142247  0.00192579
          42    0.148042    0.142385  0.00188444
          43    0.148336    0.142523  0.00184529
          44    0.124597    0.142116  0.00184832
          45    0.137615    0.142016  0.00180955
          46    0.154418    0.142286  0.00179019
          47    0.117859    0.141766  0.00182716
          48    0.134329    0.141611  0.00179539
          49    0.126925    0.141311  0.00178373
          50    0.138927    0.141264  0.00174834
          51    0.132837    0.141098  0.00172166
          52    0.157538    0.141414  0.00171758
          53    0.151194    0.141599  0.00169493
          54     0.13839     0.14154  0.00166431
          55    0.141026     0.14153   0.0016338
          56    0.129407    0.141314   0.0016189
          57    0.148683    0.141443  0.00159549
          58    0.159469    0.141754  0.00159825
          59     0.12616     0.14149    0.001593
          60    0.127307    0.141253  0.00158396
          61    0.135707    0.141162  0.00156043
          62    0.137648    0.141106   0.0015361
          63    0.160753    0.141417  0.00154336
          64    0.137488    0.141356   0.0015203
          65    0.148804    0.141471   0.0015011
          66    0.137315    0.141408  0.00147953
          67    0.154017    0.141596  0.00146938
          68    0.141916    0.141601  0.00144761
          69    0.116614    0.141238  0.00147173
          70     0.15508    0.141436  0.00146397
          71    0.138745    0.141398   0.0014437
          72    0.142959     0.14142  0.00142367
          73    0.126969    0.141222  0.00141792
          74    0.148757    0.141324  0.00140233
          75    0.136061    0.141254  0.00138528
          76    0.107652    0.140812  0.00143666
          77    0.140061    0.140802  0.00141791
          78    0.139785    0.140789  0.00139967
          79    0.140007    0.140779  0.00138188
          80    0.138151    0.140746  0.00136489
          81    0.147245    0.140826  0.00135032
          82    0.142523    0.140847  0.00133391
          83    0.155218     0.14102  0.00132907
          84    0.127666    0.140861  0.00132274
          85    0.146719     0.14093   0.0013089
          86    0.136948    0.140884  0.00129442
          87    0.134662    0.140812  0.00128145
          88    0.133552     0.14073  0.00126949
          89    0.146726    0.140797  0.00125695
          90    0.143415    0.140826  0.00124325
          91    0.128401     0.14069  0.00123707
          92    0.135589    0.140634   0.0012248
          93    0.120691     0.14042  0.00123039
          94    0.132128    0.140332  0.00122042
          95    0.116263    0.140078   0.0012338
          96    0.139901    0.140076  0.00122088
          97    0.147685    0.140155  0.00121077
          98    0.175777    0.140518  0.00125227
          99    0.139856    0.140512  0.00123957
         100    0.125125    0.140358  0.00123672
