           1    0.989564    0.989564           0
           2    0.988376     0.98897    0.000594
           3    0.988908    0.988949 0.000343568
           4    0.989908    0.989189 0.000341262
           5    0.989432    0.989238 0.000268771
           6    0.987204    0.988899 0.000403775
           7    0.988384    0.988825 0.000349083
           8    0.989404    0.988897 0.000310853
           9     0.98882    0.988889 0.000274282
          10    0.987844    0.988784  0.00026665
          11    0.989796    0.988876 0.000258132
          12    0.991712    0.989113 0.000333715
          13    0.988128    0.989037  0.00031618
          14     0.98822    0.988979 0.000298485
          15     0.98722    0.988861 0.000301594
          16    0.990872    0.988987 0.000308838
          17    0.986392    0.988834 0.000327812
          18    0.990276    0.988914 0.000319273
          19    0.987344    0.988832 0.000313109
          20    0.991028    0.988942 0.000316689
          21    0.988924    0.988941 0.000301232
          22    0.988648    0.988927 0.000287522
          23     0.98728    0.988856 0.000283921
          24    0.988648    0.988847 0.000271971
          25    0.988876    0.988848 0.000260868
          26     0.98904    0.988856 0.000250742
          27    0.986644    0.988774 0.000254803
          28    0.989188    0.988789  0.00024598
          29    0.989536    0.988814 0.000238741
          30    0.989972    0.988853 0.000233852
          31      0.9907    0.988913 0.000233899
          32    0.987544     0.98887 0.000230474
          33    0.987744    0.988836 0.000225971
          34    0.990224    0.988876 0.000222994
          35    0.989212    0.988886 0.000216741
          36    0.989628    0.988907 0.000211641
          37    0.990292    0.988944 0.000209219
          38    0.988468    0.988932 0.000204024
          39    0.988536    0.988921 0.000198982
          40    0.988524    0.988912 0.000194198
          41     0.99002    0.988939 0.000191322
          42    0.988008    0.988916 0.000188021
          43    0.988484    0.988906 0.000183872
          44    0.991096    0.988956  0.00018641
          45    0.989628    0.988971 0.000182831
          46    0.987468    0.988938 0.000181773
          47    0.991384     0.98899 0.000185319
          48    0.990132    0.989014 0.000182969
          49     0.99046    0.989044  0.00018161
          50    0.988704    0.989037  0.00017807
          51     0.98922     0.98904  0.00017458
          52     0.98716    0.989004 0.000174968
          53    0.988264     0.98899 0.000172202
          54    0.989124    0.988993 0.000169002
          55      0.9882    0.988978 0.000166525
          56    0.990568    0.989007  0.00016597
          57    0.987868    0.988987 0.000164252
          58    0.987396    0.988959 0.000163709
          59    0.990272    0.988982 0.000162441
          60    0.990492    0.989007 0.000161683
          61    0.988896    0.989005  0.00015902
          62    0.989724    0.989017 0.000156864
          63    0.986812    0.988982 0.000158271
          64    0.988708    0.988977 0.000155837
          65     0.98844    0.988969 0.000153643
          66    0.987984    0.988954 0.000152032
          67    0.988356    0.988945 0.000150011
          68    0.989988    0.988961 0.000148582
          69    0.991816    0.989002 0.000152149
          70     0.98868    0.988997  0.00015003
          71     0.98942    0.989003 0.000148022
          72     0.98934    0.989008 0.000146026
          73    0.990368    0.989027 0.000145212
          74    0.989248     0.98903 0.000143268
          75    0.989212    0.989032 0.000141366
          76      0.9921    0.989072 0.000145217
          77    0.989456    0.989077 0.000143405
          78    0.988972    0.989076 0.000141561
          79    0.988996    0.989075 0.000139761
          80     0.99048    0.989093 0.000139116
          81    0.987312    0.989071 0.000139136
          82    0.989456    0.989075 0.000137509
          83    0.987828     0.98906  0.00013667
          84    0.990228    0.989074 0.000135747
          85     0.98818    0.989064 0.000134553
          86    0.989536    0.989069 0.000133092
          87    0.989604    0.989075 0.000131697
          88    0.989952    0.989085 0.000130573
          89    0.987912    0.989072 0.000129769
          90    0.989028    0.989072 0.000128319
          91     0.99032    0.989085 0.000127641
          92    0.989372    0.989088 0.000126284
          93    0.990492    0.989103 0.000125828
          94    0.990052    0.989114  0.00012489
          95     0.99134    0.989137 0.000125771
          96     0.98882    0.989134 0.000124498
          97    0.988928    0.989132 0.000123226
          98     0.98594    0.989099 0.000126236
          99    0.988936    0.989097 0.000124965
         100    0.990508    0.989111  0.00012451
