           1   0.0981946   0.0981946           0
           2    0.117656    0.107925  0.00973049
           3    0.115447    0.110432  0.00615198
           4   0.0851993    0.104124  0.00766272
           5    0.120615    0.107422  0.00679034
           6    0.133608    0.111787  0.00705591
           7    0.120845    0.113081  0.00610214
           8    0.101111    0.111584  0.00549233
           9    0.100896    0.110397  0.00498724
          10    0.128929     0.11225  0.00483035
          11   0.0877568    0.110023  0.00490388
          12   0.0724761    0.106894  0.00546172
          13    0.119595    0.107871  0.00511816
          14    0.129399    0.109409  0.00498175
          15    0.137799    0.111302   0.0050091
          16   0.0874984    0.109814  0.00491609
          17    0.288377    0.120318    0.011474
          18   0.0974772    0.119049    0.010892
          19    0.161636     0.12129   0.0105438
          20   0.0873341    0.119592   0.0101457
          21    0.113037     0.11928  0.00965558
          22    0.110259     0.11887  0.00921536
          23    0.135517    0.119594  0.00883528
          24    0.119982     0.11961  0.00845915
          25    0.120044    0.119628  0.00811375
          26    0.114575    0.119433  0.00779786
          27    0.198451     0.12236  0.00805402
          28    0.112399    0.122004   0.0077692
          29    0.098925    0.121208  0.00753863
          30    0.102381    0.120581     0.00731
          31    0.100732     0.11994  0.00709919
          32    0.139893    0.120564  0.00690199
          33    0.134316    0.120981  0.00670253
          34   0.0864331    0.119965  0.00658133
          35    0.106752    0.119587  0.00640166
          36    0.103196    0.119132  0.00623794
          37   0.0974519    0.118546  0.00609523
          38    0.108429     0.11828  0.00593863
          39    0.134826    0.118704   0.0057999
          40    0.119851    0.118732  0.00565311
          41    0.113335    0.118601  0.00551508
          42    0.156322    0.119499  0.00545659
          43    0.109688    0.119271  0.00533306
          44    0.073803    0.118237  0.00531193
          45   0.0933247    0.117684  0.00522197
          46    0.124571    0.117834  0.00510939
          47   0.0742403    0.116906   0.0050848
          48    0.100977    0.116574  0.00498879
          49   0.0852453    0.115935  0.00492757
          50    0.112449    0.115865  0.00482852
          51    0.101621    0.115586  0.00474113
          52    0.147613    0.116202  0.00468968
          53    0.117405    0.116224   0.0046004
          54    0.104833    0.116014  0.00451933
          55     0.11884    0.116065   0.0044367
          56   0.0939321     0.11567  0.00437464
          57    0.169687    0.116617  0.00440047
          58    0.145823    0.117121  0.00435315
          59   0.0935205    0.116721  0.00429739
          60   0.0828798    0.116157  0.00426264
          61    0.115857    0.116152  0.00419218
          62    0.114105    0.116119  0.00412414
          63    0.154387    0.116726  0.00410336
          64    0.123767    0.116836  0.00404024
          65    0.112822    0.116775  0.00397807
          66    0.137226    0.117084  0.00392957
          67    0.116475    0.117075  0.00387049
          68   0.0978523    0.116793  0.00382361
          69   0.0714509    0.116136  0.00382466
          70    0.124469    0.116255  0.00377151
          71    0.110319    0.116171  0.00371895
          72   0.0930311     0.11585  0.00368099
          73   0.0854665    0.115433  0.00365399
          74    0.103796    0.115276  0.00360771
          75    0.110765    0.115216  0.00355979
          76   0.0703131    0.114625  0.00356198
          77    0.099608     0.11443  0.00352082
          78    0.105931    0.114321   0.0034771
          79    0.110772    0.114276  0.00343309
          80    0.100179      0.1141  0.00339449
          81    0.156823    0.114627  0.00339356
          82    0.107583    0.114542  0.00335302
          83    0.140296    0.114852  0.00332687
          84   0.0925314    0.114586  0.00329775
          85    0.144884    0.114943  0.00327816
          86    0.107467    0.114856  0.00324098
          87   0.0957726    0.114636  0.00321101
          88    0.090966    0.114367  0.00318569
          89    0.122102    0.114454  0.00315089
          90    0.100832    0.114303  0.00311936
          91   0.0917706    0.114055  0.00309481
          92    0.122794     0.11415  0.00306246
          93   0.0935875    0.113929  0.00303741
          94   0.0916736    0.113692  0.00301424
          95    0.075228    0.113288   0.0030097
          96    0.108133    0.113234  0.00297867
          97    0.123887    0.113344  0.00294984
          98    0.162972     0.11385  0.00296318
          99    0.126731     0.11398  0.00293598
         100   0.0824848    0.113665  0.00292349
