           1     4.36211     4.36211           0
           2     4.27607     4.31909   0.0430167
           3      4.8089     4.48236    0.165148
           4      4.4631     4.47754    0.116877
           5     4.56529     4.49509   0.0922173
           6     4.60323     4.51312   0.0774219
           7     4.39812     4.49669   0.0674642
           8     4.38989     4.48334   0.0599315
           9     4.37686     4.47151   0.0541625
          10     4.40808     4.46516   0.0488579
          11     4.50261     4.46857   0.0443245
          12     4.33619     4.45754   0.0419395
          13     4.49114     4.46012   0.0386652
          14     4.41468     4.45688   0.0359439
          15     4.20333     4.43997   0.0374887
          16     4.53415     4.44586   0.0355581
          17     4.30213      4.4374   0.0344545
          18     4.50885     4.44137   0.0327256
          19     4.50427     4.44468   0.0311319
          20     3.97977     4.42144   0.0375849
          21     4.19029     4.41043   0.0374065
          22     4.19977     4.40086   0.0369287
          23     4.30375     4.39663   0.0355382
          24      4.3362     4.39412   0.0341183
          25     4.27708     4.38943   0.0330583
          26     4.15944     4.38059   0.0329702
          27     4.44211     4.38287   0.0318073
          28     4.19498     4.37616   0.0313763
          29     4.48557     4.37993   0.0305092
          30     4.36613     4.37947   0.0294782
          31     4.34179     4.37825   0.0285374
          32     4.69129     4.38804   0.0293117
          33     4.52359     4.39214    0.028705
          34     4.54645     4.39668   0.0282153
          35     4.31691      4.3944    0.027492
          36     4.70488     4.40303   0.0280749
          37     4.56768     4.40748   0.0276658
          38     4.69209     4.41497   0.0279501
          39     4.24773     4.41068   0.0275596
          40     4.10225     4.40297   0.0279466
          41     4.38097     4.40243   0.0272617
          42     4.38658     4.40205   0.0266074
          43     4.39135     4.40181   0.0259825
          44     4.62467     4.40687   0.0258855
          45     4.86077     4.41696     0.02724
          46     4.37143     4.41597   0.0266597
          47     4.23861     4.41219   0.0263578
          48     4.07748     4.40522   0.0267285
          49      4.4659     4.40646   0.0262066
          50     3.99342      4.3982   0.0269732
          51     4.52039     4.40059   0.0265474
          52     4.62323     4.40488   0.0263816
          53     4.32791     4.40342   0.0259198
          54     4.08464     4.39752   0.0261113
          55     4.69308     4.40289   0.0261894
          56     4.28167     4.40073   0.0258085
          57     4.02574     4.39415   0.0261913
          58     4.01529     4.38762   0.0265518
          59     4.31275     4.38635   0.0261288
          60     4.29997     4.38491   0.0257299
          61     4.68081     4.38976   0.0257653
          62     4.37235     4.38948   0.0253479
          63     4.39887     4.38963   0.0249428
          64     4.45522     4.39065   0.0245713
          65     4.39376      4.3907   0.0241904
          66     4.22399     4.38818   0.0239546
          67     4.36506     4.38783   0.0235969
          68     4.24429     4.38572   0.0233429
          69     4.57772      4.3885   0.0231698
          70     4.83247     4.39484   0.0237008
          71     4.59082     4.39761   0.0235271
          72     4.48145     4.39877   0.0232272
          73     4.15815     4.39547   0.0231428
          74     4.78484     4.40074   0.0234264
          75      4.3491     4.40005   0.0231222
          76     4.36191     4.39955   0.0228215
          77      4.1673     4.39653   0.0227242
          78      4.5379     4.39834   0.0225041
          79     4.64861     4.40151   0.0224421
          80     4.49645      4.4027   0.0221915
          81     4.47195     4.40355   0.0219325
          82     4.53191     4.40512   0.0217199
          83     4.45417     4.40571   0.0214648
          84     4.54463     4.40736   0.0212721
          85      4.5334     4.40884   0.0210726
          86     4.31455     4.40775   0.0208549
          87     4.64079     4.41043   0.0207871
          88     4.43425      4.4107   0.0205513
          89     4.57813     4.41258    0.020406
          90     4.21221     4.41035   0.0203005
          91     4.18226     4.40785    0.020232
          92     4.25884     4.40623   0.0200763
          93     4.31733     4.40527   0.0198823
          94     4.34631     4.40464   0.0196796
          95     4.30837     4.40363   0.0194977
          96     4.28591      4.4024   0.0193325
          97     4.49905      4.4034   0.0191581
          98     4.23791     4.40171   0.0190366
          99      4.3805      4.4015   0.0188445
         100     4.98649     4.40735   0.0195509
