           1    0.378848    0.378848           0
           2    0.368855    0.373852  0.00499653
           3    0.372569    0.373424  0.00291628
           4    0.376924    0.374299  0.00224006
           5    0.376755     0.37479  0.00180336
           6    0.368296    0.373708  0.00182751
           7    0.376947    0.374171  0.00161236
           8    0.375662    0.374357  0.00140874
           9    0.378362    0.374802   0.0013197
          10    0.375664    0.374888  0.00118352
          11    0.371492    0.374579  0.00111418
          12    0.385427    0.375483  0.00136078
          13    0.370694    0.375115  0.00130482
          14    0.362427    0.374209  0.00151018
          15    0.360903    0.373322  0.00166237
          16    0.392592    0.374526  0.00196686
          17    0.358498    0.373583   0.0020742
          18    0.385888    0.374267  0.00207162
          19    0.369564    0.374019  0.00197512
          20    0.366113    0.373624  0.00191501
          21    0.366093    0.373265   0.0018565
          22    0.369274    0.373084  0.00177938
          23    0.363189    0.372654  0.00175384
          24    0.358178    0.372051  0.00178422
          25    0.365489    0.371788  0.00173137
          26    0.374654    0.371898  0.00166709
          27    0.388469    0.372512  0.00171756
          28    0.363354    0.372185  0.00168709
          29    0.379834    0.372449   0.0016491
          30    0.365216    0.372208  0.00161133
          31    0.378948    0.372425  0.00157358
          32    0.378079    0.372602  0.00153382
          33    0.368317    0.372472  0.00149227
          34     0.36596     0.37228  0.00146034
          35    0.353035    0.371731  0.00152088
          36    0.376584    0.371865  0.00148416
          37    0.369023    0.371789  0.00144553
          38    0.379546    0.371993  0.00142171
          39    0.376215    0.372101  0.00138901
          40    0.368409    0.372009  0.00135698
          41     0.37251    0.372021  0.00132352
          42     0.38113    0.372238  0.00130971
          43     0.35985     0.37195  0.00131094
          44     0.38384     0.37222    0.001309
          45    0.383053    0.372461  0.00130203
          46    0.384143    0.372715  0.00129849
          47    0.365057    0.372552  0.00128096
          48    0.371572    0.372531  0.00125416
          49    0.359252     0.37226  0.00125784
          50    0.385351    0.372522  0.00125993
          51    0.363894    0.372353  0.00124651
          52     0.37642    0.372431   0.0012248
          53    0.363012    0.372253  0.00121454
          54    0.368205    0.372179  0.00119419
          55    0.376823    0.372263  0.00117532
          56    0.371746    0.372254  0.00115417
          57     0.36318    0.372095  0.00114487
          58    0.354437     0.37179  0.00116542
          59     0.37436    0.371834  0.00114632
          60    0.360281    0.371641  0.00114339
          61    0.370087    0.371616  0.00112477
          62    0.378882    0.371733  0.00111267
          63    0.366427    0.371649   0.0010981
          64    0.363531    0.371522  0.00108823
          65    0.368178     0.37147  0.00107259
          66    0.368589    0.371427  0.00105711
          67    0.372585    0.371444  0.00104136
          68    0.358924     0.37126  0.00104232
          69    0.357857    0.371066  0.00104531
          70     0.36198    0.370936  0.00103841
          71    0.377019    0.371021  0.00102726
          72    0.365431    0.370944  0.00101587
          73    0.364663    0.370858  0.00100554
          74    0.365375    0.370784 0.000994622
          75    0.374576    0.370834 0.000982573
          76    0.366873    0.370782 0.000970959
          77    0.365941    0.370719 0.000960326
          78    0.386124    0.370917 0.000968289
          79    0.370734    0.370914 0.000955957
          80    0.369814    0.370901 0.000944032
          81    0.360926    0.370778 0.000940402
          82    0.371605    0.370788 0.000928918
          83    0.381826    0.370921 0.000927244
          84    0.372613    0.370941 0.000916361
          85    0.356591    0.370772 0.000921119
          86    0.372962    0.370797 0.000910701
          87    0.366685     0.37075 0.000901412
          88    0.385438    0.370917 0.000906606
          89     0.36875    0.370893 0.000896692
          90    0.369028    0.370872 0.000886915
          91    0.363686    0.370793 0.000880662
          92    0.352732    0.370597 0.000892885
          93    0.371033    0.370601 0.000883244
          94    0.376512    0.370664 0.000876057
          95    0.352083    0.370469 0.000888579
          96    0.368031    0.370443 0.000879641
          97    0.360617    0.370342   0.0008764
          98    0.374645    0.370386 0.000868522
          99    0.377904    0.370462 0.000863052
         100    0.361169    0.370369 0.000859416
