           1   -0.682752   -0.682752           0
           2   -0.684768    -0.68376    0.001008
           3    -0.68232    -0.68328 0.000754379
           4   -0.681864   -0.682926 0.000640203
           5   -0.680064   -0.682354 0.000757336
           6    -0.68564   -0.682901 0.000826065
           7   -0.685208   -0.683231 0.000772012
           8   -0.685008   -0.683453 0.000704521
           9   -0.684712   -0.683593 0.000636882
          10   -0.681624   -0.683396 0.000602711
          11   -0.684792   -0.683523 0.000559749
          12   -0.681552   -0.683359 0.000536726
          13   -0.685232   -0.683503 0.000514316
          14   -0.682968   -0.683465 0.000477694
          15   -0.678144    -0.68311 0.000568842
          16   -0.684336   -0.683186 0.000537593
          17   -0.684424   -0.683259   0.0005102
          18   -0.680152   -0.683087  0.00051106
          19    -0.68152   -0.683004 0.000490396
          20   -0.681944   -0.682951 0.000468241
          21   -0.684368   -0.683019 0.000450467
          22   -0.681528   -0.682951 0.000434815
          23   -0.682712   -0.682941  0.00041561
          24     -0.6848   -0.683018 0.000405389
          25   -0.684664   -0.683084  0.00039437
          26   -0.683056   -0.683083   0.0003789
          27    -0.68264   -0.683066 0.000364966
          28   -0.682128   -0.683033 0.000353283
          29   -0.681488    -0.68298  0.00034502
          30   -0.682008   -0.682947 0.000334891
          31   -0.682808   -0.682943 0.000323939
          32   -0.683616   -0.682964 0.000314358
          33   -0.683552   -0.682982 0.000305204
          34    -0.68308   -0.682984 0.000296105
          35   -0.684264   -0.683021 0.000289835
          36   -0.684136   -0.683052 0.000283367
          37   -0.682768   -0.683044 0.000275709
          38   -0.685272   -0.683103 0.000274684
          39    -0.68244   -0.683086 0.000268088
          40   -0.679384   -0.682993 0.000277205
          41    -0.68384   -0.683014 0.000271147
          42   -0.683312   -0.683021 0.000264707
          43   -0.685232   -0.683073 0.000263542
          44   -0.682144   -0.683051 0.000258346
          45   -0.683968   -0.683072  0.00025336
          46   -0.685744    -0.68313 0.000254509
          47   -0.683144    -0.68313 0.000249035
          48   -0.677568   -0.683014 0.000269931
          49    -0.68336   -0.683021 0.000264459
          50    -0.68088   -0.682979 0.000262631
          51   -0.681328   -0.682946 0.000259456
          52   -0.685192   -0.682989 0.000258057
          53   -0.683144   -0.682992 0.000253158
          54    -0.68208   -0.682975    0.000249
          55   -0.685712   -0.683025 0.000249443
          56   -0.679464   -0.682962 0.000253069
          57    -0.68252   -0.682954  0.00024871
          58   -0.683424   -0.682962 0.000244519
          59   -0.682088   -0.682947 0.000240795
          60   -0.682312   -0.682937 0.000236984
          61   -0.683496   -0.682946 0.000233247
          62    -0.68092   -0.682913 0.000231768
          63   -0.680704   -0.682878  0.00023074
          64   -0.681624   -0.682858 0.000227949
          65    -0.68408   -0.682877 0.000225201
          66   -0.676952   -0.682787 0.000239245
          67   -0.680648   -0.682755 0.000237801
          68   -0.678136   -0.682688 0.000243928
          69   -0.683616   -0.682701 0.000240743
          70   -0.682248   -0.682695 0.000237367
          71   -0.682136   -0.682687 0.000234132
          72   -0.681288   -0.682667 0.000231673
          73   -0.683408   -0.682677 0.000228703
          74   -0.684672   -0.682704 0.000227196
          75     -0.6818   -0.682692  0.00022447
          76   -0.681912   -0.682682 0.000221735
          77   -0.681032   -0.682661 0.000219883
          78   -0.682456   -0.682658 0.000217061
          79   -0.681592   -0.682644 0.000214721
          80   -0.682576   -0.682644 0.000212021
          81   -0.682168   -0.682638  0.00020947
          82   -0.681336   -0.682622 0.000207507
          83    -0.68224   -0.682617 0.000205044
          84   -0.685736   -0.682654 0.000205962
          85    -0.68124   -0.682638 0.000204204
          86   -0.685864   -0.682675 0.000205272
          87    -0.68432   -0.682694 0.000203778
          88   -0.683944   -0.682708 0.000201949
          89      -0.686   -0.682745 0.000203064
          90    -0.68068   -0.682722 0.000202102
          91   -0.680288   -0.682696 0.000201651
          92   -0.682536   -0.682694 0.000199455
          93   -0.681504   -0.682681 0.000197713
          94   -0.683664   -0.682692 0.000195877
          95   -0.683688   -0.682702 0.000194088
          96   -0.681896   -0.682694 0.000192239
          97    -0.68544   -0.682722 0.000192342
          98   -0.681128   -0.682706 0.000191063
          99   -0.680448   -0.682683 0.000190493
         100   -0.686008   -0.682716 0.000191488
