           1     4.93199     4.93199           0
           2     5.10915     5.02057   0.0885809
           3     4.82655      4.9559    0.082453
           4     4.93076     4.94961   0.0586408
           5     4.82417     4.92453   0.0518908
           6     5.03432     4.94282   0.0461512
           7     4.85909     4.93086    0.040798
           8     4.89306     4.92614   0.0356466
           9     4.76345     4.90806   0.0362638
          10     4.63725     4.88098   0.0422547
          11      4.7476     4.86885    0.040098
          12         5.1     4.88812   0.0413631
          13     4.97265     4.89462   0.0386001
          14     4.77056     4.88576    0.036819
          15     4.88201     4.88551   0.0342775
          16      5.0318     4.89465   0.0333418
          17     4.91232     4.89569   0.0313365
          18     4.79336     4.89001   0.0300862
          19     5.12883     4.90258    0.031111
          20     5.06093     4.91049   0.0305581
          21     5.07715     4.91843   0.0301304
          22     5.10978     4.92713   0.0300161
          23     4.81173     4.92211   0.0291169
          24     5.23821     4.93528    0.030832
          25     4.89119     4.93352   0.0296255
          26     5.14025     4.94147    0.029553
          27     4.85868      4.9384   0.0286022
          28     4.83532     4.93472   0.0278066
          29     5.13501     4.94163   0.0277052
          30     5.12473     4.94773   0.0274529
          31     4.87703     4.94545   0.0266503
          32     4.94328     4.94538   0.0258041
          33      5.0044     4.94717   0.0250739
          34     5.04255     4.94998   0.0244864
          35     5.04384     4.95266   0.0239273
          36     4.90609     4.95136   0.0232891
          37     5.00211     4.95273   0.0226924
          38     4.81322     4.94906   0.0223902
          39     4.95199     4.94914   0.0218087
          40     4.59855     4.94037   0.0229926
          41     4.98797     4.94153   0.0224548
          42     5.26644     4.94927    0.023239
          43     5.15208     4.95399   0.0231771
          44     4.99954     4.95502   0.0226679
          45     4.68827     4.94909   0.0229376
          46     5.22761     4.95515   0.0232362
          47     4.64797     4.94861   0.0236571
          48     4.62998     4.94198   0.0240916
          49     4.72427     4.93753   0.0240095
          50     5.28973     4.94458   0.0245564
          51     5.09499     4.94753   0.0242501
          52     5.20481     4.95247   0.0242884
          53     4.97213     4.95284   0.0238287
          54     4.80513     4.95011   0.0235427
          55     4.98943     4.95082   0.0231217
          56     4.62262     4.94496   0.0234493
          57     4.70236     4.94071   0.0234241
          58     5.01781     4.94204   0.0230551
          59     5.12207     4.94509   0.0228655
          60     5.05138     4.94686   0.0225509
          61     4.79183     4.94432   0.0223232
          62     5.05064     4.94603   0.0220271
          63     4.56749     4.94002   0.0224921
          64     4.65161     4.93552   0.0225919
          65     5.25205     4.94039   0.0227685
          66     5.07247     4.94239     0.02251
          67     4.90554     4.94184   0.0221783
          68     5.02984     4.94313    0.021888
          69      4.7425     4.94022   0.0217635
          70     4.55822     4.93477   0.0221337
          71     4.81504     4.93308   0.0218848
          72      4.6399     4.92901   0.0219595
          73     4.75898     4.92668   0.0217815
          74     5.04897     4.92833   0.0215486
          75     4.63898     4.92447   0.0216066
          76     5.43194     4.93115   0.0223415
          77     5.02379     4.93235   0.0220823
          78     4.83526     4.93111   0.0218329
          79     5.09681     4.93321   0.0216565
          80     5.07574     4.93499   0.0214582
          81     4.88759      4.9344   0.0211997
          82     4.81158     4.93291   0.0209931
          83     5.07487     4.93462    0.020809
          84     5.08561     4.93641   0.0206382
          85     5.23175     4.93989   0.0206879
          86     4.89329     4.93935   0.0204531
          87     5.35694     4.94415   0.0207786
          88     5.07595     4.94564   0.0205957
          89     5.16052     4.94806   0.0205056
          90       5.055     4.94925   0.0203112
          91     4.70255     4.94654   0.0202689
          92     5.11309     4.94835    0.020129
          93     4.68884     4.94556   0.0201059
          94     5.21313      4.9484   0.0200935
          95     5.79848     4.95735   0.0218018
          96     4.62311     4.95387   0.0218527
          97     4.69248     4.95117   0.0217935
          98     4.92287     4.95089   0.0215719
          99     5.09893     4.95238   0.0214051
         100     5.04243     4.95328   0.0212091
