           1    0.394334    0.394334           0
           2      0.4034    0.398867  0.00453324
           3    0.378717     0.39215  0.00720863
           4    0.391078    0.391882  0.00510431
           5    0.399716    0.393449  0.00425288
           6    0.392514    0.393293  0.00347595
           7    0.389572    0.392762  0.00298541
           8    0.379958    0.391161   0.0030407
           9    0.379572    0.389873  0.00297479
          10    0.384591    0.389345  0.00271266
          11    0.375006    0.388042  0.00277845
          12    0.392876    0.388445  0.00256817
          13    0.381393    0.387902  0.00242384
          14     0.37934    0.387291  0.00232589
          15    0.373776     0.38639  0.00234524
          16    0.389052    0.386556  0.00220008
          17    0.389095    0.386705    0.002072
          18    0.392075    0.387004  0.00197614
          19    0.384374    0.386865  0.00187436
          20    0.368968     0.38597  0.00199064
          21    0.392355    0.386274  0.00191773
          22    0.389414    0.386417  0.00183404
          23    0.373322    0.385848  0.00184266
          24    0.393044    0.386148  0.00178951
          25    0.391484    0.386361  0.00172966
          26    0.386831    0.386379   0.0016619
          27    0.374964    0.385956  0.00165411
          28    0.373189      0.3855  0.00165788
          29    0.398429    0.385946  0.00166065
          30    0.389642    0.386069  0.00160907
          31    0.390286    0.386205  0.00156223
          32    0.382529    0.386091  0.00151698
          33    0.379628    0.385895  0.00148328
          34    0.381555    0.385767  0.00144464
          35    0.375805    0.385482  0.00143134
          36    0.398024    0.385831  0.00143398
          37    0.401163    0.386245  0.00145494
          38    0.387469    0.386277   0.0014165
          39    0.393644    0.386466  0.00139258
          40    0.393621    0.386645  0.00136905
          41    0.398645    0.386938  0.00136694
          42    0.387846    0.386959  0.00133418
          43    0.374799    0.386677  0.00133312
          44    0.382931    0.386592  0.00130525
          45    0.397793     0.38684  0.00129997
          46    0.391838    0.386949  0.00127602
          47    0.385021    0.386908  0.00124925
          48    0.373521    0.386629  0.00125435
          49    0.393789    0.386775  0.00123714
          50    0.394843    0.386937  0.00122284
          51    0.382906    0.386858  0.00120122
          52     0.38149    0.386754  0.00118241
          53    0.375322    0.386539  0.00117977
          54     0.37328    0.386293  0.00118347
          55    0.388611    0.386335  0.00116252
          56    0.380299    0.386227  0.00114665
          57    0.382282    0.386158  0.00112848
          58    0.399204    0.386383  0.00113143
          59    0.371961    0.386139  0.00113864
          60    0.397976    0.386336  0.00113675
          61    0.380703    0.386244  0.00112177
          62      0.3891     0.38629  0.00110449
          63    0.364635    0.385946  0.00113987
          64    0.397594    0.386128  0.00113659
          65    0.384107    0.386097  0.00111939
          66      0.3778    0.385971  0.00110945
          67    0.384479    0.385949  0.00109299
          68    0.391385    0.386029  0.00107976
          69    0.378865    0.385925  0.00106905
          70    0.382647    0.385878  0.00105471
          71    0.384295    0.385856  0.00103999
          72    0.376828    0.385731  0.00103308
          73    0.383616    0.385702  0.00101924
          74    0.382219    0.385655  0.00100647
          75    0.375477    0.385519  0.00100219
          76    0.386283    0.385529  0.00098897
          77    0.389359    0.385579 0.000977308
          78    0.390137    0.385637 0.000966465
          79    0.397665    0.385789 0.000966223
          80    0.391003    0.385854 0.000956292
          81    0.375324    0.385724 0.000953318
          82    0.377211    0.385621 0.000947327
          83    0.394887    0.385732 0.000942479
          84    0.381641    0.385684 0.000932465
          85    0.397854    0.385827 0.000932487
          86    0.372753    0.385675 0.000934034
          87    0.397057    0.385806 0.000932459
          88    0.392094    0.385877 0.000924567
          89    0.390092    0.385924 0.000915346
          90    0.383104    0.385893 0.000905661
          91    0.373518    0.385757 0.000905918
          92    0.385142     0.38575 0.000896042
          93     0.38756     0.38577 0.000886568
          94    0.396135     0.38588 0.000883991
          95    0.385338    0.385874 0.000874655
          96    0.377757     0.38579 0.000869616
          97     0.38695    0.385802 0.000860687
          98     0.37627    0.385705 0.000857395
          99    0.383137    0.385679 0.000849086
         100    0.388187    0.385704 0.000840927
