           1   -0.701776   -0.701776           0
           2   -0.706608   -0.704192    0.002416
           3   -0.700928   -0.703104  0.00176902
           4   -0.698128    -0.70186  0.00176416
           5   -0.699976   -0.701483  0.00141751
           6    -0.70172   -0.701523  0.00115806
           7   -0.700672   -0.701401 0.000986257
           8    -0.69984   -0.701206 0.000876133
           9   -0.699936   -0.701065 0.000785456
          10     -0.7018   -0.701138 0.000706369
          11   -0.700872   -0.701114 0.000639393
          12   -0.700648   -0.701075 0.000584975
          13   -0.699608   -0.700962 0.000549809
          14   -0.703056   -0.701112 0.000530535
          15   -0.699192   -0.700984 0.000510218
          16   -0.701736   -0.701031 0.000479574
          17   -0.700776   -0.701016 0.000450731
          18   -0.699568   -0.700936 0.000432501
          19   -0.702536    -0.70102 0.000417686
          20   -0.703272   -0.701132 0.000411943
          21   -0.704848   -0.701309 0.000429931
          22   -0.701648   -0.701325 0.000410212
          23   -0.701456    -0.70133 0.000392013
          24   -0.703368   -0.701415 0.000384806
          25   -0.704976   -0.701558  0.00039562
          26     -0.7032   -0.701621 0.000385311
          27   -0.696384   -0.701427 0.000418435
          28    -0.70072   -0.701402 0.000404004
          29   -0.708416   -0.701644 0.000458764
          30   -0.703904   -0.701719 0.000449567
          31    -0.69932   -0.701642 0.000441656
          32   -0.705016   -0.701747 0.000440442
          33    -0.70036   -0.701705  0.00042895
          34   -0.701704   -0.701705 0.000416143
          35    -0.70164   -0.701703 0.000404083
          36   -0.698056   -0.701602 0.000405555
          37   -0.702424   -0.701624 0.000395067
          38   -0.699688   -0.701573  0.00038789
          39   -0.701248   -0.701565 0.000377906
          40   -0.699256   -0.701507 0.000372832
          41   -0.698944   -0.701444 0.000368959
          42   -0.703584   -0.701495 0.000363652
          43    -0.70144   -0.701494 0.000355097
          44   -0.702616    -0.70152 0.000347868
          45   -0.697232   -0.701424 0.000353147
          46   -0.701616   -0.701429 0.000345409
          47    -0.69908   -0.701379 0.000341654
          48   -0.699808   -0.701346 0.000336057
          49   -0.705304   -0.701427 0.000338895
          50   -0.703568   -0.701469 0.000334799
          51    -0.70088   -0.701458 0.000328372
          52   -0.702224   -0.701473 0.000322332
          53   -0.701816   -0.701479 0.000316258
          54   -0.700192   -0.701455  0.00031126
          55   -0.704376   -0.701508 0.000310129
          56    -0.70112   -0.701501  0.00030462
          57   -0.699936   -0.701474 0.000300486
          58   -0.701728   -0.701478 0.000295292
          59   -0.703536   -0.701513 0.000292331
          60   -0.701576   -0.701514  0.00028742
          61   -0.699104   -0.701475 0.000285417
          62    -0.70068   -0.701462 0.000281068
          63   -0.703328   -0.701492 0.000278153
          64   -0.702616   -0.701509 0.000274335
          65   -0.702408   -0.701523 0.000270435
          66     -0.7028   -0.701542 0.000267008
          67   -0.700368   -0.701525 0.000263576
          68   -0.698552   -0.701481 0.000263326
          69   -0.702072    -0.70149 0.000259623
          70   -0.698896   -0.701453 0.000258555
          71    -0.69908   -0.701419 0.000257069
          72   -0.696128   -0.701346 0.000263911
          73   -0.700936    -0.70134 0.000260332
          74   -0.698992   -0.701308 0.000258742
          75     -0.7012   -0.701307 0.000255273
          76   -0.705968   -0.701368 0.000259251
          77   -0.701504    -0.70137 0.000255868
          78   -0.698144   -0.701329  0.00025593
          79   -0.700416   -0.701317 0.000252934
          80   -0.699784   -0.701298 0.000250486
          81   -0.700168   -0.701284 0.000247767
          82   -0.698288   -0.701247  0.00024744
          83     -0.7038   -0.701278 0.000246367
          84   -0.701872   -0.701285 0.000243519
          85   -0.700776   -0.701279 0.000240712
          86   -0.697992   -0.701241 0.000240948
          87   -0.701576   -0.701245 0.000238193
          88   -0.699928    -0.70123 0.000235946
          89   -0.703368   -0.701254 0.000234513
          90   -0.700128   -0.701241  0.00023223
          91    -0.69764   -0.701202 0.000233049
          92   -0.704024   -0.701233 0.000232534
          93   -0.699064   -0.701209 0.000231199
          94   -0.703096   -0.701229 0.000229605
          95   -0.701432   -0.701231 0.000227186
          96     -0.6976   -0.701194 0.000227967
          97     -0.6978   -0.701159 0.000228301
          98   -0.704832   -0.701196 0.000229047
          99   -0.704208   -0.701227 0.000228754
         100   -0.701952   -0.701234 0.000226571
