           1   -0.784657   -0.784657           0
           2   -0.773222   -0.778939   0.0057176
           3   -0.787759   -0.781879  0.00442047
           4   -0.777906   -0.780886  0.00327975
           5    -0.77978   -0.780665  0.00255009
           6   -0.795039   -0.783061  0.00317409
           7   -0.783905   -0.783181  0.00268531
           8   -0.788424   -0.783837  0.00241612
           9   -0.788772   -0.784385  0.00220025
          10   -0.782146   -0.784161  0.00198067
          11   -0.785943   -0.784323  0.00179889
          12   -0.785299   -0.784404  0.00164417
          13   -0.784193   -0.784388   0.0015125
          14   -0.788341    -0.78467  0.00142849
          15   -0.781145   -0.784435  0.00135046
          16   -0.784614   -0.784447  0.00126329
          17   -0.778627   -0.784104  0.00123504
          18   -0.775789   -0.783642   0.0012527
          19   -0.780749    -0.78349  0.00119468
          20    -0.78221   -0.783426  0.00113518
          21   -0.791715   -0.783821  0.00114966
          22   -0.783954   -0.783827  0.00109617
          23    -0.78487   -0.783872  0.00104841
          24   -0.783078   -0.783839  0.00100432
          25   -0.786279   -0.783937 0.000968245
          26    -0.78425   -0.783949 0.000930338
          27   -0.781559    -0.78386 0.000899582
          28   -0.783978   -0.783864 0.000866869
          29   -0.787449   -0.783988 0.000845526
          30   -0.788538    -0.78414 0.000830819
          31   -0.780773   -0.784031 0.000810878
          32   -0.788366   -0.784167 0.000796728
          33   -0.784004   -0.784162 0.000772223
          34   -0.780879   -0.784065 0.000755361
          35   -0.784702   -0.784083 0.000733687
          36   -0.788614   -0.784209 0.000724036
          37   -0.784634   -0.784221 0.000704289
          38    -0.78808   -0.784322 0.000692988
          39   -0.773857   -0.784054 0.000726369
          40   -0.786417   -0.784113 0.000710437
          41   -0.782419   -0.784072 0.000694123
          42    -0.78671   -0.784134 0.000680301
          43   -0.783427   -0.784118 0.000664495
          44   -0.779545   -0.784014 0.000657484
          45   -0.781318   -0.783954 0.000645493
          46   -0.784751   -0.783971 0.000631542
          47    -0.78153   -0.783919 0.000620139
          48   -0.790002   -0.784046 0.000620165
          49   -0.783102   -0.784027 0.000607682
          50   -0.783403   -0.784014 0.000595535
          51   -0.783781    -0.78401 0.000583759
          52   -0.785225   -0.784033   0.0005729
          53   -0.782808    -0.78401 0.000562462
          54    -0.78036   -0.783943 0.000556071
          55   -0.784912    -0.78396 0.000546152
          56    -0.78435   -0.783967 0.000536356
          57   -0.784669   -0.783979 0.000527006
          58   -0.778546   -0.783886 0.000526246
          59   -0.784955   -0.783904 0.000517567
          60   -0.784056   -0.783906 0.000508874
          61   -0.786274   -0.783945 0.000501966
          62   -0.783863   -0.783944 0.000493805
          63   -0.782627   -0.783923 0.000486353
          64   -0.784214   -0.783928 0.000478715
          65   -0.785559   -0.783953 0.000471961
          66   -0.781395   -0.783914 0.000466367
          67    -0.78453   -0.783923 0.000459446
          68   -0.786214   -0.783957  0.00045389
          69   -0.776274   -0.783845 0.000460913
          70   -0.781351    -0.78381 0.000455677
          71    -0.77991   -0.783755 0.000452559
          72    -0.78801   -0.783814 0.000450126
          73   -0.787089   -0.783859 0.000446179
          74   -0.785377   -0.783879 0.000440586
          75   -0.786528   -0.783915 0.000436104
          76   -0.783395   -0.783908 0.000430381
          77   -0.787695   -0.783957 0.000427594
          78   -0.783022   -0.783945 0.000422246
          79    -0.77881    -0.78388 0.000421903
          80   -0.782226   -0.783859 0.000417109
          81    -0.78319   -0.783851  0.00041201
          82   -0.779448   -0.783797 0.000410482
          83    -0.78507   -0.783813 0.000405796
          84   -0.781069    -0.78378 0.000402265
          85   -0.786597   -0.783813 0.000398883
          86   -0.786322   -0.783842 0.000395295
          87   -0.786366   -0.783871   0.0003918
          88    -0.78131   -0.783842 0.000388415
          89   -0.784261   -0.783847 0.000384055
          90   -0.781694   -0.783823 0.000380516
          91   -0.782522   -0.783809 0.000376583
          92   -0.782805   -0.783798 0.000372627
          93     -0.7762   -0.783716 0.000377544
          94   -0.777901   -0.783654 0.000378595
          95   -0.783278    -0.78365 0.000374609
          96   -0.773024    -0.78354  0.00038686
          97   -0.789045   -0.783596 0.000387035
          98   -0.787422   -0.783635 0.000385049
          99   -0.782426   -0.783623 0.000381335
         100   -0.785718   -0.783644 0.000378084
