           1     1.91125     1.91125           0
           2     1.97506     1.94315   0.0319026
           3     1.87308     1.91979   0.0297474
           4     1.86814     1.90688   0.0246817
           5       1.905      1.9065   0.0191221
           6     1.98371     1.91937   0.0202324
           7     2.04512     1.93734   0.0248011
           8     1.74027      1.9127   0.0326826
           9     1.87066     1.90803   0.0291995
          10     1.95035     1.91226   0.0264574
          11     1.90468     1.91157   0.0239415
          12     1.89385      1.9101   0.0219054
          13     1.86311     1.90648   0.0204716
          14     1.85254     1.90263   0.0193407
          15     1.86425     1.90007   0.0181861
          16     1.87128     1.89827   0.0171064
          17      1.9626     1.90206   0.0165082
          18      2.0184     1.90852   0.0168529
          19     1.93858      1.9101   0.0160196
          20     1.89364     1.90928   0.0152198
          21     2.03888     1.91545   0.0157374
          22     1.90532     1.91499   0.0150121
          23     1.97063     1.91741   0.0145471
          24     1.97931     1.91999   0.0141646
          25     1.90696     1.91947   0.0135962
          26     1.81622      1.9155    0.013653
          27     1.95002     1.91677   0.0131997
          28      2.0024     1.91983    0.013082
          29     1.83818     1.91702    0.012933
          30     1.95166     1.91817   0.0125478
          31     1.96024     1.91953   0.0122119
          32     1.88163     1.91834   0.0118833
          33     1.87083      1.9169   0.0116072
          34     2.01137     1.91968   0.0115983
          35      1.8684     1.91822    0.011357
          36     1.82501     1.91563   0.0113366
          37     1.84825     1.91381   0.0111753
          38     1.90015     1.91345   0.0108831
          39     1.97517     1.91503   0.0107179
          40     1.88522     1.91429   0.0104731
          41     1.97597     1.91579   0.0103247
          42     1.94265     1.91643   0.0100961
          43     1.77714     1.91319   0.0103771
          44     1.87156     1.91224   0.0101825
          45     1.99182     1.91401   0.0101095
          46     1.86358     1.91292   0.0099479
          47     2.05991     1.91604    0.010224
          48     1.87667     1.91522   0.0100423
          49     1.83279     1.91354  0.00997806
          50     1.83906     1.91205  0.00988929
          51     1.96368     1.91306  0.00974617
          52     1.87614     1.91235  0.00958325
          53     1.92867     1.91266  0.00940574
          54     1.98475       1.914  0.00932595
          55       1.947      1.9146  0.00917445
          56     1.84402     1.91334  0.00909685
          57     1.79267     1.91122  0.00918316
          58     1.83574     1.90992   0.0091168
          59     1.83219      1.9086  0.00905727
          60     1.94167     1.90915  0.00892207
          61     1.89686     1.90895   0.0087769
          62      1.9244      1.9092  0.00863777
          63     1.90621     1.90915  0.00849969
          64     1.90317     1.90906  0.00836635
          65     1.87206     1.90849  0.00825628
          66     1.88983     1.90821  0.00813514
          67     1.75474     1.90592  0.00833378
          68     1.82412     1.90471  0.00829794
          69     1.88118     1.90437  0.00818391
          70     1.79419      1.9028   0.0082183
          71     2.02966     1.90458  0.00829641
          72     1.82137     1.90343   0.0082616
          73     1.92977     1.90379  0.00815563
          74     1.85335     1.90311  0.00807348
          75     1.83351     1.90218  0.00801898
          76     1.89854     1.90213  0.00791291
          77     1.86294     1.90162  0.00782603
          78     1.98854     1.90274    0.007805
          79     1.93391     1.90313  0.00771567
          80     1.95785     1.90382  0.00764925
          81      1.9045     1.90382  0.00755423
          82     1.95162     1.90441  0.00748427
          83     1.97805     1.90529  0.00744659
          84     1.91363     1.90539  0.00735808
          85      1.9425     1.90583  0.00728409
          86     1.85221     1.90521  0.00722584
          87     1.91267     1.90529  0.00714282
          88     1.96473     1.90597  0.00709342
          89     1.86222     1.90548  0.00703046
          90     1.90767      1.9055  0.00695195
          91     1.75862     1.90389  0.00706206
          92     2.01011     1.90504  0.00707966
          93     1.91799     1.90518  0.00700451
          94      1.8913     1.90503  0.00693116
          95      1.9045     1.90503  0.00685782
          96     1.89324      1.9049  0.00678712
          97     1.74277     1.90323  0.00692163
          98     1.84955     1.90269   0.0068725
          99     1.91919     1.90285  0.00680477
         100     1.87511     1.90257  0.00674209
