           1     0.57787     0.57787           0
           2    0.565742    0.571806  0.00606406
           3    0.562459     0.56869  0.00468668
           4    0.559471    0.566385  0.00403673
           5     0.57767    0.568642  0.00385631
           6    0.578038    0.570208  0.00351661
           7    0.573342    0.570656  0.00300561
           8     0.55965     0.56928  0.00294416
           9     0.55839     0.56807  0.00286461
          10    0.572731    0.568536  0.00260423
          11    0.573664    0.569002  0.00240129
          12    0.563557    0.568549  0.00223854
          13    0.564036    0.568201  0.00208821
          14    0.580139    0.569054  0.00211301
          15    0.553699    0.568031  0.00221753
          16    0.544909    0.566585  0.00252807
          17    0.562412     0.56634  0.00238736
          18    0.579331    0.567062  0.00236372
          19    0.573912    0.567422  0.00226474
          20    0.562606    0.567181  0.00216197
          21    0.601589     0.56882  0.00262935
          22    0.575337    0.569116  0.00252442
          23    0.569629    0.569138  0.00241227
          24    0.573934    0.569338   0.0023182
          25    0.573279    0.569496  0.00222912
          26    0.568819     0.56947  0.00214183
          27    0.572164     0.56957  0.00206339
          28    0.568389    0.569527  0.00198878
          29    0.555864    0.569056  0.00197597
          30    0.589388    0.569734  0.00202571
          31    0.584998    0.570226   0.0020202
          32    0.548877    0.569559  0.00206669
          33    0.553247    0.569065  0.00206318
          34    0.582188    0.569451  0.00203845
          35    0.567064    0.569383  0.00198053
          36    0.569251    0.569379  0.00192473
          37     0.56717    0.569319  0.00187294
          38    0.562451    0.569139  0.00183192
          39    0.580092    0.569419   0.0018063
          40     0.55538    0.569068  0.00179521
          41    0.582507    0.569396  0.00178129
          42    0.566223    0.569321  0.00174001
          43    0.562685    0.569166  0.00170605
          44     0.54401    0.568595  0.00176215
          45    0.586272    0.568987  0.00176678
          46    0.566796     0.56894   0.0017286
          47    0.596694     0.56953  0.00179154
          48    0.575433    0.569653  0.00175813
          49    0.562504    0.569507  0.00172804
          50    0.548369    0.569085  0.00174511
          51    0.593735    0.569568  0.00177753
          52    0.573227    0.569638  0.00174443
          53    0.573147    0.569705  0.00171248
          54    0.568185    0.569676  0.00168071
          55    0.583432    0.569927  0.00166871
          56    0.568975     0.56991  0.00163873
          57    0.545635    0.569484  0.00166511
          58       0.566    0.569424  0.00163725
          59    0.558229    0.569234  0.00162041
          60     0.57662    0.569357  0.00159792
          61     0.56168    0.569231  0.00157654
          62    0.586431    0.569509  0.00157552
          63    0.569712    0.569512  0.00155031
          64    0.570541    0.569528  0.00152598
          65    0.563082    0.569429  0.00150559
          66    0.563976    0.569346   0.0014849
          67    0.551236    0.569076  0.00148734
          68    0.559736    0.568938  0.00147173
          69    0.547413    0.568626  0.00148341
          70    0.550659     0.56837  0.00148443
          71    0.593495    0.568724  0.00150555
          72    0.558434    0.568581  0.00149136
          73    0.583873     0.56879  0.00148563
          74    0.557766    0.568641  0.00147297
          75    0.551162    0.568408  0.00147177
          76    0.558267    0.568275  0.00145839
          77    0.565254    0.568235  0.00143986
          78    0.576229    0.568338  0.00142497
          79    0.568292    0.568337  0.00140682
          80      0.5837    0.568529  0.00140233
          81    0.565875    0.568497   0.0013853
          82    0.571106    0.568528  0.00136867
          83    0.577008    0.568631  0.00135593
          84    0.563737    0.568572  0.00134096
          85    0.577054    0.568672  0.00132884
          86    0.565082     0.56863  0.00131396
          87    0.562116    0.568556  0.00130093
          88    0.571921    0.568594  0.00128663
          89    0.577032    0.568689  0.00127562
          90    0.574778    0.568756  0.00126318
          91    0.543667    0.568481  0.00127928
          92    0.571922    0.568518  0.00126585
          93    0.569587    0.568529  0.00125222
          94    0.572541    0.568572  0.00123956
          95    0.565561     0.56854  0.00122685
          96    0.557744    0.568428  0.00121921
          97    0.562746    0.568369  0.00120799
          98    0.558281    0.568266  0.00120003
          99     0.56729    0.568257  0.00118788
         100    0.567995    0.568254  0.00117595
