           1    0.511684    0.511684           0
           2    0.491868    0.501776    0.009908
           3    0.522556    0.508703   0.0089834
           4    0.506892     0.50825  0.00636833
           5     0.50974    0.508548  0.00494188
           6    0.532116    0.512476  0.00563122
           7    0.509364    0.512031  0.00477997
           8     0.52324    0.513432  0.00437025
           9     0.51862    0.514009  0.00389706
          10    0.506728    0.513281  0.00356087
          11    0.514916    0.513429  0.00322435
          12    0.517216    0.513745  0.00296028
          13    0.513804     0.51375  0.00272307
          14    0.521944    0.514335  0.00258813
          15    0.508724    0.513961  0.00243828
          16    0.515792    0.514075  0.00228367
          17    0.504256    0.513498  0.00222154
          18    0.497024    0.512582  0.00228571
          19    0.506904    0.512284  0.00218262
          20    0.512452    0.512292  0.00207063
          21    0.517856    0.512557  0.00198731
          22    0.510652     0.51247   0.0018968
          23    0.509752    0.512352  0.00181631
          24    0.512228    0.512347  0.00173899
          25    0.516716    0.512522  0.00167711
          26    0.519012    0.512771  0.00163054
          27    0.507876     0.51259  0.00157942
          28    0.510328    0.512509  0.00152411
          29    0.519564    0.512753   0.0014906
          30    0.519772    0.512987  0.00145895
          31    0.506504    0.512777  0.00142651
          32    0.520948    0.513033  0.00140461
          33     0.51034    0.512951  0.00136383
          34    0.503636    0.512677  0.00135117
          35    0.514188     0.51272  0.00131271
          36    0.521468    0.512963  0.00129866
          37    0.515368    0.513028  0.00126475
          38      0.5212    0.513243  0.00124966
          39    0.498364    0.512862  0.00127558
          40    0.520524    0.513053  0.00125795
          41    0.506896    0.512903  0.00123605
          42    0.514348    0.512938  0.00120675
          43    0.515296    0.512992  0.00117963
          44    0.506604    0.512847  0.00116161
          45    0.509312    0.512769  0.00113822
          46    0.515156    0.512821  0.00111441
          47    0.504808     0.51265  0.00110369
          48    0.520128    0.512806  0.00109163
          49    0.514868    0.512848  0.00106994
          50    0.510896    0.512809  0.00104905
          51    0.514184    0.512836  0.00102863
          52    0.518924    0.512953  0.00101543
          53     0.51096    0.512915 0.000996794
          54     0.50752    0.512815  0.00098325
          55     0.51368    0.512831 0.000965335
          56    0.518032    0.512924 0.000952479
          57    0.511344    0.512896  0.00093603
          58    0.508648    0.512823 0.000922662
          59    0.514336    0.512849 0.000907251
          60     0.51428    0.512873 0.000892321
          61    0.516292    0.512929  0.00087936
          62    0.513996    0.512946 0.000865231
          63    0.511696    0.512926 0.000851618
          64    0.513868    0.512941 0.000838335
          65    0.514556    0.512966 0.000825711
          66    0.512056    0.512952  0.00081322
          67    0.520728    0.513068 0.000809356
          68    0.521068    0.513186 0.000805997
          69    0.496932     0.51295 0.000828426
          70    0.508556    0.512887 0.000818915
          71    0.506148    0.512792 0.000812859
          72    0.522612    0.512929 0.000813011
          73    0.518044    0.512999 0.000804853
          74    0.518484    0.513073 0.000797355
          75     0.51744    0.513131 0.000788804
          76    0.510216    0.513093   0.0007793
          77    0.520156    0.513184 0.000774564
          78    0.508992    0.513131 0.000766456
          79    0.504492    0.513021 0.000764552
          80    0.508892     0.51297 0.000756697
          81    0.512428    0.512963 0.000747327
          82     0.50768    0.512899 0.000740963
          83    0.511632    0.512883 0.000732141
          84    0.505864      0.5128 0.000728183
          85    0.518704    0.512869  0.00072291
          86    0.517732    0.512926 0.000716688
          87    0.515668    0.512957 0.000709104
          88    0.511228    0.512938 0.000701275
          89    0.517384    0.512988 0.000695148
          90    0.509548    0.512949 0.000688442
          91    0.515928    0.512982 0.000681621
          92    0.509144     0.51294 0.000675461
          93      0.5056    0.512862 0.000672805
          94    0.500784    0.512733 0.000677896
          95    0.515072    0.512758 0.000671174
          96     0.49872    0.512611 0.000680053
          97    0.528304    0.512773 0.000692177
          98    0.517908    0.512826 0.000687078
          99    0.508812    0.512785  0.00068131
         100    0.515912    0.512816 0.000675187
