           1    -1.19877    -1.19877           0
           2    -1.19889    -1.19883    5.96e-05
           3    -1.19897    -1.19888 5.80887e-05
           4    -1.19837    -1.19875 0.000132716
           5    -1.19838    -1.19868 0.000126829
           6    -1.19825    -1.19861 0.000125626
           7    -1.19872    -1.19862 0.000107347
           8     -1.1984    -1.19859 9.68985e-05
           9    -1.19864     -1.1986 8.55955e-05
          10    -1.19853    -1.19859  7.6891e-05
          11    -1.19871     -1.1986 7.03205e-05
          12    -1.19916    -1.19865 7.91185e-05
          13    -1.19855    -1.19864 7.31779e-05
          14    -1.19809     -1.1986 7.84031e-05
          15    -1.19835    -1.19859 7.48292e-05
          16    -1.19882     -1.1986 7.15273e-05
          17    -1.19879    -1.19861 6.81231e-05
          18    -1.19887    -1.19863 6.58699e-05
          19    -1.19882    -1.19864 6.31526e-05
          20    -1.19906    -1.19866  6.3576e-05
          21    -1.19849    -1.19865 6.10189e-05
          22    -1.19808    -1.19862 6.36597e-05
          23    -1.19876    -1.19863 6.11282e-05
          24     -1.1986    -1.19863 5.85361e-05
          25    -1.19836    -1.19862 5.71451e-05
          26    -1.19878    -1.19862 5.52602e-05
          27    -1.19886    -1.19863 5.38732e-05
          28    -1.19849    -1.19863 5.21479e-05
          29    -1.19864    -1.19863 5.03187e-05
          30    -1.19901    -1.19864 5.02824e-05
          31    -1.19889    -1.19865 4.92696e-05
          32    -1.19889    -1.19866 4.82831e-05
          33    -1.19903    -1.19867 4.81168e-05
          34    -1.19879    -1.19867 4.68128e-05
          35     -1.1984    -1.19866 4.61103e-05
          36    -1.19818    -1.19865 4.67404e-05
          37    -1.19837    -1.19864 4.61011e-05
          38    -1.19892    -1.19865 4.54627e-05
          39    -1.19909    -1.19866 4.56761e-05
          40    -1.19907    -1.19867 4.56553e-05
          41    -1.19885    -1.19868 4.47331e-05
          42    -1.19902    -1.19868 4.44167e-05
          43    -1.19899    -1.19869 4.39492e-05
          44    -1.19879    -1.19869 4.29958e-05
          45    -1.19865    -1.19869 4.20421e-05
          46    -1.19848    -1.19869 4.13786e-05
          47     -1.1988    -1.19869  4.0554e-05
          48    -1.19857    -1.19869 3.97826e-05
          49    -1.19848    -1.19868 3.91902e-05
          50    -1.19879    -1.19868 3.84635e-05
          51    -1.19905    -1.19869  3.8389e-05
          52    -1.19883    -1.19869 3.77429e-05
          53    -1.19846    -1.19869  3.7288e-05
          54    -1.19844    -1.19869 3.68909e-05
          55    -1.19866    -1.19869  3.6217e-05
          56    -1.19874    -1.19869 3.55803e-05
          57    -1.19903    -1.19869 3.54658e-05
          58    -1.19874    -1.19869 3.48581e-05
          59    -1.19876    -1.19869   3.428e-05
          60     -1.1985    -1.19869 3.38627e-05
          61     -1.1986    -1.19869 3.33393e-05
          62    -1.19907     -1.1987 3.33586e-05
          63    -1.19919     -1.1987 3.37402e-05
          64    -1.19878     -1.1987 3.32314e-05
          65    -1.19858     -1.1987   3.277e-05
          66     -1.1985     -1.1987 3.24107e-05
          67    -1.19853     -1.1987 3.20259e-05
          68    -1.19874     -1.1987 3.15592e-05
          69    -1.19916     -1.1987 3.18023e-05
          70    -1.19852     -1.1987 3.14551e-05
          71    -1.19905    -1.19871 3.13936e-05
          72    -1.19877    -1.19871 3.09672e-05
          73    -1.19857    -1.19871 3.06005e-05
          74     -1.1988    -1.19871 3.02125e-05
          75    -1.19877    -1.19871 2.98177e-05
          76     -1.1987    -1.19871 2.94229e-05
          77    -1.19896    -1.19871 2.92249e-05
          78    -1.19903    -1.19872 2.91444e-05
          79    -1.19879    -1.19872 2.87875e-05
          80    -1.19847    -1.19871 2.85929e-05
          81    -1.19849    -1.19871 2.83768e-05
          82    -1.19899    -1.19871 2.82351e-05
          83    -1.19863    -1.19871 2.79118e-05
          84    -1.19898    -1.19872 2.77608e-05
          85    -1.19848    -1.19871 2.75749e-05
          86    -1.19876    -1.19871 2.72568e-05
          87    -1.19848    -1.19871 2.70713e-05
          88    -1.19893    -1.19871 2.68731e-05
          89    -1.19858    -1.19871  2.6612e-05
          90    -1.19845    -1.19871 2.64782e-05
          91    -1.19854    -1.19871 2.62481e-05
          92    -1.19886    -1.19871 2.60145e-05
          93    -1.19917    -1.19871 2.61999e-05
          94    -1.19788     -1.1987 2.73779e-05
          95    -1.19907    -1.19871 2.73568e-05
          96    -1.19845    -1.19871 2.72019e-05
          97    -1.19855     -1.1987 2.69652e-05
          98    -1.19884    -1.19871 2.67254e-05
          99    -1.19899    -1.19871 2.66074e-05
         100    -1.19875    -1.19871 2.63434e-05
