           1   0.0229787   0.0229787           0
           2   0.0214331   0.0222059 0.000772766
           3   0.0191573   0.0211897  0.00110983
           4   0.0306128   0.0235455  0.00248307
           5    0.033317   0.0254998  0.00274203
           6   0.0335318   0.0268385  0.00260854
           7   0.0245385   0.0265099  0.00222897
           8   0.0298849   0.0269318  0.00197591
           9   0.0274052   0.0269844  0.00174338
          10   0.0280338   0.0270893  0.00156286
          11   0.0243399   0.0268394  0.00143558
          12   0.0155726   0.0259005  0.00161212
          13   0.0273335   0.0260107  0.00148703
          14   0.0374864   0.0268304  0.00160227
          15   0.0317362   0.0271575  0.00152706
          16   0.0219427   0.0268315  0.00146515
          17   0.0245282    0.026696  0.00138292
          18   0.0213389   0.0263984  0.00133736
          19   0.0219623   0.0261649  0.00128639
          20    0.017182   0.0257158   0.0013004
          21   0.0286157   0.0258539  0.00124461
          22   0.0404806   0.0265187  0.00136024
          23   0.0250569   0.0264552  0.00130131
          24   0.0268251   0.0264706  0.00124601
          25   0.0309657   0.0266504  0.00120858
          26   0.0254947    0.026606  0.00116201
          27   0.0218727   0.0264306  0.00113181
          28   0.0293425   0.0265346  0.00109558
          29   0.0257984   0.0265093  0.00105744
          30   0.0182694   0.0262346  0.00105786
          31   0.0217331   0.0260894  0.00103342
          32   0.0227296   0.0259844   0.0010061
          33   0.0176354   0.0257314  0.00100742
          34   0.0226946   0.0256421 0.000981411
          35   0.0307558   0.0257882 0.000964094
          36   0.0351797   0.0260491 0.000972572
          37   0.0314432   0.0261948  0.00095709
          38   0.0210454   0.0260593 0.000941367
          39   0.0167828   0.0258215 0.000947262
          40   0.0184724   0.0256377 0.000941379
          41    0.021545   0.0255379 0.000923542
          42   0.0184393   0.0253689 0.000916996
          43    0.018696   0.0252137 0.000908764
          44   0.0233952   0.0251724 0.000888832
          45   0.0254716    0.025179 0.000868881
          46   0.0286928   0.0252554 0.000853208
          47   0.0233948   0.0252158 0.000835796
          48   0.0271909    0.025257 0.000819232
          49   0.0286886    0.025327  0.00080539
          50   0.0239359   0.0252992 0.000789608
          51    0.017801   0.0251522 0.000787811
          52   0.0214307   0.0250806  0.00077582
          53   0.0284626   0.0251444 0.000763712
          54   0.0300854   0.0252359 0.000755001
          55   0.0265836   0.0252604 0.000741551
          56   0.0241854   0.0252412 0.000728442
          57   0.0188133   0.0251285  0.00072438
          58   0.0239287   0.0251078 0.000712081
          59   0.0234408   0.0250795 0.000700478
          60   0.0295569   0.0251541 0.000692736
          61   0.0262899   0.0251728 0.000681539
          62   0.0178791   0.0250551 0.000680699
          63   0.0153661   0.0249013 0.000687236
          64   0.0240397   0.0248879 0.000676547
          65   0.0270515   0.0249211 0.000666889
          66   0.0297433   0.0249942 0.000660758
          67   0.0290348   0.0250545  0.00065361
          68   0.0250455   0.0250544 0.000643926
          69   0.0153688    0.024914 0.000649866
          70   0.0278192   0.0249555 0.000641858
          71   0.0176241   0.0248523 0.000641123
          72   0.0227619   0.0248232 0.000632823
          73   0.0276739   0.0248623 0.000625314
          74   0.0229055   0.0248358 0.000617373
          75    0.024322    0.024829 0.000609124
          76   0.0238262   0.0248158   0.0006012
          77   0.0197728   0.0247503 0.000596945
          78   0.0179524   0.0246631 0.000595652
          79   0.0225052   0.0246358 0.000588698
          80   0.0290786   0.0246914  0.00058394
          81   0.0297378   0.0247537 0.000580041
          82   0.0190381    0.024684 0.000577148
          83   0.0263947   0.0247046 0.000570525
          84   0.0189983   0.0246366  0.00056777
          85   0.0284273   0.0246812 0.000562821
          86    0.023173   0.0246637 0.000556514
          87     0.03016   0.0247269 0.000553696
          88    0.019572   0.0246683 0.000550493
          89   0.0278228   0.0247037 0.000545426
          90   0.0298627   0.0247611 0.000542369
          91   0.0286448   0.0248037 0.000538071
          92   0.0211711   0.0247643 0.000533653
          93   0.0152005   0.0246614 0.000537807
          94   0.0412735   0.0248381 0.000560637
          95   0.0176964    0.024763 0.000559775
          96   0.0329249    0.024848   0.0005604
          97   0.0269984   0.0248702 0.000555036
          98   0.0212971   0.0248337 0.000550552
          99   0.0187097   0.0247718 0.000548462
         100   0.0229367   0.0247535 0.000543259
