           1  0.00900628  0.00900628           0
           2   0.0110621   0.0100342  0.00102793
           3  0.00653665  0.00886835  0.00130821
           4   0.0134422   0.0100118   0.0014708
           5    0.024719   0.0129533  0.00315436
           6   0.0157161   0.0134137  0.00261636
           7  0.00900039   0.0127833  0.00229936
           8   0.0114662   0.0126186   0.0019981
           9   0.0107702   0.0124132  0.00177408
          10    0.013296   0.0125015  0.00158924
          11   0.0100944   0.0122827  0.00145408
          12  0.00503928   0.0116791  0.00145819
          13   0.0114399   0.0116607  0.00134147
          14   0.0204711     0.01229   0.0013923
          15   0.0141809    0.012416  0.00130228
          16  0.00760673   0.0121155   0.0012547
          17  0.00969062   0.0119728  0.00118719
          18  0.00998866   0.0118626  0.00112471
          19  0.00816741   0.0116681   0.0010815
          20  0.00477855   0.0113236  0.00108228
          21   0.0122381   0.0113672  0.00103038
          22   0.0456815   0.0129269  0.00184335
          23   0.0107101   0.0128305  0.00176402
          24   0.0120701   0.0127989  0.00168922
          25   0.0137649   0.0128375   0.0016207
          26   0.0249415    0.013303  0.00162522
          27  0.00716927   0.0130759  0.00158029
          28   0.0180316   0.0132528  0.00153305
          29  0.00989759   0.0131371  0.00148376
          30  0.00579211   0.0128923  0.00145421
          31  0.00941541   0.0127802  0.00141098
          32   0.0141552   0.0128231  0.00136685
          33  0.00422095   0.0125625  0.00135019
          34  0.00855828   0.0124447  0.00131516
          35   0.0127742   0.0124541  0.00127706
          36   0.0179819   0.0126077  0.00125055
          37   0.0180849   0.0127557  0.00122525
          38   0.0130994   0.0127647  0.00119261
          39  0.00479503   0.0125604  0.00117946
          40  0.00616284   0.0124004  0.00116067
          41  0.00792809   0.0122914  0.00113725
          42  0.00692065   0.0121635  0.00111719
          43  0.00612756   0.0120231  0.00109989
          44   0.0105836   0.0119904   0.0010751
          45   0.0102262   0.0119512  0.00105167
          46   0.0107208   0.0119244   0.0010289
          47  0.00957489   0.0118745  0.00100801
          48   0.0101856   0.0118393 0.000987414
          49   0.0106586   0.0118152 0.000967353
          50   0.0156602   0.0118921 0.000950923
          51  0.00550949   0.0117669 0.000940455
          52  0.00657791   0.0116671 0.000927575
          53    0.009591    0.011628 0.000910748
          54   0.0159175   0.0117074 0.000897247
          55   0.0118716   0.0117104 0.000880787
          56  0.00920461   0.0116656 0.000866073
          57   0.0086604   0.0116129 0.000852375
          58  0.00891813   0.0115665 0.000838838
          59   0.0097303   0.0115353 0.000825084
          60   0.0187502   0.0116556  0.00082008
          61   0.0102396   0.0116324 0.000806858
          62  0.00705444   0.0115585 0.000797165
          63  0.00616906    0.011473  0.00078906
          64  0.00654207   0.0113959 0.000780446
          65   0.0115296    0.011398 0.000768348
          66    0.017846   0.0114957 0.000762898
          67   0.0107954   0.0114852 0.000751498
          68   0.0119488   0.0114921 0.000740395
          69  0.00377927   0.0113803 0.000738099
          70  0.00973936   0.0113568 0.000727856
          71  0.00555484   0.0112751  0.00072217
          72  0.00758866   0.0112239 0.000713907
          73   0.0114097   0.0112265 0.000704065
          74   0.0107664   0.0112202 0.000694513
          75    0.015555    0.011278 0.000687623
          76  0.00723385   0.0112248 0.000680599
          77  0.00564531   0.0111524 0.000675599
          78  0.00461656   0.0110686 0.000672125
          79  0.00779735   0.0110272 0.000664853
          80   0.0120857   0.0110404 0.000656623
          81   0.0195078   0.0111449 0.000656838
          82   0.0075084   0.0111006 0.000650292
          83    0.012279   0.0111148 0.000642566
          84  0.00642524    0.011059  0.00063732
          85  0.00807359   0.0110238 0.000630757
          86  0.00833428   0.0109926 0.000624163
          87   0.0222292   0.0111217 0.000630321
          88  0.00492811   0.0110513  0.00062708
          89   0.0122301   0.0110646 0.000620135
          90  0.00959449   0.0110482 0.000613424
          91    0.017575     0.01112 0.000610871
          92  0.00702076   0.0110754 0.000605835
          93  0.00387612    0.010998 0.000604264
          94   0.0233845   0.0111298 0.000612152
          95  0.00732124   0.0110897 0.000606999
          96   0.0278496   0.0112643 0.000625501
          97   0.0107499    0.011259 0.000619041
          98  0.00614527   0.0112068  0.00061491
          99    0.005983    0.011154  0.00061095
         100  0.00701677   0.0111126 0.000606223
