           1    0.999096    0.999096           0
           2    0.999052    0.999074     2.2e-05
           3    0.999256    0.999135 6.19821e-05
           4    0.998744    0.999037  0.00010705
           5      0.9985     0.99893 0.000135686
           6    0.998572     0.99887 0.000125801
           7    0.999064    0.998898 0.000109874
           8    0.998776    0.998883 9.63622e-05
           9    0.998952     0.99889 8.53336e-05
          10      0.9988    0.998881 7.68561e-05
          11    0.999012    0.998893 7.05286e-05
          12    0.999428    0.998938 7.83086e-05
          13    0.998868    0.998932 7.22325e-05
          14    0.998324    0.998889 7.97504e-05
          15    0.998692    0.998876 7.53945e-05
          16    0.999144    0.998892 7.24908e-05
          17    0.999076    0.998903 6.89435e-05
          18    0.999132    0.998916 6.62307e-05
          19    0.999148    0.998928 6.38269e-05
          20    0.999388    0.998951 6.47688e-05
          21    0.998792    0.998944 6.20721e-05
          22    0.997964    0.998899 7.40637e-05
          23    0.999052    0.998906 7.10819e-05
          24    0.998896    0.998905  6.8057e-05
          25    0.998692    0.998897 6.58333e-05
          26    0.998664    0.998888 6.38812e-05
          27    0.999208      0.9989  6.2603e-05
          28    0.998672    0.998892 6.08714e-05
          29    0.998988    0.998895 5.88289e-05
          30    0.999308    0.998909 5.84785e-05
          31    0.999148    0.998916 5.70851e-05
          32    0.998996    0.998919 5.53284e-05
          33    0.999408    0.998934 5.56363e-05
          34    0.999096    0.998938 5.41858e-05
          35     0.99876    0.998933 5.28614e-05
          36    0.998444     0.99892 5.31401e-05
          37    0.998632    0.998912 5.22659e-05
          38     0.99908    0.998916 5.10636e-05
          39    0.999392    0.998929 5.12101e-05
          40    0.999328    0.998939 5.09023e-05
          41    0.999152    0.998944 4.99174e-05
          42    0.999256    0.998951 4.92782e-05
          43    0.999304    0.998959 4.88129e-05
          44     0.99906    0.998962 4.77453e-05
          45    0.998952    0.998962 4.66728e-05
          46    0.998872     0.99896 4.56883e-05
          47    0.999056    0.998962 4.47527e-05
          48    0.998912    0.998961 4.38227e-05
          49     0.99888    0.998959 4.29505e-05
          50    0.998852    0.998957  4.2137e-05
          51    0.999348    0.998964 4.20088e-05
          52    0.999212    0.998969 4.14671e-05
          53      0.9989    0.998968 4.06982e-05
          54    0.998664    0.998962  4.0332e-05
          55     0.99894    0.998962  3.9594e-05
          56    0.999044    0.998963 3.89082e-05
          57    0.999228    0.998968 3.85005e-05
          58    0.999052    0.998969 3.78586e-05
          59    0.999032    0.998971 3.72264e-05
          60    0.998608    0.998964 3.70961e-05
          61     0.99894    0.998964 3.64851e-05
          62    0.999296    0.998969 3.62889e-05
          63    0.999376    0.998976 3.62867e-05
          64    0.999188    0.998979 3.58687e-05
          65    0.998912    0.998978 3.53277e-05
          66    0.998636    0.998973 3.51725e-05
          67     0.99892    0.998972 3.46525e-05
          68    0.999004    0.998973 3.41424e-05
          69    0.999464     0.99898 3.43893e-05
          70     0.99892    0.998979 3.39052e-05
          71    0.999328    0.998984 3.37839e-05
          72    0.999132    0.998986 3.33749e-05
          73    0.998876    0.998984 3.29489e-05
          74    0.999012    0.998985 3.25028e-05
          75    0.998956    0.998984 3.20688e-05
          76    0.999116    0.998986 3.16914e-05
          77    0.999288     0.99899 3.15219e-05
          78    0.999372    0.998995 3.14981e-05
          79    0.999136    0.998997 3.11481e-05
          80    0.998824    0.998995 3.08319e-05
          81    0.998628     0.99899 3.07834e-05
          82    0.999228    0.998993 3.05438e-05
          83      0.9989    0.998992 3.01943e-05
          84     0.99926    0.998995 3.00031e-05
          85    0.998988    0.998995 2.96481e-05
          86    0.999096    0.998996 2.93249e-05
          87    0.998576    0.998991 2.93853e-05
          88    0.999308    0.998995 2.92716e-05
          89    0.998896    0.998994 2.89622e-05
          90    0.998916    0.998993 2.86516e-05
          91     0.99864    0.998989 2.85991e-05
          92     0.99918    0.998991 2.83626e-05
          93    0.999472    0.998996 2.85286e-05
          94    0.998104    0.998987 2.97769e-05
          95     0.99926     0.99899 2.96018e-05
          96     0.99838    0.998983 2.99723e-05
          97    0.998932    0.998983 2.96664e-05
          98    0.999208    0.998985  2.9452e-05
          99      0.9993    0.998988  2.9326e-05
         100    0.999156     0.99899 2.90797e-05
