           1     1.80676     1.80676           0
           2     1.73036     1.76856   0.0381966
           3     1.80367     1.78026   0.0249653
           4      1.7233     1.76602   0.0226809
           5      1.7376     1.76034   0.0184652
           6     1.88713     1.78147   0.0259587
           7     1.75451     1.77762   0.0222745
           8     1.80179     1.78064   0.0195255
           9     1.84489     1.78778   0.0186409
          10     1.83811     1.79281    0.017416
          11     1.80733     1.79413   0.0158085
          12     1.75772      1.7911   0.0147466
          13     1.77688        1.79   0.0136089
          14     1.86496     1.79536   0.0136898
          15      1.7596     1.79297   0.0129655
          16     1.76577     1.79127   0.0122467
          17      1.7914     1.79128   0.0115038
          18     1.76778     1.78998   0.0109242
          19     1.77987     1.78944   0.0103469
          20     1.74139     1.78704   0.0101057
          21     1.77588     1.78651  0.00962713
          22     1.72239      1.7836  0.00963069
          23     1.77481     1.78321  0.00921038
          24      1.8311     1.78521  0.00904117
          25     1.83323     1.78713  0.00888222
          26     1.83333     1.78891  0.00871683
          27     1.83112     1.79047  0.00853223
          28     1.76655     1.78962  0.00826612
          29     1.79285     1.78973  0.00797677
          30     1.83164     1.79112  0.00783193
          31     1.84741     1.79294   0.0077896
          32     1.82448     1.79393  0.00760636
          33     1.75005      1.7926  0.00749118
          34     1.73192     1.79081   0.0074834
          35     1.83728     1.79214  0.00738674
          36     1.81319     1.79272  0.00720239
          37     1.75447     1.79169  0.00708092
          38     1.80541     1.79205  0.00690151
          39     1.83343     1.79311  0.00680542
          40     1.81468     1.79365  0.00665498
          41     1.81982     1.79429  0.00652194
          42      1.9018     1.79685  0.00686019
          43     1.79227     1.79674   0.0066996
          44     1.81703      1.7972  0.00656178
          45     1.75104     1.79618  0.00649582
          46     1.76338     1.79546  0.00639293
          47     1.71558     1.79377  0.00648223
          48     1.85617     1.79507  0.00647758
          49     1.80849     1.79534  0.00634992
          50     1.74428     1.79432  0.00630486
          51     1.87667     1.79593  0.00638746
          52     1.78222     1.79567  0.00626896
          53     1.73518     1.79453  0.00625455
          54     1.73862     1.79349  0.00622434
          55     1.80187     1.79364  0.00611203
          56     1.85152     1.79468  0.00609021
          57     1.82693     1.79524  0.00600911
          58       1.797     1.79527  0.00590468
          59     1.82455     1.79577  0.00582491
          60     1.78806     1.79564  0.00572845
          61     1.83186     1.79624  0.00566496
          62     1.79842     1.79627  0.00557295
          63      1.8027     1.79637  0.00548473
          64     1.87851     1.79766  0.00554879
          65     1.79328     1.79759  0.00546317
          66     1.80687     1.79773   0.0053816
          67     1.82717     1.79817  0.00531885
          68      1.7887     1.79803   0.0052419
          69     1.82988     1.79849  0.00518596
          70     1.78044     1.79823  0.00511784
          71     1.85255       1.799  0.00510292
          72     1.84297     1.79961  0.00506848
          73     1.73423     1.79871  0.00507816
          74     1.80271     1.79877  0.00500936
          75     1.72191     1.79774  0.00504724
          76     1.71315     1.79663  0.00510326
          77      1.7871     1.79651  0.00503807
          78     1.74875     1.79589  0.00501061
          79     1.82039      1.7962  0.00495649
          80     1.75478     1.79569  0.00492145
          81     1.86549     1.79655  0.00493612
          82     1.79886     1.79658  0.00487563
          83     1.81687     1.79682  0.00482274
          84     1.87813     1.79779  0.00486231
          85     1.79386     1.79774  0.00480499
          86     1.79695     1.79773   0.0047488
          87     1.70033     1.79661  0.00482557
          88      1.7863      1.7965  0.00477186
          89     1.83389     1.79692  0.00473661
          90      1.7498     1.79639  0.00471285
          91     1.76173     1.79601  0.00467631
          92     1.75469     1.79556  0.00464696
          93     1.72621     1.79482  0.00465683
          94     1.80135     1.79489  0.00460754
          95     1.77408     1.79467  0.00456404
          96     1.81221     1.79485  0.00451994
          97       1.823     1.79514  0.00448251
          98     1.79976     1.79519  0.00443678
          99     1.78888     1.79512   0.0043922
         100     1.81495     1.79532  0.00435257
