           1    0.236146    0.236146           0
           2    0.239814     0.23798  0.00183418
           3    0.238481    0.238147  0.00107207
           4    0.238423    0.238216 0.000761206
           5    0.243203    0.239213  0.00115869
           6    0.241965    0.239672  0.00105139
           7     0.23457    0.238943  0.00114931
           8     0.23418    0.238348  0.00115981
           9    0.240509    0.238588  0.00105067
          10    0.244746    0.239204  0.00112353
          11    0.240229    0.239297  0.00102054
          12     0.24002    0.239357 0.000933565
          13    0.236345    0.239125 0.000889463
          14    0.240881    0.239251  0.00083298
          15    0.238055    0.239171 0.000779547
          16     0.23949    0.239191 0.000729472
          17    0.241249    0.239312  0.00069583
          18    0.235439    0.239097 0.000690415
          19    0.236995    0.238986 0.000662373
          20    0.235034    0.238789 0.000658718
          21    0.237153    0.238711 0.000631386
          22    0.238918     0.23872 0.000602077
          23    0.246238    0.239047 0.000661675
          24    0.238153     0.23901   0.0006346
          25    0.233106    0.238774 0.000652887
          26    0.243618     0.23896 0.000654358
          27    0.240176    0.239005 0.000631265
          28    0.245252    0.239228 0.000647925
          29    0.240619    0.239276  0.00062702
          30    0.242295    0.239377 0.000614061
          31    0.233873    0.239199 0.000619894
          32    0.234972    0.239067 0.000614575
          33    0.238097    0.239038 0.000596385
          34    0.236439    0.238961 0.000583607
          35    0.235748    0.238869 0.000574076
          36    0.242989    0.238984 0.000569517
          37    0.234093    0.238852 0.000569467
          38     0.23854    0.238843 0.000554339
          39    0.239231    0.238853  0.00054003
          40    0.235837    0.238778 0.000531732
          41    0.235289    0.238693 0.000525538
          42     0.23345    0.238568 0.000527842
          43    0.247515    0.238776 0.000555835
          44    0.246801    0.238958 0.000572861
          45    0.237777    0.238932 0.000560602
          46     0.24043    0.238965 0.000549246
          47    0.236227    0.238907  0.00054058
          48    0.242841    0.238989 0.000535508
          49    0.237215    0.238952 0.000525713
          50    0.244241    0.239058 0.000525838
          51    0.241325    0.239103 0.000517338
          52    0.244862    0.239213 0.000519244
          53    0.241378    0.239254 0.000510987
          54    0.232783    0.239134 0.000515555
          55     0.23847    0.239122 0.000506238
          56    0.238578    0.239113 0.000497211
          57    0.235122    0.239043 0.000493402
          58     0.24151    0.239085 0.000486684
          59     0.23831    0.239072 0.000478544
          60    0.241837    0.239118 0.000472753
          61    0.232895    0.239016 0.000475998
          62    0.239885     0.23903 0.000468467
          63    0.233715    0.238946 0.000468627
          64     0.23701    0.238915 0.000462237
          65    0.230549    0.238787 0.000472924
          66    0.238973     0.23879 0.000465712
          67     0.24458    0.238876  0.00046678
          68    0.242153    0.238924 0.000462382
          69    0.241607    0.238963 0.000457288
          70    0.237456    0.238941 0.000451221
          71    0.239187    0.238945 0.000444834
          72    0.238276    0.238936 0.000438711
          73    0.241528    0.238971 0.000434114
          74    0.236239    0.238934 0.000429797
          75    0.236353      0.2389 0.000425422
          76    0.236134    0.238863 0.000421361
          77    0.238616     0.23886 0.000415865
          78    0.240579    0.238882  0.00041109
          79    0.242894    0.238933 0.000409018
          80    0.233304    0.238863 0.000409956
          81    0.235675    0.238823 0.000406772
          82    0.238375    0.238818 0.000401818
          83    0.235794    0.238781 0.000398616
          84    0.243306    0.238835 0.000397509
          85    0.229158    0.238721 0.000408973
          86    0.239614    0.238732 0.000404323
          87    0.235353    0.238693 0.000401531
          88    0.239758    0.238705 0.000397127
          89    0.244542    0.238771 0.000398079
          90    0.239121    0.238775  0.00039365
          91    0.244513    0.238838 0.000394375
          92    0.240542    0.238856 0.000390505
          93    0.240725    0.238876 0.000386805
          94    0.245143    0.238943 0.000388432
          95     0.23228    0.238873 0.000390669
          96    0.245892    0.238946 0.000393433
          97    0.243156    0.238989 0.000391767
          98    0.238749    0.238987 0.000387757
          99    0.246988    0.239068 0.000392236
         100    0.232027    0.238997 0.000394625
