           1   -0.516152   -0.516152           0
           2      -0.517   -0.516576    0.000424
           3   -0.516456   -0.516536 0.000248043
           4   -0.514448   -0.516014 0.000550678
           5   -0.514896    -0.51579 0.000481607
           6   -0.516408   -0.515893 0.000406479
           7   -0.519216   -0.516368 0.000585941
           8   -0.515528   -0.516263 0.000518189
           9   -0.517952   -0.516451 0.000494032
          10   -0.515064   -0.516312 0.000463123
          11   -0.516216   -0.516303 0.000419001
          12   -0.513056   -0.516033 0.000468539
          13   -0.517464   -0.516143 0.000444835
          14   -0.518056   -0.516279 0.000433919
          15   -0.516864   -0.516318 0.000405832
          16   -0.515616   -0.516274 0.000382151
          17   -0.514832    -0.51619 0.000368861
          18   -0.513368   -0.516033 0.000381463
          19   -0.514824   -0.515969 0.000366394
          20   -0.515168   -0.515929 0.000349893
          21   -0.516832   -0.515972  0.00033558
          22   -0.514528   -0.515907 0.000326628
          23     -0.5148   -0.515858  0.00031579
          24   -0.519824   -0.516024  0.00034455
          25   -0.515336   -0.515996 0.000331623
          26   -0.512624   -0.515866    0.000344
          27   -0.517544   -0.515929 0.000336795
          28   -0.516456   -0.515947  0.00032509
          29   -0.512888   -0.515842 0.000330945
          30   -0.515648   -0.515835 0.000319789
          31   -0.518096   -0.515908  0.00031778
          32   -0.516856   -0.515938 0.000309111
          33   -0.518144   -0.516005 0.000306965
          34   -0.515128   -0.515979 0.000298915
          35   -0.517712   -0.516029 0.000294441
          36   -0.517448   -0.516068 0.000288849
          37   -0.516032   -0.516067 0.000280936
          38     -0.5176   -0.516107 0.000276403
          39   -0.517616   -0.516146 0.000271987
          40   -0.517264   -0.516174 0.000266569
          41   -0.518016   -0.516219  0.00026384
          42     -0.5182   -0.516266 0.000261766
          43   -0.517112   -0.516286 0.000256362
          44   -0.516048    -0.51628 0.000250526
          45   -0.515544   -0.516264 0.000245441
          46   -0.514688    -0.51623 0.000242479
          47   -0.515112   -0.516206 0.000238453
          48    -0.51648   -0.516212 0.000233502
          49    -0.51392   -0.516165  0.00023342
          50    -0.51676   -0.516177 0.000229014
          51    -0.51324   -0.516119 0.000231747
          52   -0.516008   -0.516117 0.000227256
          53   -0.515376   -0.516103 0.000223365
          54   -0.512984   -0.516045 0.000226673
          55   -0.513976   -0.516008 0.000225672
          56   -0.516672    -0.51602 0.000221922
          57    -0.51976   -0.516085 0.000227657
          58   -0.516928     -0.5161 0.000224169
          59   -0.515136   -0.516083 0.000220941
          60   -0.515736   -0.516078 0.000217305
          61   -0.514992    -0.51606 0.000214453
          62   -0.516488   -0.516067 0.000211078
          63   -0.519312   -0.516118 0.000213993
          64   -0.516864    -0.51613 0.000210945
          65   -0.518448   -0.516166 0.000210715
          66   -0.516952   -0.516177 0.000207839
          67   -0.516912   -0.516188 0.000205007
          68    -0.51532   -0.516176 0.000202373
          69   -0.515808    -0.51617  0.00019949
          70   -0.515024   -0.516154   0.0001973
          71     -0.5202   -0.516211 0.000202678
          72   -0.514928   -0.516193 0.000200636
          73   -0.520008   -0.516245 0.000204653
          74    -0.51512    -0.51623  0.00020244
          75   -0.515744   -0.516224 0.000199828
          76    -0.51836   -0.516252 0.000199175
          77   -0.515288   -0.516239 0.000196969
          78   -0.517624   -0.516257 0.000195236
          79   -0.516976   -0.516266 0.000192964
          80   -0.515128   -0.516252 0.000191067
          81    -0.52164   -0.516318 0.000200075
          82   -0.518256   -0.516342 0.000199028
          83    -0.51692   -0.516349 0.000196738
          84    -0.51508   -0.516334 0.000194968
          85   -0.518056   -0.516354 0.000193723
          86   -0.516592   -0.516357 0.000191477
          87    -0.51608   -0.516354 0.000189291
          88   -0.513336   -0.516319 0.000190243
          89     -0.5158   -0.516314 0.000188184
          90   -0.515176   -0.516301  0.00018651
          91   -0.516056   -0.516298 0.000184469
          92   -0.516304   -0.516298 0.000182453
          93   -0.514296   -0.516277  0.00018176
          94     -0.5166    -0.51628 0.000179849
          95    -0.51576   -0.516275  0.00017803
          96    -0.51492   -0.516261  0.00017673
          97   -0.517088   -0.516269 0.000175107
          98   -0.517736   -0.516284 0.000173956
          99   -0.517408   -0.516296 0.000172563
         100   -0.519584   -0.516328 0.000173965
