           1   -0.799368   -0.799368           0
           2   -0.810496   -0.804932    0.005564
           3    -0.80012   -0.803328  0.00359057
           4     -0.8038   -0.803446  0.00254166
           5   -0.803424   -0.803442  0.00196876
           6   -0.802696   -0.803317  0.00161228
           7   -0.806344    -0.80375  0.00142958
           8   -0.803616   -0.803733  0.00123817
           9   -0.807352   -0.804135  0.00116365
          10   -0.806656   -0.804387  0.00107089
          11   -0.809008   -0.804807  0.00105582
          12    -0.80368   -0.804713 0.000968396
          13   -0.802536   -0.804546 0.000906404
          14    -0.80444   -0.804538 0.000839201
          15   -0.803496   -0.804469 0.000784337
          16   -0.799224   -0.804141 0.000803579
          17   -0.802792   -0.804062 0.000758991
          18     -0.8066   -0.804203 0.000729346
          19   -0.805352   -0.804263  0.00069254
          20   -0.807112   -0.804406 0.000672265
          21   -0.804112   -0.804392 0.000639604
          22   -0.803368   -0.804345 0.000611611
          23   -0.808704   -0.804535 0.000614375
          24   -0.808352   -0.804694 0.000609345
          25   -0.803096    -0.80463 0.000587947
          26   -0.801232   -0.804499 0.000579801
          27   -0.809216   -0.804674 0.000584626
          28    -0.80872   -0.804818 0.000581599
          29   -0.803688   -0.804779 0.000562537
          30   -0.807184   -0.804859 0.000549342
          31    -0.80136   -0.804747 0.000543185
          32   -0.809328    -0.80489 0.000545075
          33   -0.807024   -0.804954 0.000532244
          34   -0.805088   -0.804958 0.000516367
          35   -0.806248   -0.804995 0.000502749
          36    -0.79952   -0.804843 0.000511708
          37   -0.804248   -0.804827 0.000497946
          38   -0.805824   -0.804853 0.000485375
          39   -0.797192   -0.804657 0.000511954
          40    -0.80432   -0.804648 0.000499062
          41    -0.80048   -0.804547 0.000497242
          42   -0.809016   -0.804653 0.000496789
          43    -0.80764   -0.804723 0.000490046
          44   -0.806984   -0.804774  0.00048153
          45   -0.801528   -0.804702 0.000476203
          46   -0.800848   -0.804618 0.000473211
          47   -0.801792   -0.804558 0.000466921
          48   -0.802976   -0.804525 0.000458277
          49   -0.805968   -0.804554 0.000449792
          50   -0.802248   -0.804508 0.000443112
          51   -0.805552   -0.804529 0.000434818
          52    -0.80124   -0.804466  0.00043104
          53      -0.807   -0.804513 0.000425524
          54   -0.799192   -0.804415  0.00042904
          55   -0.803616     -0.8044 0.000421417
          56   -0.805728   -0.804424 0.000414502
          57   -0.803504   -0.804408 0.000407485
          58   -0.804536    -0.80441 0.000400404
          59   -0.807952    -0.80447 0.000398111
          60   -0.800344   -0.804401 0.000397415
          61   -0.810904   -0.804508 0.000405122
          62   -0.807192   -0.804551 0.000400879
          63    -0.80128   -0.804499 0.000397867
          64   -0.809264   -0.804574 0.000398615
          65   -0.805688   -0.804591 0.000392809
          66   -0.801752   -0.804548 0.000389196
          67   -0.804008    -0.80454 0.000383427
          68   -0.800752   -0.804484 0.000381832
          69   -0.807152   -0.804523 0.000378239
          70   -0.802664   -0.804496 0.000373741
          71   -0.807536   -0.804539 0.000370918
          72    -0.80424   -0.804535 0.000365754
          73   -0.806264   -0.804559 0.000361486
          74    -0.80516   -0.804567  0.00035666
          75     -0.8056    -0.80458 0.000352142
          76   -0.805472   -0.804592 0.000347675
          77   -0.804248   -0.804588  0.00034316
          78    -0.80548   -0.804599 0.000338925
          79   -0.801528    -0.80456 0.000336858
          80   -0.803088   -0.804542 0.000333129
          81   -0.810088    -0.80461  0.00033604
          82   -0.804096   -0.804604 0.000331976
          83    -0.80388   -0.804595 0.000328068
          84   -0.802496    -0.80457 0.000325101
          85   -0.806896   -0.804598 0.000322417
          86   -0.798312   -0.804525 0.000326921
          87    -0.80292   -0.804506 0.000323667
          88   -0.806416   -0.804528 0.000320703
          89    -0.80356   -0.804517 0.000317266
          90    -0.80396   -0.804511 0.000313782
          91   -0.799872    -0.80446 0.000314474
          92   -0.809936   -0.804519 0.000316681
          93   -0.802848   -0.804501 0.000313772
          94   -0.801512    -0.80447 0.000312041
          95    -0.80472   -0.804472  0.00030875
          96    -0.80188   -0.804445 0.000306708
          97   -0.808872   -0.804491 0.000306941
          98   -0.805856   -0.804505 0.000304112
          99   -0.806056    -0.80452 0.000301432
         100   -0.805216   -0.804527 0.000298484
