           1     10.3594     10.3594           0
           2     10.4856     10.4225   0.0630533
           3     9.13741     9.99414    0.429907
           4     9.35257     9.83375    0.343709
           5     10.9473     10.0565    0.347101
           6     8.78378     9.84434    0.353993
           7     9.62664     9.81324    0.300791
           8     9.79008     9.81034    0.260508
           9     10.7891      9.9191    0.254186
          10     10.8421     10.0114    0.245372
          11     11.3834     10.1361    0.254592
          12     9.60927     10.0922     0.23652
          13     9.57497     10.0524    0.221175
          14     9.57318     10.0182     0.20761
          15     10.9974     10.0835    0.204003
          16      10.461     10.1071     0.19228
          17      10.028     10.1024    0.180675
          18     11.4304     10.1762    0.185632
          19     10.5627     10.1965    0.176765
          20     9.78067     10.1757    0.168978
          21     10.3561     10.1843    0.160959
          22     9.69778     10.1622    0.155054
          23     9.54613     10.1354    0.150561
          24     10.7023      10.159    0.146074
          25     8.59674     10.0966    0.153414
          26     9.09037     10.0579    0.152391
          27     10.2898     10.0664     0.14689
          28     11.1289     10.1044    0.146544
          29     9.86015      10.096    0.141652
          30     10.3651     10.1049    0.137142
          31     9.71613     10.0924    0.133236
          32     11.3543     10.1318    0.134898
          33     10.4769     10.1423    0.131164
          34      10.668     10.1578    0.128183
          35     9.84364     10.1488     0.12479
          36     8.87628     10.1134     0.12632
          37      11.389     10.1479    0.127604
          38     10.1444     10.1478    0.124201
          39     8.50348     10.1056    0.128111
          40      8.1776     10.0574    0.133848
          41     9.58637      10.046    0.131047
          42     10.5583     10.0582    0.128469
          43     10.5025     10.0685    0.125871
          44     9.74505     10.0611    0.123197
          45     10.2876     10.0662    0.120533
          46     8.63437      10.035    0.121924
          47     8.63644     10.0053    0.122957
          48     9.22235     9.98898    0.121468
          49     10.7155     10.0038    0.119884
          50     10.5225     10.0142    0.117919
          51     11.5771     10.0448    0.119577
          52     9.82105     10.0405    0.117334
          53      11.608     10.0701    0.118837
          54     8.88971     10.0482    0.118647
          55     10.5546     10.0574    0.116833
          56     10.6298     10.0677    0.115182
          57     9.93406     10.0653    0.113168
          58      9.1546     10.0496    0.112303
          59     11.4824     10.0739    0.113023
          60      9.4164     10.0629    0.111662
          61      10.965     10.0777    0.110807
          62     10.2801      10.081    0.109054
          63     9.53462     10.0723    0.107659
          64     11.2376     10.0905    0.107517
          65      10.981     10.1042    0.106732
          66     9.39061     10.0934    0.105657
          67     10.7948     10.1039    0.104594
          68     9.76788     10.0989    0.103162
          69       11.04     10.1126    0.102567
          70     11.0668     10.1262    0.102006
          71     10.4116     10.1302    0.100639
          72     9.38639     10.1199   0.0997681
          73     10.6189     10.1267   0.0986291
          74     10.6743     10.1341   0.0975681
          75     10.4555     10.1384   0.0963537
          76      9.9531      10.136   0.0951087
          77     10.2044     10.1369   0.0938696
          78     9.54437     10.1293   0.0929692
          79     9.89116     10.1263   0.0918343
          80     11.3587     10.1417   0.0919784
          81     11.7658     10.1617   0.0930225
          82     10.7771     10.1692   0.0921871
          83      10.897      10.178   0.0914908
          84      10.439     10.1811   0.0904485
          85     11.6563     10.1985   0.0910475
          86     10.0407     10.1966   0.0900013
          87     10.5292     10.2004   0.0890428
          88     10.8115     10.2074   0.0882986
          89     10.6931     10.2128   0.0874713
          90     10.3108     10.2139   0.0865008
          91       9.561     10.2068   0.0858453
          92     11.4637     10.2204   0.0859992
          93     10.4085     10.2224   0.0850935
          94     9.48368     10.2146   0.0845494
          95      10.971     10.2225   0.0840328
          96      9.6597     10.2167   0.0833593
          97     10.1986     10.2165   0.0824957
          98     10.5771     10.2202   0.0817324
          99     11.1341     10.2294   0.0814276
         100     9.46627     10.2218   0.0809696
