           1    0.460775    0.460775           0
           2    0.423343    0.442059   0.0187163
           3    0.428957    0.437692    0.011655
           4    0.428699    0.435444  0.00854251
           5    0.443642    0.437083  0.00681712
           6    0.427798    0.435536  0.00577726
           7    0.465585    0.439828  0.00650139
           8    0.413771    0.436571  0.00650466
           9     0.44016     0.43697  0.00575041
          10    0.439892    0.437262  0.00515162
          11    0.442991    0.437783  0.00468883
          12    0.425199    0.436734  0.00440689
          13    0.415208    0.435078   0.0043789
          14     0.42624    0.434447  0.00410294
          15    0.439818    0.434805  0.00383638
          16    0.430185    0.434516   0.0036002
          17    0.431084    0.434315  0.00338782
          18    0.450763    0.435228  0.00332221
          19    0.421501    0.434506  0.00322448
          20    0.442191     0.43489  0.00308306
          21    0.436922    0.434987  0.00293417
          22    0.409453    0.433826  0.00302882
          23    0.407768    0.432693    0.003108
          24    0.431131    0.432628  0.00297639
          25    0.422994    0.432243  0.00288075
          26    0.430129    0.432161  0.00276893
          27    0.456268    0.433054  0.00281002
          28    0.436116    0.433164  0.00271001
          29    0.420138    0.432714  0.00265319
          30    0.448844    0.433252    0.002619
          31    0.429555    0.433133  0.00253592
          32    0.444683    0.433494  0.00248178
          33    0.448826    0.433958  0.00244986
          34    0.422303    0.433616  0.00240131
          35    0.435161     0.43366  0.00233211
          36    0.442613    0.433908     0.00228
          37    0.429266    0.433783  0.00222107
          38    0.422677    0.433491   0.0021815
          39    0.419385    0.433129  0.00215539
          40    0.414058    0.432652  0.00215424
          41    0.448776    0.433046  0.00213753
          42    0.436345    0.433124  0.00208749
          43    0.431044    0.433076  0.00203894
          44    0.433453    0.433084  0.00199208
          45    0.453782    0.433544  0.00200089
          46    0.434365    0.433562  0.00195699
          47    0.423466    0.433347  0.00192691
          48    0.424856     0.43317  0.00189462
          49    0.444142    0.433394  0.00186901
          50    0.430384    0.433334  0.00183224
          51    0.449574    0.433653  0.00182396
          52    0.419303    0.433377  0.00180971
          53    0.449321    0.433677  0.00180054
          54    0.439426    0.433784  0.00177009
          55    0.445297    0.433993  0.00175017
          56    0.418952    0.433725  0.00173949
          57    0.429306    0.433647  0.00171046
          58    0.422868    0.433461  0.00169096
          59    0.424739    0.433313  0.00166861
          60    0.428003    0.433225  0.00164295
          61    0.406843    0.432792  0.00167267
          62    0.441094    0.432926  0.00165091
          63    0.431464    0.432903  0.00162466
          64    0.442702    0.433056  0.00160639
          65    0.438971    0.433147  0.00158409
          66    0.432798    0.433142  0.00155992
          67    0.444796    0.433316  0.00154627
          68    0.455076    0.433636  0.00155661
          69    0.437889    0.433698  0.00153513
          70    0.445034    0.433859  0.00152168
          71    0.435171    0.433878  0.00150021
          72    0.422554    0.433721  0.00148756
          73    0.449924    0.433943  0.00148374
          74    0.422337    0.433786  0.00147193
          75    0.429551    0.433729  0.00145327
          76    0.441332    0.433829   0.0014375
          77    0.404298    0.433446  0.00146964
          78    0.422048      0.4333  0.00145801
          79    0.420992    0.433144  0.00144785
          80    0.447727    0.433326  0.00144121
          81    0.448829    0.433518  0.00143612
          82    0.425078    0.433415  0.00142222
          83    0.446992    0.433578  0.00141447
          84    0.426835    0.433498  0.00139984
          85    0.434872    0.433514  0.00138337
          86    0.443083    0.433625  0.00137171
          87    0.429301    0.433576  0.00135676
          88    0.456284    0.433834  0.00136585
          89     0.45101    0.434027  0.00136414
          90    0.419062     0.43386   0.0013591
          91    0.458034    0.434126  0.00137008
          92    0.431239    0.434095  0.00135547
          93    0.428536    0.434035  0.00134215
          94    0.415385    0.433837  0.00134254
          95    0.433904    0.433837  0.00132833
          96    0.449599    0.434001  0.00132464
          97    0.441877    0.434083  0.00131342
          98    0.424787    0.433988   0.0013034
          99    0.432146    0.433969  0.00129031
         100    0.420642    0.433836  0.00128427
