           1    0.441754    0.441754           0
           2    0.444474    0.443114  0.00136006
           3    0.442227    0.442818 0.000839008
           4    0.443682    0.443034 0.000631386
           5    0.460763     0.44658  0.00357923
           6    0.438841     0.44529  0.00319444
           7    0.434882    0.443803  0.00308215
           8    0.435459     0.44276  0.00286576
           9    0.444778    0.442984  0.00253729
          10    0.441691    0.442855   0.0022731
          11    0.448957     0.44341  0.00212962
          12    0.446955    0.443705  0.00196639
          13    0.438754    0.443324  0.00184848
          14    0.433308    0.442609  0.00185491
          15    0.449489    0.443068   0.0017867
          16     0.43267    0.442418   0.0017932
          17    0.464379     0.44371  0.00212275
          18    0.449332    0.444022  0.00202558
          19    0.436532    0.443628  0.00195614
          20    0.453315    0.444112  0.00191792
          21     0.44895    0.444342  0.00183879
          22    0.430614    0.443718  0.00186097
          23    0.445781    0.443808  0.00178047
          24    0.436662     0.44351  0.00173048
          25    0.441204    0.443418  0.00166238
          26    0.439735    0.443276  0.00160343
          27    0.452777    0.443628  0.00158252
          28    0.453935    0.443996  0.00156876
          29    0.425427    0.443356  0.00164356
          30    0.450981     0.44361  0.00160804
          31    0.446418    0.443701  0.00155794
          32    0.433158    0.443371  0.00154402
          33      0.4464    0.443463  0.00149932
          34    0.450687    0.443676  0.00146999
          35    0.445315    0.443722  0.00142814
          36    0.441629    0.443664  0.00138912
          37    0.436314    0.443466  0.00136558
          38    0.445688    0.443524  0.00133045
          39    0.443513    0.443524  0.00129588
          40    0.446605    0.443601  0.00126542
          41    0.427288    0.443203  0.00129671
          42    0.443059      0.4432  0.00126547
          43    0.461614    0.443628  0.00130779
          44    0.436981    0.443477  0.00128662
          45    0.434909    0.443286  0.00127203
          46    0.422455    0.442834  0.00132393
          47    0.435417    0.442676  0.00130503
          48    0.438364    0.442586  0.00128071
          49    0.451078    0.442759  0.00126622
          50    0.453085    0.442966   0.0012577
          51    0.431184    0.442735  0.00125425
          52    0.444104    0.442761  0.00123018
          53    0.416998    0.442275  0.00130097
          54    0.441005    0.442251  0.00127687
          55    0.448398    0.442363  0.00125841
          56    0.455125    0.442591  0.00125657
          57    0.458158    0.442864  0.00126418
          58    0.457026    0.443108  0.00126596
          59    0.442801    0.443103  0.00124433
          60    0.467157    0.443504  0.00128742
          61    0.444106    0.443514  0.00126618
          62    0.444266    0.443526  0.00124565
          63    0.465958    0.443882  0.00127639
          64    0.435545    0.443752  0.00126302
          65    0.441011     0.44371  0.00124416
          66     0.44119    0.443671  0.00122575
          67    0.430908    0.443481  0.00122226
          68      0.4423    0.443464  0.00120427
          69    0.451023    0.443573  0.00119174
          70    0.432388    0.443413  0.00118541
          71    0.445882    0.443448  0.00116911
          72     0.44952    0.443532  0.00115584
          73    0.441837    0.443509  0.00114013
          74    0.465614    0.443808  0.00116362
          75    0.457657    0.443993  0.00116275
          76    0.429399    0.443801  0.00116331
          77    0.465156    0.444078  0.00118113
          78    0.453782    0.444202   0.0011725
          79    0.441441    0.444167  0.00115809
          80    0.450492    0.444246  0.00114626
          81    0.445372     0.44426   0.0011321
          82    0.460125    0.444454  0.00113482
          83    0.451567     0.44454  0.00112434
          84    0.449607      0.4446  0.00111251
          85    0.446202    0.444619  0.00109951
          86    0.431988    0.444472  0.00109653
          87    0.440677    0.444428  0.00108473
          88    0.440449    0.444383  0.00107328
          89    0.454999    0.444502  0.00106784
          90    0.431591    0.444359  0.00106561
          91    0.438009    0.444289  0.00105614
          92     0.46053    0.444466  0.00105941
          93    0.448011    0.444504  0.00104865
          94    0.456599    0.444632  0.00104538
          95    0.445149    0.444638  0.00103433
          96    0.452805    0.444723  0.00102703
          97    0.448971    0.444767  0.00101733
          98    0.451937     0.44484  0.00100955
          99    0.449531    0.444887  0.00100043
         100    0.455892    0.444997 0.000996466
