           1   -0.684614   -0.684614           0
           2   -0.682127   -0.683371   0.0012436
           3   -0.675848   -0.680863  0.00260837
           4    -0.68472   -0.681827  0.00208122
           5   -0.685181   -0.682498  0.00174605
           6   -0.680517   -0.682168  0.00146339
           7   -0.677706    -0.68153  0.00139141
           8   -0.686866   -0.682197  0.00137723
           9   -0.687565   -0.682794  0.00135312
          10   -0.682648   -0.682779  0.00121036
          11   -0.681646   -0.682676  0.00109965
          12   -0.680371   -0.682484  0.00102205
          13   -0.681053   -0.682374  0.00094657
          14   -0.681134   -0.682285 0.000880821
          15   -0.687736   -0.682649 0.000896908
          16   -0.682722   -0.682653 0.000838993
          17   -0.680921   -0.682551 0.000794659
          18   -0.684107   -0.682638 0.000754181
          19   -0.680268   -0.682513 0.000724205
          20   -0.678711   -0.682323 0.000712854
          21   -0.678977   -0.682164 0.000696531
          22    -0.68233   -0.682171 0.000664159
          23   -0.684451    -0.68227 0.000642321
          24   -0.681311    -0.68223 0.000616273
          25   -0.683934   -0.682298 0.000595022
          26   -0.680629   -0.682234 0.000575274
          27   -0.684443   -0.682316 0.000559571
          28    -0.68093   -0.682267 0.000541485
          29   -0.679048   -0.682156 0.000534137
          30   -0.680402   -0.682097 0.000519324
          31   -0.689236   -0.682327 0.000552566
          32   -0.682679   -0.682338 0.000535132
          33   -0.682795   -0.682352 0.000518848
          34   -0.682433   -0.682355 0.000503362
          35   -0.688649   -0.682534 0.000520802
          36   -0.681906   -0.682517 0.000506429
          37   -0.681181   -0.682481 0.000493874
          38   -0.683409   -0.682505 0.000481321
          39   -0.686254   -0.682601 0.000478571
          40   -0.674397   -0.682396  0.00050956
          41    -0.67665   -0.682256 0.000516359
          42   -0.682774   -0.682269 0.000504065
          43   -0.680189    -0.68222 0.000494574
          44   -0.671934   -0.681986 0.000536787
          45   -0.687518   -0.682109 0.000538931
          46   -0.686754    -0.68221 0.000536668
          47   -0.683289   -0.682233 0.000525626
          48   -0.678112   -0.682147 0.000521673
          49   -0.685174   -0.682209 0.000514637
          50   -0.681571   -0.682196 0.000504401
          51   -0.678705   -0.682128 0.000499129
          52    -0.68103   -0.682107 0.000489891
          53   -0.687058     -0.6822 0.000489554
          54   -0.686369   -0.682277 0.000486565
          55   -0.683142   -0.682293 0.000477895
          56   -0.680825   -0.682267 0.000470015
          57   -0.684767   -0.682311 0.000463775
          58    -0.68249   -0.682314 0.000455719
          59    -0.68494   -0.682358 0.000450135
          60   -0.681406   -0.682342 0.000442853
          61   -0.681807   -0.682334 0.000435621
          62   -0.681242   -0.682316 0.000428899
          63   -0.681118   -0.682297 0.000422464
          64   -0.683864   -0.682322 0.000416531
          65   -0.684956   -0.682362 0.000412071
          66   -0.678749   -0.682307 0.000409456
          67   -0.679984   -0.682273 0.000404786
          68   -0.679282   -0.682229 0.000401208
          69   -0.681255   -0.682215 0.000395602
          70    -0.68175   -0.682208 0.000389966
          71   -0.683148   -0.682221 0.000384662
          72    -0.68351   -0.682239 0.000379705
          73   -0.673571    -0.68212 0.000392841
          74   -0.682447   -0.682125 0.000387522
          75   -0.678176   -0.682072 0.000385928
          76   -0.684258   -0.682101 0.000381901
          77   -0.683003   -0.682113 0.000377091
          78   -0.682849   -0.682122 0.000372345
          79   -0.691294   -0.682238 0.000385501
          80   -0.686985   -0.682297 0.000385248
          81    -0.67772   -0.682241 0.000384637
          82    -0.68545    -0.68228 0.000381928
          83   -0.683245   -0.682292 0.000377477
          84   -0.675556   -0.682212 0.000381479
          85   -0.682177   -0.682211 0.000376965
          86   -0.681852   -0.682207 0.000372579
          87   -0.685234   -0.682242 0.000369912
          88   -0.681042   -0.682228 0.000365938
          89   -0.691267    -0.68233 0.000375788
          90   -0.684675   -0.682356 0.000372502
          91   -0.689043   -0.682429 0.000375644
          92   -0.681503   -0.682419 0.000371675
          93   -0.683436    -0.68243 0.000367819
          94   -0.682434    -0.68243 0.000363885
          95   -0.690153   -0.682511 0.000369097
          96   -0.685306   -0.682541  0.00036639
          97   -0.683016   -0.682545 0.000362627
          98    -0.68201    -0.68254 0.000358949
          99   -0.682282   -0.682537 0.000355314
         100   -0.681598   -0.682528 0.000351868
