           1    0.402712    0.402712           0
           2    0.395996    0.399354    0.003358
           3     0.38768    0.395463  0.00434755
           4     0.40708    0.398367  0.00422915
           5    0.414584     0.40161  0.00460989
           6    0.394504    0.400426  0.00394591
           7    0.395848    0.399772  0.00339842
           8    0.409408    0.400977  0.00318006
           9    0.404424     0.40136  0.00283059
          10     0.39684    0.400908  0.00257178
          11    0.396708    0.400526  0.00235738
          12    0.399656    0.400453  0.00215321
          13    0.399224    0.400359  0.00198292
          14    0.389948    0.399615  0.00198072
          15     0.41568    0.400686  0.00213241
          16    0.392932    0.400202  0.00205271
          17    0.396084    0.399959  0.00194334
          18    0.407536     0.40038  0.00187993
          19     0.39382    0.400035  0.00181145
          20    0.396396    0.399853  0.00172809
          21    0.391204    0.399441  0.00169456
          22    0.407928    0.399827  0.00166111
          23    0.401176    0.399886  0.00158833
          24    0.395396    0.399699  0.00153217
          25    0.402708    0.399819  0.00147453
          26    0.395944     0.39967   0.0014245
          27    0.406976     0.39994  0.00139718
          28    0.402608    0.400036  0.00134972
          29     0.39208    0.399761  0.00133093
          30    0.397852    0.399698  0.00128738
          31      0.4113    0.400072  0.00130019
          32    0.393436    0.399865  0.00127587
          33    0.398496    0.399823  0.00123729
          34    0.402124    0.399891  0.00120226
          35    0.418364    0.400419  0.00128117
          36    0.402252     0.40047  0.00124612
          37    0.396144    0.400353   0.0012176
          38    0.399204    0.400322  0.00118551
          39    0.409232    0.400551  0.00117709
          40    0.387584    0.400227  0.00119221
          41    0.383692    0.399823  0.00123072
          42    0.400428    0.399838  0.00120114
          43    0.388384    0.399571  0.00120274
          44    0.375788    0.399031  0.00129345
          45    0.415152    0.399389  0.00131415
          46    0.407408    0.399563  0.00129703
          47    0.403724    0.399652  0.00127222
          48     0.39556    0.399567  0.00124835
          49    0.408792    0.399755  0.00123702
          50    0.394936    0.399659  0.00121585
          51    0.391924    0.399507  0.00120138
          52    0.396552     0.39945  0.00117942
          53    0.408688    0.399624  0.00117001
          54    0.406524    0.399752  0.00115523
          55    0.396748    0.399698  0.00113534
          56    0.400404     0.39971  0.00111496
          57    0.399716     0.39971  0.00109522
          58    0.398328    0.399686  0.00107644
          59     0.40602    0.399794  0.00106347
          60    0.404872    0.399878  0.00104901
          61    0.395236    0.399802  0.00103447
          62    0.395732    0.399737  0.00101977
          63    0.402828    0.399786  0.00100465
          64     0.40196     0.39982 0.000989411
          65     0.40022    0.399826  0.00097409
          66    0.400624    0.399838 0.000959293
          67     0.39928     0.39983 0.000944904
          68    0.390528    0.399693 0.000940901
          69    0.394996    0.399625  0.00092966
          70    0.407312    0.399735  0.00092284
          71     0.40462    0.399803 0.000912348
          72    0.407752    0.399914 0.000906336
          73    0.379576    0.399635 0.000936246
          74    0.398196    0.399616 0.000923712
          75      0.3852    0.399424 0.000931363
          76    0.407212    0.399526 0.000924722
          77    0.397976    0.399506 0.000912856
          78    0.400364    0.399517 0.000901144
          79    0.414312    0.399704 0.000909162
          80    0.406444    0.399788  0.00090167
          81     0.39232    0.399696 0.000895229
          82    0.405732     0.39977 0.000887303
          83    0.401304    0.399788 0.000876742
          84     0.38662    0.399632 0.000880313
          85    0.406404    0.399711 0.000873536
          86     0.39958     0.39971  0.00086332
          87    0.406892    0.399792 0.000857323
          88    0.400372    0.399799  0.00084755
          89    0.416336    0.399985 0.000858326
          90    0.403856    0.400028 0.000849825
          91    0.412016    0.400159 0.000850697
          92    0.398676    0.400143 0.000841554
          93      0.4075    0.400222 0.000836206
          94    0.395212    0.400169 0.000828978
          95    0.414524     0.40032 0.000834008
          96    0.406208    0.400382  0.00082755
          97     0.40444    0.400423 0.000820043
          98    0.401848    0.400438 0.000811762
          99    0.401448    0.400448 0.000803585
         100    0.399992    0.400444 0.000795522
