           1     1.68815     1.68815           0
           2     1.69058     1.68937  0.00121692
           3     1.75151     1.71008   0.0207252
           4     1.66843     1.69967   0.0179769
           5     1.70572     1.70088   0.0139774
           6     1.66959     1.69566   0.0125478
           7     1.65365     1.68966   0.0121854
           8     1.60632     1.67924   0.0148284
           9     1.74103     1.68611   0.0147698
          10     1.75991     1.69349    0.015132
          11     1.66767     1.69114   0.0138873
          12     1.75002     1.69605   0.0135936
          13     1.65071     1.69256   0.0129815
          14     1.73735     1.69576    0.012437
          15     1.62564     1.69108   0.0124864
          16     1.67593     1.69014   0.0117182
          17     1.74254     1.69322   0.0114308
          18      1.6977     1.69347   0.0107799
          19     1.65856     1.69163    0.010361
          20     1.74408     1.69425   0.0101731
          21     1.74759     1.69679   0.0100042
          22     1.59963     1.69238   0.0105116
          23     1.68226     1.69194   0.0100538
          24     1.69437     1.69204  0.00962633
          25     1.70013     1.69236  0.00923891
          26     1.66099     1.69116  0.00895812
          27      1.6768     1.69062  0.00863633
          28     1.66188      1.6896  0.00838527
          29     1.65604     1.68844  0.00817328
          30     1.68553     1.68834  0.00789673
          31     1.66486     1.68759  0.00767521
          32      1.7015     1.68802   0.0074442
          33     1.70113     1.68842  0.00722602
          34     1.66417      1.6877  0.00704644
          35      1.6552     1.68678   0.0069049
          36     1.65504     1.68589  0.00676803
          37     1.62058     1.68413  0.00681518
          38      1.6218     1.68249  0.00683322
          39     1.72492     1.68358  0.00674403
          40     1.71442     1.68435  0.00661835
          41     1.73538     1.68559  0.00657384
          42     1.71348     1.68626  0.00644968
          43     1.74855      1.6877  0.00646239
          44     1.77495     1.68969  0.00661781
          45     1.65947     1.68902  0.00650385
          46     1.57972     1.68664   0.0067902
          47     1.57448     1.68425  0.00705971
          48     1.69641     1.68451  0.00691571
          49     1.69711     1.68476  0.00677798
          50     1.73383     1.68575  0.00671315
          51     1.67174     1.68547  0.00658593
          52     1.73252     1.68638  0.00652111
          53     1.61248     1.68498  0.00654706
          54     1.67207     1.68474  0.00642912
          55      1.7311     1.68559  0.00636719
          56     1.76062     1.68693  0.00639442
          57     1.72667     1.68762  0.00631982
          58      1.7339     1.68842  0.00626096
          59     1.66189     1.68797  0.00617033
          60     1.69747     1.68813  0.00606868
          61     1.72359     1.68871   0.0059966
          62     1.66587     1.68834  0.00591059
          63     1.69276     1.68841  0.00581643
          64     1.69706     1.68855  0.00572643
          65     1.71091     1.68889  0.00564813
          66      1.6553     1.68838  0.00558514
          67     1.61049     1.68722  0.00562263
          68     1.71302      1.6876  0.00555231
          69     1.76947     1.68879  0.00559844
          70     1.64896     1.68822  0.00554713
          71     1.67925     1.68809  0.00546991
          72     1.66024      1.6877  0.00540725
          73     1.70341     1.68792  0.00533701
          74     1.77204     1.68906  0.00538574
          75     1.78344     1.69031  0.00546045
          76     1.64051     1.68966  0.00542783
          77     1.75757     1.69054    0.005429
          78      1.6907     1.69054  0.00535894
          79     1.63441     1.68983  0.00533818
          80     1.81461     1.69139  0.00549694
          81     1.68031     1.69126  0.00543038
          82      1.7336     1.69177  0.00538854
          83     1.64296     1.69118  0.00535562
          84     1.68022     1.69105  0.00529308
          85     1.74359     1.69167  0.00526684
          86      1.7157     1.69195  0.00521273
          87     1.62461     1.69118  0.00521028
          88     1.63379     1.69052  0.00519185
          89     1.70579      1.6907  0.00513605
          90     1.63446     1.69007  0.00511696
          91     1.60664     1.68915   0.0051428
          92     1.69362      1.6892  0.00508683
          93     1.66659     1.68896   0.0050377
          94     1.70848     1.68917  0.00498815
          95     1.58479     1.68807  0.00505617
          96     1.69149      1.6881  0.00500335
          97     1.72433     1.68848  0.00496557
          98     1.62933     1.68787  0.00495156
          99     1.68465     1.68784  0.00490139
         100     1.73308     1.68829  0.00487318
