           1     2.09357     2.09357           0
           2     2.23911     2.16634     0.07277
           3      2.1745     2.16906   0.0421017
           4      2.1696      2.1692   0.0297707
           5     2.22243     2.17984   0.0253993
           6     2.10232     2.16692   0.0244337
           7     2.20859     2.17288    0.021491
           8      2.1358     2.16824   0.0191801
           9     2.15268     2.16651   0.0170033
          10     2.28729     2.17859   0.0194206
          11     2.21773     2.18215   0.0179232
          12     2.13902     2.17855   0.0167517
          13     2.23026     2.18253   0.0159144
          14     2.25001     2.18735   0.0155022
          15     2.19295     2.18773   0.0144365
          16      2.1691     2.18656   0.0135542
          17      2.1499      2.1844   0.0129133
          18     2.22775     2.18681   0.0124107
          19     2.24591     2.18992   0.0121444
          20     2.13016     2.18694   0.0119023
          21     2.14834      2.1851   0.0114695
          22      2.1512     2.18356   0.0110438
          23      2.1737     2.18313   0.0105614
          24     2.18351     2.18314   0.0101118
          25     2.06356     2.17836   0.0108143
          26     2.06961     2.17418   0.0112004
          27     2.20545     2.17534   0.0108397
          28      2.1307     2.17374   0.0105663
          29     2.18134       2.174   0.0101988
          30     2.20449     2.17502  0.00990523
          31     2.03687     2.17056   0.0105661
          32     2.18934     2.17115   0.0102474
          33     2.13185     2.16996   0.0100031
          34     2.17645     2.17015  0.00970634
          35     2.23667     2.17205  0.00961468
          36     2.18176     2.17232  0.00934768
          37     1.97252     2.16692   0.0105744
          38      2.2012     2.16782   0.0103318
          39     2.07902     2.16555   0.0103178
          40     2.21464     2.16677   0.0101312
          41     2.21798     2.16802  0.00995962
          42     2.10013     2.16641  0.00985308
          43     2.15472     2.16613  0.00962505
          44      2.2226     2.16742   0.0094909
          45     2.28742     2.17008  0.00965321
          46     2.20852     2.17092  0.00947794
          47     1.97467     2.16674   0.0101707
          48     2.28451      2.1692   0.0102544
          49     2.29795     2.17183    0.010381
          50     2.17297     2.17185   0.0101713
          51     2.15646     2.17155  0.00997439
          52      2.2519     2.17309  0.00990201
          53     2.25916     2.17472  0.00984818
          54     2.16745     2.17458  0.00966502
          55      2.2969      2.1768  0.00974482
          56      2.2069     2.17734  0.00958431
          57     2.14051      2.1767   0.0094368
          58     2.15459     2.17632  0.00928051
          59     2.08708      2.1748  0.00924641
          60     2.11905     2.17387  0.00913836
          61     2.13685     2.17327  0.00900778
          62     2.17531      2.1733  0.00886136
          63     2.15258     2.17297  0.00872577
          64     2.16822      2.1729  0.00858867
          65     2.18194     2.17304  0.00845665
          66     2.06747     2.17144  0.00847973
          67     2.09271     2.17026  0.00843446
          68     2.28374     2.17193  0.00847542
          69     2.31934     2.17407  0.00862062
          70     2.22448     2.17479  0.00852705
          71     2.19689      2.1751  0.00841185
          72     2.29952     2.17683  0.00847231
          73     2.15573     2.17654  0.00836044
          74     2.24026      2.1774  0.00829153
          75      2.1119     2.17652  0.00822672
          76     2.10899     2.17564  0.00816624
          77     2.18968     2.17582  0.00806155
          78     2.13671     2.17532  0.00797331
          79     2.15828      2.1751  0.00787469
          80     2.37523      2.1776  0.00816814
          81      2.1425     2.17717   0.0080783
          82     2.19617      2.1774  0.00798254
          83     2.20837     2.17777   0.0078946
          84     2.14449     2.17738  0.00781011
          85     2.23335     2.17804  0.00774573
          86     2.20437     2.17834  0.00766125
          87     2.22555     2.17889   0.0075921
          88     2.13081     2.17834  0.00752519
          89     2.30583     2.17977  0.00757679
          90     2.26605     2.18073   0.0075532
          91     2.15442     2.18044  0.00747533
          92     2.22377     2.18091  0.00740862
          93     2.17178     2.18081  0.00732918
          94     2.23991     2.18144    0.007278
          95     2.23084     2.18196  0.00721973
          96     2.14891     2.18162  0.00715242
          97     2.16615     2.18146  0.00708009
          98     2.23452       2.182  0.00702836
          99     2.31444     2.18334  0.00708445
         100     2.34898     2.18499   0.0072062
