           1   -0.553208   -0.553208           0
           2   -0.555992     -0.5546    0.001392
           3   -0.553064   -0.554088 0.000952907
           4   -0.552416    -0.55367 0.000792931
           5    -0.55264   -0.553464 0.000647827
           6   -0.557736   -0.554176 0.000886978
           7   -0.555808   -0.554409 0.000785052
           8   -0.554056   -0.554365 0.000681306
           9   -0.556528   -0.554605 0.000647138
          10   -0.558008   -0.554946 0.000671425
          11   -0.555176   -0.554967 0.000607688
          12   -0.553248   -0.554823 0.000572928
          13   -0.556336    -0.55494  0.00053971
          14   -0.555872   -0.555006 0.000504092
          15   -0.553744   -0.554922  0.00047677
          16   -0.555648   -0.554967 0.000448279
          17   -0.553816     -0.5549 0.000426498
          18   -0.553424   -0.554818 0.000410379
          19    -0.55612   -0.554886 0.000394184
          20    -0.55156    -0.55472 0.000409272
          21   -0.555192   -0.554742 0.000389944
          22   -0.553184   -0.554672 0.000378485
          23   -0.555968   -0.554728 0.000366021
          24   -0.555264    -0.55475 0.000351149
          25   -0.555072   -0.554763 0.000337056
          26   -0.554832   -0.554766 0.000323844
          27   -0.552952   -0.554699 0.000318778
          28   -0.551488   -0.554584 0.000327886
          29   -0.551112   -0.554464 0.000338273
          30   -0.556744    -0.55454 0.000335522
          31   -0.554704   -0.554546 0.000324561
          32    -0.55576   -0.554583 0.000316538
          33   -0.553832   -0.554561  0.00030764
          34   -0.554056   -0.554546 0.000298824
          35   -0.559064   -0.554675  0.00031758
          36   -0.552456   -0.554613 0.000314727
          37   -0.554488    -0.55461 0.000306122
          38   -0.554216     -0.5546 0.000298137
          39   -0.553728   -0.554577 0.000291251
          40   -0.550672    -0.55448 0.000300196
          41   -0.557936   -0.554564 0.000304677
          42    -0.55696   -0.554621 0.000302758
          43   -0.557952   -0.554698 0.000305615
          44   -0.553384   -0.554669 0.000300079
          45   -0.555744   -0.554692 0.000294306
          46   -0.554984   -0.554699 0.000287907
          47   -0.553248   -0.554668 0.000283401
          48   -0.555744    -0.55469 0.000278338
          49    -0.55572   -0.554711 0.000273407
          50   -0.555472   -0.554727 0.000268315
          51   -0.557952    -0.55479 0.000270499
          52    -0.55408   -0.554776 0.000265597
          53   -0.552992   -0.554742 0.000262703
          54   -0.554024   -0.554729 0.000258135
          55   -0.556528   -0.554762 0.000255501
          56    -0.55192   -0.554711 0.000255977
          57    -0.55668   -0.554746 0.000253808
          58   -0.552704    -0.55471 0.000251866
          59   -0.555008   -0.554716 0.000247611
          60   -0.553656   -0.554698 0.000244089
          61   -0.554192    -0.55469 0.000240197
          62   -0.555752   -0.554707 0.000236912
          63    -0.55184   -0.554661 0.000237521
          64    -0.55332    -0.55464 0.000234717
          65   -0.559416   -0.554714 0.000242478
          66   -0.550872   -0.554656 0.000245768
          67   -0.550008   -0.554586 0.000251814
          68     -0.5542    -0.55458 0.000248148
          69   -0.556008   -0.554601 0.000245399
          70   -0.552656   -0.554573 0.000243459
          71    -0.55432    -0.55457 0.000240032
          72   -0.554056   -0.554563 0.000236783
          73   -0.553472   -0.554548 0.000233994
          74   -0.554872   -0.554552 0.000230852
          75   -0.554216   -0.554548 0.000227797
          76   -0.551896   -0.554513 0.000227471
          77   -0.555072    -0.55452 0.000224615
          78   -0.553832   -0.554511 0.000221892
          79   -0.556456   -0.554536 0.000220444
          80   -0.555952   -0.554553  0.00021839
          81   -0.552688    -0.55453 0.000216903
          82     -0.5532   -0.554514 0.000214855
          83   -0.555072   -0.554521 0.000212357
          84   -0.552328   -0.554495 0.000211432
          85   -0.552696   -0.554474 0.000209999
          86   -0.555848    -0.55449 0.000208157
          87    -0.55612   -0.554508 0.000206602
          88   -0.552776   -0.554489 0.000205187
          89   -0.557456   -0.554522  0.00020559
          90   -0.554984   -0.554527 0.000203358
          91   -0.555232   -0.554535  0.00020126
          92   -0.555184   -0.554542 0.000199185
          93   -0.554248   -0.554539 0.000197057
          94   -0.556224   -0.554557 0.000195772
          95   -0.559056   -0.554604 0.000199406
          96     -0.5518   -0.554575 0.000199468
          97   -0.554728   -0.554576 0.000197407
          98   -0.557168   -0.554603 0.000197164
          99   -0.554112   -0.554598 0.000195225
         100   -0.555648   -0.554608 0.000193548
