           1    0.274599    0.274599           0
           2    0.270786    0.272693  0.00190637
           3    0.278085     0.27449  0.00210778
           4    0.267977    0.272862   0.0022075
           5    0.278442    0.273978   0.0020419
           6     0.26965    0.273257  0.00181656
           7    0.272132    0.273096  0.00154366
           8    0.269285    0.272619  0.00141918
           9    0.272815    0.272641  0.00125179
          10    0.265297    0.271907  0.00133898
          11     0.26567     0.27134  0.00133728
          12     0.27101    0.271312  0.00122107
          13    0.275188     0.27161  0.00116211
          14    0.263217    0.271011  0.00123166
          15    0.266186    0.270689  0.00119089
          16    0.282655    0.271437  0.00134173
          17    0.275853    0.271697  0.00128683
          18    0.278405     0.27207  0.00126919
          19    0.270556     0.27199  0.00120317
          20    0.273034    0.272042  0.00114262
          21    0.267473    0.271825  0.00110841
          22    0.265968    0.271558  0.00108984
          23    0.267757    0.271393  0.00105441
          24    0.267887    0.271247  0.00102004
          25    0.269776    0.271188 0.000980154
          26    0.273303    0.271269 0.000945209
          27     0.27743    0.271498 0.000937709
          28    0.268635    0.271395 0.000909365
          29    0.270507    0.271365 0.000877982
          30    0.272218    0.271393 0.000848687
          31    0.277052    0.271576 0.000840907
          32    0.267124    0.271437 0.000826005
          33    0.270557     0.27141 0.000801027
          34    0.262685    0.271153 0.000818385
          35    0.276058    0.271293 0.000806919
          36    0.263963     0.27109 0.000810187
          37    0.268282    0.271014 0.000791633
          38    0.265097    0.270858 0.000786097
          39    0.267457    0.270771 0.000770627
          40    0.267251    0.270683 0.000756253
          41    0.269742     0.27066 0.000737934
          42    0.275545    0.270776  0.00072948
          43    0.272418    0.270815 0.000713336
          44     0.27187    0.270839 0.000697348
          45    0.270321    0.270827 0.000681772
          46    0.269734    0.270803  0.00066721
          47     0.27271    0.270844 0.000654118
          48    0.266071    0.270744 0.000648019
          49    0.274642    0.270824 0.000639622
          50    0.275375    0.270915 0.000633274
          51    0.274718     0.27099 0.000625195
          52     0.26879    0.270947 0.000614511
          53    0.270441    0.270938 0.000602881
          54    0.271902    0.270956 0.000591881
          55     0.26324    0.270815 0.000597717
          56    0.275025     0.27089 0.000591741
          57     0.26446    0.270778 0.000592114
          58    0.269185     0.27075 0.000582463
          59    0.270288    0.270742 0.000572559
          60    0.270214    0.270734 0.000563004
          61    0.271616    0.270748 0.000553887
          62    0.265773    0.270668 0.000550758
          63     0.26845    0.270633 0.000543088
          64    0.267978    0.270591 0.000536141
          65    0.271868    0.270611 0.000528194
          66    0.268348    0.270576 0.000521258
          67     0.26735    0.270528 0.000515673
          68    0.272668     0.27056 0.000509006
          69    0.268864    0.270535 0.000502177
          70    0.267597    0.270493 0.000496728
          71     0.26052    0.270353 0.000509431
          72     0.26716    0.270308 0.000504259
          73    0.268518    0.270284 0.000497908
          74    0.277911    0.270387 0.000501833
          75    0.271547    0.270402 0.000495339
          76    0.262567    0.270299 0.000499531
          77    0.276926    0.270385 0.000500456
          78    0.272482    0.270412 0.000494729
          79    0.267105     0.27037 0.000490217
          80     0.27478    0.270425 0.000487179
          81    0.269181     0.27041 0.000481372
          82    0.274647    0.270462 0.000478265
          83    0.275976    0.270528 0.000477115
          84    0.276975    0.270605 0.000477608
          85    0.261633    0.270499 0.000483615
          86    0.272613    0.270524  0.00047859
          87    0.269556    0.270513 0.000473188
          88    0.267856    0.270483 0.000468754
          89    0.280874    0.270599 0.000477936
          90    0.259959    0.270481 0.000487161
          91    0.265956    0.270431 0.000484337
          92    0.264397    0.270366 0.000483514
          93    0.270179    0.270364  0.00047829
          94    0.270497    0.270365 0.000473177
          95    0.266308    0.270323 0.000470114
          96    0.266687    0.270285  0.00046673
          97    0.272082    0.270303 0.000462265
          98    0.270043    0.270301 0.000457532
          99    0.274423    0.270342 0.000454797
         100     0.27478    0.270387 0.000452408
