           1     3.93704     3.93704           0
           2     4.11236      4.0247   0.0876576
           3     4.21574     4.08838   0.0813423
           4     4.01956     4.07118    0.060036
           5     4.10907     4.07875   0.0471172
           6     3.91844     4.05204   0.0468395
           7     3.98791     4.04287   0.0406328
           8     3.78643     4.01082   0.0476005
           9     3.76916     3.98397   0.0498325
          10     4.03126      3.9887   0.0448217
          11     3.87018     3.97792     0.04195
          12     4.09871     3.98799   0.0395957
          13     3.96675     3.98635   0.0364594
          14     4.21014     4.00234   0.0373483
          15     3.70148     3.98228   0.0401398
          16     4.14949     3.99273   0.0389746
          17     4.15831     4.00247   0.0378837
          18     3.92005     3.99789   0.0360094
          19     3.97091     3.99647   0.0340911
          20     4.15233     4.00427   0.0332673
          21     4.18237     4.01275   0.0327604
          22     3.91318     4.00822   0.0315619
          23     3.89132     4.00314   0.0305837
          24       3.939     4.00047   0.0294034
          25     4.05722     4.00274    0.028294
          26     4.00944     4.00299   0.0271852
          27     3.84002     3.99696   0.0268463
          28     3.85561     3.99191   0.0263577
          29     3.87908     3.98802   0.0257285
          30     3.93237     3.98616   0.0249252
          31     3.86305     3.98219   0.0244327
          32      3.9446     3.98102    0.023686
          33     3.99127     3.98133   0.0229591
          34     4.13903     3.98597   0.0227514
          35     4.05754     3.98801   0.0221862
          36     3.69609      3.9799   0.0230356
          37     4.26084      3.9875    0.023656
          38     3.92634     3.98589   0.0230812
          39     4.07201     3.98809   0.0225898
          40     3.96449      3.9875   0.0220257
          41     3.84664     3.98407   0.0217548
          42     4.10462     3.98694   0.0214237
          43     3.96853     3.98651   0.0209239
          44     3.95756     3.98585   0.0204534
          45     4.01345     3.98647   0.0200031
          46     4.01054     3.98699   0.0195704
          47     3.94451     3.98609   0.0191708
          48     3.97736      3.9859   0.0187681
          49      3.8087     3.98229   0.0187335
          50     4.26237     3.98789   0.0191907
          51     4.08173     3.98973   0.0189005
          52     3.92147     3.98842   0.0185799
          53     3.86365     3.98606   0.0183773
          54     4.13786     3.98887   0.0182516
          55     4.33866     3.99523   0.0190119
          56     3.86092     3.99283   0.0188227
          57     3.83075     3.98999    0.018707
          58     3.97793     3.98978   0.0183828
          59     4.05738     3.99093   0.0181048
          60     3.98059     3.99076   0.0178013
          61     3.96509     3.99034   0.0175121
          62      3.7793     3.98693   0.0175604
          63     4.09473     3.98864   0.0173639
          64     4.04495     3.98952   0.0171131
          65     3.91857     3.98843   0.0168831
          66     3.91647     3.98734    0.016661
          67     4.11214      3.9892   0.0165158
          68     3.95583     3.98871   0.0162786
          69     3.92497     3.98779   0.0160675
          70     3.77181      3.9847    0.016134
          71     3.88067     3.98324   0.0159725
          72     3.80865     3.98081   0.0159347
          73     4.12342     3.98277   0.0158359
          74     3.89437     3.98157    0.015666
          75     3.97055     3.98143   0.0154564
          76     3.80004     3.97904   0.0154373
          77     4.04996     3.97996   0.0152633
          78     3.74319     3.97692   0.0153691
          79     4.33562     3.98146   0.0158381
          80      4.0826     3.98273   0.0156899
          81     3.95629      3.9824   0.0154984
          82     3.87854     3.98114   0.0153605
          83     4.03741     3.98181   0.0151895
          84     3.85172     3.98027   0.0150873
          85     3.94913      3.9799   0.0149132
          86     3.86897     3.97861   0.0147951
          87     3.91375     3.97786   0.0146431
          88     3.94016     3.97744    0.014482
          89      4.0353     3.97809   0.0143332
          90     4.39213     3.98269    0.014901
          91      4.0743     3.98369   0.0147706
          92     3.82499     3.98197   0.0147107
          93     4.01048     3.98227   0.0145549
          94     4.05468     3.98304   0.0144198
          95     3.78847       3.981   0.0144135
          96     3.57076     3.97672    0.014889
          97     4.04527     3.97743   0.0147516
          98     4.01693     3.97783   0.0146059
          99     4.13904     3.97946    0.014549
         100     3.99672     3.97963   0.0144038
