           1   -0.663096   -0.663096           0
           2   -0.667368   -0.665232    0.002136
           3   -0.665792   -0.665419  0.00124727
           4   -0.662096   -0.664588  0.00121155
           5    -0.66396   -0.664462 0.000946828
           6    -0.66692   -0.664872 0.000874887
           7   -0.665184   -0.664917 0.000740757
           8   -0.663088   -0.664688 0.000681018
           9   -0.665568   -0.664786 0.000608508
          10   -0.663456   -0.664653 0.000560276
          11   -0.664136   -0.664606 0.000508962
          12   -0.663728   -0.664533  0.00047034
          13   -0.663648   -0.664465 0.000437969
          14   -0.666816   -0.664633 0.000438889
          15   -0.661232   -0.664406 0.000467264
          16   -0.664232   -0.664395  0.00043722
          17   -0.664344   -0.664392 0.000410708
          18   -0.661288    -0.66422 0.000423882
          19     -0.6664   -0.664334 0.000417052
          20   -0.665376   -0.664386 0.000399064
          21    -0.66668   -0.664496 0.000394986
          22   -0.663744   -0.664461 0.000378151
          23   -0.665216   -0.664494 0.000362822
          24   -0.665928   -0.664554 0.000352475
          25   -0.666104   -0.664616  0.00034372
          26    -0.66504   -0.664632 0.000330638
          27    -0.65912   -0.664428 0.000378027
          28   -0.664992   -0.664448 0.000364832
          29   -0.665272   -0.664477 0.000353171
          30   -0.663184   -0.664434 0.000343906
          31   -0.660408   -0.664304 0.000357077
          32   -0.666448   -0.664371 0.000352172
          33   -0.663224   -0.664336 0.000343098
          34   -0.665624   -0.664374 0.000335002
          35   -0.665728   -0.664413 0.000327583
          36   -0.664976   -0.664428 0.000318738
          37   -0.664968   -0.664443 0.000310347
          38   -0.663008   -0.664405  0.00030442
          39   -0.662776   -0.664363 0.000299439
          40   -0.663208   -0.664334 0.000293283
          41    -0.66356   -0.664316 0.000286663
          42   -0.667456    -0.66439 0.000289575
          43   -0.666016   -0.664428 0.000285277
          44   -0.663792   -0.664414 0.000279093
          45   -0.660808   -0.664334 0.000284343
          46   -0.665632   -0.664362 0.000279522
          47   -0.662288   -0.664318 0.000277046
          48   -0.665872    -0.66435 0.000273139
          49   -0.667216   -0.664408 0.000273826
          50     -0.6678   -0.664476 0.000276736
          51   -0.662072   -0.664429 0.000275321
          52    -0.66428   -0.664426  0.00026999
          53   -0.661728   -0.664375 0.000269696
          54   -0.662616   -0.664343 0.000266652
          55    -0.66824   -0.664414  0.00027118
          56    -0.66216   -0.664373 0.000269318
          57   -0.664608   -0.664378 0.000264583
          58   -0.662816   -0.664351 0.000261371
          59    -0.66548    -0.66437 0.000257615
          60   -0.664312   -0.664369 0.000253287
          61   -0.661216   -0.664317 0.000254406
          62    -0.66464   -0.664322 0.000250323
          63   -0.666496   -0.664357 0.000248722
          64   -0.667824   -0.664411 0.000250728
          65   -0.662936   -0.664388 0.000247881
          66   -0.660176   -0.664324 0.000252302
          67   -0.664728   -0.664331 0.000248581
          68   -0.662544   -0.664304 0.000246303
          69   -0.665568   -0.664323 0.000243398
          70   -0.664864    -0.66433  0.00024002
          71     -0.6624   -0.664303 0.000238172
          72   -0.662216   -0.664274 0.000236623
          73   -0.664224   -0.664273  0.00023336
          74    -0.66388   -0.664268 0.000230246
          75   -0.662832   -0.664249 0.000227961
          76   -0.666464   -0.664278 0.000226822
          77   -0.664648   -0.664283 0.000223908
          78   -0.663504   -0.664273 0.000221245
          79   -0.666032   -0.664295 0.000219558
          80   -0.664496   -0.664298 0.000216811
          81      -0.666   -0.664319 0.000215146
          82   -0.662464   -0.664296 0.000213707
          83   -0.665448    -0.66431 0.000211572
          84   -0.663584   -0.664301 0.000209217
          85    -0.66216   -0.664276  0.00020827
          86   -0.663992   -0.664273  0.00020586
          87   -0.663216   -0.664261 0.000203843
          88   -0.663176   -0.664248  0.00020189
          89   -0.664984   -0.664257 0.000199779
          90   -0.662408   -0.664236 0.000198612
          91   -0.663752   -0.664231 0.000196489
          92   -0.664992   -0.664239 0.000194518
          93   -0.663496   -0.664231 0.000192581
          94   -0.666264   -0.664253 0.000191745
          95   -0.662416   -0.664233 0.000190698
          96   -0.660008   -0.664189 0.000193766
          97   -0.661912   -0.664166  0.00019319
          98   -0.667304   -0.664198 0.000193872
          99   -0.668072   -0.664237 0.000195853
         100   -0.666704   -0.664262 0.000195447
