           1     0.35968     0.35968           0
           2    0.368551    0.364116  0.00443548
           3    0.362631    0.363621  0.00260824
           4    0.361618     0.36312  0.00191106
           5    0.359895    0.362475  0.00161474
           6    0.358393    0.361795  0.00148359
           7    0.343716    0.359212  0.00287097
           8    0.367679    0.360271  0.00270224
           9    0.359231    0.360155  0.00238595
          10    0.361356    0.360275  0.00213744
          11    0.348811    0.359233  0.00219641
          12    0.351729    0.358608  0.00210028
          13    0.358077    0.358567  0.00193241
          14    0.366518    0.359135  0.00187706
          15    0.357983    0.359058  0.00174913
          16    0.353659    0.358721  0.00167059
          17    0.373965    0.359617   0.0018074
          18    0.363723    0.359845  0.00171923
          19    0.364319    0.360081  0.00164318
          20    0.342914    0.359222  0.00177955
          21     0.36798    0.359639  0.00174331
          22    0.359242    0.359621  0.00166227
          23    0.357673    0.359537  0.00159062
          24    0.352575    0.359247  0.00155028
          25    0.356501    0.359137  0.00149102
          26    0.361765    0.359238  0.00143609
          27    0.345841    0.358742  0.00146825
          28    0.351479    0.358482  0.00143842
          29    0.365242    0.358715  0.00140737
          30    0.369954     0.35909  0.00141032
          31    0.361989    0.359184  0.00136726
          32    0.357889    0.359143  0.00132447
          33    0.344827    0.358709  0.00135503
          34    0.352872    0.358538  0.00132573
          35    0.361385    0.358619  0.00128986
          36    0.352938    0.358461  0.00126342
          37     0.36487    0.358634  0.00124094
          38    0.356534    0.358579  0.00120911
          39     0.36568    0.358761  0.00119169
          40    0.357876    0.358739  0.00116173
          41    0.358046    0.358722  0.00113316
          42    0.361434    0.358787  0.00110774
          43    0.355911     0.35872  0.00108374
          44    0.356342    0.358666   0.0010602
          45    0.377682    0.359088  0.00111921
          46    0.357037    0.359044  0.00109552
          47    0.358806    0.359039  0.00107197
          48    0.358444    0.359026  0.00104947
          49    0.358249     0.35901  0.00102795
          50    0.368895    0.359208   0.0010264
          51    0.364519    0.359312  0.00101145
          52    0.367061    0.359461  0.00100294
          53     0.35767    0.359427 0.000984412
          54    0.360546    0.359448 0.000966232
          55    0.362699    0.359507 0.000950341
          56    0.370498    0.359704  0.00095363
          57    0.361345    0.359732 0.000937193
          58    0.366564     0.35985 0.000928394
          59    0.345735    0.359611 0.000943364
          60    0.370779    0.359797 0.000946001
          61    0.363493    0.359858 0.000932335
          62    0.363466    0.359916 0.000919019
          63    0.350394    0.359765 0.000916857
          64    0.366968    0.359877 0.000909409
          65    0.349881    0.359723 0.000908421
          66    0.348405    0.359552 0.000910842
          67    0.353578    0.359463 0.000901563
          68    0.356841    0.359424 0.000889042
          69    0.345018    0.359215   0.0009006
          70    0.352502     0.35912 0.000892807
          71    0.359014    0.359118 0.000880143
          72    0.370705    0.359279 0.000882628
          73    0.354778    0.359217 0.000872635
          74    0.343592    0.359006 0.000886281
          75    0.357078     0.35898 0.000874761
          76    0.347745    0.358833 0.000875744
          77    0.368942    0.358964 0.000874211
          78    0.351863    0.358873 0.000867719
          79    0.373947    0.359064 0.000877659
          80    0.352961    0.358987  0.00086997
          81    0.360238    0.359003 0.000859301
          82    0.356219    0.358969 0.000849436
          83    0.360696     0.35899 0.000839397
          84    0.354651    0.358938 0.000830951
          85     0.35436    0.358884 0.000822882
          86    0.345551    0.358729 0.000827904
          87    0.360854    0.358754 0.000818697
          88    0.361856    0.358789 0.000810107
          89    0.358373    0.358784 0.000800967
          90    0.353023     0.35872   0.0007946
          91    0.343009    0.358547 0.000804561
          92    0.355411    0.358513 0.000796498
          93    0.351015    0.358433 0.000792002
          94    0.366719    0.358521 0.000788474
          95    0.351168    0.358444  0.00078396
          96    0.351652    0.358373  0.00077897
          97     0.36499    0.358441  0.00077391
          98    0.357277    0.358429 0.000766065
          99    0.363166    0.358477 0.000759795
         100     0.35389    0.358431 0.000753556
