           1   -0.973038   -0.973038           0
           2   -0.979846   -0.976442    0.003404
           3   -0.974799   -0.975895   0.0020402
           4   -0.980136   -0.976955   0.0017904
           5   -0.983635   -0.978291   0.0019257
           6   -0.980307   -0.978627  0.00160783
           7   -0.982462   -0.979175  0.00146517
           8   -0.975008   -0.978654  0.00137162
           9   -0.985171   -0.979378  0.00140983
          10    -0.97843   -0.979283  0.00126455
          11    -0.97929   -0.979284  0.00114383
          12   -0.979415   -0.979295  0.00104423
          13   -0.978862   -0.979262 0.000961128
          14   -0.979611   -0.979287 0.000890182
          15   -0.983572   -0.979572 0.000876578
          16   -0.977802   -0.979462 0.000827398
          17    -0.98142   -0.979577 0.000785697
          18   -0.982607   -0.979745 0.000759652
          19    -0.98591    -0.98007 0.000788428
          20   -0.980505   -0.980091 0.000748285
          21    -0.98009   -0.980091 0.000711761
          22   -0.973005   -0.979769 0.000751204
          23   -0.978277   -0.979704 0.000720727
          24    -0.97478   -0.979499 0.000719903
          25    -0.97893   -0.979476 0.000690882
          26    -0.97215   -0.979195 0.000721107
          27   -0.984394   -0.979387 0.000720115
          28   -0.983402   -0.979531 0.000708582
          29   -0.971142   -0.979241 0.000742379
          30    -0.97259    -0.97902  0.00075069
          31   -0.976503   -0.978938 0.000730594
          32   -0.980158   -0.978977 0.000708421
          33   -0.980222   -0.979014 0.000687655
          34   -0.975766   -0.978919 0.000673928
          35   -0.979496   -0.978935 0.000654598
          36   -0.980237   -0.978971 0.000637181
          37   -0.977253   -0.978925 0.000621459
          38    -0.97941   -0.978938 0.000605019
          39    -0.97895   -0.978938 0.000589301
          40   -0.971542   -0.978753 0.000603411
          41   -0.978219    -0.97874 0.000588654
          42   -0.978909   -0.978744 0.000574481
          43   -0.984743   -0.978884  0.00057805
          44   -0.964591   -0.978559 0.000651512
          45    -0.98092   -0.978611 0.000639027
          46    -0.98219   -0.978689 0.000629804
          47   -0.977407   -0.978662 0.000616861
          48   -0.979971   -0.978689 0.000604489
          49   -0.983371   -0.978785 0.000599685
          50    -0.97528   -0.978715 0.000591735
          51    -0.96943   -0.978533 0.000607918
          52   -0.974779    -0.97846 0.000600467
          53    -0.98416   -0.978568 0.000598765
          54   -0.982381   -0.978639 0.000591799
          55    -0.97736   -0.978615 0.000581405
          56   -0.985953   -0.978746 0.000585771
          57   -0.972438   -0.978636  0.00058595
          58    -0.99043   -0.978839 0.000610617
          59   -0.974413   -0.978764 0.000604848
          60   -0.976708    -0.97873 0.000595669
          61   -0.980488   -0.978759 0.000586531
          62    -0.97387    -0.97868 0.000582355
          63   -0.977078   -0.978654   0.0005736
          64   -0.974718   -0.978593 0.000567907
          65   -0.982331    -0.97865 0.000562052
          66    -0.98057   -0.978679 0.000554234
          67   -0.980342   -0.978704 0.000546463
          68    -0.97966   -0.978718  0.00053855
          69   -0.976941   -0.978692 0.000531313
          70   -0.980444   -0.978717 0.000524265
          71    -0.98757   -0.978842 0.000531657
          72   -0.976121   -0.978804 0.000525581
          73   -0.972699   -0.978721 0.000525035
          74   -0.975989   -0.978684 0.000519206
          75   -0.970244   -0.978571 0.000524451
          76   -0.974577   -0.978519 0.000520167
          77   -0.974901   -0.978472 0.000515512
          78   -0.978279   -0.978469 0.000508866
          79    -0.98741   -0.978582 0.000514972
          80   -0.982925   -0.978637 0.000511383
          81    -0.98115   -0.978668 0.000505983
          82   -0.986818   -0.978767 0.000509561
          83   -0.980537   -0.978788 0.000503836
          84   -0.969624   -0.978679 0.000509617
          85   -0.972234   -0.978604 0.000509263
          86   -0.983026   -0.978655 0.000505928
          87   -0.974187   -0.978604 0.000502708
          88   -0.978945   -0.978607 0.000496978
          89   -0.982263   -0.978649 0.000493076
          90   -0.984199    -0.97871 0.000491452
          91   -0.974645   -0.978666  0.00048807
          92   -0.971659   -0.978589 0.000488706
          93   -0.978955   -0.978593 0.000483439
          94   -0.973954   -0.978544 0.000480808
          95   -0.980027    -0.97856 0.000475976
          96   -0.977545   -0.978549  0.00047111
          97    -0.98595   -0.978625 0.000472429
          98   -0.977006   -0.978609 0.000467875
          99   -0.979338   -0.978616 0.000463184
         100   -0.983566   -0.978666 0.000461193
