           1    0.738912    0.738912           0
           2    0.746272    0.742592     0.00368
           3    0.743076    0.742753  0.00213077
           4     0.75272    0.745245  0.00291178
           5    0.762296    0.748655  0.00408859
           6    0.746576    0.748309  0.00335626
           7    0.757872    0.749675  0.00314841
           8     0.73984    0.748445  0.00299094
           9    0.759256    0.749647  0.00289837
          10    0.751068    0.749789  0.00259628
          11    0.751012      0.7499  0.00235105
          12    0.750676    0.749965  0.00214718
          13    0.743228    0.749446  0.00204197
          14    0.751336    0.749581  0.00189531
          15      0.7579    0.750136  0.00184954
          16    0.739408    0.749465  0.00185547
          17     0.75166    0.749595  0.00174768
          18    0.755476    0.749921  0.00167981
          19    0.760072    0.750456  0.00167635
          20    0.750244    0.750445  0.00159036
          21    0.751452    0.750493   0.0015135
          22    0.737624    0.749908  0.00155711
          23    0.747024    0.749783  0.00149315
          24     0.74366    0.749527  0.00145216
          25    0.746208    0.749395  0.00139918
          26    0.738992    0.748995  0.00140257
          27    0.757412    0.749306  0.00138516
          28    0.753452    0.749454  0.00134296
          29    0.730352    0.748796  0.00145363
          30    0.734792    0.748329  0.00147989
          31    0.746436    0.748268  0.00143266
          32    0.748392    0.748272  0.00138717
          33    0.750872    0.748351  0.00134679
          34    0.746872    0.748307   0.0013073
          35     0.75096    0.748383  0.00127166
          36    0.749104    0.748403  0.00123599
          37    0.747224    0.748371  0.00120254
          38    0.746252    0.748315   0.0011718
          39    0.748312    0.748315  0.00114136
          40    0.736468    0.748019  0.00115121
          41    0.745656    0.747961  0.00112426
          42    0.750584    0.748024  0.00109894
          43    0.758676    0.748272   0.0011013
          44    0.721276    0.747658  0.00123861
          45     0.75148    0.747743  0.00121375
          46    0.757068    0.747946  0.00120426
          47    0.746596    0.747917   0.0011787
          48    0.754616    0.748056   0.0011623
          49    0.755976    0.748218  0.00114975
          50     0.74408    0.748135  0.00112955
          51    0.732508    0.747829   0.0011488
          52    0.741576    0.747709  0.00113289
          53     0.75604    0.747866  0.00112237
          54    0.754064    0.747981  0.00110736
          55     0.74712    0.747965  0.00108715
          56    0.764084    0.748253  0.00110568
          57    0.735988    0.748038  0.00110722
          58    0.765312    0.748336  0.00112799
          59    0.740384    0.748201  0.00111687
          60     0.74686    0.748178  0.00109833
          61     0.74984    0.748206  0.00108052
          62    0.740112    0.748075  0.00107093
          63    0.744512    0.748019  0.00105531
          64    0.742508    0.747932  0.00104225
          65    0.753536    0.748019  0.00102971
          66    0.750448    0.748055  0.00101466
          67    0.749988    0.748084 0.000999812
          68     0.75298    0.748156 0.000987627
          69    0.741864    0.748065 0.000977472
          70      0.7529    0.748134 0.000965879
          71    0.766772    0.748397   0.0009877
          72    0.747724    0.748387 0.000973931
          73    0.739656    0.748268 0.000967915
          74    0.737944    0.748128 0.000964884
          75     0.73142    0.747905 0.000977652
          76    0.738684    0.747784 0.000972303
          77    0.741064    0.747697 0.000963553
          78    0.750196    0.747729  0.00095166
          79    0.766568    0.747967 0.000969327
          80    0.755224    0.748058 0.000961423
          81    0.752952    0.748118   0.0009514
          82    0.762888    0.748299 0.000956831
          83    0.750204    0.748322 0.000945512
          84       0.733    0.748139 0.000951828
          85    0.734848    0.747983 0.000953472
          86    0.755652    0.748072  0.00094653
          87    0.738656    0.747964 0.000941827
          88    0.750884    0.747997 0.000931654
          89    0.757636    0.748105 0.000927472
          90    0.755876    0.748192 0.000921164
          91    0.739104    0.748092 0.000916442
          92    0.735776    0.747958 0.000916258
          93    0.750736    0.747988 0.000906844
          94    0.740652     0.74791 0.000900533
          95    0.752016    0.747953 0.000892051
          96    0.747284    0.747946 0.000882737
          97    0.760068    0.748071 0.000882483
          98    0.746552    0.748055 0.000873569
          99    0.748848    0.748063 0.000864737
         100    0.758032    0.748163 0.000861831
