           1     1.58544     1.58544           0
           2      1.7505     1.66797   0.0825292
           3     1.72913     1.68836   0.0518254
           4     1.60953     1.66865   0.0416086
           5     1.61641      1.6582   0.0338808
           6     1.73465     1.67094   0.0304563
           7     1.58865     1.65919   0.0282978
           8     1.81228     1.67832   0.0310927
           9     1.56198      1.6654   0.0303154
          10     1.63914     1.66277   0.0272417
          11     1.66252     1.66275   0.0246411
          12     1.74934     1.66996   0.0236231
          13     1.76513     1.67728   0.0229299
          14     1.56421     1.66921   0.0227135
          15     1.52599     1.65966   0.0232009
          16     1.79984     1.66842   0.0234041
          17     1.61634     1.66536   0.0221968
          18     1.52055     1.65731   0.0224205
          19      1.5826     1.65338   0.0215691
          20     1.66394     1.65391    0.020469
          21       1.531     1.64806   0.0203306
          22     1.87462     1.65835   0.0219504
          23     1.68362     1.65945    0.021003
          24     1.76813     1.66398   0.0206124
          25     1.65103     1.66346   0.0197775
          26     1.66599     1.66356   0.0190019
          27     1.48906      1.6571   0.0193932
          28      1.7594     1.66075   0.0190416
          29     1.77909     1.66483   0.0188209
          30     1.79257     1.66909   0.0186747
          31     1.64875     1.66843   0.0180741
          32     1.55869       1.665   0.0178331
          33     1.58395     1.66255   0.0174579
          34     1.74421     1.66495   0.0171061
          35     1.72047     1.66654   0.0166857
          36       1.659     1.66633    0.016217
          37     1.62512     1.66521   0.0158118
          38      1.6575     1.66501   0.0153915
          39     1.69158     1.66569   0.0150071
          40     1.81341     1.66938   0.0150861
          41     1.69305     1.66996   0.0147249
          42     1.60684     1.66846   0.0144484
          43     1.58548     1.66653   0.0142397
          44      1.9413     1.67277   0.0152496
          45     1.56198     1.67031   0.0151088
          46      1.4969     1.66654     0.01525
          47     1.74637     1.66824   0.0150184
          48     1.54502     1.66567   0.0149246
          49     1.57416     1.66381   0.0147357
          50     1.75692     1.66567   0.0145576
          51     1.68971     1.66614    0.014277
          52     1.74962     1.66774   0.0140915
          53     1.71533     1.66864   0.0138522
          54     1.66503     1.66858   0.0135935
          55     1.59134     1.66717   0.0134177
          56     1.61234     1.66619   0.0132122
          57     1.71188     1.66699   0.0130031
          58     1.62182     1.66621   0.0128007
          59     1.58228     1.66479    0.012662
          60     1.64934     1.66453   0.0124519
          61     1.71398     1.66534   0.0122728
          62     1.80342     1.66757   0.0122769
          63     1.64801     1.66726   0.0120845
          64     1.77904     1.66901   0.0120217
          65     1.66052     1.66888    0.011836
          66     1.70039     1.66935   0.0116651
          67     1.74499     1.67048    0.011545
          68     1.60716     1.66955    0.011412
          69     1.65708     1.66937   0.0112469
          70     1.71924     1.67008   0.0111079
          71     1.49699     1.66765   0.0112184
          72     1.69111     1.66797   0.0110663
          73     1.70255     1.66845    0.010924
          74     1.69672     1.66883   0.0107821
          75     1.71319     1.66942   0.0106538
          76     1.77202     1.67077    0.010599
          77     1.67458     1.67082   0.0104606
          78     1.67756     1.67091    0.010326
          79      1.5103     1.66887   0.0103951
          80      1.5429      1.6673   0.0103845
          81     1.71175     1.66785   0.0102701
          82     1.58828     1.66688   0.0101904
          83     1.67572     1.66698   0.0100675
          84     1.80211     1.66859   0.0100761
          85     1.84499     1.67067   0.0101708
          86     1.63723     1.67028   0.0100594
          87     1.82514     1.67206   0.0101012
          88     1.54068     1.67056   0.0100967
          89     1.45186     1.66811   0.0102806
          90      1.6199     1.66757   0.0101799
          91     1.75527     1.66854   0.0101134
          92     1.61245     1.66793   0.0100214
          93     1.64984     1.66773  0.00991498
          94     1.62945     1.66732  0.00981739
          95     1.60362     1.66665  0.00973662
          96     1.70307     1.66703  0.00964213
          97     1.54994     1.66583  0.00961825
          98      1.6495     1.66566  0.00952106
          99     1.52264     1.66421  0.00953448
         100     1.61155     1.66369  0.00945334
