           1     0.67346     0.67346           0
           2    0.707716    0.690588   0.0171283
           3    0.703031    0.694736   0.0107236
           4    0.682274     0.69162  0.00819777
           5    0.728028    0.698902  0.00966147
           6    0.708368     0.70048  0.00804478
           7    0.689141     0.69886  0.00698937
           8     0.72908    0.702637    0.007135
           9     0.66986    0.698995  0.00727039
          10    0.723604    0.701456  0.00695288
          11    0.691613    0.700561  0.00635246
          12    0.713613    0.701649   0.0059001
          13     0.68986    0.700742  0.00550255
          14    0.668405    0.698432  0.00559355
          15    0.673542    0.696773   0.0054653
          16     0.71192     0.69772  0.00519923
          17    0.685787    0.697018  0.00493402
          18    0.653074    0.694577  0.00525352
          19     0.68583    0.694116  0.00499061
          20    0.699219    0.694371  0.00474138
          21    0.665507    0.692997  0.00471476
          22     0.73064    0.694708  0.00480997
          23    0.695528    0.694743  0.00459623
          24    0.723511    0.695942  0.00456087
          25    0.669168    0.694871  0.00450382
          26    0.688658    0.694632  0.00433372
          27    0.668067    0.693648  0.00428462
          28    0.712938    0.694337  0.00418584
          29    0.691629    0.694244  0.00404001
          30     0.69611    0.694306  0.00390351
          31     0.69792    0.694423  0.00377729
          32    0.664535    0.693489  0.00377472
          33    0.677199    0.692995   0.0036917
          34    0.708356    0.693447  0.00360986
          35    0.713184    0.694011  0.00355027
          36    0.686686    0.693807  0.00345624
          37    0.711128    0.694275  0.00339397
          38    0.678554    0.693862  0.00332925
          39    0.692458    0.693826  0.00324296
          40    0.713602     0.69432  0.00319928
          41    0.696343    0.694369  0.00312067
          42    0.690051    0.694267  0.00304719
          43     0.70397    0.694492  0.00298403
          44    0.724014    0.695163  0.00299163
          45    0.658656    0.694352  0.00303484
          46    0.673042    0.693889  0.00300407
          47      0.7192    0.694427  0.00298838
          48    0.687448    0.694282  0.00292907
          49    0.674373    0.693876   0.0028973
          50    0.718334    0.694365   0.0028806
          51     0.71423    0.694754  0.00285029
          52    0.693357    0.694727  0.00279507
          53    0.708425    0.694986  0.00275398
          54    0.696517    0.695014  0.00270265
          55    0.684979    0.694832  0.00265932
          56    0.704816     0.69501  0.00261748
          57    0.683269    0.694804  0.00257939
          58    0.690928    0.694737  0.00253541
          59    0.680658    0.694499  0.00250346
          60    0.692878    0.694472  0.00246153
          61    0.696016    0.694497  0.00242098
          62     0.74018    0.695234  0.00249298
          63    0.716485    0.695571  0.00247618
          64    0.722968    0.695999  0.00247449
          65    0.706469     0.69616  0.00244144
          66    0.692506    0.696105   0.0024048
          67    0.733669    0.696665  0.00243409
          68    0.694151    0.696628  0.00239831
          69    0.661599    0.696121  0.00241721
          70    0.706022    0.696262  0.00238662
          71    0.691659    0.696197  0.00235366
          72    0.714661    0.696454  0.00233487
          73     0.69457    0.696428  0.00230281
          74    0.670256    0.696074  0.00229884
          75    0.686385    0.695945  0.00227166
          76    0.720048    0.696262   0.0022639
          77     0.70056    0.696318    0.002235
          78    0.733802    0.696799  0.00225789
          79    0.682378    0.696616  0.00223659
          80    0.672773    0.696318  0.00222847
          81    0.689667    0.696236  0.00220232
          82    0.668298    0.695895  0.00220182
          83     0.69477    0.695882  0.00217517
          84    0.733179    0.696326  0.00219451
          85    0.711429    0.696503   0.0021758
          86    0.696255    0.696501  0.00215036
          87    0.714723     0.69671  0.00213579
          88    0.672352    0.696433  0.00212945
          89    0.645837    0.695865  0.00218079
          90    0.697308    0.695881  0.00215648
          91    0.694494    0.695866  0.00213271
          92    0.674278    0.695631  0.00212241
          93    0.707872    0.695762  0.00210358
          94    0.678672    0.695581  0.00208901
          95    0.666821    0.695278  0.00208896
          96    0.704919    0.695378  0.00206952
          97    0.671428    0.695131  0.00206291
          98    0.695862    0.695139  0.00204176
          99    0.653527    0.694719  0.00206428
         100    0.698922    0.694761  0.00204396
