           1    0.344396    0.344396           0
           2    0.335472    0.339934    0.004462
           3    0.326772    0.335547  0.00508775
           4     0.34626    0.338225  0.00448509
           5    0.350376    0.340655  0.00423975
           6    0.330712    0.338998  0.00383797
           7     0.32974    0.337675  0.00350294
           8    0.343288    0.338377  0.00311371
           9    0.337132    0.338239  0.00274951
          10    0.337448     0.33816  0.00246051
          11    0.336124    0.337975  0.00223329
          12    0.334596    0.337693  0.00205806
          13    0.336212    0.337579  0.00189656
          14    0.325588    0.336723  0.00195364
          15     0.35216    0.337752  0.00208973
          16    0.335828    0.337632  0.00195846
          17    0.336692    0.337576  0.00184048
          18    0.342544    0.337852  0.00175703
          19    0.338488    0.337886  0.00166233
          20     0.33442    0.337712  0.00158651
          21    0.326936    0.337199  0.00159394
          22    0.344544    0.337533    0.001556
          23    0.332832    0.337329  0.00150079
          24    0.332644    0.337133   0.0014501
          25    0.336492    0.337108  0.00139112
          26    0.339904    0.337215  0.00134086
          27    0.343948    0.337465  0.00131412
          28     0.33746    0.337465  0.00126632
          29    0.329272    0.337182  0.00125411
          30    0.332308     0.33702  0.00122243
          31    0.345772    0.337302  0.00121558
          32    0.337096    0.337295    0.001177
          33    0.338768     0.33734  0.00114164
          34     0.33798    0.337359  0.00110772
          35      0.3452    0.337583  0.00109869
          36    0.334616    0.337501  0.00107091
          37    0.335424    0.337444  0.00104307
          38    0.339176     0.33749  0.00101627
          39    0.342348    0.337615  0.00099768
          40    0.324976    0.337299  0.00102246
          41    0.316376    0.336788   0.0011202
          42    0.342072    0.336914  0.00110042
          43    0.327736    0.336701  0.00109552
          44    0.318488    0.336287  0.00114758
          45    0.356664     0.33674  0.00120974
          46    0.338644    0.336781  0.00118387
          47    0.342084    0.336894  0.00116389
          48    0.333284    0.336819  0.00114186
          49    0.345924    0.337004  0.00113365
          50     0.32958    0.336856  0.00112063
          51    0.327812    0.336679  0.00111266
          52    0.334332    0.336633  0.00109198
          53    0.341904    0.336733  0.00107579
          54    0.338872    0.336773  0.00105642
          55    0.344532    0.336914  0.00104659
          56    0.341064    0.336988   0.0010304
          57    0.333876    0.336933  0.00101363
          58    0.331452    0.336839  0.00100047
          59    0.347624    0.337021  0.00100022
          60    0.339924     0.33707 0.000984593
          61    0.326696      0.3369 0.000983138
          62    0.334044    0.336854 0.000968247
          63     0.33996    0.336903 0.000954029
          64    0.342504     0.33699 0.000943074
          65       0.337    0.336991 0.000928451
          66    0.338896     0.33702 0.000914731
          67    0.337744     0.33703  0.00090104
          68    0.331568     0.33695 0.000891318
          69      0.3341    0.336909 0.000879276
          70    0.348172     0.33707 0.000881435
          71    0.349136     0.33724 0.000885395
          72    0.346632     0.33737 0.000882704
          73    0.327676    0.337237 0.000880598
          74    0.338228    0.337251  0.00086872
          75     0.32396    0.337073 0.000875187
          76    0.340496    0.337118 0.000864768
          77    0.334148     0.33708 0.000854335
          78    0.339544    0.337111 0.000843902
          79    0.343768    0.337196 0.000837402
          80    0.346236    0.337309 0.000834554
          81      0.3354    0.337285 0.000824523
          82    0.341948    0.337342 0.000816389
          83    0.335764    0.337323 0.000806717
          84    0.326196    0.337191 0.000807987
          85    0.338424    0.337205 0.000798557
          86    0.336376    0.337195 0.000789276
          87     0.34608    0.337298 0.000786806
          88    0.340256    0.337331  0.00077854
          89    0.347596    0.337446 0.000778336
          90    0.343564    0.337514 0.000772635
          91    0.349392    0.337645 0.000775165
          92    0.340296    0.337674 0.000767234
          93    0.343572    0.337737 0.000761585
          94     0.33776    0.337737 0.000753439
          95    0.345996    0.337824 0.000750518
          96    0.337236    0.337818 0.000742684
          97    0.343168    0.337873 0.000737054
          98    0.338224    0.337877 0.000729503
          99    0.335752    0.337856 0.000722416
         100     0.34126     0.33789 0.000715965
