           1     0.36831     0.36831           0
           2    0.380889    0.374599  0.00628945
           3    0.375822    0.375007  0.00365404
           4    0.367665    0.373171  0.00316942
           5    0.383687    0.375275  0.00323275
           6    0.368307    0.374113  0.00288367
           7    0.370815    0.373642  0.00248227
           8     0.36034    0.371979  0.00271775
           9    0.367305     0.37146  0.00245245
          10    0.371437    0.371458  0.00219354
          11    0.379031    0.372146  0.00210018
          12    0.373752     0.37228  0.00192186
          13    0.372552    0.372301  0.00176798
          14    0.360638    0.371468  0.00183662
          15    0.373591    0.371609  0.00171564
          16    0.366564    0.371294  0.00163553
          17    0.380926    0.371861  0.00163747
          18    0.375753    0.372077  0.00155889
          19    0.367172    0.371819  0.00149699
          20    0.373936    0.371925  0.00142411
          21     0.37057     0.37186  0.00135614
          22    0.361533    0.371391  0.00137559
          23     0.38089    0.371804  0.00137778
          24    0.364349    0.371493   0.0013552
          25    0.361828    0.371107  0.00135613
          26    0.366545    0.370931  0.00131469
          27    0.385754     0.37148  0.00137905
          28    0.373501    0.371552  0.00133085
          29    0.359374    0.371132  0.00135106
          30    0.377031    0.371329  0.00131997
          31    0.376674    0.371501  0.00128827
          32    0.357158    0.371053  0.00132546
          33    0.372793    0.371106  0.00128575
          34    0.379754     0.37136  0.00127303
          35    0.368728    0.371285   0.0012384
          36     0.36412    0.371086  0.00121986
          37    0.363291    0.370875  0.00120499
          38    0.386198    0.371279  0.00124024
          39    0.379314    0.371485  0.00122546
          40    0.372943    0.371521  0.00119499
          41    0.362955    0.371312  0.00118406
          42    0.370884    0.371302  0.00115557
          43    0.381824    0.371547   0.0011546
          44     0.36267    0.371345  0.00114595
          45    0.377376    0.371479  0.00112819
          46    0.367838      0.3714  0.00110622
          47    0.368583     0.37134  0.00108409
          48    0.375056    0.371417  0.00106408
          49    0.373262    0.371455  0.00104282
          50    0.375293    0.371532  0.00102463
          51    0.367046    0.371444  0.00100818
          52    0.369283    0.371402 0.000989479
          53     0.35723    0.371135  0.00100679
          54    0.364614    0.371014 0.000995322
          55    0.371297    0.371019 0.000977072
          56    0.386652    0.371298 0.000999252
          57    0.373711    0.371341 0.000982478
          58    0.377288    0.371443  0.00097082
          59    0.373859    0.371484 0.000955101
          60    0.384806    0.371706 0.000964938
          61    0.373349    0.371733  0.00094937
          62    0.368886    0.371687  0.00093506
          63    0.381742    0.371847 0.000933837
          64    0.361164     0.37168 0.000934165
          65    0.364672    0.371572 0.000925978
          66    0.364455    0.371464 0.000918194
          67    0.364881    0.371366 0.000909708
          68    0.380265    0.371497 0.000905733
          69    0.372705    0.371514 0.000892682
          70    0.361835    0.371376 0.000890637
          71    0.367142    0.371316 0.000880026
          72    0.383807     0.37149 0.000884889
          73     0.36558    0.371409 0.000876431
          74    0.385669    0.371602 0.000885722
          75    0.377511     0.37168 0.000877378
          76    0.361159    0.371542 0.000876755
          77     0.39121    0.371797 0.000902208
          78    0.381693    0.371924 0.000899558
          79    0.362633    0.371807 0.000895851
          80    0.391783    0.372056  0.00091915
          81    0.372288    0.372059 0.000907736
          82    0.377335    0.372124 0.000898904
          83    0.368085    0.372075 0.000889339
          84    0.379782    0.372167 0.000883465
          85    0.364921    0.372081 0.000877161
          86    0.369377     0.37205 0.000867472
          87    0.364619    0.371965 0.000861686
          88    0.358589    0.371813 0.000865293
          89    0.374998    0.371848 0.000856264
          90    0.365515    0.371778 0.000849615
          91    0.375567     0.37182 0.000841258
          92    0.379383    0.371902 0.000836115
          93    0.376121    0.371947 0.000828319
          94    0.381141    0.372045 0.000825275
          95    0.380896    0.372138  0.00082184
          96     0.38188     0.37224 0.000819541
          97    0.371883    0.372236 0.000811056
          98    0.367537    0.372188 0.000804168
          99    0.374369     0.37221 0.000796309
         100    0.388933    0.372377 0.000805849
