           1   -0.623399   -0.623399           0
           2   -0.619686   -0.621543   0.0018564
           3    -0.61537   -0.619485  0.00231989
           4     -0.6239   -0.620589  0.00197713
           5   -0.623683   -0.621208  0.00165178
           6   -0.620654   -0.621116  0.00135182
           7   -0.617652   -0.620621  0.00124504
           8   -0.623826   -0.621021  0.00115025
           9   -0.622346   -0.621169  0.00102505
          10   -0.623306   -0.621382 0.000941412
          11   -0.620953   -0.621343 0.000852434
          12   -0.619127   -0.621159 0.000799775
          13   -0.621282   -0.621168 0.000735748
          14   -0.618062   -0.620946 0.000716401
          15    -0.62472   -0.621198 0.000712807
          16    -0.62239   -0.621272 0.000670918
          17   -0.621162   -0.621266 0.000630251
          18   -0.621341    -0.62127 0.000594221
          19   -0.620714   -0.621241 0.000562839
          20   -0.616228    -0.62099 0.000589853
          21   -0.614651   -0.620688 0.000637107
          22   -0.622653   -0.620778 0.000613986
          23   -0.620918   -0.620784 0.000586716
          24   -0.620345   -0.620765 0.000562036
          25   -0.621842   -0.620808 0.000540804
          26   -0.622005   -0.620854 0.000521621
          27   -0.622414   -0.620912 0.000505241
          28   -0.619548   -0.620863 0.000489294
          29   -0.616438   -0.620711 0.000496167
          30   -0.618198   -0.620627 0.000486609
          31   -0.625602   -0.620788 0.000497262
          32   -0.621747   -0.620818 0.000482405
          33   -0.619634   -0.620782 0.000468932
          34   -0.619396   -0.620741 0.000456753
          35   -0.624792   -0.620857 0.000458365
          36   -0.617675   -0.620768 0.000454133
          37   -0.621109   -0.620778 0.000441785
          38   -0.623643   -0.620853 0.000436564
          39   -0.623726   -0.620927 0.000431555
          40   -0.615283   -0.620786 0.000443659
          41   -0.614315   -0.620628 0.000460583
          42   -0.622598   -0.620675 0.000451925
          43   -0.619715   -0.620652 0.000441854
          44   -0.613202   -0.620483 0.000463718
          45   -0.628309   -0.620657 0.000485511
          46   -0.622865   -0.620705 0.000477259
          47   -0.624457   -0.620785 0.000473768
          48   -0.618281   -0.620733 0.000466717
          49   -0.621937   -0.620757 0.000457753
          50   -0.619196   -0.620726  0.00044959
          51   -0.618074   -0.620674 0.000443743
          52   -0.619978   -0.620661 0.000435331
          53   -0.621413   -0.620675 0.000427274
          54   -0.622606   -0.620711  0.00042081
          55   -0.625162   -0.620791 0.000420944
          56   -0.620349   -0.620784 0.000413434
          57   -0.623727   -0.620835 0.000409387
          58   -0.619314   -0.620809  0.00040312
          59   -0.624133   -0.620865 0.000400213
          60   -0.620401   -0.620858 0.000393563
          61   -0.619771    -0.62084 0.000387467
          62   -0.618641   -0.620804 0.000382813
          63   -0.620008   -0.620792 0.000376899
          64   -0.623613   -0.620836 0.000373573
          65   -0.624024   -0.620885 0.000371037
          66   -0.619491   -0.620864 0.000365982
          67   -0.617669   -0.620816 0.000363618
          68   -0.621018   -0.620819 0.000358243
          69   -0.621756   -0.620833 0.000353274
          70   -0.622658   -0.620859 0.000349167
          71   -0.624275   -0.620907 0.000347561
          72   -0.623038   -0.620936 0.000343976
          73   -0.618247   -0.620899 0.000341226
          74    -0.62095     -0.6209 0.000336584
          75   -0.617312   -0.620852 0.000335495
          76   -0.623059   -0.620881 0.000332322
          77   -0.620214   -0.620873 0.000328092
          78   -0.621301   -0.620878 0.000323905
          79   -0.625762    -0.62094 0.000325699
          80   -0.625831   -0.621001 0.000327362
          81     -0.6188   -0.620974 0.000324435
          82   -0.625622   -0.621031 0.000325428
          83   -0.621625   -0.621038 0.000321563
          84   -0.616055   -0.620978 0.000323201
          85   -0.620205   -0.620969 0.000319506
          86   -0.620251   -0.620961 0.000315879
          87   -0.624224   -0.620999 0.000314472
          88   -0.621627   -0.621006  0.00031096
          89   -0.627079   -0.621074 0.000314929
          90   -0.624649   -0.621114 0.000313933
          91   -0.628302   -0.621193 0.000320357
          92   -0.622515   -0.621207 0.000317181
          93    -0.62301   -0.621226 0.000314351
          94   -0.624616   -0.621262 0.000313072
          95   -0.627063   -0.621324  0.00031572
          96   -0.621135   -0.621322  0.00031242
          97   -0.623506   -0.621344 0.000310001
          98   -0.618557   -0.621316 0.000308137
          99   -0.620478   -0.621307 0.000305126
         100   -0.622596    -0.62132 0.000302334
