           1     1.42585     1.42585           0
           2     1.53332     1.47959    0.053734
           3     1.52839     1.49586   0.0350306
           4     1.44908     1.48416   0.0273916
           5     1.51359     1.49005   0.0220184
           6     1.49215      1.4904   0.0179814
           7     1.53048     1.49612   0.0162399
           8     1.42216     1.48688   0.0168306
           9     1.54199       1.493   0.0160567
          10     1.53364     1.49707   0.0149254
          11     1.52667     1.49976   0.0137663
          12      1.5527     1.50417   0.0133188
          13     1.51442     1.50496   0.0122769
          14     1.58212     1.51047   0.0126319
          15      1.4581     1.50698   0.0122669
          16      1.4591     1.50399   0.0118585
          17     1.51328     1.50453   0.0111525
          18     1.49269     1.50387   0.0105353
          19     1.51306     1.50436  0.00997708
          20     1.51533     1.50491  0.00948096
          21     1.52533     1.50588  0.00907047
          22     1.48657       1.505  0.00869278
          23     1.55333      1.5071   0.0085679
          24     1.50298     1.50693  0.00820494
          25     1.46902     1.50541  0.00801463
          26     1.44848     1.50322  0.00800557
          27     1.51684     1.50373  0.00771985
          28     1.45116     1.50185  0.00767227
          29     1.51149     1.50218  0.00741044
          30     1.53449     1.50326  0.00723972
          31     1.47121     1.50223  0.00707819
          32      1.4771     1.50144  0.00689826
          33     1.48655     1.50099  0.00670117
          34     1.49423     1.50079  0.00650413
          35     1.53074     1.50165  0.00637326
          36     1.46017     1.50049  0.00629993
          37     1.45367     1.49923   0.0062566
          38     1.49295     1.49906  0.00609197
          39     1.56744     1.50082  0.00618731
          40     1.54031      1.5018  0.00611094
          41     1.56741      1.5034  0.00617106
          42     1.47032     1.50262  0.00607363
          43     1.50925     1.50277  0.00593271
          44     1.54993     1.50384  0.00589457
          45     1.50952     1.50397  0.00576348
          46     1.48675     1.50359  0.00564921
          47     1.44012     1.50224  0.00569028
          48     1.57512     1.50376  0.00577368
          49     1.50825     1.50385  0.00565536
          50     1.57719     1.50532  0.00573191
          51     1.53616     1.50593  0.00565085
          52     1.51316     1.50606  0.00554286
          53     1.45658     1.50513  0.00551685
          54       1.466     1.50441    0.005462
          55     1.49848      1.5043  0.00536285
          56     1.55645     1.50523  0.00534792
          57     1.53305     1.50572  0.00527587
          58      1.5095     1.50578  0.00518452
          59     1.50554     1.50578  0.00509589
          60     1.54268     1.50639  0.00504785
          61     1.53113      1.5068  0.00498095
          62     1.45097      1.5059    0.004982
          63      1.5012     1.50582  0.00490285
          64     1.51071      1.5059  0.00482624
          65     1.52604     1.50621   0.0047615
          66     1.48231     1.50585  0.00470277
          67     1.40698     1.50437  0.00486144
          68     1.55659     1.50514  0.00485058
          69     1.55408     1.50585  0.00483209
          70     1.45903     1.50518   0.0048093
          71     1.44451     1.50433  0.00481748
          72     1.52102     1.50456  0.00475575
          73     1.48665     1.50431  0.00469656
          74     1.57484     1.50527  0.00472968
          75     1.52691     1.50555  0.00467511
          76     1.48085     1.50523  0.00462462
          77     1.55293     1.50585  0.00460602
          78     1.51448     1.50596  0.00454793
          79     1.48301     1.50567  0.00449938
          80      1.6073     1.50694  0.00462084
          81     1.49007     1.50673  0.00456819
          82     1.52615     1.50697  0.00451834
          83     1.47479     1.50658  0.00448038
          84     1.54533     1.50704  0.00445069
          85     1.52996     1.50731  0.00440627
          86     1.50789     1.50732  0.00435474
          87     1.45378      1.5067  0.00434816
          88      1.4005      1.5055  0.00446467
          89      1.5658     1.50617  0.00446592
          90     1.49888     1.50609  0.00441677
          91     1.49304     1.50595  0.00437031
          92     1.49833     1.50587  0.00432334
          93     1.51234     1.50594  0.00427717
          94     1.55119     1.50642  0.00425872
          95     1.51216     1.50648  0.00421409
          96     1.53054     1.50673  0.00417749
          97     1.49064     1.50656  0.00413752
          98     1.43413     1.50582  0.00416125
          99     1.49445     1.50571   0.0041206
         100     1.54491      1.5061  0.00409798
