           1    0.454457    0.454457           0
           2    0.462735    0.458596  0.00413896
           3    0.454972    0.457388  0.00267761
           4     0.45775    0.457478  0.00189553
           5    0.486079    0.463199  0.00590559
           6    0.502815    0.469801  0.00817597
           7    0.440495    0.465615  0.00807932
           8    0.432995    0.461537   0.0080983
           9    0.465835    0.462015  0.00715797
          10    0.458705    0.461684  0.00641083
          11    0.469016     0.46235    0.005837
          12    0.448876    0.461227  0.00544545
          13    0.434582    0.459178   0.0054122
          14    0.433533    0.457346  0.00533504
          15    0.519735    0.461505  0.00647822
          16     0.40894     0.45822  0.00689311
          17    0.471246    0.458986  0.00652014
          18    0.432822    0.457533  0.00631676
          19    0.459782    0.457651  0.00597623
          20    0.423009    0.455919  0.00592823
          21    0.430283    0.454698   0.0057695
          22      0.4633    0.455089  0.00551488
          23    0.430526    0.454021  0.00537678
          24    0.446455    0.453706  0.00515752
          25    0.462515    0.454058  0.00495945
          26    0.473953    0.454823  0.00482593
          27    0.449274    0.454618   0.0046483
          28    0.468719    0.455122  0.00450744
          29    0.442907      0.4547  0.00436958
          30    0.429597    0.453864  0.00430355
          31    0.459934    0.454059  0.00416701
          32    0.437278    0.453535  0.00406863
          33      0.4318    0.452876  0.00399804
          34    0.458197    0.453033  0.00388182
          35    0.459665    0.453222  0.00377404
          36    0.437747    0.452793  0.00369281
          37    0.444665    0.452573  0.00359833
          38    0.425605    0.451863  0.00357354
          39    0.498537     0.45306   0.0036807
          40    0.414129    0.452087  0.00371718
          41    0.453821    0.452129  0.00362563
          42    0.464015    0.452412  0.00354955
          43    0.452551    0.452415  0.00346602
          44    0.439263    0.452116   0.0033995
          45    0.454733    0.452174  0.00332361
          46    0.457404    0.452288  0.00325254
          47    0.446627    0.452168  0.00318486
          48    0.411105    0.451312  0.00323304
          49    0.434213    0.450963  0.00318554
          50    0.450233    0.450949  0.00312122
          51    0.433961    0.450616  0.00307748
          52    0.433554    0.450287   0.0030355
          53    0.463035    0.450528  0.00298738
          54    0.444872    0.450423  0.00293341
          55    0.423591    0.449935  0.00292061
          56    0.435536    0.449678  0.00287949
          57    0.442648    0.449555  0.00283121
          58    0.452937    0.449613  0.00278258
          59    0.459856    0.449787  0.00274051
          60    0.458469    0.449932  0.00269833
          61    0.448197    0.449903  0.00265388
          62    0.472917    0.450274  0.00263698
          63    0.510928    0.451237  0.00276763
          64     0.43857    0.451039  0.00273123
          65    0.449987    0.451023  0.00268893
          66    0.466942    0.451264  0.00265884
          67    0.460527    0.451402   0.0026225
          68     0.46442    0.451594  0.00259073
          69    0.433753    0.451335  0.00256597
          70    0.447175    0.451276  0.00252974
          71    0.455083    0.451329  0.00249443
          72     0.44783    0.451281  0.00246002
          73    0.481977    0.451701  0.00246226
          74    0.466413      0.4519  0.00243688
          75    0.426566    0.451562  0.00242779
          76    0.442664    0.451445  0.00239849
          77    0.439934    0.451296  0.00237185
          78    0.432527    0.451055  0.00235358
          79    0.444175    0.450968  0.00232522
          80    0.474066    0.451257  0.00231406
          81    0.414233      0.4508  0.00233057
          82    0.476201    0.451109  0.00232273
          83    0.464153    0.451267  0.00229995
          84    0.459726    0.451367  0.00227463
          85    0.451005    0.451363  0.00224772
          86    0.455471    0.451411  0.00222194
          87    0.470519     0.45163  0.00220721
          88    0.439027    0.451487  0.00218668
          89    0.400337    0.450913  0.00223705
          90    0.476979    0.451202  0.00223094
          91    0.439391    0.451072   0.0022101
          92    0.453532    0.451099  0.00218611
          93    0.450582    0.451094  0.00216248
          94    0.424967    0.450816  0.00215733
          95    0.411474    0.450401   0.0021743
          96    0.454991    0.450449  0.00215207
          97     0.44522    0.450395  0.00213045
          98     0.47586    0.450655  0.00212454
          99    0.463453    0.450784  0.00210694
         100    0.441777    0.450694  0.00208771
