           1    0.930904    0.930904           0
           2     0.92344    0.927172    0.003732
           3    0.928248    0.927531  0.00218432
           4    0.931572    0.928541  0.00184564
           5    0.931264    0.929086  0.00152985
           6    0.922176    0.927934  0.00169896
           7      0.9285    0.928015  0.00143816
           8    0.929736     0.92823  0.00126393
           9    0.929324    0.928352  0.00112129
          10    0.924304    0.927947  0.00108151
          11    0.924724    0.927654  0.00102119
          12    0.925972    0.927514 0.000942691
          13    0.928188    0.927566   0.0008687
          14    0.929424    0.927698 0.000815141
          15    0.912876     0.92671  0.00124592
          16    0.934712     0.92721  0.00126822
          17    0.927144    0.927206  0.00119129
          18     0.93022    0.927374  0.00113557
          19    0.925548    0.927278  0.00107843
          20    0.933716      0.9276  0.00107254
          21    0.933648    0.927888  0.00106007
          22    0.926764    0.927837  0.00101202
          23    0.934848    0.928141  0.00101394
          24    0.928112     0.92814  0.00097077
          25    0.926828    0.928088 0.000932608
          26    0.926236    0.928016 0.000898846
          27    0.926612    0.927964 0.000866478
          28    0.924904    0.927855 0.000842083
          29    0.930352    0.927941 0.000817076
          30    0.931896    0.928073 0.000800302
          31     0.92786    0.928066 0.000774086
          32    0.930424     0.92814 0.000753119
          33    0.930176    0.928202 0.000732543
          34    0.924988    0.928107 0.000716929
          35    0.925508    0.928033 0.000700093
          36    0.932032    0.928144 0.000689378
          37    0.928304    0.928148 0.000670501
          38    0.931544    0.928238 0.000658708
          39     0.92604    0.928181 0.000644065
          40    0.937876    0.928424  0.00067292
          41      0.9277    0.928406  0.00065654
          42    0.926932    0.928371 0.000641678
          43    0.926316    0.928323 0.000628397
          44    0.935708    0.928491 0.000636477
          45    0.925332    0.928421  0.00062612
          46    0.927388    0.928398 0.000612769
          47    0.927904    0.928388 0.000599682
          48    0.933988    0.928504 0.000598537
          49    0.932528    0.928587 0.000591918
          50    0.929148    0.928598 0.000580068
          51    0.929816    0.928622 0.000569082
          52    0.929092    0.928631 0.000558104
          53    0.928632    0.928631 0.000547472
          54    0.926652    0.928594 0.000538486
          55     0.93002     0.92862  0.00052924
          56    0.930896    0.928661 0.000521291
          57    0.927008    0.928632 0.000512884
          58    0.930248     0.92866 0.000504733
          59    0.929132    0.928668 0.000496169
          60    0.930216    0.928693 0.000488512
          61    0.925116    0.928635 0.000484003
          62    0.927412    0.928615 0.000476541
          63     0.92106    0.928495 0.000484007
          64    0.929488    0.928511 0.000476637
          65    0.931016    0.928549 0.000470827
          66    0.921648    0.928445 0.000475283
          67    0.928048    0.928439 0.000468173
          68     0.92998    0.928461 0.000461793
          69    0.930192    0.928486 0.000455742
          70    0.929968    0.928508 0.000449683
          71       0.926    0.928472 0.000444708
          72    0.928404    0.928471 0.000438489
          73    0.927868    0.928463  0.00043252
          74     0.92372    0.928399 0.000431423
          75    0.932628    0.928455  0.00042935
          76     0.92784    0.928447 0.000423741
          77    0.926808    0.928426 0.000418743
          78    0.931428    0.928464 0.000415128
          79    0.926576    0.928441 0.000410536
          80    0.926732    0.928419 0.000405934
          81     0.93406    0.928489 0.000406895
          82     0.92262    0.928417 0.000408225
          83    0.925888    0.928387 0.000404426
          84     0.92988    0.928405 0.000399978
          85    0.926204    0.928379 0.000396091
          86    0.929056    0.928387 0.000391537
          87     0.93082    0.928414  0.00038802
          88    0.929828    0.928431 0.000383922
          89    0.936504    0.928521 0.000390272
          90    0.928728    0.928524 0.000385919
          91    0.926964    0.928506 0.000382039
          92    0.930968    0.928533 0.000378809
          93     0.92828     0.92853 0.000374724
          94    0.929928    0.928545 0.000371014
          95    0.935836    0.928622 0.000375024
          96    0.926404    0.928599 0.000371816
          97    0.932516    0.928639 0.000370172
          98     0.92556    0.928608  0.00036772
          99    0.927076    0.928592 0.000364316
         100    0.929596    0.928602 0.000360794
