           1     -1.1324     -1.1324           0
           2    -1.12825    -1.13033   0.0020784
           3    -1.13214    -1.13093  0.00134328
           4    -1.13119      -1.131 0.000952139
           5    -1.13216    -1.13123 0.000773671
           6    -1.12738    -1.13059 0.000900519
           7    -1.13154    -1.13072  0.00077313
           8    -1.13208    -1.13089 0.000690521
           9    -1.13153    -1.13096 0.000613066
          10    -1.12782    -1.13065 0.000632025
          11    -1.12858    -1.13046 0.000601709
          12    -1.12995    -1.13042 0.000550907
          13    -1.13124    -1.13048 0.000510654
          14    -1.13167    -1.13057 0.000480309
          15    -1.12204       -1.13 0.000723297
          16    -1.13437    -1.13027 0.000729768
          17    -1.13091    -1.13031  0.00068652
          18    -1.13116    -1.13036 0.000648996
          19    -1.12973    -1.13032 0.000614787
          20    -1.13494    -1.13055 0.000627161
          21    -1.13468    -1.13075  0.00062809
          22    -1.12906    -1.13067 0.000603745
          23    -1.13503    -1.13086 0.000607236
          24    -1.12998    -1.13083 0.000582543
          25    -1.12952    -1.13077 0.000561205
          26    -1.12942    -1.13072 0.000541718
          27      -1.129    -1.13066 0.000525146
          28    -1.12873    -1.13059 0.000510697
          29    -1.13093     -1.1306 0.000492908
          30    -1.13324    -1.13069 0.000484268
          31    -1.13072    -1.13069 0.000468387
          32    -1.13292    -1.13076 0.000458819
          33    -1.13177    -1.13079 0.000445752
          34    -1.12809    -1.13071 0.000439702
          35     -1.1296    -1.13068 0.000428138
          36    -1.13341    -1.13076 0.000422954
          37    -1.13038    -1.13075 0.000411489
          38      -1.132    -1.13078 0.000401866
          39    -1.12993    -1.13076 0.000392032
          40     -1.1373    -1.13092 0.000415604
          41     -1.1298    -1.13089 0.000406267
          42    -1.13082    -1.13089  0.00039648
          43    -1.12817    -1.13083 0.000392296
          44    -1.13422     -1.1309 0.000390963
          45    -1.12843    -1.13085 0.000386123
          46    -1.12917    -1.13081 0.000379406
          47    -1.13176    -1.13083 0.000371789
          48    -1.13434    -1.13091 0.000371228
          49    -1.13393    -1.13097 0.000368772
          50    -1.13057    -1.13096 0.000361408
          51    -1.13149    -1.13097 0.000354404
          52    -1.13104    -1.13097 0.000347524
          53    -1.13039    -1.13096  0.00034108
          54    -1.12954    -1.13093 0.000335739
          55    -1.13107    -1.13094 0.000329587
          56    -1.13156    -1.13095 0.000323841
          57    -1.12987    -1.13093 0.000318667
          58    -1.13196    -1.13095  0.00031363
          59    -1.13096    -1.13095 0.000308269
          60    -1.13059    -1.13094 0.000303147
          61     -1.1279    -1.13089 0.000302289
          62    -1.13065    -1.13089 0.000297398
          63    -1.12628    -1.13081 0.000301655
          64    -1.13151    -1.13083 0.000297105
          65    -1.13085    -1.13083 0.000292499
          66    -1.12749    -1.13077 0.000292434
          67    -1.13009    -1.13076 0.000288218
          68    -1.13076    -1.13076 0.000283948
          69    -1.13095    -1.13077 0.000279815
          70    -1.13112    -1.13077 0.000275836
          71    -1.13033    -1.13077 0.000271995
          72     -1.1305    -1.13076 0.000268217
          73    -1.12989    -1.13075 0.000264789
          74    -1.12814    -1.13072 0.000263565
          75    -1.13373    -1.13076 0.000263107
          76    -1.13138    -1.13076 0.000259751
          77    -1.13141    -1.13077 0.000256493
          78    -1.13253    -1.13079 0.000254179
          79    -1.12804    -1.13076  0.00025336
          80    -1.12802    -1.13073 0.000252508
          81    -1.13484    -1.13078 0.000254503
          82    -1.12793    -1.13074 0.000253761
          83    -1.12839    -1.13071 0.000252276
          84    -1.13178    -1.13073 0.000249576
          85    -1.12902    -1.13071  0.00024744
          86     -1.1302     -1.1307 0.000244616
          87    -1.13188    -1.13071 0.000242171
          88    -1.13089    -1.13072 0.000239412
          89    -1.13549    -1.13077 0.000242717
          90    -1.13076    -1.13077 0.000240005
          91    -1.13046    -1.13077 0.000237376
          92    -1.13297    -1.13079 0.000236001
          93    -1.12937    -1.13077 0.000233949
          94    -1.13222    -1.13079 0.000231956
          95    -1.13611    -1.13085 0.000236239
          96     -1.1291    -1.13083 0.000234474
          97    -1.13382    -1.13086  0.00023409
          98    -1.12962    -1.13085 0.000232036
          99    -1.12983    -1.13084 0.000229908
         100    -1.13242    -1.13085 0.000228145
