           1    0.601063    0.601063           0
           2    0.742626    0.671844   0.0707819
           3    0.682944    0.675544   0.0410331
           4    0.590589    0.654305   0.0359576
           5     0.67905    0.659254   0.0282889
           6    0.831778    0.688008   0.0368822
           7    0.662696    0.684392   0.0313802
           8    0.608824    0.674946   0.0287709
           9    0.680053    0.675514   0.0253799
          10     0.68964    0.676926   0.0227444
          11    0.769407    0.685334   0.0222246
          12    0.666824    0.683791   0.0203468
          13    0.652103    0.681354   0.0188744
          14     0.63662    0.678158    0.017764
          15    0.927942    0.694811   0.0234687
          16    0.536972    0.684946   0.0240676
          17    0.728518    0.687509   0.0227524
          18    0.592115    0.682209   0.0220962
          19    0.682886    0.682245   0.0209009
          20    0.587757     0.67752   0.0203834
          21    0.582417    0.672992   0.0199104
          22     0.63361    0.671202    0.019068
          23    0.583813    0.667402    0.018612
          24    0.627037     0.66572   0.0178989
          25    0.687074    0.666574   0.0171892
          26    0.697411     0.66776   0.0165574
          27    0.653155    0.667219   0.0159416
          28    0.721974    0.669175   0.0154856
          29    0.599701    0.666779   0.0151329
          30    0.614264    0.665029   0.0147242
          31    0.686766     0.66573   0.0142586
          32    0.663406    0.665657    0.013806
          33    0.594097    0.663489   0.0135557
          34    0.687167    0.664185   0.0131694
          35    0.712747    0.665573   0.0128626
          36    0.612661    0.664103   0.0125863
          37    0.648857    0.663691   0.0122484
          38    0.574636    0.661347   0.0121498
          39     0.74688     0.66354   0.0120357
          40    0.548535    0.660665   0.0120782
          41    0.669614    0.660884   0.0117819
          42     0.70058    0.661829   0.0115367
          43    0.624976    0.660972   0.0112978
          44    0.553608    0.658532   0.0113045
          45    0.647259    0.658281   0.0110533
          46    0.657185    0.658257   0.0108104
          47     0.70072    0.659161   0.0106164
          48    0.542872    0.656738   0.0106715
          49    0.601196    0.655605   0.0105127
          50    0.628856     0.65507   0.0103142
          51    0.609033    0.654167   0.0101502
          52    0.609622     0.65331  0.00998986
          53    0.641151    0.653081  0.00980224
          54    0.634432    0.652736   0.0096252
          55    0.577144    0.651361  0.00954802
          56     0.59072    0.650278  0.00943829
          57    0.656085     0.65038  0.00927179
          58    0.642406    0.650243  0.00911157
          59    0.702078    0.651121  0.00899879
          60    0.613588    0.650496  0.00886963
          61    0.653717    0.650548  0.00872317
          62    0.770538    0.652484  0.00879685
          63    0.802315    0.654862  0.00897686
          64    0.628963    0.654457  0.00884475
          65    0.608203    0.653746  0.00873664
          66    0.764452    0.655423  0.00876524
          67    0.684548    0.655858  0.00864436
          68    0.659092    0.655905  0.00851642
          69    0.586661    0.654902  0.00845188
          70    0.600951    0.654131  0.00836584
          71    0.702824    0.654817  0.00827564
          72    0.625276    0.654407   0.0081702
          73    0.694062     0.65495  0.00807579
          74    0.718772    0.655812  0.00801246
          75    0.598347    0.655046  0.00794196
          76    0.662681    0.655147   0.0078374
          77     0.69013    0.655601  0.00774828
          78    0.613937    0.655067  0.00766693
          79    0.615884    0.654571  0.00758549
          80    0.647414    0.654481   0.0074906
          81    0.563892    0.653363  0.00748161
          82    0.799813    0.655149  0.00760257
          83    0.669264    0.655319  0.00751234
          84    0.644837    0.655194  0.00742341
          85    0.661952    0.655274  0.00733599
          86    0.625105    0.654923  0.00725867
          87    0.659946    0.654981  0.00717498
          88    0.619928    0.654582  0.00710416
          89     0.50985    0.652956  0.00720968
          90    0.666879    0.653111   0.0071308
          91     0.64446    0.653016  0.00705264
          92    0.650053    0.652984  0.00697563
          93    0.638998    0.652833  0.00690186
          94    0.614513    0.652425   0.0068402
          95    0.585201    0.651718  0.00680471
          96    0.702331    0.652245  0.00675406
          97    0.618879    0.651901  0.00669291
          98    0.736534    0.652765  0.00668032
          99    0.717497    0.653419  0.00664475
         100    0.632409    0.653208  0.00658132
