           1     55.6705     55.6705           0
           2     59.2662     57.4683     1.79782
           3     68.1833       61.04     3.71943
           4     59.9369     60.7642     2.64445
           5     52.8574     59.1829     2.58778
           6     55.8483     58.6271     2.18479
           7     52.7568     57.7885     2.02799
           8     55.4527     57.4965      1.7804
           9     60.1617     57.7926     1.59785
          10     57.7833     57.7917     1.42916
          11     60.1824      58.009     1.31086
          12     56.5769     57.8897     1.20259
          13     53.0897     57.5205     1.16621
          14     51.2617     57.0734     1.16859
          15     59.7311     57.2506     1.10224
          16     53.3302     57.0056     1.05976
          17     53.8555     56.8203     1.01257
          18     63.4146     57.1866     1.02254
          19     63.5311     57.5205     1.02325
          20     55.5824     57.4236    0.975563
          21     59.1016     57.5035    0.931379
          22     59.0291     57.5729    0.890738
          23     60.8675     57.7161    0.863099
          24     63.7444     57.9673    0.863686
          25     57.2371     57.9381    0.828933
          26     64.3755     58.1857    0.834012
          27     57.1422      58.147    0.803458
          28     49.1749     57.8266    0.837921
          29     49.7163     57.5469    0.855513
          30     62.0414     57.6968    0.839972
          31     70.0817     58.0963    0.905343
          32     67.6817     58.3958    0.926361
          33       69.57     58.7344     0.95958
          34     62.9418     58.8582    0.939118
          35     51.6771      58.653    0.934688
          36     60.7474     58.7112    0.910215
          37     64.8047     58.8759    0.900462
          38     62.0946     58.9606    0.880529
          39     62.2746     59.0455    0.861853
          40     63.8539     59.1658    0.848588
          41     64.1941     59.2884     0.83667
          42     60.1165     59.3081    0.816744
          43     57.3267      59.262    0.798854
          44     57.5951     59.2242    0.781406
          45     63.4524     59.3181    0.769601
          46     59.0857     59.3131    0.752702
          47     60.1216     59.3303    0.736714
          48     63.8214     59.4238    0.727246
          49       63.56     59.5082    0.717234
          50      55.608     59.4302    0.707059
          51     60.8104     59.4573    0.693585
          52     58.2364     59.4338    0.680521
          53     59.0684     59.4269    0.667593
          54     58.1296     59.4029    0.655554
          55     59.4773     59.4043    0.643526
          56     61.0579     59.4338     0.63262
          57     62.0474     59.4796    0.623111
          58     54.2183     59.3889    0.618957
          59     65.5498     59.4933    0.617272
          60     59.9734     59.5013     0.60695
          61      50.947     59.3611    0.613169
          62     51.4484     59.2335    0.616551
          63     54.5782     59.1596    0.611169
          64     62.9795     59.2193    0.604498
          65     59.7217      59.227    0.595175
          66     55.3696     59.1686    0.588995
          67     65.5317     59.2635     0.58786
          68     57.9544     59.2443     0.57947
          69     66.4999     59.3494    0.580612
          70     63.6272     59.4105    0.575511
          71     63.7438     59.4716    0.570621
          72     51.1761     59.3564    0.574315
          73        57.4     59.3296    0.567027
          74     56.7608     59.2949    0.560388
          75     70.3862     59.4427    0.572303
          76     59.0324     59.4373    0.564748
          77     54.2529       59.37    0.561417
          78     61.2736     59.3944     0.55471
          79     60.5917     59.4096    0.547853
          80     61.3053     59.4333     0.54148
          81     57.2926     59.4068    0.535406
          82     57.9949     59.3896    0.529117
          83     55.7936     59.3463    0.524496
          84     60.6162     59.3614    0.518434
          85     56.0895     59.3229    0.513743
          86     65.0546     59.3896     0.51209
          87     64.2454     59.4454    0.509237
          88     67.2062     59.5336    0.511084
          89     64.1849     59.5858    0.508004
          90     55.2468     59.5376    0.504636
          91     60.6814     59.5502    0.499218
          92     57.8363     59.5316    0.494113
          93     60.1539     59.5383    0.488817
          94     63.6961     59.5825    0.485608
          95     59.6235     59.5829    0.480469
          96     61.2128     59.5999    0.475741
          97     63.0907     59.6359    0.472184
          98     48.6404     59.5237    0.480621
          99     61.2417      59.541    0.476058
         100     54.4215     59.4898    0.474046
