           1   -0.950856   -0.950856           0
           2   -0.955112   -0.952984    0.002128
           3    -0.96508   -0.957016  0.00421503
           4   -0.955096   -0.956536  0.00301888
           5    -0.94624   -0.954477  0.00311585
           6    -0.95088   -0.953877  0.00261375
           7   -0.944408   -0.952525  0.00259032
           8   -0.950976   -0.952331  0.00225162
           9   -0.955808   -0.952717  0.00202297
          10   -0.954096   -0.952855  0.00181465
          11   -0.957592   -0.953286  0.00169695
          12    -0.95268   -0.953235  0.00154992
          13   -0.947424   -0.952788  0.00149416
          14   -0.947136   -0.952385  0.00144104
          15   -0.955608   -0.952599  0.00135863
          16   -0.947568   -0.952285  0.00130921
          17    -0.94892   -0.952087  0.00124562
          18   -0.959368   -0.952492  0.00124209
          19   -0.960632    -0.95292  0.00125058
          20   -0.951824   -0.952865  0.00118767
          21   -0.954984   -0.952966   0.0011342
          22   -0.955112   -0.953064  0.00108581
          23   -0.956832   -0.953227  0.00105038
          24    -0.96044   -0.953528   0.0010496
          25   -0.951752   -0.953457  0.00100925
          26   -0.960752   -0.953738  0.00100943
          27    -0.95304   -0.953712 0.000971671
          28    -0.94328   -0.953339  0.00100772
          29   -0.943664   -0.953006    0.001028
          30   -0.960536   -0.953257  0.00102437
          31   -0.967304    -0.95371  0.00108948
          32   -0.965136   -0.954067  0.00111368
          33     -0.9668   -0.954453   0.0011463
          34   -0.959048   -0.954588  0.00112026
          35   -0.944744   -0.954307  0.00112355
          36   -0.956792   -0.954376  0.00109408
          37   -0.960472    -0.95454  0.00107678
          38   -0.958944   -0.954656  0.00105445
          39   -0.958888   -0.954765  0.00103277
          40   -0.958656   -0.954862  0.00101131
          41   -0.962032   -0.955037  0.00100172
          42   -0.955688   -0.955052 0.000977698
          43    -0.95436   -0.955036 0.000954826
          44   -0.952096   -0.954969 0.000935264
          45   -0.958128    -0.95504 0.000916934
          46   -0.950056   -0.954931   0.0009033
          47   -0.955264   -0.954938   0.0008839
          48   -0.960752    -0.95506 0.000873725
          49   -0.958904   -0.955138 0.000859298
          50   -0.950672   -0.955049 0.000846661
          51   -0.955728   -0.955062 0.000830001
          52   -0.954096   -0.955043 0.000814094
          53   -0.956304   -0.955067 0.000798941
          54   -0.953128   -0.955031 0.000784828
          55   -0.955816   -0.955046 0.000770558
          56   -0.957712   -0.955093  0.00075817
          57   -0.958536   -0.955154 0.000747195
          58   -0.950656   -0.955076 0.000738283
          59   -0.963072   -0.955212 0.000738209
          60   -0.955728    -0.95522 0.000725852
          61   -0.945888   -0.955067 0.000730063
          62   -0.947456   -0.954944 0.000728607
          63   -0.950512   -0.954874 0.000720393
          64   -0.957168    -0.95491 0.000709953
          65   -0.956232    -0.95493 0.000699241
          66   -0.952728   -0.954897 0.000689373
          67   -0.962568   -0.955011 0.000688591
          68   -0.953184   -0.954984 0.000678921
          69    -0.96256   -0.955094 0.000677958
          70   -0.959048   -0.955151 0.000670586
          71   -0.959952   -0.955218 0.000664523
          72   -0.946456   -0.955097 0.000666435
          73   -0.954568   -0.955089 0.000657282
          74   -0.952776   -0.955058 0.000649092
          75   -0.966696   -0.955213 0.000658911
          76    -0.95528   -0.955214 0.000650184
          77   -0.950048   -0.955147 0.000645183
          78   -0.956192   -0.955161 0.000636998
          79   -0.956872   -0.955182 0.000629256
          80   -0.954672   -0.955176 0.000621374
          81   -0.954304   -0.955165 0.000613749
          82   -0.951192   -0.955117 0.000608151
          83   -0.952576   -0.955086 0.000601558
          84     -0.9554    -0.95509 0.000594366
          85   -0.951616   -0.955049 0.000588752
          86   -0.962192   -0.955132 0.000587764
          87   -0.961272   -0.955202  0.00058524
          88   -0.962728   -0.955288 0.000584837
          89   -0.959752   -0.955338   0.0005804
          90   -0.950256   -0.955282 0.000576686
          91   -0.957192   -0.955303   0.0005707
          92    -0.95424   -0.955291 0.000564581
          93   -0.955432   -0.955293 0.000558479
          94   -0.959432   -0.955337 0.000554258
          95   -0.956192   -0.955346 0.000548466
          96   -0.955976   -0.955352 0.000542763
          97     -0.9586   -0.955386 0.000538181
          98   -0.942968   -0.955259 0.000547525
          99   -0.959072   -0.955298 0.000543333
         100   -0.949104   -0.955236 0.000541426
