           1    0.393664    0.393664           0
           2    0.393591    0.393628 3.63478e-05
           3    0.365559    0.384272  0.00935615
           4    0.374101    0.381729  0.00708758
           5    0.421676    0.389718  0.00969394
           6     0.39966    0.391375  0.00808666
           7    0.464835     0.40187   0.0125235
           8    0.384927    0.399752   0.0110505
           9    0.394424     0.39916  0.00976359
          10    0.429227    0.402167  0.00923593
          11    0.366962    0.398966  0.00894625
          12    0.404129    0.399396  0.00817809
          13    0.431908    0.401897  0.00792757
          14    0.380132    0.400343  0.00750235
          15    0.388217    0.399534  0.00703094
          16      0.4361     0.40182   0.0069626
          17    0.417658    0.402751  0.00660625
          18    0.392185    0.402164  0.00625603
          19    0.364893    0.400203  0.00623428
          20    0.369566    0.398671  0.00610952
          21    0.385765    0.398056  0.00584371
          22    0.411575    0.398671  0.00560554
          23    0.418731    0.399543  0.00542683
          24    0.372332    0.398409  0.00531806
          25    0.427129    0.399558  0.00522867
          26    0.379887    0.398801   0.0050802
          27    0.411537    0.399273  0.00491113
          28    0.412053    0.399729  0.00475444
          29     0.42875     0.40073  0.00469544
          30    0.361103    0.399409  0.00472463
          31     0.34789    0.397747  0.00486251
          32    0.354675    0.396401  0.00489673
          33    0.356893    0.395204  0.00489471
          34     0.39591    0.395225  0.00474861
          35    0.411963    0.395703  0.00463567
          36     0.38653    0.395448  0.00451226
          37    0.388406    0.395258  0.00439274
          38      0.3817    0.394901  0.00429044
          39     0.39522    0.394909  0.00417899
          40     0.41586    0.395433  0.00410671
          41    0.365757    0.394709  0.00407017
          42    0.364636    0.393993   0.0040361
          43    0.393129    0.393973  0.00394117
          44    0.437991    0.394974   0.0039784
          45    0.387864    0.394816  0.00389219
          46    0.469421    0.396437  0.00413774
          47    0.422818    0.396999  0.00408747
          48    0.369097    0.396417  0.00404341
          49    0.379147    0.396065  0.00397569
          50    0.417433    0.396492  0.00391873
          51     0.39262    0.396416  0.00384188
          52     0.41209    0.396718  0.00377931
          53    0.387878    0.396551  0.00371107
          54     0.40666    0.396738   0.0036465
          55    0.387877    0.396577  0.00358321
          56    0.381865    0.396314  0.00352844
          57    0.410515    0.396563  0.00347493
          58    0.382474    0.396321  0.00342312
          59    0.330394    0.395203   0.0035453
          60    0.430068    0.395784  0.00353381
          61    0.401225    0.395873  0.00347654
          62    0.388881    0.395761  0.00342186
          63    0.389854    0.395667  0.00336842
          64    0.392618    0.395619  0.00331571
          65    0.355842    0.395007  0.00332117
          66    0.376317    0.394724   0.0032827
          67    0.389046    0.394639  0.00323444
          68    0.380764    0.394435  0.00319305
          69    0.364722    0.394005  0.00317576
          70    0.420452    0.394382  0.00315279
          71    0.364324    0.393959  0.00313676
          72    0.408476    0.394161  0.00309946
          73    0.406204    0.394326  0.00306115
          74    0.384683    0.394195  0.00302231
          75    0.359663    0.393735  0.00301708
          76    0.405494     0.39389  0.00298114
          77    0.393441    0.393884  0.00294217
          78    0.397259    0.393927  0.00290453
          79    0.395712     0.39395  0.00286762
          80    0.427757    0.394372  0.00286291
          81    0.391332    0.394335  0.00282759
          82     0.45115    0.395028  0.00287756
          83    0.347386    0.394454  0.00290005
          84    0.386003    0.394353  0.00286708
          85    0.424639    0.394709  0.00285547
          86    0.349778    0.394187  0.00287002
          87    0.347342    0.393649  0.00288749
          88    0.398638    0.393705  0.00285505
          89     0.40557    0.393839  0.00282594
          90    0.381847    0.393705  0.00279754
          91    0.403854    0.393817  0.00276887
          92    0.419138    0.394092   0.0027524
          93    0.409959    0.394263  0.00272799
          94    0.404681    0.394373  0.00270108
          95    0.399798    0.394431  0.00267311
          96    0.379631    0.394276  0.00264961
          97    0.412661    0.394466  0.00262899
          98    0.391271    0.394433  0.00260223
          99     0.37476    0.394235  0.00258347
         100    0.425097    0.394543  0.00257605
