           1    0.967848    0.967848           0
           2    0.967684    0.967766     8.2e-05
           3     0.97052    0.968684  0.00091922
           4     0.96816    0.968553 0.000663056
           5    0.967392    0.968321 0.000563652
           6    0.963676    0.967547 0.000900602
           7    0.964452    0.967105 0.000880224
           8    0.966528    0.967032 0.000765696
           9    0.969888     0.96735 0.000746102
          10    0.966968    0.967312 0.000668425
          11    0.967576    0.967336 0.000605091
          12    0.970092    0.967565 0.000598225
          13    0.967172    0.967535 0.000551118
          14     0.96872     0.96762 0.000517208
          15    0.962504    0.967279 0.000590043
          16    0.973004    0.967636 0.000657782
          17    0.965284    0.967498 0.000633185
          18     0.97178    0.967736 0.000642623
          19    0.966024    0.967646 0.000614502
          20    0.972912    0.967909 0.000639673
          21       0.971    0.968056 0.000625999
          22    0.967764    0.968043 0.000597014
          23     0.96804    0.968043 0.000570467
          24    0.969816    0.968117 0.000551154
          25    0.967864    0.968107 0.000528745
          26    0.966252    0.968035 0.000512986
          27      0.9668     0.96799 0.000495737
          28     0.96538    0.967896 0.000486711
          29    0.966384    0.967844 0.000472515
          30    0.967808    0.967843 0.000456495
          31    0.965304    0.967761 0.000449056
          32    0.965924    0.967704 0.000438571
          33    0.966864    0.967678 0.000425834
          34    0.969064    0.967719 0.000415125
          35    0.970856    0.967809 0.000412934
          36     0.96976    0.967863 0.000404944
          37    0.969748    0.967914 0.000397129
          38    0.965048    0.967838 0.000393826
          39    0.966136    0.967795  0.00038607
          40    0.968772    0.967819 0.000377087
          41    0.964596    0.967741 0.000376083
          42    0.961704    0.967597 0.000394159
          43    0.968152     0.96761   0.0003851
          44     0.96952    0.967653 0.000378742
          45    0.968092    0.967663 0.000370358
          46     0.96602    0.967627 0.000363974
          47    0.970444    0.967687 0.000361153
          48    0.966852     0.96767 0.000353977
          49    0.969896    0.967715 0.000349642
          50    0.968268    0.967726 0.000342756
          51    0.967584    0.967723  0.00033598
          52    0.967404    0.967717 0.000329513
          53     0.96776    0.967718 0.000323237
          54    0.969132    0.967744 0.000318273
          55    0.966644    0.967724 0.000313073
          56    0.971472    0.967791 0.000314631
          57    0.965368    0.967749 0.000311972
          58    0.970184    0.967791 0.000309408
          59    0.969388    0.967818 0.000305322
          60     0.97306    0.967905 0.000312646
          61    0.965968    0.967873 0.000309114
          62    0.966296    0.967848 0.000305149
          63    0.963272    0.967775 0.000308927
          64    0.969536    0.967803 0.000305304
          65    0.971052    0.967853 0.000304698
          66    0.964272    0.967799 0.000304912
          67    0.967704    0.967797  0.00030033
          68    0.969064    0.967816 0.000296466
          69     0.97118    0.967865 0.000296179
          70    0.968804    0.967878 0.000292225
          71     0.96986    0.967906 0.000289429
          72    0.968172     0.96791 0.000285405
          73    0.970252    0.967942 0.000283292
          74     0.96968    0.967965 0.000280423
          75     0.97068    0.968001 0.000279017
          76    0.971544    0.968048 0.000279239
          77    0.968088    0.968048 0.000275589
          78    0.965176    0.968012 0.000274514
          79    0.969416    0.968029   0.0002716
          80      0.9692    0.968044 0.000268582
          81     0.97112    0.968082  0.00026795
          82    0.966904    0.968068 0.000265052
          83    0.966844    0.968053 0.000262254
          84    0.968484    0.968058 0.000259164
          85     0.96794    0.968057   0.0002561
          86    0.971168    0.968093 0.000255677
          87     0.96904    0.968104 0.000252956
          88    0.966212    0.968082 0.000250987
          89    0.969656      0.9681  0.00024878
          90    0.969208    0.968112 0.000246308
          91     0.96534    0.968082 0.000245484
          92    0.970032    0.968103 0.000243725
          93    0.966712    0.968088 0.000241553
          94    0.969392    0.968102 0.000239372
          95    0.972644     0.96815 0.000241617
          96    0.966216     0.96813 0.000239934
          97    0.971104     0.96816 0.000239419
          98    0.964948    0.968127  0.00023922
          99     0.96872    0.968133 0.000236867
         100    0.967708    0.968129 0.000234525
