           1     0.29653     0.29653           0
           2    0.288731     0.29263   0.0038994
           3    0.265343    0.283535  0.00937031
           4    0.289149    0.284938  0.00677285
           5    0.293614    0.286673  0.00552574
           6    0.326419    0.293298  0.00801482
           7    0.320628    0.297202  0.00781843
           8    0.279932    0.295043  0.00710677
           9    0.282455    0.293645  0.00642175
          10    0.285801     0.29286   0.0057971
          11    0.284187    0.292072  0.00530262
          12    0.283239    0.291336  0.00489626
          13    0.300536    0.292043  0.00455917
          14    0.283225    0.291414  0.00426771
          15    0.327743    0.293836  0.00465305
          16    0.251176    0.291169  0.00510424
          17    0.299945    0.291686  0.00482231
          18      0.2481    0.289264  0.00515113
          19    0.295121    0.289572  0.00488223
          20    0.244943    0.287341  0.00514121
          21    0.265015    0.286278   0.0050045
          22    0.292081    0.286542  0.00477888
          23      0.2961    0.286957  0.00458525
          24    0.271465    0.286312  0.00443725
          25    0.292016     0.28654  0.00426217
          26    0.308309    0.287377  0.00417968
          27    0.288431    0.287416  0.00402209
          28    0.310368    0.288236  0.00396152
          29    0.294515    0.288452   0.0038286
          30    0.289065    0.288473  0.00369884
          31    0.299655    0.288833  0.00359567
          32    0.297876    0.289116  0.00349294
          33    0.285863    0.289017  0.00338688
          34    0.278962    0.288722  0.00329904
          35    0.266046    0.288074  0.00326825
          36    0.275572    0.287727   0.0031951
          37    0.287246    0.287714  0.00310757
          38    0.300026    0.288038  0.00304199
          39    0.301068    0.288372  0.00298175
          40     0.27409    0.288015   0.0029281
          41     0.31241     0.28861  0.00291711
          42    0.324792    0.289471  0.00297431
          43     0.29433    0.289584  0.00290651
          44    0.287229    0.289531  0.00284019
          45    0.284638    0.289422  0.00277848
          46    0.287845    0.289388  0.00271763
          47    0.269367    0.288962  0.00269308
          48    0.297139    0.289132  0.00264188
          49     0.27237     0.28879  0.00260991
          50    0.275826    0.288531  0.00257029
          51    0.277742    0.288319  0.00252826
          52    0.279447    0.288148  0.00248503
          53     0.29148    0.288211   0.0024385
          54    0.265285    0.287787  0.00243029
          55    0.288055    0.287792   0.0023857
          56     0.26113    0.287316  0.00239059
          57    0.304163    0.287611  0.00236681
          58     0.28316    0.287534  0.00232691
          59    0.281678    0.287435  0.00228928
          60    0.250277    0.286816  0.00233445
          61    0.301641    0.287059  0.00230869
          62    0.303904    0.287331  0.00228734
          63    0.318725    0.287829  0.00230524
          64    0.267019    0.287504  0.00229212
          65      0.2708    0.287247  0.00227116
          66    0.283047    0.287183  0.00223739
          67    0.302092    0.287406  0.00221495
          68    0.285453    0.287377  0.00218233
          69    0.268916    0.287109  0.00216704
          70     0.28021    0.287011  0.00213813
          71    0.265206    0.286704  0.00213006
          72    0.294454    0.286811  0.00210302
          73    0.270946    0.286594  0.00208537
          74    0.260273    0.286238  0.00208752
          75     0.27128    0.286039  0.00206914
          76    0.262926    0.285735  0.00206425
          77    0.279999     0.28566  0.00203863
          78     0.29083    0.285727  0.00201341
          79    0.280002    0.285654  0.00198909
          80     0.29378    0.285756  0.00196669
          81    0.247381    0.285282   0.0019992
          82    0.284766    0.285276  0.00197468
          83    0.297379    0.285421  0.00195619
          84    0.290694    0.285484  0.00193378
          85    0.284245     0.28547  0.00191095
          86    0.260654    0.285181  0.00191051
          87    0.283241    0.285159  0.00188856
          88    0.292177    0.285239  0.00186868
          89    0.267214    0.285036  0.00185863
          90    0.280562    0.284986  0.00183853
          91    0.297535    0.285124  0.00182344
          92    0.273564    0.284999  0.00180788
          93    0.292122    0.285075  0.00178997
          94     0.26833    0.284897  0.00177977
          95    0.261086    0.284646  0.00177868
          96    0.294436    0.284748  0.00176301
          97    0.268333    0.284579  0.00175293
          98    0.308163     0.28482  0.00175156
          99    0.273791    0.284708  0.00173735
         100    0.287574    0.284737  0.00172013
