           1    -1.16654    -1.16654           0
           2    -1.16694    -1.16674   0.0002036
           3    -1.16934    -1.16761 0.000872884
           4    -1.16628    -1.16727 0.000700627
           5    -1.16763    -1.16735 0.000547349
           6    -1.16398    -1.16678 0.000717845
           7    -1.16488    -1.16651 0.000664733
           8    -1.16658    -1.16652 0.000575733
           9    -1.16755    -1.16663 0.000520368
          10    -1.16675    -1.16665 0.000465564
          11    -1.16644    -1.16663  0.00042152
          12    -1.16883    -1.16681 0.000426497
          13    -1.16638    -1.16678 0.000393729
          14    -1.16765    -1.16684 0.000369784
          15      -1.163    -1.16658 0.000428811
          16    -1.17051    -1.16683 0.000470298
          17    -1.16579    -1.16677  0.00044596
          18    -1.17025    -1.16696 0.000462849
          19    -1.16608    -1.16692 0.000440285
          20    -1.17081    -1.16711  0.00046077
          21     -1.1697    -1.16723 0.000455248
          22    -1.16558    -1.16716 0.000440483
          23      -1.167    -1.16715 0.000420952
          24    -1.16868    -1.16722    0.000408
          25    -1.16684     -1.1672  0.00039162
          26    -1.16653    -1.16717 0.000377138
          27    -1.16614    -1.16714 0.000364902
          28    -1.16567    -1.16708 0.000355517
          29    -1.16528    -1.16702 0.000348603
          30    -1.16772    -1.16705  0.00033759
          31    -1.16562      -1.167 0.000329735
          32    -1.16511    -1.16694 0.000324661
          33    -1.16688    -1.16694 0.000314675
          34    -1.16742    -1.16695 0.000305609
          35    -1.16836    -1.16699 0.000299443
          36    -1.16912    -1.16705 0.000296946
          37    -1.16772    -1.16707 0.000289369
          38    -1.16487    -1.16701 0.000287562
          39    -1.16687    -1.16701 0.000280116
          40    -1.16812    -1.16704 0.000274441
          41    -1.16493    -1.16698  0.00027256
          42    -1.16235    -1.16687 0.000287981
          43    -1.16653    -1.16687  0.00028132
          44    -1.16745    -1.16688 0.000275171
          45    -1.16607    -1.16686 0.000269592
          46    -1.16489    -1.16682 0.000267118
          47    -1.16926    -1.16687 0.000266473
          48    -1.16655    -1.16686  0.00026095
          49    -1.16869     -1.1669 0.000258276
          50    -1.16714    -1.16691 0.000253104
          51    -1.16744    -1.16692  0.00024831
          52    -1.16607     -1.1669 0.000244027
          53     -1.1658    -1.16688 0.000240276
          54    -1.16789     -1.1669 0.000236528
          55    -1.16602    -1.16688 0.000232729
          56    -1.16947    -1.16693 0.000233163
          57    -1.16576    -1.16691 0.000229949
          58    -1.16872    -1.16694 0.000228092
          59     -1.1673    -1.16694 0.000224277
          60    -1.17028      -1.167 0.000227421
          61    -1.16534    -1.16697 0.000225318
          62    -1.16611    -1.16696 0.000222093
          63    -1.16401    -1.16691  0.00022351
          64    -1.16812    -1.16693 0.000220802
          65    -1.16793    -1.16695 0.000217921
          66    -1.16566    -1.16693 0.000215474
          67    -1.16603    -1.16691 0.000212657
          68    -1.16788    -1.16693 0.000209984
          69     -1.1692    -1.16696 0.000209531
          70    -1.16726    -1.16697 0.000206562
          71     -1.1688    -1.16699 0.000205257
          72    -1.16639    -1.16698 0.000202556
          73    -1.16834      -1.167 0.000200623
          74    -1.16803    -1.16702 0.000198383
          75     -1.1682    -1.16703 0.000196356
          76     -1.1703    -1.16707 0.000198474
          77    -1.16751    -1.16708  0.00019596
          78    -1.16513    -1.16705 0.000195038
          79    -1.16718    -1.16706 0.000192559
          80    -1.16688    -1.16705  0.00019015
          81    -1.17059     -1.1671   0.0001928
          82    -1.16672    -1.16709 0.000190489
          83    -1.16588    -1.16708 0.000188746
          84    -1.16744    -1.16708 0.000186535
          85    -1.16696    -1.16708 0.000184334
          86    -1.16912    -1.16711 0.000183716
          87    -1.16739    -1.16711 0.000181622
          88    -1.16518    -1.16709 0.000180881
          89    -1.16814     -1.1671 0.000179227
          90    -1.16774    -1.16711 0.000177367
          91    -1.16578    -1.16709 0.000176011
          92    -1.16837     -1.1671 0.000174645
          93    -1.16599    -1.16709 0.000173172
          94    -1.16793     -1.1671 0.000171554
          95    -1.16942    -1.16713  0.00017149
          96    -1.16539    -1.16711 0.000170659
          97    -1.16872    -1.16712 0.000169711
          98    -1.16468     -1.1671 0.000169816
          99    -1.16702     -1.1671 0.000168094
         100    -1.16693     -1.1671 0.000166413
