           1    0.305931    0.305931           0
           2    0.323562    0.314747  0.00881557
           3     0.27915    0.302881   0.0129111
           4    0.289449    0.299523  0.00972756
           5    0.362139    0.312046   0.0146152
           6     0.38439    0.324103   0.0169641
           7    0.384652    0.332753   0.0167444
           8     0.33414    0.332927   0.0145021
           9    0.267231    0.325627   0.0147261
          10    0.329968    0.326061   0.0131786
          11    0.314275     0.32499   0.0119685
          12    0.296261    0.322596    0.011185
          13    0.331067    0.323247   0.0103093
          14    0.320008    0.323016  0.00954734
          15    0.388851    0.327405  0.00991271
          16     0.24047    0.321972   0.0107471
          17    0.378117    0.325274   0.0106217
          18    0.256295    0.321442   0.0107224
          19    0.355661    0.323243    0.010301
          20    0.238123    0.318987    0.010659
          21    0.285437    0.317389   0.0102638
          22    0.289837    0.316137  0.00986598
          23    0.315307    0.316101  0.00942734
          24    0.309438    0.315823  0.00903026
          25    0.324219    0.316159  0.00866803
          26    0.372317    0.318319  0.00860351
          27    0.320181    0.318388  0.00827902
          28    0.406486    0.321534  0.00857589
          29    0.321102    0.321519   0.0082749
          30    0.360757    0.322827   0.0081006
          31    0.354882    0.323861  0.00790287
          32    0.314108    0.323557  0.00765799
          33    0.338128    0.323998  0.00743543
          34    0.302576    0.323368  0.00724089
          35    0.258319     0.32151  0.00727245
          36    0.321969    0.321522  0.00706757
          37    0.288438    0.320628  0.00693181
          38    0.370056    0.321929  0.00687117
          39    0.370375    0.323171  0.00680697
          40    0.313622    0.322932  0.00663891
          41    0.383008    0.324398  0.00663868
          42    0.401492    0.326233   0.0067337
          43    0.301575     0.32566   0.0066002
          44    0.273019    0.324463  0.00655849
          45    0.276883    0.323406   0.0064977
          46    0.318192    0.323293  0.00635588
          47    0.292643    0.322641  0.00625328
          48    0.331878    0.322833  0.00612464
          49    0.283669    0.322034  0.00605136
          50    0.287528    0.321344  0.00596913
          51     0.31672    0.321253  0.00585162
          52    0.294255    0.320734  0.00576142
          53    0.290001    0.320154  0.00568134
          54     0.27716    0.319358   0.0056317
          55    0.309921    0.319186  0.00553102
          56    0.260965    0.318147  0.00552997
          57    0.392447     0.31945  0.00558629
          58    0.290536    0.318952  0.00551172
          59    0.273495    0.318181  0.00547201
          60    0.226976    0.316661  0.00559066
          61    0.335802    0.316975  0.00550719
          62    0.367512     0.31779  0.00547861
          63    0.402934    0.319141  0.00555778
          64    0.278396    0.318505  0.00550717
          65    0.247633    0.317414  0.00553033
          66    0.369877    0.318209   0.0055036
          67    0.317451    0.318198  0.00542084
          68    0.311323    0.318097  0.00534149
          69    0.261118    0.317271  0.00532789
          70    0.288326    0.316858  0.00526748
          71    0.292089    0.316509  0.00520447
          72    0.296337    0.316229  0.00513931
          73    0.298838     0.31599  0.00507402
          74    0.263108    0.315276  0.00505574
          75    0.257207    0.314501  0.00504761
          76     0.28622    0.314129  0.00499464
          77    0.324514    0.314264  0.00493119
          78    0.328518    0.314447  0.00487099
          79    0.269417    0.313877   0.0048426
          80    0.302261    0.313732  0.00478388
          81    0.292983    0.313476  0.00473139
          82    0.330945    0.313689  0.00467819
          83    0.318083    0.313742  0.00462179
          84    0.314444     0.31375  0.00456644
          85    0.318666    0.313808  0.00451277
          86    0.256709    0.313144  0.00450914
          87    0.303053    0.313028  0.00445851
          88    0.332563     0.31325  0.00441314
          89    0.281912    0.312898  0.00437746
          90    0.307884    0.312842  0.00432891
          91    0.355976    0.313316  0.00430723
          92    0.271989    0.312867  0.00428378
          93    0.318682    0.312929  0.00423793
          94     0.28901    0.312675  0.00420031
          95    0.229246    0.311797  0.00424764
          96    0.328155    0.311967  0.00420661
          97    0.265977    0.311493  0.00418993
          98    0.360981    0.311998  0.00417759
          99     0.27956     0.31167  0.00414814
         100     0.30342    0.311588  0.00410728
