           1   -0.942445   -0.942445           0
           2   -0.945919   -0.944182   0.0017372
           3   -0.942918   -0.943761  0.00108783
           4   -0.946334   -0.944404  0.00100269
           5   -0.950653   -0.945654  0.00147144
           6   -0.945882   -0.945692  0.00120203
           7   -0.944558    -0.94553  0.00102872
           8   -0.943218   -0.945241 0.000936616
           9   -0.950232   -0.945795 0.000994912
          10   -0.942685   -0.945484 0.000942678
          11   -0.949789   -0.945876 0.000938186
          12   -0.946261   -0.945908 0.000857044
          13   -0.941526   -0.945571  0.00085741
          14   -0.945573   -0.945571 0.000793807
          15   -0.949126   -0.945808 0.000776079
          16   -0.943621   -0.945671 0.000738713
          17   -0.944418   -0.945597 0.000697807
          18   -0.944033   -0.945511 0.000663617
          19   -0.948362   -0.945661 0.000645405
          20   -0.944526   -0.945604 0.000614905
          21   -0.947404    -0.94569  0.00059114
          22   -0.939514   -0.945409 0.000629671
          23    -0.94324   -0.945315 0.000609017
          24     -0.9367   -0.944956 0.000684713
          25   -0.942574    -0.94486 0.000663624
          26   -0.938269   -0.944607 0.000686144
          27   -0.948742    -0.94476  0.00067777
          28   -0.947105   -0.944844 0.000658462
          29   -0.938201   -0.944615 0.000675383
          30   -0.937364   -0.944373 0.000695807
          31   -0.941306   -0.944274 0.000680222
          32   -0.942638   -0.944223 0.000660603
          33   -0.944786    -0.94424 0.000640499
          34   -0.943159   -0.944208 0.000622188
          35   -0.949479   -0.944359 0.000622637
          36   -0.944343   -0.944358 0.000605095
          37   -0.941296   -0.944276 0.000594305
          38   -0.940501   -0.944176 0.000586922
          39    -0.94447   -0.944184 0.000571724
          40   -0.937002   -0.944004 0.000585455
          41   -0.942236   -0.943961 0.000572624
          42   -0.943004   -0.943938 0.000559288
          43   -0.951095   -0.944105 0.000570925
          44   -0.928071    -0.94374 0.000666278
          45   -0.945438   -0.943778 0.000652396
          46   -0.946966   -0.943847 0.000641809
          47   -0.942335   -0.943815 0.000628829
          48   -0.943148   -0.943801 0.000615746
          49   -0.949976   -0.943927 0.000616074
          50   -0.938211   -0.943813 0.000614357
          51   -0.936327   -0.943666 0.000619821
          52   -0.939625   -0.943589 0.000612734
          53   -0.947976   -0.943671 0.000606736
          54   -0.948054   -0.943752 0.000600901
          55   -0.940634   -0.943696 0.000592594
          56   -0.947296    -0.94376 0.000585456
          57   -0.936767   -0.943637 0.000588033
          58   -0.955002   -0.943833 0.000610123
          59   -0.939202   -0.943755 0.000604807
          60   -0.942618   -0.943736 0.000594943
          61   -0.944814   -0.943754 0.000585376
          62   -0.940396   -0.943699 0.000578397
          63   -0.941616   -0.943666 0.000570102
          64   -0.942087   -0.943642 0.000561666
          65   -0.946206   -0.943681 0.000554364
          66   -0.949037   -0.943762 0.000551898
          67   -0.945466   -0.943788 0.000544192
          68   -0.942666   -0.943771 0.000536383
          69    -0.94002   -0.943717 0.000531341
          70   -0.945626   -0.943744 0.000524405
          71   -0.947963   -0.943804  0.00052037
          72   -0.941518   -0.943772 0.000514073
          73   -0.936635   -0.943674 0.000516322
          74   -0.937286   -0.943588  0.00051656
          75   -0.937367   -0.943505 0.000516331
          76   -0.939583   -0.943453 0.000512098
          77   -0.939609   -0.943403 0.000507864
          78   -0.944402   -0.943416 0.000501474
          79   -0.953464   -0.943543 0.000511162
          80   -0.949613   -0.943619 0.000510402
          81   -0.942826   -0.943609 0.000504157
          82   -0.950175   -0.943689 0.000504367
          83   -0.941783   -0.943666 0.000498783
          84   -0.936589   -0.943582  0.00049996
          85   -0.937103   -0.943506 0.000499888
          86   -0.946926   -0.943546 0.000495639
          87   -0.944282   -0.943554 0.000489982
          88   -0.945062   -0.943571 0.000484685
          89   -0.948349   -0.943625 0.000482205
          90   -0.950379     -0.9437 0.000482687
          91   -0.939638   -0.943655 0.000479436
          92   -0.938265   -0.943597 0.000477802
          93   -0.942957    -0.94359 0.000472686
          94    -0.93987    -0.94355 0.000469303
          95   -0.945657   -0.943572 0.000464865
          96   -0.943214   -0.943569 0.000460013
          97   -0.950132   -0.943636 0.000460247
          98    -0.94423   -0.943642 0.000455566
          99   -0.942554   -0.943631 0.000451075
         100   -0.941834   -0.943614 0.000446903
