           1     1.58933     1.58933           0
           2      1.8875     1.73841    0.149085
           3     1.84123     1.77269   0.0926461
           4     1.71036      1.7571   0.0673384
           5      1.7195     1.74958   0.0526994
           6     1.87061     1.76975   0.0475219
           7     1.66335     1.75455   0.0429435
           8     1.84922     1.76639   0.0390276
           9     1.69419     1.75836   0.0353416
          10     1.79696     1.76222   0.0318452
          11     1.70693      1.7572   0.0292405
          12     1.78083     1.75917   0.0267653
          13     1.89276     1.76944   0.0266791
          14     1.73157     1.76674   0.0248478
          15     1.65102     1.75902   0.0243846
          16     1.89855     1.76774   0.0244198
          17     1.81035     1.77025    0.023075
          18     1.78679     1.77117   0.0217747
          19     1.74948     1.77003   0.0206284
          20      1.7737     1.77021   0.0195707
          21     1.60299     1.76225    0.020247
          22      1.8033     1.76411   0.0193947
          23     1.71123     1.76181   0.0186744
          24     1.86735     1.76621   0.0184122
          25     1.85723     1.76985   0.0180317
          26     1.97139      1.7776   0.0189793
          27     1.60649     1.77127   0.0193312
          28      1.8098     1.77264   0.0186788
          29     1.81274     1.77402   0.0180762
          30     1.92652     1.77911    0.018188
          31     1.74534     1.77802   0.0176252
          32     1.80854     1.77897   0.0170922
          33     1.66253     1.77544   0.0169378
          34     1.82809     1.77699   0.0165048
          35     1.71852     1.77532   0.0161132
          36     1.82896     1.77681   0.0157299
          37     1.80736     1.77764   0.0153211
          38     1.82552      1.7789   0.0149656
          39     1.82461     1.78007   0.0146239
          40     1.95557     1.78446   0.0149136
          41     1.96521     1.78887   0.0151987
          42     1.76857     1.78838   0.0148403
          43     1.70117     1.78635   0.0146324
          44     2.06457     1.79268   0.0156318
          45      1.8407     1.79374   0.0153177
          46      1.7046     1.79181   0.0151058
          47     1.89531     1.79401   0.0149441
          48     1.75535      1.7932   0.0146516
          49     1.69238     1.79115   0.0144963
          50     1.91783     1.79368   0.0144276
          51     1.78165     1.79344   0.0141438
          52      1.9279     1.79603   0.0141081
          53     1.83785     1.79682   0.0138619
          54     1.87504     1.79827   0.0136796
          55     1.80357     1.79836    0.013429
          56      1.6677     1.79603   0.0133918
          57     1.82726     1.79658   0.0131662
          58        1.64     1.79388   0.0132158
          59     1.76754     1.79343   0.0129976
          60     1.80822     1.79368   0.0127815
          61     1.75336     1.79302   0.0125876
          62     1.78338     1.79286   0.0123839
          63     1.84119     1.79363   0.0122098
          64     1.80111     1.79375   0.0120181
          65     1.80651     1.79394   0.0118334
          66      1.6889     1.79235   0.0117609
          67     1.87942     1.79365   0.0116567
          68     1.81837     1.79401   0.0114898
          69      1.8488     1.79481   0.0113498
          70      1.8007     1.79489   0.0111868
          71     1.78431     1.79474   0.0110291
          72     1.85462     1.79557   0.0109066
          73     1.81708     1.79587   0.0107602
          74     1.81027     1.79606   0.0106156
          75     1.84766     1.79675   0.0104957
          76     1.92454     1.79843   0.0104923
          77     1.84861     1.79908   0.0103756
          78     1.69581     1.79776   0.0103269
          79     1.62338     1.79555   0.0104316
          80     1.69264     1.79427   0.0103804
          81     1.74811      1.7937   0.0102672
          82     1.74523     1.79311   0.0101585
          83     1.84935     1.79378   0.0100582
          84     1.94003     1.79552   0.0100891
          85     1.87146     1.79642   0.0100096
          86     1.69035     1.79518  0.00996912
          87     1.85388     1.79586  0.00987693
          88     1.70264      1.7948  0.00982134
          89     1.63799     1.79304  0.00986892
          90      1.8119     1.79325   0.0097609
          91     1.82832     1.79363  0.00966073
          92     1.81346     1.79385  0.00955758
          93     1.75894     1.79347   0.0094617
          94     1.74448     1.79295  0.00937501
          95     1.80534     1.79308  0.00927671
          96     1.73176     1.79244  0.00920177
          97     1.82132     1.79274  0.00911127
          98      1.6914     1.79171  0.00907693
          99     1.67607     1.79054  0.00906038
         100     1.89509     1.79158  0.00903005
