           1    0.657687    0.657687           0
           2    0.693954    0.675821   0.0181338
           3    0.687917    0.679853   0.0112192
           4    0.681274    0.680208  0.00794109
           5    0.726807    0.689528   0.0111667
           6     0.70015    0.691298  0.00928785
           7     0.69338    0.691596   0.0078553
           8    0.718753     0.69499  0.00760283
           9    0.673969    0.692654  0.00710025
          10    0.706097    0.693999  0.00649136
          11    0.672698    0.692062  0.00618272
          12    0.703389    0.693006   0.0057224
          13    0.686599    0.692513  0.00528687
          14     0.68387    0.691896  0.00493347
          15    0.691767    0.691887  0.00459282
          16    0.718112    0.693526  0.00459824
          17    0.699575    0.693882  0.00433392
          18    0.677594    0.692977  0.00418506
          19    0.680479    0.692319  0.00401295
          20    0.700519    0.692729  0.00382903
          21    0.639676    0.690203  0.00443255
          22    0.695124    0.690427  0.00423218
          23    0.686371     0.69025  0.00404784
          24    0.708577    0.691014  0.00395002
          25    0.686758    0.690844  0.00379255
          26    0.697319    0.691093  0.00365227
          27    0.680217     0.69069   0.0035374
          28    0.710948    0.691414  0.00348466
          29    0.682436    0.691104  0.00337658
          30    0.702666    0.691489  0.00328477
          31    0.688228    0.691384  0.00317879
          32    0.683928    0.691151  0.00308666
          33    0.667157    0.690424  0.00307875
          34    0.711934    0.691057  0.00305309
          35    0.693953    0.691139  0.00296573
          36    0.697453    0.691315   0.0028875
          37    0.702608     0.69162  0.00282491
          38    0.691344    0.691613  0.00274958
          39    0.685303    0.691451  0.00268303
          40    0.719421     0.69215  0.00270697
          41    0.719286    0.692812  0.00272181
          42    0.699569    0.692973  0.00266108
          43    0.677819    0.692621  0.00262225
          44    0.699132    0.692769  0.00256623
          45     0.69371    0.692789  0.00250864
          46    0.667724    0.692245  0.00251328
          47    0.727537    0.692995  0.00257131
          48    0.689202    0.692916  0.00251841
          49    0.673911    0.692529  0.00249679
          50    0.721361    0.693105  0.00251339
          51    0.686533    0.692976  0.00246698
          52    0.709888    0.693302  0.00244084
          53    0.689357    0.693227   0.0023955
          54    0.717688     0.69368  0.00239396
          55    0.683787      0.6935  0.00235691
          56     0.69974    0.693612  0.00231712
          57    0.668342    0.693168  0.00231887
          58    0.668427    0.692742  0.00231813
          59    0.693766    0.692759  0.00227857
          60      0.7045    0.692955   0.0022488
          61    0.685046    0.692825  0.00221542
          62    0.718742    0.693243  0.00221912
          63    0.706742    0.693457   0.0021941
          64    0.705422    0.693644  0.00216763
          65    0.715503    0.693981  0.00216035
          66    0.686939    0.693874  0.00213004
          67    0.713253    0.694163  0.00211785
          68    0.698146    0.694222   0.0020873
          69    0.674388    0.693934  0.00207681
          70    0.684134    0.693794  0.00205171
          71    0.706696    0.693976  0.00203075
          72    0.723404    0.694385  0.00204364
          73    0.685938    0.694269  0.00201877
          74    0.678565    0.694057  0.00200258
          75     0.69709    0.694097  0.00197611
          76    0.723844    0.694489  0.00198883
          77       0.724    0.694872   0.0019999
          78    0.700095    0.694939  0.00197523
          79    0.692415    0.694907  0.00195033
          80    0.694407    0.694901   0.0019258
          81    0.672001    0.694618  0.00192278
          82     0.68242    0.694469    0.001905
          83    0.709479     0.69465  0.00189058
          84      0.7243    0.695003  0.00190099
          85    0.707515     0.69515  0.00188426
          86    0.682273    0.695001  0.00186823
          87    0.704085    0.695105  0.00184958
          88    0.691068    0.695059  0.00182901
          89    0.663023    0.694699  0.00184382
          90    0.701094     0.69477  0.00182461
          91    0.689798    0.694716  0.00180527
          92    0.692565    0.694692  0.00178569
          93    0.696184    0.694708  0.00176646
          94    0.685616    0.694611  0.00175024
          95    0.686373    0.694525  0.00173389
          96    0.696439    0.694545  0.00171585
          97    0.683463     0.69443  0.00170191
          98    0.693765    0.694424  0.00168447
          99    0.676178    0.694239  0.00167752
         100    0.706027    0.694357  0.00166484
