           1    0.705424    0.705424           0
           2    0.704196     0.70481    0.000614
           3    0.703232    0.704284 0.000634304
           4    0.713388     0.70656  0.00231977
           5    0.724264    0.710101  0.00397065
           6    0.703452    0.708993  0.00342617
           7    0.713632    0.709655  0.00297053
           8    0.705248    0.709105  0.00263088
           9     0.71704    0.709986  0.00248211
          10    0.705784    0.709566  0.00225948
          11    0.718144    0.710346   0.0021875
          12    0.714664    0.710706  0.00202907
          13    0.697068    0.709657  0.00214108
          14    0.708144    0.709549   0.0019852
          15    0.718472    0.710143  0.00194151
          16    0.698424    0.709411  0.00195826
          17    0.702648    0.709013  0.00188199
          18    0.705524    0.708819  0.00178491
          19    0.712248       0.709  0.00169798
          20    0.709072    0.709003  0.00161085
          21      0.7113    0.709113  0.00153612
          22    0.700008    0.708699  0.00152198
          23     0.70708    0.708629    0.001456
          24     0.69606    0.708105  0.00148914
          25    0.701232     0.70783  0.00145455
          26    0.691504    0.707202  0.00153207
          27    0.715988    0.707527  0.00150972
          28    0.712284    0.707697  0.00146469
          29    0.692924    0.707188  0.00150229
          30     0.69234    0.706693  0.00153342
          31    0.702568     0.70656  0.00148909
          32    0.699152    0.706328  0.00146027
          33    0.706292    0.706327  0.00141533
          34    0.708676    0.706396   0.0013748
          35    0.719476     0.70677  0.00138627
          36    0.704516    0.706707  0.00134866
          37     0.70016     0.70653  0.00132359
          38    0.697544    0.706294  0.00130981
          39    0.706348    0.706295  0.00127579
          40    0.692932    0.705961  0.00128758
          41     0.69842    0.705777  0.00126918
          42     0.70638    0.705792  0.00123868
          43    0.715796    0.706024   0.0012317
          44    0.672916    0.705272  0.00141927
          45    0.708032    0.705333  0.00138873
          46    0.712232    0.705483  0.00136646
          47    0.702636    0.705423  0.00133844
          48     0.70778    0.705472  0.00131118
          49     0.71512    0.705669  0.00129915
          50    0.697176    0.705499  0.00128418
          51    0.689676    0.705189  0.00129642
          52    0.696404     0.70502  0.00128242
          53     0.70852    0.705086  0.00125973
          54    0.709872    0.705174  0.00123935
          55    0.699168    0.705065   0.0012215
          56     0.71972    0.705327  0.00122771
          57    0.689356    0.705047   0.0012381
          58    0.725448    0.705398  0.00126639
          59    0.698212    0.705277  0.00125069
          60    0.705012    0.705272  0.00122967
          61    0.707508    0.705309   0.0012099
          62      0.7013    0.705244  0.00119198
          63     0.70036    0.705167  0.00117547
          64    0.704356    0.705154  0.00115703
          65    0.707512     0.70519  0.00113966
          66    0.715024    0.705339  0.00113211
          67    0.707408     0.70537  0.00111551
          68    0.703292     0.70534  0.00109941
          69     0.69574      0.7052  0.00109226
          70    0.710368    0.705274  0.00107907
          71    0.714296    0.705401  0.00107132
          72    0.704908    0.705394  0.00105636
          73    0.693696    0.705234  0.00105404
          74    0.691272    0.705046  0.00105668
          75    0.692156    0.704874  0.00105657
          76    0.695476     0.70475  0.00104988
          77    0.700564    0.704696  0.00103758
          78    0.708168     0.70474  0.00102516
          79     0.72532    0.705001  0.00104509
          80    0.716944     0.70515  0.00104269
          81    0.708008    0.705185  0.00103034
          82    0.716796    0.705327   0.0010275
          83    0.701676    0.705283    0.001016
          84    0.693224    0.705139  0.00101404
          85    0.695196    0.705022  0.00100885
          86    0.711548    0.705098 0.000999929
          87    0.705692    0.705105 0.000988393
          88    0.709388    0.705154 0.000978308
          89    0.714264    0.705256 0.000972654
          90    0.713976    0.705353 0.000966654
          91    0.696272    0.705253 0.000961167
          92    0.694564    0.705137 0.000957736
          93    0.705784    0.705144 0.000947407
          94    0.701108    0.705101 0.000938257
          95    0.707404    0.705125 0.000928644
          96    0.708988    0.705165 0.000919801
          97     0.71442    0.705261 0.000915255
          98    0.709632    0.705305 0.000906965
          99    0.704888    0.705301 0.000897767
         100    0.701572    0.705264 0.000889526
