1    3.14178    0
2    3.14061    0.00117052
3    3.14057    0.000676951
4    3.14101    0.000652002
5    3.14133    0.000597017
6    3.14151    0.000521019
7    3.14163    0.000455466
8    3.14156    0.000400701
9    3.14158    0.000353889
10    3.14132    0.000405535
11    3.14147    0.000394626
12    3.1416    0.000383016
13    3.14153    0.000359335
14    3.14162    0.000343976
15    3.14176    0.000351248
16    3.14175    0.000328741
17    3.14181    0.00031531
18    3.14188    0.000303754
19    3.14191    0.000289705
20    3.14186    0.000279211
21    3.14184    0.000266315
22    3.14185    0.000253934
23    3.14189    0.000247164
24    3.14183    0.000243793
25    3.14179    0.000238411
26    3.14178    0.000229143
27    3.14178    0.0002205
28    3.14182    0.000216024
29    3.14181    0.000208929
30    3.1417    0.000229817
31    3.14168    0.000223088
32    3.14168    0.000216004
33    3.14163    0.000214623
34    3.14158    0.000215339
35    3.14157    0.000209308
36    3.14157    0.000203411
37    3.14158    0.000197958
38    3.14159    0.000193242
39    3.1416    0.000188427
40    3.14159    0.000183927
41    3.14158    0.000179596
42    3.14155    0.000177504
43    3.14151    0.000178716
44    3.14156    0.000181933
45    3.14154    0.000178849
46    3.1415    0.000179011
47    3.14151    0.000175571
48    3.14151    0.000171876
49    3.14149    0.000170629
50    3.14145    0.000170538
51    3.14147    0.000168637
52    3.14151    0.000169588
53    3.1415    0.000166909
54    3.14149    0.000163936
55    3.14147    0.000162082
56    3.14148    0.000159496
57    3.14149    0.000157118
58    3.14149    0.000154389
59    3.14149    0.000151865
60    3.14148    0.000149342
61    3.14149    0.000146941
62    3.14149    0.000144553
63    3.14147    0.00014317
64    3.1415    0.000144376
65    3.14153    0.000144101
66    3.14153    0.00014192
67    3.14153    0.000139793
68    3.14154    0.000138078
69    3.14152    0.000136804
70    3.1415    0.000137016
71    3.14151    0.000135416
72    3.14152    0.000134462
73    3.14154    0.000133484
74    3.14154    0.000131764
75    3.14152    0.000133121
76    3.1415    0.000132817
77    3.14154    0.000139371
78    3.14156    0.000138519
79    3.14156    0.000136772
80    3.14157    0.000135316
81    3.14155    0.000134105
82    3.14157    0.000133693
83    3.14157    0.000132094
84    3.14158    0.000130959
85    3.14157    0.000129556
86    3.14157    0.000128198
87    3.14157    0.000126756
88    3.14158    0.000125363
89    3.14158    0.000123947
90    3.14158    0.000122624
91    3.14156    0.000123022
92    3.14155    0.000121829
93    3.14156    0.000120777
94    3.14157    0.000119592
95    3.14158    0.000119129
96    3.14158    0.000118008
97    3.14157    0.000117233
98    3.14159    0.000117834
99    3.14161    0.000117414
100    3.14159    0.00011753
