           1    0.281084    0.281084           0
           2    0.277385    0.279234   0.0018494
           3    0.281614    0.280027  0.00133014
           4    0.284296    0.281094  0.00142242
           5     0.28317     0.28151  0.00117743
           6    0.280709    0.281376 0.000970585
           7    0.279367    0.281089 0.000869066
           8    0.274173    0.280225  0.00114619
           9    0.283921    0.280635  0.00109108
          10      0.2791    0.280482 0.000987906
          11    0.288783    0.281236  0.00116965
          12     0.28168    0.281273  0.00106838
          13    0.279947    0.281171 0.000988042
          14    0.287181    0.281601  0.00101045
          15    0.279199     0.28144 0.000954214
          16    0.281063    0.281417 0.000892896
          17    0.279799    0.281322 0.000844114
          18    0.281901    0.281354 0.000796489
          19    0.281016    0.281336 0.000753613
          20    0.284582    0.281498 0.000733128
          21    0.280586    0.281455 0.000698697
          22    0.276258    0.281219 0.000706817
          23    0.280644    0.281194 0.000675849
          24    0.283712    0.281299 0.000655529
          25    0.274306    0.281019 0.000688177
          26    0.285896    0.281207 0.000687276
          27     0.29078    0.281561 0.000750387
          28     0.28311    0.281616 0.000725205
          29    0.291108    0.281944 0.000772512
          30    0.288298    0.282156 0.000775795
          31    0.281804    0.282144 0.000750438
          32    0.283326    0.282181 0.000727547
          33      0.2808    0.282139 0.000706397
          34    0.276705    0.281979   0.0007037
          35    0.271703    0.281686 0.000743715
          36     0.28252    0.281709 0.000723132
          37    0.279624    0.281653 0.000705571
          38    0.276751    0.281524 0.000698764
          39    0.278939    0.281457  0.00068383
          40    0.287898    0.281618 0.000685688
          41    0.283356    0.281661 0.000670096
          42    0.290533    0.281872  0.00068722
          43    0.284603    0.281936 0.000674046
          44    0.283446     0.28197 0.000659443
          45    0.273377    0.281779 0.000672311
          46    0.277346    0.281683 0.000664558
          47    0.284482    0.281742 0.000652987
          48     0.27663    0.281636 0.000648049
          49    0.281508    0.281633 0.000634691
          50     0.29176    0.281836 0.000654022
          51    0.279068    0.281781 0.000643362
          52    0.284011    0.281824 0.000632323
          53    0.279078    0.281772 0.000622438
          54    0.280501    0.281749 0.000611256
          55    0.287025    0.281845 0.000607659
          56    0.281588     0.28184 0.000596727
          57    0.286012    0.281913 0.000590717
          58    0.283393    0.281939 0.000581003
          59      0.2819    0.281938 0.000571071
          60    0.278931    0.281888 0.000563704
          61    0.272978    0.281742 0.000573308
          62    0.283661    0.281773 0.000564834
          63    0.280032    0.281745 0.000556483
          64    0.278345    0.281692  0.00055029
          65    0.279475    0.281658 0.000542831
          66    0.274669    0.281552  0.00054493
          67    0.270285    0.281384 0.000562463
          68    0.291447    0.281532 0.000573552
          69    0.289977    0.281654 0.000578278
          70    0.278799    0.281614 0.000571416
          71    0.275333    0.281525 0.000570214
          72    0.283161    0.281548 0.000562697
          73    0.286693    0.281618 0.000559394
          74    0.278873    0.281581 0.000553028
          75    0.282229     0.28159 0.000545673
          76    0.277286    0.281533 0.000541415
          77    0.277478    0.281481 0.000536926
          78    0.283496    0.281506 0.000530627
          79    0.283424    0.281531 0.000524429
          80     0.28269    0.281545 0.000518035
          81    0.275641    0.281472 0.000516767
          82    0.292262    0.281604 0.000527114
          83    0.283847    0.281631 0.000521425
          84    0.277118    0.281577 0.000517974
          85    0.273974    0.281488 0.000519602
          86    0.282284    0.281497 0.000513608
          87    0.270935    0.281376 0.000521985
          88    0.289318    0.281466 0.000523853
          89    0.281678    0.281468 0.000517939
          90    0.281716    0.281471 0.000512159
          91     0.28387    0.281497 0.000507185
          92    0.289753    0.281587 0.000509604
          93    0.277003    0.281538 0.000506499
          94    0.287753    0.281604 0.000505426
          95    0.282458    0.281613 0.000500158
          96     0.27334    0.281527 0.000502368
          97     0.28495    0.281562 0.000498412
          98    0.283385    0.281581 0.000493651
          99    0.294449    0.281711 0.000505633
         100    0.275477    0.281648 0.000504418
