           1    0.257172    0.257172           0
           2    0.260148     0.25866    0.001488
           3    0.261412    0.259577   0.0012568
           4     0.26606    0.261198  0.00184833
           5    0.260112    0.260981  0.00144809
           6    0.268416     0.26222  0.00171278
           7    0.270024    0.263335  0.00182711
           8    0.260656       0.263  0.00161737
           9    0.272112    0.264012  0.00174918
          10    0.261992     0.26381   0.0015775
          11    0.273896    0.264727  0.00169609
          12    0.265768    0.264814  0.00155074
          13    0.257712    0.264268   0.0015275
          14     0.26294    0.264173  0.00141737
          15    0.261096    0.263968  0.00133535
          16    0.259224    0.263671  0.00128381
          17     0.24776    0.262735  0.00152652
          18    0.264932    0.262857  0.00144439
          19    0.262504    0.262839  0.00136638
          20     0.26574    0.262984  0.00130435
          21     0.26562    0.263109  0.00124702
          22     0.26522    0.263205  0.00119285
          23     0.25434     0.26282  0.00120322
          24    0.268136    0.263041   0.0011731
          25    0.250944    0.262557  0.00122483
          26    0.258264    0.262392  0.00118831
          27    0.263528    0.262434  0.00114423
          28    0.257104    0.262244  0.00111892
          29      0.2668    0.262401  0.00109102
          30    0.264236    0.262462  0.00105579
          31    0.250728    0.262084  0.00108907
          32    0.263248     0.26212  0.00105511
          33     0.25588    0.261931  0.00103997
          34    0.259272    0.261853  0.00101195
          35      0.2625    0.261871 0.000982786
          36    0.265892    0.261983 0.000961604
          37     0.26534    0.262074 0.000939645
          38    0.264824    0.262146 0.000917442
          39    0.266476    0.262257 0.000900479
          40    0.264056    0.262302  0.00087883
          41    0.265272    0.262375 0.000860182
          42    0.256092    0.262225 0.000852675
          43    0.263896    0.262264 0.000833516
          44    0.258484    0.262178  0.00081887
          45    0.256204    0.262045   0.0008114
          46    0.260584    0.262013   0.0007942
          47      0.2602    0.261975 0.000778076
          48    0.268116    0.262103 0.000772364
          49      0.2557    0.261972  0.00076764
          50    0.265084    0.262034 0.000754701
          51    0.259888    0.261992 0.000740952
          52    0.265024    0.262051 0.000728898
          53    0.259292    0.261998 0.000716905
          54    0.266448    0.262081 0.000708313
          55    0.269768    0.262221 0.000709223
          56    0.264972     0.26227 0.000698174
          57    0.265692     0.26233 0.000688439
          58    0.259792    0.262286 0.000677879
          59    0.258976     0.26223 0.000668648
          60     0.26274    0.262238 0.000657465
          61    0.265188    0.262287 0.000648402
          62    0.271728    0.262439 0.000655783
          63    0.266088    0.262497 0.000647884
          64    0.267712    0.262578 0.000642866
          65    0.260128    0.262541  0.00063402
          66    0.256788    0.262454 0.000630395
          67    0.262944    0.262461 0.000620958
          68    0.267664    0.262537 0.000616524
          69     0.26224    0.262533 0.000607539
          70    0.253348    0.262402 0.000613005
          71    0.264592    0.262433 0.000605096
          72    0.264424     0.26246 0.000597274
          73     0.25488    0.262357 0.000598118
          74    0.257696    0.262294 0.000593332
          75    0.264764    0.262327 0.000586294
          76    0.266332    0.262379 0.000580924
          77    0.265716    0.262423 0.000574965
          78    0.267712     0.26249 0.000571582
          79    0.263644    0.262505  0.00056449
          80     0.26084    0.262484 0.000557777
          81    0.266444    0.262533 0.000553013
          82    0.262736    0.262536 0.000546233
          83    0.263264    0.262544 0.000539683
          84     0.26812    0.262611 0.000537335
          85     0.26596     0.26265 0.000532436
          86    0.267444    0.262706 0.000529153
          87    0.262544    0.262704 0.000523039
          88    0.262052    0.262697 0.000517114
          89      0.2654    0.262727 0.000512172
          90     0.26716    0.262776 0.000508839
          91     0.25936    0.262739 0.000504615
          92    0.267444     0.26279 0.000501713
          93    0.255944    0.262716 0.000501719
          94     0.26628    0.262754 0.000497798
          95    0.262936    0.262756 0.000492534
          96    0.265912    0.262789 0.000488484
          97    0.261496    0.262776 0.000483606
          98    0.267808    0.262827 0.000481392
          99      0.2672    0.262871 0.000478548
         100    0.257432    0.262817  0.00047685
