           1     1.16523     1.16523           0
           2     1.26252     1.21388   0.0486437
           3     1.24661     1.22479   0.0301301
           4     1.18195     1.21408   0.0238451
           5     1.25873     1.22301   0.0205156
           6     1.21788     1.22215   0.0167727
           7     1.21968      1.2218     0.01418
           8     1.24386     1.22456    0.012586
           9       1.229     1.22505   0.0111108
          10     1.19547     1.22209   0.0103688
          11     1.24518     1.22419  0.00961089
          12     1.25557     1.22681  0.00915481
          13     1.23926     1.22777  0.00847552
          14     1.25008     1.22936  0.00800705
          15     1.25832     1.23129  0.00770017
          16     1.17894     1.22802  0.00791123
          17     1.23748     1.22857  0.00745211
          18     1.17552     1.22563  0.00761913
          19     1.22196     1.22543  0.00720956
          20     1.23419     1.22587  0.00685359
          21     1.23843     1.22647  0.00654645
          22      1.1893     1.22478  0.00646639
          23     1.24373      1.2256  0.00623352
          24     1.21267     1.22507  0.00599241
          25     1.23493     1.22546  0.00576126
          26     1.25791     1.22671  0.00567418
          27     1.24998     1.22757  0.00552758
          28      1.2274     1.22756  0.00532651
          29      1.2378     1.22792  0.00515167
          30      1.2358     1.22818  0.00498392
          31     1.26919      1.2295  0.00499874
          32     1.22951      1.2295  0.00484001
          33     1.23208     1.22958   0.0046917
          34      1.2345     1.22973  0.00455391
          35     1.18298     1.22839  0.00461919
          36     1.23945      1.2287  0.00449955
          37     1.18064      1.2274  0.00456494
          38     1.23628     1.22763  0.00444933
          39     1.23312     1.22777  0.00433603
          40     1.19631     1.22699  0.00429882
          41     1.22787     1.22701  0.00419272
          42     1.27018     1.22804   0.0042188
          43     1.23466     1.22819   0.0041224
          44     1.24389     1.22855  0.00404339
          45     1.21002     1.22814  0.00397389
          46     1.24631     1.22853  0.00390657
          47      1.2314     1.22859  0.00382304
          48     1.23158     1.22865  0.00374306
          49     1.24039     1.22889  0.00367369
          50     1.23983     1.22911  0.00360611
          51     1.24413     1.22941  0.00354693
          52     1.19706     1.22878  0.00353323
          53     1.22634     1.22874  0.00346623
          54     1.17919     1.22782  0.00352301
          55      1.2323      1.2279  0.00345932
          56     1.20079     1.22742  0.00343131
          57     1.21514      1.2272  0.00337745
          58     1.22853     1.22723  0.00331878
          59     1.25133     1.22763  0.00328752
          60     1.23136      1.2277  0.00323286
          61     1.24612       1.228  0.00319374
          62     1.22569     1.22796  0.00314202
          63      1.2276     1.22796  0.00309175
          64     1.19499     1.22744  0.00308636
          65     1.24794     1.22776  0.00305483
          66     1.23171     1.22782  0.00300879
          67     1.18862     1.22723  0.00302072
          68     1.23504     1.22735  0.00297818
          69     1.22545     1.22732  0.00293483
          70     1.22967     1.22735  0.00289279
          71     1.21635      1.2272  0.00285596
          72     1.20088     1.22683  0.00283964
          73     1.26954     1.22742  0.00286092
          74     1.26032     1.22786   0.0028568
          75     1.17718     1.22718  0.00289831
          76     1.25758     1.22758  0.00288776
          77     1.17584     1.22691  0.00292816
          78     1.21899     1.22681  0.00289217
          79     1.20868     1.22658  0.00286454
          80     1.25673     1.22696   0.0028535
          81     1.21053     1.22676  0.00282534
          82     1.28716     1.22749  0.00288625
          83     1.17555     1.22687  0.00291914
          84     1.18913     1.22642  0.00291896
          85     1.24829     1.22667  0.00289587
          86     1.24759     1.22692  0.00287231
          87     1.24815     1.22716  0.00284957
          88     1.25055     1.22743  0.00282952
          89     1.23282     1.22749   0.0027982
          90     1.20685     1.22726  0.00277642
          91      1.2514     1.22752  0.00275853
          92     1.29538     1.22826  0.00282632
          93     1.23782     1.22836  0.00279765
          94     1.23753     1.22846  0.00276945
          95     1.23262     1.22851  0.00274049
          96     1.20384     1.22825  0.00272394
          97     1.21219     1.22808  0.00270079
          98     1.25213     1.22833  0.00268433
          99     1.27974     1.22885  0.00270734
         100     1.25014     1.22906  0.00268858
