           1    -0.53741    -0.53741           0
           2   -0.541094   -0.539252   0.0018416
           3    -0.53925   -0.539251  0.00106325
           4   -0.541964    -0.53993  0.00101248
           5   -0.537254   -0.539395 0.000949387
           6   -0.542987   -0.539993   0.0009795
           7   -0.548237   -0.541171  0.00143949
           8   -0.542059   -0.541282  0.00125157
           9   -0.547214   -0.541941  0.00128562
          10   -0.539422   -0.541689  0.00117716
          11   -0.545731   -0.542057   0.0011264
          12   -0.540482   -0.541925   0.0010366
          13   -0.540078   -0.541783 0.000964059
          14   -0.541348   -0.541752 0.000893087
          15   -0.541467   -0.541733 0.000831636
          16   -0.539181   -0.541574 0.000794113
          17   -0.532368   -0.541032 0.000921772
          18   -0.540442   -0.540999 0.000869673
          19   -0.541013      -0.541 0.000822628
          20    -0.54026   -0.540963 0.000781291
          21   -0.541116    -0.54097 0.000743191
          22   -0.541028   -0.540973  0.00070861
          23   -0.537796   -0.540835 0.000691047
          24   -0.542619   -0.540909 0.000665791
          25   -0.536445   -0.540731 0.000663103
          26   -0.538637    -0.54065 0.000642159
          27   -0.540338   -0.540639 0.000618026
          28   -0.539973   -0.540615 0.000596019
          29   -0.543024   -0.540698 0.000581069
          30   -0.540959   -0.540707 0.000561433
          31    -0.53601   -0.540555 0.000563763
          32   -0.539978   -0.540537 0.000546159
          33   -0.539096   -0.540493 0.000531148
          34   -0.539838   -0.540474  0.00051565
          35   -0.540948   -0.540488 0.000500883
          36   -0.543778   -0.540579 0.000495279
          37   -0.538196   -0.540515 0.000485994
          38   -0.541605   -0.540543 0.000473901
          39   -0.541351   -0.540564 0.000462055
          40   -0.540203   -0.540555 0.000450445
          41    -0.54123   -0.540571  0.00043963
          42    -0.53965    -0.54055 0.000429595
          43   -0.542555   -0.540596 0.000422071
          44   -0.540705   -0.540599 0.000412374
          45   -0.536529   -0.540508 0.000413127
          46   -0.540605    -0.54051 0.000404052
          47   -0.539368   -0.540486 0.000396108
          48   -0.543167   -0.540542 0.000391771
          49   -0.537844   -0.540487 0.000387622
          50   -0.541865   -0.540514 0.000380789
          51   -0.535338   -0.540413 0.000386804
          52   -0.539053   -0.540387 0.000380194
          53   -0.538474   -0.540351 0.000374692
          54   -0.537098    -0.54029 0.000372591
          55   -0.543402   -0.540347 0.000370102
          56   -0.539442   -0.540331 0.000363792
          57   -0.544338   -0.540401 0.000364203
          58   -0.538358   -0.540366 0.000359598
          59   -0.539259   -0.540347 0.000353948
          60   -0.539228   -0.540328 0.000348498
          61   -0.541398   -0.540346 0.000343185
          62   -0.542482    -0.54038 0.000339357
          63   -0.541026   -0.540391 0.000334084
          64   -0.541646    -0.54041 0.000329407
          65   -0.539682   -0.540399 0.000324494
          66   -0.536702   -0.540343 0.000324413
          67   -0.538253   -0.540312 0.000321054
          68   -0.542853   -0.540349 0.000318497
          69    -0.53912   -0.540331 0.000314352
          70   -0.535622   -0.540264 0.000317051
          71   -0.542534   -0.540296 0.000314184
          72   -0.541589   -0.540314  0.00031031
          73       -0.54    -0.54031  0.00030606
          74   -0.538387   -0.540284 0.000303011
          75   -0.540377   -0.540285 0.000298947
          76    -0.54425   -0.540337 0.000299566
          77   -0.542095    -0.54036  0.00029653
          78    -0.54287   -0.540392 0.000294467
          79   -0.540209    -0.54039 0.000290725
          80    -0.54208   -0.540411 0.000287845
          81   -0.543961   -0.540455 0.000287627
          82   -0.539947   -0.540449 0.000284165
          83   -0.540181   -0.540445 0.000280739
          84    -0.54024   -0.540443 0.000277388
          85   -0.542336   -0.540465 0.000275008
          86   -0.542929   -0.540494 0.000273297
          87   -0.542597   -0.540518 0.000271217
          88   -0.539706   -0.540509 0.000268275
          89      -0.543   -0.540537 0.000266717
          90   -0.539928    -0.54053 0.000263823
          91   -0.538952   -0.540513 0.000261484
          92   -0.544561   -0.540557 0.000262342
          93   -0.536317   -0.540511  0.00026348
          94    -0.54188   -0.540526 0.000261069
          95   -0.541771   -0.540539 0.000258638
          96   -0.539622   -0.540529 0.000256108
          97   -0.539155   -0.540515  0.00025385
          98    -0.54441   -0.540555 0.000254369
          99   -0.541392   -0.540563 0.000251929
         100   -0.538926   -0.540547 0.000249933
