-6.36473
-6.36468
-6.3646
-6.36449
-6.36435
-6.36417
-6.36396
-6.36372
-6.36345
-6.36314
-6.3628
-6.36243
-6.36202
-6.36158
-6.36111
-6.3606
-6.36005
-6.35948
-6.35886
-6.35821
-6.35752
-6.3568
-6.35604
-6.35524
-6.3544
-6.35353
-6.35261
-6.35166
-6.35066
-6.34963
-6.34855
-6.34743
-6.34627
-6.34506
-6.34381
-6.34252
-6.34118
-6.33979
-6.33836
-6.33657
-6.33504
-6.33347
-6.33184
-6.33001
-6.32782
-6.32589
-6.32405
-6.32216
-6.32021
-6.31791
-6.3157
-6.31343
-6.31095
-6.30871
-6.30626
-6.30389
-6.30101
-6.29807
-6.29552
-6.29244
-6.28975
-6.28684
-6.28355
-6.28065
-6.27752
-6.27432
-6.27089
-6.26769
-6.26426
-6.2609
-6.25716
-6.25334
-6.24958
-6.24575
-6.24182
-6.23751
-6.23357
-6.22863
-6.2239
-6.21894
-6.21433
-6.20978
-6.20499
-6.19995
-6.19512
-6.18974
-6.18457
-6.17959
-6.17422
-6.16874
-6.16286
-6.15718
-6.1517
-6.14551
-6.13953
-6.13313
-6.12724
-6.12109
-6.11468
-6.10817
-6.10125
-6.09468
-6.08755
-6.08092
-6.07418
-6.06704
-6.05995
-6.05275
-6.04545
-6.03806
-6.03011
-6.02251
-6.01512
-6.00733
-5.9993
-5.99133
-5.98312
-5.97497
-5.96688
-5.95872
-5.95048
-5.94215
-5.93346
-5.92499
-5.91616
-5.90771
-5.89921
-5.8902
-5.88113
-5.87217
-5.86301
-5.85397
-5.84489
-5.83609
-5.8265
-5.81735
-5.80833
-5.79916
-5.78983
-5.78065
-5.77163
-5.76277
-5.75409
-5.74497
-5.73634
-5.72745
-5.71874
-5.70979
-5.70119
-5.69204
-5.68357
-5.67471
-5.66653
-5.65844
-5.65013
-5.64177
-5.63365
-5.62549
-5.61789
-5.6101
-5.60258
-5.59519
-5.58777
-5.58064
-5.57364
-5.56634
-5.55932
-5.55261
-5.5462
-5.5398
-5.53355
-5.52746
-5.52138
-5.51548
-5.51019
-5.50462
-5.49922
-5.49414
-5.48924
-5.48452
-5.48012
-5.47575
-5.4714
-5.46739
-5.46355
-5.45989
-5.45641
-5.45325
-5.45012
-5.44731
-5.44453
-5.44207
-5.43978
-5.43752
-5.43526
-5.43348
-5.43186
-5.43041
-5.42911
-5.42797
-5.42684
-5.42616
-5.42517
-5.42449
-5.42395
-5.42325
-5.42329
-5.42316
-5.42317
-5.42331
-5.42372
-5.42456
-5.42522
-5.42614
-5.42658
-5.42757
-5.42868
-5.43003
-5.43134
-5.43259
-5.43393
-5.43552
-5.43704
-5.43864
-5.44032
-5.44193
-5.44376
-5.44565
-5.44762
-5.44949
-5.45173
-5.45387
-5.45652
-5.45892
-5.46151
-5.4637
-5.46562
-5.46819
-5.47064
-5.47313
-5.47564
-5.47818
-5.48075
-5.48349
-5.4861
-5.48872
-5.49121
-5.49386
-5.49636
-5.49918
-5.50185
-5.50468
-5.50766
-5.51049
-5.51332
-5.51598
-5.51865
-5.52115
-5.5238
-5.52628
-5.52905
-5.53181
-5.53439
-5.53681
-5.53921
-5.5416
-5.54426
-5.54674
-5.54905
-5.55119
-5.55375
-5.55644
-5.5588
-5.56128
-5.56358
-5.56585
-5.56839
-5.57075
-5.57308
-5.57537
-5.57718
-5.5791
-5.58114
-5.58315
-5.58497
-5.58721
-5.58926
-5.59098
-5.59266
-5.59431
-5.59591
-5.59779
-5.59948
-5.60143
-5.60305
-5.60448
-5.60633
-5.60784
-5.60931
-5.6109
-5.61397
-5.61585
-5.617
-5.61864
-5.62014
-5.62107
-5.62263
-5.62362
-5.62449
-5.62553
-5.62631
-5.62666
-5.62629
-5.62657
-5.62672
-5.62646
-5.62638
-5.62604
-5.62558
-5.62517
-5.62509
-5.62445
-5.6237
-5.62284
-5.62202
-5.62095
-5.61976
-5.61847
-5.61707
-5.61557
-5.61365
-5.61224
-5.61057
-5.60865
-5.60677
-5.60495
-5.60256
-5.60038
-5.5981
-5.59556
-5.59338
-5.5908
-5.58797
-5.5852
-5.58187
-5.57875
-5.57553
-5.57192
-5.56822
-5.56457
-5.56113
-5.55715
-5.55309
-5.54923
-5.54514
-5.54112
-5.53716
-5.53282
-5.5287
-5.5245
-5.52052
-5.51587
-5.5113
-5.50666
-5.5021
-5.49732
-5.49218
-5.48713
-5.48218
-5.47702
-5.47196
-5.4667
-5.4617
-5.4562
-5.45097
-5.44586
-5.44071
-5.43508
-5.42974
-5.42392
-5.41899
-5.41345
-5.40806
-5.40235
-5.39741
-5.39172
-5.38649
-5.38128
-5.37579
-5.37017
-5.36473
-5.35978
-5.35441
-5.34954
-5.34442
-5.3395
-5.33434
-5.32954
-5.3245
-5.31969
-5.31511
-5.31046
-5.30574
-5.30126
-5.29688
-5.29214
-5.28827
-5.2842
-5.27994
-5.27595
-5.27223
-5.26849
-5.26532
-5.26184
-5.25834
-5.25543
-5.25266
-5.25034
-5.24787
-5.24539
-5.24306
-5.24103
-5.23916
-5.23744
-5.23558
-5.23417
-5.23292
-5.23182
-5.23073
-5.22979
-5.22885
-5.22822
-5.22773
-5.22754
-5.2272
-5.22714
-5.22768
-5.2285
-5.22886
-5.22934
-5.22995
-5.23052
-5.23136
-5.23216
-5.23367
-5.23484
-5.23624
-5.23729
-5.23813
-5.2398
-5.2414
-5.24307
-5.24481
-5.24646
-5.24847
-5.25053
-5.25264
-5.25435
-5.25639
-5.25862
-5.26073
-5.26302
-5.26533
-5.26736
-5.26985
-5.27191
-5.27397
-5.27603
-5.2781
-5.28047
-5.28253
-5.28489
-5.28724
-5.28927
-5.29128
-5.29389
-5.29602
-5.29812
-5.3002
-5.30256
-5.30444
-5.30659
-5.3087
-5.31048
-5.31253
-5.31409
-5.31576
-5.31754
-5.31974
-5.32159
-5.3231
-5.32456
-5.32582
-5.32734
-5.32867
-5.32979
-5.33117
-5.33234
-5.33392
-5.33544
-5.33676
-5.33803
-5.3391
-5.34041
-5.34151
-5.34256
-5.34326
-5.34405
-5.34463
-5.34531
-5.34578
-5.34634
-5.34685
-5.3473
-5.34754
-5.34803
-5.34862
-5.349
-5.34917
-5.34914
-5.3492
-5.34936
-5.34932
-5.34938
-5.34908
-5.34888
-5.34833
-5.34833
-5.34829
-5.3482
-5.34776
-5.34697
-5.34645
-5.34573
-5.34512
-5.34462
-5.34393
-5.34306
-5.34215
-5.34151
-5.34038
-5.33968
-5.3388
-5.33789
-5.33681
-5.336
-5.33533
-5.33433
-5.33377
-5.33289
-5.3317
-5.33065
-5.32944
-5.32852
-5.32744
-5.32636
-5.32543
-5.32419
-5.32281
-5.32158
-5.32066
-5.31959
-5.31868
-5.31763
-5.31614
-5.31497
-5.31366
-5.31281
-5.31169
-5.31058
-5.30965
-5.30859
-5.308
-5.30699
-5.30615
-5.30534
-5.30455
-5.30379
-5.30307
-5.30237
-5.30185
-5.30121
-5.30121
-5.30079
-5.30041
-5.30005
-5.29958
-5.29929
-5.29903
-5.29851
-5.29818
-5.29757
-5.29715
-5.29676
-5.29641
-5.29639
-5.2961
-5.29599
-5.29606
-5.29602
-5.29572
-5.29558
-5.29559
-5.29559
-5.29528
-5.29541
-5.29583
-5.29578
-5.29572
-5.29565
-5.29556
-5.29531
-5.29489
-5.2949
-5.29475
-5.29472
-5.29453
-5.29432
-5.29408
-5.29398
-5.29416
-5.29416
-5.29399
-5.29349
-5.29312
-5.29273
-5.29261
-5.29217
-5.2917
-5.29136
-5.29053
-5.28999
-5.28941
-5.28866
-5.28819
-5.28754
-5.28686
-5.28601
-5.28528
-5.28453
-5.28361
-5.28266
-5.28184
-5.28084
-5.27982
-5.27909
-5.27833
-5.2774
-5.27645
-5.27534
-5.27436
-5.27336
-5.2725
-5.27193
-5.27089
-5.26954
-5.26863
-5.26756
-5.26602
-5.26494
-5.26369
-5.2626
-5.26149
-5.26054
-5.25958
-5.25877
-5.25765
-5.25624
-5.25527
-5.25416
-5.2529
-5.25163
-5.25053
-5.24957
-5.24862
-5.24737
-5.24643
-5.24579
-5.24455
-5.24332
-5.24224
-5.24087
-5.2398
-5.23844
-5.23738
-5.23633
-5.23558
-5.23454
-5.2332
-5.23217
-5.23084
-5.22982
-5.22925
-5.22824
-5.22769
-5.22653
-5.22569
-5.22515
-5.22401
-5.22303
-5.2222
-5.22108
-5.22026
-5.21945
-5.2182
-5.21771
-5.21708
-5.21615
-5.21493
-5.21402
-5.21327
-5.21208
-5.21121
-5.21004
-5.20918
-5.20849
-5.20765
-5.20667
-5.20571
-5.2043
-5.2035
-5.20211
-5.20118
-5.20072
-5.20041
-5.19981
-5.19875
-5.19786
-5.19727
-5.19637
-5.19578
-5.19489
-5.19384
-5.19309
-5.19217
-5.19185
-5.19152
-5.19118
-5.19021
-5.18938
-5.18853
-5.18734
-5.18644
-5.18535
-5.18438
-5.18337
-5.18218
-5.18125
-5.18028
-5.17926
-5.17789
-5.17678
-5.17517
-5.1738
-5.17208
-5.17076
-5.16923
-5.16764
-5.1663
-5.16459
-5.16283
-5.16085
-5.15911
-5.15716
-5.155
-5.15308
-5.1508
-5.14845
-5.14605
-5.14359
-5.14123
-5.13896
-5.13649
-5.13442
-5.13185
-5.12923
-5.12642
-5.12372
-5.12112
-5.11804
-5.11508
-5.11239
-5.10937
-5.10663
-5.10403
-5.1011
-5.09801
-5.09491
-5.09196
-5.08931
-5.08637
-5.08327
-5.08034
-5.07712
-5.07423
-5.0715
-5.0685
-5.06552
-5.06243
-5.05953
-5.05681
-5.05399
-5.05136
-5.04864
-5.04611
-5.04379
-5.04168
-5.03949
-5.03735
-5.03513
-5.03282
-5.03089
-5.02903
-5.02725
-5.02524
-5.023
-5.02145
-5.02013
-5.01858
-5.01697
-5.01514
-5.01384
-5.01263
-5.01165
-5.01061
-5.0098
-5.00877
-5.00797
-5.00696
-5.00617
-5.00592
-5.00515
-5.00491
-5.00444
-5.00419
-5.00417
-5.00438
-5.00434
-5.00438
-5.00463
-5.00464
-5.00471
-5.00499
-5.00532
-5.00555
-5.00582
-5.00599
-5.0068
-5.00735
-5.00793
-5.00839
-5.00918
-5.00969
-5.01052
-5.01092
-5.01163
-5.0122
-5.01292
-5.0135
-5.01422
-5.01495
-5.01551
-5.01606
-5.01661
-5.01743
-5.01809
-5.01888
-5.01965
-5.02024
-5.02065
-5.02164
-5.0223
-5.02293
-5.02367
-5.02408
-5.02446
-5.0248
-5.02525
-5.02522
-5.02515
-5.02534
-5.02565
-5.02562
-5.02556
-5.02576
-5.02579
-5.02547
-5.02558
-5.02581
-5.02555
-5.02527
-5.02527
-5.02494
-5.02473
-5.02436
-5.02427
-5.02416
-5.02388
-5.0236
-5.02361
-5.02285
-5.02278
-5.02267
-5.02222
-5.02143
-5.02106
-5.02067
-5.02039
-5.01994
-5.01947
-5.01853
-5.01802
-5.0172
-5.01621
-5.01553
-5.01483
-5.01414
-5.01314
-5.01276
-5.01207
-5.0117
-5.01089
-5.01024
-5.00946
-5.00899
-5.00825
-5.00783
-5.00729
-5.00662
-5.00598
-5.00552
-5.00464
-5.00425
-5.00389
-5.00358
-5.00345
-5.0032
-5.00315
-5.00284
-5.00243
-5.0022
-5.00218
-5.00204
-5.00226
-5.00252
-5.00238
-5.00244
-5.00254
-5.003
-5.0035
-5.0039
-5.0042
-5.00455
-5.00509
-5.00584
-5.00648
-5.00748
-5.00852
-5.00946
-5.01045
-5.01133
-5.01225
-5.01323
-5.01455
-5.01545
-5.01656
-5.018
-5.01903
-5.0201
-5.02166
-5.02296
-5.02398
-5.02488
-5.02642
-5.0283
-5.02959
-5.03121
-5.0324
-5.03407
-5.03575
-5.03714
-5.03855
-5.04012
-5.04185
-5.04374
-5.04578
-5.04752
-5.04942
-5.05085
-5.05243
-5.05415
-5.05571
-5.05725
-5.05878
-5.06029
-5.06207
-5.06354
-5.06482
-5.06623
-5.06762
-5.06912
-5.07028
-5.07142
-5.07297
-5.07418
-5.07551
-5.0765
-5.0776
-5.07881
-5.07983
-5.08035
-5.08129
-5.08204
-5.08289
-5.08371
-5.08464
-5.08553
-5.08607
-5.08673
-5.08736
-5.08794
-5.08819
-5.0881
-5.08889
-5.08934
-5.08991
-5.09046
-5.09082
-5.09116
-5.09147
-5.09206
-5.09202
-5.09226
-5.09218
-5.09224
-5.09257
-5.09258
-5.09273
-5.09301
-5.09297
-5.09322
-5.0933
-5.09336
-5.09311
-5.09314
-5.093
-5.09284
-5.09267
-5.09277
-5.09256
-5.09247
-5.09251
-5.09237
-5.09221
-5.09187
-5.09211
-5.09216
-5.09172
-5.09126
-5.0906
-5.0899
-5.08962
-5.08914
-5.08846
-5.08834
-5.08772
-5.08734
-5.08646
-5.08598
-5.08483
-5.08378
-5.08281
-5.08223
-5.08083
-5.07967
-5.07844
-5.07728
-5.07606
-5.07416
-5.07294
-5.07135
-5.06998
-5.06824
-5.06626
-5.06452
-5.06269
-5.06049
-5.05837
-5.05617
-5.05405
-5.05155
-5.04914
-5.04666
-5.04411
-5.04134
-5.03851
-5.03593
-5.03329
-5.0303
-5.02741
-5.02447
-5.02134
-5.01833
-5.01528
-5.01205
-5.00896
-5.0057
-5.00288
-4.9993
-4.99632
-4.99336
-4.99025
-4.98687
-4.98396
-4.98094
-4.97795
-4.97486
-4.97168
-4.96871
-4.96611
-4.96403
-4.96159
-4.95893
-4.95682
-4.95451
-4.95216
-4.95022
-4.9481
-4.94611
-4.94455
-4.94298
-4.9414
-4.94026
-4.93928
-4.93844
-4.93761
-4.93709
-4.93673
-4.93639
-4.9362
-4.93618
-4.93617
-4.93663
-4.93725
-4.93789
-4.93883
-4.93964
-4.94075
-4.94201
-4.94358
-4.94514
-4.94684
-4.94853
-4.95021
-4.95247
-4.955
-4.95735
-4.95981
-4.96238
-4.96506
-4.96783
-4.97069
-4.97319
-4.97607
-4.97947
-4.9825
-4.98558
-4.98872
-4.99192
-4.99576
-4.99919
-5.00251
-5.00601
-5.00938
-5.01277
-5.01602
-5.02004
-5.0233
-5.02717
-5.03073
-5.03414
-5.03813
-5.04134
-5.04484
-5.0483
-5.05174
-5.05544
-5.0588
-5.06212
-5.0654
-5.06877
-5.07209
-5.0749
-5.07796
-5.08081
-5.08389
-5.0866
-5.08925
-5.09167
-5.09432
