1.64998
1.64994
1.64986
1.64974
1.6496
1.64943
1.64922
1.64898
1.6487
1.6484
1.64806
1.64768
1.64728
1.64684
1.64636
1.64585
1.64531
1.64473
1.64411
1.64346
1.64278
1.64205
1.64129
1.64049
1.63966
1.63878
1.63787
1.63691
1.63592
1.63488
1.6338
1.63268
1.63152
1.63032
1.62907
1.62777
1.62643
1.62504
1.62361
1.62213
1.6206
1.61902
1.61739
1.61571
1.61398
1.6122
1.61036
1.60847
1.60652
1.60452
1.60246
1.60034
1.59816
1.59592
1.59362
1.59126
1.58883
1.58634
1.58379
1.58116
1.57847
1.57571
1.57288
1.56998
1.567
1.56395
1.56083
1.55763
1.55435
1.55099
1.54755
1.54403
1.54042
1.53674
1.53296
1.52911
1.52516
1.52113
1.51701
1.51279
1.50849
1.5041
1.49961
1.49502
1.49034
1.48556
1.48069
1.47572
1.47064
1.46547
1.46019
1.45482
1.44934
1.44375
1.43807
1.43228
1.42638
1.42038
1.41428
1.40807
1.40175
1.39533
1.38881
1.38218
1.37544
1.3686
1.36166
1.35462
1.34747
1.34022
1.33288
1.32543
1.31789
1.31025
1.30252
1.2947
1.28679
1.27879
1.27071
1.26255
1.2543
1.24598
1.23759
1.22912
1.22059
1.212
1.20334
1.19463
1.18587
1.17706
1.1682
1.15931
1.15038
1.14143
1.13245
1.12345
1.11443
1.10541
1.09638
1.08735
1.07833
1.06933
1.06034
1.05137
1.04244
1.03355
1.02469
1.01589
1.00714
0.998445
0.98982
0.981265
0.972787
0.964392
0.956084
0.94787
0.939754
0.931743
0.92384
0.916053
0.908385
0.90084
0.893424
0.886141
0.878995
0.871989
0.865129
0.858416
0.851855
0.845449
0.839201
0.833113
0.82719
0.821432
0.815842
0.810422
0.805174
0.800099
0.795198
0.790473
0.785925
0.781553
0.77736
0.773344
0.769506
0.765845
0.762362
0.759055
0.755923
0.752967
0.750185
0.747575
0.745137
0.742868
0.740767
0.738833
0.737063
0.735455
0.734007
0.732717
0.731582
0.730601
0.729769
0.729084
0.728543
0.728144
0.727883
0.727758
0.727766
0.727902
0.728165
0.728551
0.729057
0.72968
0.730415
0.73126
0.732212
0.733267
0.734421
0.735672
0.737015
0.738448
0.739967
0.741568
0.743249
0.745006
0.746835
0.748733
0.750696
0.752722
0.754808
0.756949
0.759144
0.76139
0.763682
0.76602
0.768398
0.770815
0.773268
0.775752
0.778266
0.780807
0.783372
0.78596
0.788567
0.79119
0.793828
0.796478
0.799137
0.801804
0.804477
0.807154
0.809831
0.812508
0.815182
0.817851
0.820514
0.823169
0.825814
0.828447
0.831067
0.833672
0.83626
0.838831
0.841383
0.843914
0.846424
0.848911
0.851374
0.853812
0.856224
0.85861
0.860967
0.863297
0.865596
0.867866
0.870104
0.872312
0.874487
0.87663
0.878739
0.880815
0.882857
0.884865
0.886837
0.888775
0.890677
0.892544
0.894375
0.89617
0.897931
0.899655
0.901344
0.902997
0.904614
0.906195
0.907739
0.909248
0.910721
0.912158
1.65089
1.65262
1.65423
1.65571
1.65707
1.6583
1.65941
1.66039
1.66126
1.662
1.66263
1.66313
1.66352
1.66379
1.66395
1.66398
1.66391
1.66372
1.66341
1.663
1.66247
1.66183
1.66108
1.66022
1.65925
1.65817
1.65699
1.6557
1.6543
1.65279
1.65118
1.64947
1.64765
1.64573
1.6437
1.64157
1.63934
1.63701
1.63457
1.63204
1.6294
1.62667
1.62384
1.62091
1.61789
1.61477
1.61155
1.60824
1.60484
1.60134
1.59776
1.59408
1.59031
1.58646
1.58252
1.57849
1.57438
1.57019
1.56592
1.56157
1.55715
1.55265
1.54807
1.54343
1.53872
1.53395
1.52911
1.52421
1.51926
1.51425
1.50919
1.50408
1.49893
1.49373
1.4885
1.48324
1.47794
1.47262
1.46727
1.46191
1.45653
1.45114
1.44574
1.44034
1.43495
1.42956
1.42418
1.41882
1.41348
1.40816
1.40287
1.39762
1.3924
1.38723
1.38211
1.37704
1.37203
1.36708
1.36219
1.35738
1.35265
1.348
1.34343
1.33895
1.33457
1.33029
1.32611
1.32204
1.31809
1.31425
1.31053
1.30693
1.30347
1.30014
1.29694
1.29388
1.29096
1.28819
1.28556
1.28308
1.28075
1.27858
1.27655
1.27468
1.27297
1.27141
1.27001
1.26876
1.26767
1.26673
1.26594
1.26531
1.26482
1.26448
1.26428
1.26423
1.26431
1.26454
1.26489
1.26537
1.26597
1.2667
1.26754
1.26849
1.26955
1.27071
1.27197
1.27332
1.27476
1.27628
1.27788
1.27955
1.28129
1.28309
1.28495
1.28686
1.28882
1.29083
1.29287
1.29495
1.29706
1.2992
1.30136
1.30353
1.30573
1.30793
1.31014
1.31236
1.31458
1.3168
1.31901
1.32122
1.32341
1.32559
1.32776
1.32991
1.33204
1.33414
1.33623
1.33828
1.34031
1.34231
1.34427
1.3462
1.3481
1.34996
1.35178
1.35357
1.35531
1.35701
1.35867
1.36028
1.36185
1.36337
1.36484
1.36626
1.36764
1.36897
1.37024
1.37146
1.37263
1.37375
1.37481
1.37582
1.37678
1.37768
1.37852
1.37931
1.38005
1.38072
1.38134
1.38191
1.38242
1.38287
1.38326
1.3836
1.38388
1.38411
1.38429
1.3844
1.38447
1.38448
1.38443
1.38434
1.38419
1.38399
1.38374
1.38345
1.3831
1.38271
1.38227
1.38179
1.38126
1.38069
1.38008
1.37943
1.37875
1.37802
1.37727
1.37647
1.37565
1.3748
1.37392
1.37301
1.37207
1.37112
1.37014
1.36915
1.36813
1.3671
1.36606
1.36501
1.36395
1.36288
1.3618
1.36072
1.35964
1.35856
1.35747
1.3564
1.35532
1.35425
1.3532
1.35215
1.35111
1.35009
1.34908
1.34808
1.34711
1.34615
1.34522
1.34431
1.34342
1.34256
1.34172
1.34091
1.34012
1.33937
1.33864
1.33794
1.33727
1.33664
1.33603
1.33546
1.33492
1.33441
1.33394
1.3335
1.3331
1.33272
1.33239
1.33208
1.33181
1.33158
1.33137
1.3312
1.33106
1.33096
1.33088
1.33084
1.64999
1.65001
1.65002
1.65001
1.65
1.64998
1.64995
1.6499
1.64984
1.64977
1.64968
1.64958
1.64946
1.64932
1.64917
1.64899
1.6488
1.64859
1.64836
1.6481
1.64782
1.64752
1.6472
1.64686
1.64649
1.64609
1.64567
1.64523
1.64476
1.64427
1.64375
1.6432
1.64263
1.64203
1.6414
1.64075
1.64007
1.63937
1.63865
1.6379
1.63712
1.63633
1.6355
1.63466
1.63379
1.6329
1.632
1.63107
1.63012
1.62916
1.62817
1.62718
1.62616
1.62514
1.6241
1.62305
1.62199
1.62092
1.61984
1.61876
1.61766
1.61657
1.61546
1.61436
1.61324
1.61213
1.61102
1.6099
1.60879
1.60768
1.60656
1.60545
1.60435
1.60324
1.60214
1.60104
1.59994
1.59885
1.59777
1.59669
1.59561
1.59454
1.59347
1.59241
1.59135
1.5903
1.58925
1.58821
1.58717
1.58614
1.58511
1.58409
1.58307
1.58206
1.58105
1.58005
1.57905
1.57806
1.57707
1.57609
1.57511
1.57414
1.57317
1.57222
1.57126
1.57032
1.56938
1.56846
1.56754
1.56663
1.56573
1.56485
1.56397
1.5631
1.56224
1.5614
1.56056
1.55974
1.55892
1.55811
1.55732
1.55653
1.55576
1.55499
1.55423
1.55347
1.55273
1.55198
1.55124
1.5505
1.54975
1.54901
1.54826
1.54751
1.54675
1.54597
1.54519
1.54439
1.54358
1.54274
1.54189
1.54101
1.5401
1.53916
1.53819
1.53719
1.53615
1.53506
1.53394
1.53277
1.53156
1.53029
1.52898
1.52762
1.5262
1.52473
1.5232
1.52161
1.51996
1.51826
1.51649
1.51466
1.51278
1.51083
1.50882
1.50674
1.50461
1.50242
1.50017
1.49786
1.4955
1.49308
1.49061
1.48809
1.48552
1.4829
1.48024
1.47753
1.47479
1.47201
1.4692
1.46636
1.46349
1.4606
1.45769
1.45477
1.45183
1.44888
1.44593
1.44298
1.44004
1.43709
1.43416
1.43125
1.42835
1.42547
1.42262
1.4198
1.41701
1.41425
1.41154
1.40887
1.40624
1.40367
1.40114
1.39867
1.39626
1.39391
1.39163
1.38941
1.38725
1.38517
1.38316
1.38122
1.37936
1.37758
1.37588
1.37425
1.37271
1.37125
1.36987
1.36857
1.36736
1.36623
1.36519
1.36423
1.36335
1.36255
1.36184
1.36121
1.36066
1.36018
1.35979
1.35947
1.35923
1.35905
1.35895
1.35892
1.35896
1.35906
1.35922
1.35944
1.35972
1.36005
1.36043
1.36085
1.36132
1.36183
1.36238
1.36296
1.36358
1.36421
1.36487
1.36555
1.36625
1.36696
1.36768
1.3684
1.36913
1.36986
1.37058
1.37129
1.372
1.37269
1.37337
1.37403
1.37467
1.37528
1.37587
1.37644
1.37697
1.37748
1.37796
1.3784
1.37881
1.37918
1.37952
1.37982
1.38009
1.38032
1.38052
1.38068
1.3808
1.38089
1.38094
1.38096
1.38095
1.38091
1.38084
1.38073
1.3806
1.38045
1.38027
1.38006
1.37984
1.3796
1.37934
1.37906
1.37878
1.37849
1.6498
1.64943
1.64902
1.64857
1.64808
1.64756
1.64702
1.64644
1.64584
1.64522
1.64458
1.64392
1.64325
1.64257
1.64188
1.64119
1.64049
1.6398
1.63911
1.63843
1.63775
1.63709
1.63644
1.63581
1.6352
1.63461
1.63404
1.63349
1.63297
1.63249
1.63203
1.6316
1.63121
1.63085
1.63054
1.63025
1.63001
1.62981
1.62965
1.62954
1.62947
1.62944
1.62946
1.62952
1.62963
1.62979
1.63
1.63026
1.63056
1.63091
1.63131
1.63176
1.63226
1.63281
1.6334
1.63405
1.63474
1.63548
1.63627
1.6371
1.63799
1.63891
1.63988
1.6409
1.64196
1.64306
1.64421
1.64539
1.64661
1.64787
1.64916
1.65049
1.65184
1.65323
1.65465
1.65609
1.65756
1.65906
1.66057
1.6621
1.66365
1.66521
1.66678
1.66836
1.66994
1.67153
1.67312
1.67471
1.6763
1.67787
1.67944
1.681
1.68254
1.68407
1.68558
1.68706
1.68853
1.68997
1.69138
1.69276
1.69411
1.69543
1.69671
1.69796
1.69917
1.70035
1.70149
1.70259
1.70365
1.70467
1.70564
1.70658
1.70748
1.70834
1.70915
1.70993
1.71067
1.71136
1.71202
1.71265
1.71323
1.71378
1.7143
1.71478
1.71524
1.71566
1.71605
1.71641
1.71675
1.71706
1.71735
1.71762
1.71786
1.71808
1.71828
1.71847
1.71863
1.71878
1.71891
1.71902
1.71912
1.71919
1.71926
1.7193
1.71933
1.71935
1.71934
1.71932
1.71927
1.71921
1.71912
1.71901
1.71887
1.71871
1.71852
1.7183
1.71805
1.71777
1.71745
1.7171
1.7167
1.71627
1.71579
1.71526
1.71469
1.71406
1.71339
1.71266
1.71187
1.71103
1.71012
1.70916
1.70813
1.70703
1.70587
1.70463
1.70333
1.70195
1.70051
1.69898
1.69739
1.69572
1.69398
1.69216
1.69026
1.68828
1.68623
1.68411
1.68191
1.67964
1.67729
1.67488
1.6724
1.66985
1.66723
1.66456
1.66182
1.65903
1.65619
1.6533
1.65036
1.64738
1.64437
1.64132
1.63825
1.63516
1.63204
1.62892
1.6258
1.62267
1.61955
1.61645
1.61337
1.61031
1.60729
1.6043
1.60137
1.59849
1.59567
1.59291
1.59024
1.58764
1.58514
1.58272
1.58041
1.57821
1.57613
1.57416
1.57232
1.57061
1.56904
1.5676
1.56632
1.56518
1.5642
1.56337
1.5627
1.56219
1.56184
1.56165
1.56163
1.56178
1.56208
1.56256
1.56319
1.56398
1.56494
1.56605
1.56731
1.56873
1.57029
1.57199
1.57383
1.57581
1.57792
1.58015
1.5825
1.58496
1.58753
1.5902
1.59298
1.59584
1.59879
1.60182
1.60492
1.6081
1.61133
1.61463
1.61797
1.62136
1.62479
1.62826
1.63175
1.63528
1.63882
1.64237
1.64594
1.6495
1.65307
1.65663
1.66018
1.66372
1.66724
1.67073
1.6742
1.67764
1.68104
1.6844
1.68772
1.69099
1.69421
1.69738
1.7005
1.70355
1.70655
1.70948
1.71234
1.71514
1.71786
1.72051
