-4.71475
-4.71475
-4.71475
-4.71475
-4.71475
-4.71475
-4.71475
-4.71475
-4.71475
-4.71475
-4.71475
-4.71475
-4.71475
-4.71475
-4.71475
-4.71475
-4.71475
-4.71475
-4.71475
-4.71475
-4.71475
-4.71475
-4.71475
-4.71475
-4.71475
-4.71475
-4.71475
-4.71475
-4.71475
-4.71475
-4.71475
-4.71475
-4.71475
-4.71475
-4.71475
-4.71475
-4.71475
-4.71475
-4.71475
-4.71445
-4.71445
-4.71445
-4.71445
-4.7143
-4.71384
-4.71369
-4.71369
-4.71369
-4.71369
-4.71339
-4.71324
-4.71309
-4.71278
-4.71279
-4.71263
-4.71263
-4.71218
-4.71173
-4.71173
-4.71128
-4.71128
-4.71112
-4.71067
-4.71067
-4.71052
-4.71037
-4.71007
-4.71007
-4.70992
-4.70992
-4.70961
-4.70931
-4.70916
-4.70901
-4.70886
-4.70841
-4.70841
-4.7075
-4.7069
-4.70614
-4.70584
-4.70569
-4.70539
-4.70493
-4.70478
-4.70418
-4.70388
-4.70388
-4.70357
-4.70327
-4.70267
-4.70237
-4.70237
-4.70176
-4.70146
-4.70086
-4.70086
-4.7007
-4.7004
-4.7001
-4.6995
-4.69934
-4.69874
-4.69874
-4.69874
-4.69844
-4.69829
-4.69814
-4.69799
-4.69783
-4.69723
-4.69708
-4.69723
-4.69708
-4.69678
-4.69663
-4.69632
-4.69617
-4.69617
-4.69617
-4.69617
-4.69617
-4.69587
-4.69587
-4.69557
-4.69572
-4.69587
-4.69557
-4.69526
-4.69511
-4.69481
-4.69466
-4.69451
-4.69466
-4.69405
-4.6939
-4.6939
-4.69375
-4.69345
-4.6933
-4.6933
-4.69345
-4.69375
-4.6936
-4.6939
-4.6939
-4.69405
-4.6939
-4.69405
-4.6936
-4.69375
-4.69344
-4.69375
-4.69405
-4.69405
-4.6939
-4.6939
-4.69374
-4.69405
-4.69405
-4.6942
-4.69435
-4.69435
-4.6945
-4.69465
-4.69435
-4.6942
-4.6942
-4.69435
-4.69435
-4.69435
-4.69435
-4.6942
-4.69404
-4.69435
-4.69419
-4.69404
-4.69404
-4.69404
-4.69404
-4.69419
-4.69419
-4.69404
-4.69404
-4.69404
-4.69404
-4.69404
-4.69419
-4.69419
-4.69435
-4.69435
-4.6945
-4.69465
-4.69465
-4.6945
-4.69465
-4.6948
-4.69495
-4.6951
-4.69525
-4.69525
-4.69556
-4.6954
-4.69541
-4.69541
-4.6951
-4.69541
-4.69541
-4.69541
-4.69541
-4.69556
-4.69601
-4.69616
-4.69646
-4.69616
-4.69631
-4.69647
-4.69677
-4.69692
-4.69692
-4.69692
-4.69707
-4.69707
-4.69707
-4.69707
-4.69692
-4.69692
-4.69692
-4.69692
-4.69677
-4.69692
-4.69692
-4.69738
-4.69753
-4.69783
-4.69768
-4.69722
-4.69738
-4.69738
-4.69738
-4.69738
-4.69738
-4.69738
-4.69753
-4.69753
-4.69753
-4.69738
-4.69738
-4.69723
-4.69738
-4.69738
-4.69753
-4.69783
-4.69798
-4.69813
-4.69813
-4.69813
-4.69798
-4.69798
-4.69783
-4.69798
-4.69813
-4.69813
-4.69798
-4.69783
-4.69768
-4.69783
-4.69783
-4.69768
-4.69738
-4.69753
-4.69783
-4.69783
-4.69798
-4.69798
-4.69798
-4.69829
-4.69844
-4.69859
-4.69874
-4.69844
-4.69829
-4.69829
-4.69829
-4.69813
-4.69844
-4.69859
-4.69844
-4.69829
-4.69813
-4.69798
-4.69813
-4.69813
-4.69844
-4.69844
-4.69829
-4.69859
-4.69859
-4.69859
-4.69874
-3.96308
-3.96323
-3.96277
-3.96293
-3.96308
-3.96277
-3.96323
-3.96323
-3.96323
-3.96353
-3.96368
-3.96353
-3.96277
-3.96277
-3.96277
-3.96247
-3.96247
-3.96232
-3.96217
-3.96217
-3.96262
-3.96262
-3.96262
-3.96262
-3.96277
-3.96277
-3.96277
-3.96277
-3.96277
-3.96277
-3.96247
-3.96277
-3.96292
-3.96292
-3.96308
-3.96338
-3.96323
-3.96338
-3.96353
-3.96353
-3.96398
-3.96413
-3.96413
-3.96428
-3.96398
-3.96398
-3.96398
-3.96368
-3.96338
-3.96323
-3.96338
-3.96307
-3.96277
-3.96277
-3.96262
-3.96262
-3.96277
-3.96262
-3.96277
-3.96292
-3.96338
-3.96323
-3.96323
-3.96323
-3.96338
-3.96338
-3.96307
-3.96292
-3.96292
-3.96277
-3.96277
-3.96262
-3.96277
-3.96247
-3.96247
-3.96262
-3.96277
-3.96247
-3.96247
-3.96201
-3.96247
-3.96232
-3.96232
-3.96201
-3.96247
-3.96216
-3.96231
-3.96246
-3.96231
-3.96201
-3.96186
-3.96216
-3.96201
-3.96231
-3.96231
-3.96246
-3.96231
-3.96246
-3.96231
-3.96231
-3.96246
-3.96246
-3.96231
-3.96231
-3.96231
-3.96186
-3.96216
-3.96216
-3.96185
-3.9617
-3.9617
-3.96155
-3.96185
-3.9617
-3.9614
-3.96155
-3.9617
-3.96216
-3.96231
-3.96231
-3.96231
-3.96246
-3.96261
-3.96276
-3.96261
-3.96276
-3.96291
-3.96306
-3.96306
-3.96306
-3.96291
-3.96291
-3.96291
-3.96306
-3.96291
-3.96291
-3.96336
-3.96397
-3.96397
-3.96397
-3.96397
-3.96382
-3.96382
-3.96367
-3.96412
-3.96412
-3.96427
-3.96397
-3.96337
-3.96352
-3.96352
-3.96352
-3.96352
-3.96337
-3.96352
-3.96367
-3.96382
-3.96352
-3.96352
-3.96367
-3.96367
-3.96382
-3.96398
-3.96382
-3.96413
-3.96398
-3.96383
-3.96367
-3.96352
-3.96367
-3.96352
-3.96367
-3.96383
-3.96368
-3.96352
-3.96398
-3.96398
-3.96398
-3.96398
-3.96428
-3.96413
-3.96428
-3.96443
-3.96428
-3.96443
-3.96413
-3.96398
-3.96398
-3.96443
-3.96458
-3.96443
-3.96428
-3.96398
-3.96398
-3.96383
-3.96353
-3.96353
-3.96337
-3.96368
-3.96398
-3.96413
-3.96428
-3.96428
-3.96458
-3.96473
-3.96489
-3.96473
-3.96473
-3.96458
-3.96458
-3.96443
-3.96443
-3.96443
-3.96443
-3.96428
-3.96443
-3.96473
-3.96489
-3.96489
-3.96473
-3.96473
-3.96489
-3.96489
-3.96504
-3.96489
-3.96489
-3.96458
-3.96489
-3.96519
-3.96549
-3.96549
-3.96519
-3.96519
-3.96504
-3.96504
-3.96519
-3.96519
-3.96504
-3.96488
-3.96504
-3.96473
-3.96488
-3.96488
-3.96488
-3.96473
-3.96488
-3.96519
-3.96519
-3.96564
-3.96579
-3.96564
-3.96564
-3.96549
-3.96564
-3.96564
-3.96564
-3.96579
-3.96564
-3.96534
-3.96518
-3.96534
-3.96534
-3.96549
-3.96549
-3.96503
-3.96488
-3.96458
-3.96473
-3.96458
-3.96443
-3.96443
-3.96428
-3.96458
-3.96443
-3.96443
-3.96443
-3.96443
-3.96443
-3.96443
-3.96443
-3.96458
-3.96458
-3.96518
-3.96534
-3.96549
-3.96564
-3.96564
-3.96579
-3.96594
-3.96579
-3.96579
-3.96549
-3.96533
-3.96518
-3.96503
-3.96518
-3.96503
-3.96503
-3.96518
-3.96518
-3.64573
-3.64558
-3.64558
-3.64558
-3.64528
-3.64543
-3.64588
-3.64588
-3.64588
-3.64588
-3.64588
-3.64573
-3.64543
-3.64558
-3.64558
-3.64573
-3.64573
-3.64573
-3.64573
-3.64588
-3.64633
-3.64664
-3.64679
-3.64664
-3.64664
-3.64664
-3.64694
-3.64694
-3.64694
-3.64709
-3.64679
-3.64679
-3.64679
-3.64664
-3.64679
-3.64679
-3.64679
-3.64664
-3.64664
-3.64664
-3.64648
-3.64633
-3.64633
-3.64618
-3.64603
-3.64618
-3.64633
-3.64633
-3.64633
-3.64618
-3.64618
-3.64618
-3.64633
-3.64679
-3.64679
-3.64648
-3.64664
-3.64664
-3.64618
-3.64618
-3.64603
-3.64603
-3.64603
-3.64618
-3.64633
-3.64663
-3.64663
-3.64633
-3.64648
-3.64648
-3.64633
-3.64618
-3.64618
-3.64633
-3.64648
-3.64633
-3.64648
-3.64694
-3.64679
-3.64663
-3.64663
-3.64633
-3.64633
-3.64603
-3.64603
-3.64603
-3.64633
-3.64633
-3.64603
-3.64603
-3.64573
-3.64573
-3.64618
-3.64618
-3.64664
-3.64648
-3.64664
-3.64709
-3.64694
-3.64694
-3.64709
-3.64694
-3.64709
-3.64724
-3.64694
-3.64739
-3.64769
-3.64769
-3.64739
-3.64739
-3.64754
-3.64724
-3.64724
-3.64694
-3.64694
-3.64709
-3.64709
-3.64694
-3.64679
-3.64618
-3.64618
-3.64558
-3.64543
-3.64573
-3.64618
-3.64633
-3.64603
-3.64588
-3.64603
-3.64588
-3.64603
-3.64588
-3.64558
-3.64558
-3.64543
-3.64588
-3.64633
-3.64679
-3.64664
-3.64664
-3.64664
-3.64633
-3.64633
-3.64618
-3.64618
-3.64618
-3.64603
-3.64618
-3.64634
-3.64649
-3.64634
-3.64649
-3.64618
-3.64618
-3.64588
-3.64603
-3.64603
-3.64603
-3.64634
-3.64634
-3.64634
-3.64619
-3.64634
-3.64634
-3.64619
-3.64634
-3.64618
-3.64603
-3.64588
-3.64573
-3.64573
-3.64588
-3.64588
-3.64634
-3.64633
-3.64633
-3.64618
-3.64618
-3.64633
-3.64603
-3.64588
-3.64603
-3.64588
-3.64603
-3.64633
-3.64633
-3.64618
-3.64603
-3.64603
-3.64633
-3.64633
-3.64618
-3.64618
-3.64588
-3.64588
-3.64603
-3.64588
-3.64572
-3.64542
-3.64527
-3.64527
-3.64512
-3.64512
-3.64497
-3.64497
-3.64512
-3.64542
-3.64557
-3.64572
-3.64572
-3.64557
-3.64572
-3.64587
-3.64602
-3.64587
-3.64542
-3.64557
-3.64587
-3.64587
-3.64572
-3.64527
-3.64527
-3.64527
-3.64542
-3.64542
-3.64557
-3.64542
-3.64542
-3.64512
-3.64497
-3.64527
-3.64497
-3.64512
-3.64497
-3.64497
-3.64512
-3.64542
-3.64542
-3.64542
-3.64557
-3.64542
-3.64527
-3.64527
-3.64527
-3.64512
-3.64497
-3.64467
-3.64497
-3.64497
-3.64497
-3.64482
-3.64497
-3.64482
-3.64497
-3.64467
-3.64467
-3.64452
-3.64452
-3.64437
-3.64437
-3.64437
-3.64422
-3.64407
-3.64391
-3.64407
-3.64407
-3.64422
-3.64437
-3.64437
-3.64422
-3.64467
-3.64482
-3.64497
-3.64527
-3.64527
-3.64527
-3.64527
-3.64543
-3.64512
-3.64482
-3.64482
-3.64497
-3.64482
-3.64467
-3.64482
-3.64482
-3.64452
-3.64467
-3.64497
-3.64482
-3.64467
-3.64482
-3.64467
-3.64467
-3.64452
-3.64467
-3.64482
-3.64482
-3.64482
-3.64512
-3.37305
-3.37335
-3.37365
-3.37365
-3.37335
-3.3735
-3.37365
-3.37395
-3.3741
-3.37425
-3.37395
-3.3741
-3.37395
-3.37365
-3.37365
-3.37365
-3.37365
-3.37334
-3.37365
-3.37365
-3.37395
-3.3738
-3.3738
-3.37365
-3.3738
-3.37365
-3.3738
-3.3738
-3.37364
-3.37349
-3.37349
-3.37304
-3.37304
-3.37304
-3.37304
-3.37319
-3.37319
-3.37334
-3.37319
-3.37289
-3.37274
-3.37274
-3.37259
-3.37274
-3.37289
-3.37259
-3.37244
-3.37228
-3.37244
-3.37259
-3.37259
-3.37244
-3.37228
-3.37228
-3.37244
-3.37244
-3.37274
-3.37304
-3.37319
-3.37334
-3.37334
-3.37334
-3.37334
-3.37364
-3.37349
-3.37349
-3.3738
-3.37364
-3.37349
-3.3738
-3.3738
-3.37349
-3.37304
-3.37319
-3.37365
-3.37349
-3.37365
-3.37334
-3.3735
-3.37365
-3.3735
-3.37335
-3.37335
-3.3735
-3.3738
-3.37425
-3.3744
-3.37471
-3.37456
-3.37456
-3.37471
-3.37471
-3.37471
-3.37471
-3.37471
-3.37501
-3.37501
-3.37486
-3.37486
-3.37486
-3.37501
-3.37486
-3.37471
-3.37501
-3.37501
-3.37516
-3.37501
-3.37501
-3.37516
-3.37516
-3.37471
-3.37471
-3.37456
-3.37456
-3.37456
-3.37471
-3.37486
-3.37471
-3.37471
-3.37471
-3.37471
-3.37441
-3.3738
-3.3741
-3.3741
-3.37426
-3.37441
-3.37441
-3.37441
-3.37441
-3.37471
-3.37441
-3.37441
-3.3741
-3.37395
-3.3741
-3.37395
-3.37395
-3.3741
-3.37395
-3.3741
-3.3741
-3.3741
-3.3738
-3.3738
-3.37365
-3.3735
-3.37335
-3.3735
-3.37335
-3.37335
-3.3735
-3.3735
-3.3735
-3.37335
-3.3738
-3.37411
-3.37395
-3.3738
-3.3735
-3.3732
-3.37335
-3.37335
-3.3732
-3.37365
-3.37365
-3.37396
-3.3738
-3.37411
-3.3738
-3.37365
-3.37365
-3.37411
-3.37381
-3.37381
-3.37381
-3.37396
-3.37411
-3.37365
-3.37396
-3.37396
-3.37426
-3.37426
-3.37411
-3.37426
-3.37441
-3.37426
-3.37426
-3.37426
-3.37441
-3.37426
-3.37426
-3.37426
-3.37426
-3.37411
-3.37396
-3.37411
-3.37426
-3.37411
-3.37411
-3.37411
-3.37396
-3.37395
-3.37395
-3.3738
-3.3738
-3.37365
-3.37395
-3.3735
-3.37365
-3.3738
-3.3738
-3.3735
-3.37365
-3.37365
-3.37365
-3.3735
-3.37319
-3.37304
-3.37319
-3.3738
-3.37395
-3.3738
-3.3741
-3.3741
-3.37395
-3.3741
-3.37395
-3.37379
-3.37394
-3.37394
-3.37379
-3.37394
-3.37409
-3.37425
-3.37425
-3.3744
-3.37455
-3.37455
-3.37455
-3.37455
-3.3744
-3.37455
-3.3747
-3.3747
-3.37485
-3.3747
-3.3747
-3.3747
-3.37485
-3.37485
-3.37485
-3.3747
-3.3744
-3.37455
-3.37485
-3.37485
-3.37485
-3.37485
-3.37485
-3.37485
-3.37485
-3.3744
-3.37425
-3.37455
-3.3744
-3.37425
-3.3741
-3.37395
-3.3744
-3.3744
-3.37425
-3.37425
-3.3741
-3.37395
-3.37365
-3.3741
-3.3738
-3.3741
-3.3741
-3.37395
-3.37441
-3.3741
-3.3741
-3.3741
-3.3741
-3.37441
-3.37441
-3.37441
-3.37441
-3.37456
-3.37471
-3.37441
-3.37441
-3.37426
-3.37441
-3.37426
-3.37411
-3.3738
-3.3738
