-5.32885
-5.32848
-5.32787
-5.32702
-5.32592
-5.32458
-5.323
-5.32117
-5.31909
-5.31677
-5.3142
-5.31138
-5.30832
-5.305
-5.30143
-5.29762
-5.29355
-5.28922
-5.28464
-5.27981
-5.27472
-5.26937
-5.26377
-5.2579
-5.25177
-5.24538
-5.23872
-5.2318
-5.2246
-5.21714
-5.20941
-5.2014
-5.19312
-5.18456
-5.17573
-5.16661
-5.15721
-5.14753
-5.13755
-5.12681
-5.11626
-5.10542
-5.09428
-5.08261
-5.07015
-5.05787
-5.04553
-5.03288
-5.01992
-5.00617
-4.99235
-4.9782
-4.9635
-4.94896
-4.93385
-4.91865
-4.9024
-4.88582
-4.86962
-4.85236
-4.83548
-4.81802
-4.79973
-4.78181
-4.7633
-4.74443
-4.72496
-4.70562
-4.68567
-4.66559
-4.64466
-4.62336
-4.60192
-4.58011
-4.55792
-4.53487
-4.51215
-4.48761
-4.46316
-4.43808
-4.41333
-4.38842
-4.36288
-4.33671
-4.31061
-4.28339
-4.25626
-4.2292
-4.20125
-4.17291
-4.14368
-4.11452
-4.08545
-4.055
-4.02464
-3.99339
-3.9627
-3.93138
-3.89941
-3.86705
-3.83381
-3.80091
-3.76689
-3.73345
-3.69964
-3.66496
-3.63015
-3.59498
-3.55944
-3.52355
-3.48659
-3.45001
-3.41357
-3.37633
-3.33853
-3.30066
-3.26224
-3.22378
-3.18528
-3.14652
-3.10749
-3.06822
-3.02824
-2.98852
-2.94811
-2.90824
-2.86818
-2.82725
-2.78617
-2.7452
-2.70387
-2.66269
-2.62144
-2.5806
-2.53852
-2.49714
-2.45599
-2.41463
-2.37305
-2.33177
-2.29081
-2.25019
-2.20992
-2.16908
-2.12911
-2.08884
-2.04902
-2.00893
-1.96958
-1.92952
-1.89071
-1.85149
-1.81355
-1.77597
-1.73826
-1.7007
-1.66379
-1.62706
-1.5915
-1.55591
-1.52104
-1.48667
-1.45256
-1.41923
-1.38643
-1.35347
-1.32132
-1.29
-1.25951
-1.22938
-1.19988
-1.171
-1.14252
-1.11469
-1.08824
-1.06173
-1.03588
-1.01096
-0.98671
-0.96315
-0.940519
-0.91834
-0.896613
-0.875823
-0.85573
-0.836332
-0.817631
-0.799865
-0.78255
-0.766167
-0.75023
-0.735218
-0.720886
-0.706987
-0.693517
-0.681192
-0.669525
-0.658508
-0.648134
-0.638397
-0.629047
-0.620798
-0.612437
-0.604918
-0.59799
-0.591163
-0.585871
-0.580659
-0.575999
-0.571879
-0.568529
-0.566178
-0.563854
-0.562266
-0.560198
-0.559325
-0.558912
-0.559188
-0.55966
-0.560315
-0.561382
-0.56309
-0.564945
-0.567176
-0.56977
-0.572475
-0.575759
-0.579371
-0.583298
-0.587287
-0.592049
-0.596851
-0.602643
-0.608211
-0.614266
-0.619834
-0.625143
-0.631628
-0.638073
-0.644709
-0.651525
-0.65851
-0.665655
-0.673191
-0.680626
-0.688191
-0.695636
-0.703432
-0.711091
-0.719324
-0.727401
-0.735796
-0.744499
-0.753022
-0.761596
-0.769973
-0.778387
-0.78659
-0.795055
-0.803295
-0.812024
-0.820755
-0.82924
-0.837474
-0.845691
-0.853885
-0.862533
-0.870907
-0.879002
-0.886813
-0.895298
-0.903971
-0.912106
-0.920421
-0.92843
-0.93637
-0.944718
-0.952751
-0.960704
-0.968574
-0.975637
-0.982853
-0.990218
-0.997491
-1.00443
-1.01199
-1.01921
-1.02584
-1.03238
-1.03881
-1.04513
-1.05183
-1.05817
-1.06489
-1.07102
-1.07679
-1.08318
-1.08896
-1.09464
-1.10044
-0.719173
-0.726194
-0.731777
-0.737847
-0.743443
-0.747845
-0.752982
-0.756928
-0.760408
-0.763907
-0.766703
-0.768557
-0.76899
-0.770172
-0.770901
-0.770697
-0.770527
-0.76967
-0.768368
-0.766866
-0.765648
-0.763269
-0.760456
-0.757211
-0.753777
-0.749676
-0.745149
-0.7402
-0.734829
-0.729041
-0.722356
-0.716222
-0.709436
-0.702002
-0.694403
-0.686643
-0.677761
-0.668963
-0.659771
-0.649947
-0.640458
-0.630103
-0.619126
-0.608013
-0.595804
-0.583705
-0.57124
-0.557931
-0.544264
-0.530484
-0.516838
-0.502126
-0.487076
-0.472175
-0.456707
-0.441158
-0.425535
-0.409124
-0.392894
-0.376371
-0.360045
-0.34248
-0.324887
-0.307034
-0.289172
-0.270829
-0.251774
-0.232739
-0.213736
-0.194293
-0.174904
-0.155099
-0.135613
-0.115253
-0.0952384
-0.07534
-0.0553306
-0.0345015
-0.0140712
0.0071503
0.0269804
0.0478119
0.068427
0.0895326
0.109427
0.130502
0.150816
0.171075
0.191745
0.212568
0.233048
0.252685
0.272908
0.292256
0.311916
0.33115
0.350662
0.369474
0.388531
0.407096
0.425152
0.443164
0.461116
0.478511
0.495575
0.513012
0.528884
0.544859
0.560925
0.576345
0.591105
0.605673
0.619075
0.632741
0.64618
0.658419
0.670169
0.68094
0.691688
0.702163
0.712119
0.721309
0.729969
0.738096
0.746168
0.75322
0.759734
0.76571
0.771391
0.776537
0.781393
0.785482
0.789052
0.791868
0.794659
0.796712
0.797555
0.797678
0.798297
0.798461
0.798182
0.797714
0.79659
0.795305
0.79267
0.790386
0.787503
0.785001
0.782655
0.778795
0.774882
0.770691
0.76624
0.761785
0.756617
0.751236
0.745656
0.740614
0.734921
0.728834
0.722849
0.716497
0.710033
0.703952
0.697063
0.690822
0.68452
0.678167
0.671776
0.664876
0.658441
0.651517
0.644598
0.638172
0.631769
0.624434
0.61786
0.611333
0.604863
0.597973
0.591877
0.585376
0.578959
0.573114
0.566884
0.561479
0.555941
0.550275
0.544007
0.538344
0.533291
0.528373
0.523834
0.518956
0.514464
0.510363
0.505934
0.501903
0.497311
0.492882
0.488861
0.485009
0.481569
0.477823
0.474492
0.47134
0.468848
0.466296
0.464168
0.461982
0.460221
0.458404
0.456773
0.455328
0.454309
0.452993
0.451622
0.450674
0.45015
0.450049
0.449888
0.449664
0.449859
0.449989
0.450773
0.451486
0.452848
0.453413
0.454138
0.455021
0.456541
0.458693
0.46051
0.462711
0.464809
0.4668
0.46916
0.471885
0.474729
0.477206
0.480514
0.483203
0.48623
0.489348
0.492794
0.495838
0.498715
0.502141
0.504906
0.508209
0.512041
0.515676
0.519589
0.523051
0.526778
0.530524
0.534041
0.538047
0.542293
0.546292
0.549799
0.553529
0.556996
0.560675
0.565042
0.568889
0.572931
0.576202
0.5799
0.583538
0.586873
0.590381
0.593094
0.596453
0.599493
0.602451
0.605323
0.608108
0.610801
0.613401
0.615663
0.618069
0.619411
0.621373
0.623233
0.624989
0.62688
0.628424
0.629862
0.631676
0.633142
0.634983
0.636478
0.637868
0.639154
0.639855
0.640936
0.641676
0.642076
0.642621
0.814125
0.814774
0.815232
0.815744
0.816792
0.817176
0.817139
0.817888
0.818703
0.819587
0.820542
0.82181
0.823396
0.824338
0.825601
0.826707
0.828139
0.829659
0.831269
0.832729
0.833802
0.83521
0.836955
0.83928
0.841464
0.84375
0.845655
0.848146
0.85074
0.853198
0.856482
0.85939
0.862404
0.865763
0.868746
0.872074
0.875503
0.879275
0.882907
0.886638
0.890708
0.894875
0.898896
0.90325
0.907695
0.911745
0.91588
0.920338
0.924875
0.929728
0.934414
0.939168
0.943747
0.947906
0.952847
0.958323
0.963128
0.968223
0.974083
0.979262
0.984719
0.989969
0.995249
1.00032
1.00541
1.01028
1.01565
1.02152
1.02668
1.03209
1.03774
1.0434
1.04883
1.05402
1.0592
1.06487
1.07005
1.07474
1.0804
1.08604
1.09144
1.09731
1.10269
1.10854
1.11391
1.11926
1.12411
1.12944
1.13524
1.14054
1.14632
1.1516
1.15614
1.1614
1.16592
1.17139
1.17636
1.18083
1.18626
1.19142
1.19633
1.2017
1.20657
1.21142
1.21697
1.2213
1.22584
1.23083
1.23629
1.24123
1.2459
1.25127
1.25612
1.26143
1.26622
1.27074
1.27547
1.28042
1.28533
1.29094
1.29555
1.3011
1.3059
1.30996
1.31376
1.31803
1.323
1.32772
1.33196
1.33668
1.34092
1.34565
1.35063
1.35516
1.35996
1.36383
1.36773
1.37169
1.37666
1.38146
1.38632
1.39175
1.39678
1.40214
1.40736
1.41269
1.41838
1.42371
1.42917
1.43476
1.44097
1.44686
1.45361
1.46005
1.46713
1.47366
1.48059
1.48771
1.49452
1.50199
1.50965
1.51773
1.52551
1.53372
1.54235
1.55068
1.55967
1.56885
1.57819
1.58771
1.59715
1.60651
1.61627
1.62545
1.6355
1.64568
1.65624
1.66666
1.67696
1.68808
1.69906
1.70962
1.72075
1.73145
1.74195
1.75298
1.76427
1.77557
1.78663
1.7972
1.80823
1.81946
1.83041
1.84178
1.85259
1.86308
1.87396
1.88473
1.89562
1.90614
1.91628
1.9265
1.93633
1.94622
1.95569
1.96473
1.97332
1.98195
1.99035
1.99878
2.00721
2.01491
2.02237
2.02958
2.037
2.04465
2.05106
2.05695
2.06306
2.06912
2.07538
2.08063
2.0856
2.09004
2.09443
2.09829
2.10235
2.10588
2.10961
2.11281
2.11501
2.1179
2.1198
2.1219
2.12351
2.12461
2.12523
2.12608
2.12669
2.12682
2.12722
2.1274
2.12713
2.12667
2.12626
2.12567
2.12515
2.1235
2.1222
2.12075
2.11941
2.11748
2.11593
2.11379
2.1123
2.11025
2.10837
2.1062
2.10424
2.10199
2.09973
2.09769
2.09565
2.09361
2.09111
2.08887
2.08641
2.08399
2.08186
2.08001
2.07726
2.07504
2.07289
2.07057
2.0688
2.0671
2.06548
2.0637
2.06272
2.06182
2.06051
2.05905
2.05815
2.05732
2.05609
2.05518
2.05481
2.05379
2.0526
2.05218
2.05182
2.05104
2.05078
2.05031
2.05013
2.04949
2.04888
2.04853
2.04818
2.04736
2.19193
2.19115
2.19049
2.19043
2.19095
2.19085
2.19084
2.19066
2.1908
2.191
2.19197
2.19226
2.19307
2.19415
2.19476
2.19539
2.19601
2.19711
2.19723
2.19781
2.19788
2.19863
2.19909
2.19973
2.19984
2.20036
2.20032
2.20045
2.20073
2.20092
2.20077
2.20124
2.20088
2.20041
2.19983
2.19888
2.19805
2.19686
2.19601
2.19527
2.19416
2.19266
2.19127
2.18925
2.18709
2.18551
2.18353
2.18142
2.17867
2.17578
2.17298
2.17027
2.16742
2.16418
2.16055
2.15702
2.15287
2.14857
2.14437
2.14004
2.13582
2.13146
2.12697
2.12187
2.11738
2.11252
2.10707
2.10223
2.09728
2.09151
2.08613
2.08114
2.07631
2.07043
2.064
2.05847
2.0524
2.047
2.04083
2.03462
2.02887
2.02309
2.01707
2.01079
2.00428
1.99754
1.99129
1.98484
1.97914
1.97325
1.96716
1.96138
1.95567
1.95004
1.94448
1.93854
1.93318
1.92816
1.92301
1.91798
1.91283
1.9083
1.90389
1.8989
1.89453
1.89007
1.88624
1.88231
1.87831
1.87469
1.87196
1.86866
1.86576
1.86278
1.85996
1.85705
1.8543
1.85218
1.84998
1.84792
1.84602
1.84474
1.84408
1.84212
1.84077
1.83932
1.83799
1.83703
1.83619
1.83546
1.83437
1.83436
1.83396
1.83416
1.83421
1.83388
1.83413
1.83423
1.83419
1.83472
1.83486
1.83533
1.83589
1.83703
1.83777
1.83885
1.84002
1.84129
1.84218
1.84365
1.84499
1.84619
1.84775
1.84942
1.85145
1.85265
1.85422
1.85664
1.85921
1.86217
1.86527
1.86781
1.87076
1.87412
1.87669
1.88016
1.88334
1.88744
1.891
1.89574
1.90044
1.90511
1.90928
1.91487
1.92021
1.92577
1.93133
1.93712
1.9441
1.95012
1.95686
1.96336
1.97058
1.97828
1.98573
1.99342
2.00183
2.01022
2.01884
2.02744
2.03674
2.046
2.05547
2.06513
2.07521
2.08548
2.09542
2.10552
2.11625
2.12686
2.13759
2.14866
2.15958
2.17056
2.18185
2.19293
2.20426
2.21488
2.22668
2.23747
2.24821
2.25911
2.27038
2.28081
2.29134
2.3017
2.3121
2.32254
2.3325
2.34173
2.34995
2.35859
2.36739
2.37513
2.38298
2.39069
2.39751
2.40439
2.41083
2.41633
2.4216
2.42662
2.43066
2.43418
2.43718
2.43988
2.44181
2.44318
2.44424
2.44474
2.44468
2.4443
2.44289
2.44091
2.43862
2.43554
2.4324
2.42848
2.42405
2.41885
2.41339
2.40744
2.40126
2.39486
2.38728
2.37904
2.37086
2.36228
2.35333
2.34402
2.33436
2.32438
2.31481
2.30448
2.29315
2.28231
2.27123
2.25994
2.24846
2.23585
2.2238
2.21186
2.19957
2.18741
2.17517
2.16311
2.14979
2.13765
2.12454
2.11191
2.09953
2.08623
2.07418
2.06171
2.04932
2.03702
2.02435
2.01228
2.00033
1.98853
1.97665
1.96493
1.95411
1.943
1.93233
1.92138
1.91113
1.90111
1.89156
1.88178
