1.09999
1.09996
1.0999
1.09983
1.09973
1.09962
1.09948
1.09932
1.09913
1.09893
1.0987
1.09846
1.09818
1.09789
1.09757
1.09723
1.09687
1.09649
1.09608
1.09564
1.09518
1.0947
1.09419
1.09366
1.0931
1.09252
1.09191
1.09127
1.09061
1.08992
1.0892
1.08846
1.08768
1.08688
1.08604
1.08518
1.08429
1.08336
1.08241
1.08142
1.0804
1.07935
1.07826
1.07714
1.07599
1.0748
1.07357
1.07231
1.07102
1.06968
1.06831
1.06689
1.06544
1.06395
1.06242
1.06084
1.05922
1.05756
1.05586
1.05411
1.05231
1.05047
1.04859
1.04665
1.04467
1.04263
1.04055
1.03842
1.03623
1.03399
1.0317
1.02935
1.02695
1.02449
1.02198
1.0194
1.01677
1.01408
1.01134
1.00853
1.00566
1.00273
0.999738
0.996681
0.993561
0.990376
0.987127
0.983811
0.980428
0.976979
0.973462
0.969877
0.966224
0.962502
0.958711
0.954851
0.950921
0.946921
0.942851
0.938711
0.934501
0.93022
0.92587
0.921451
0.916961
0.912402
0.907774
0.903077
0.898313
0.893482
0.888584
0.883621
0.878594
0.873503
0.86835
0.863135
0.857861
0.852529
0.847141
0.841698
0.836202
0.830655
0.825059
0.819416
0.813728
0.807998
0.802228
0.796421
0.790579
0.784705
0.778803
0.772874
0.766923
0.760952
0.754964
0.748964
0.742954
0.736938
0.730919
0.724901
0.718888
0.712884
0.706892
0.700916
0.694961
0.689031
0.683129
0.677258
0.671424
0.66563
0.65988
0.654177
0.648525
0.642928
0.637389
0.631913
0.626503
0.621162
0.615894
0.610702
0.60559
0.60056
0.595616
0.590761
0.585996
0.581326
0.576752
0.572277
0.567903
0.563633
0.559467
0.555409
0.55146
0.547621
0.543895
0.540282
0.536783
0.533399
0.530132
0.526982
0.52395
0.521036
0.51824
0.515563
0.513004
0.510564
0.508241
0.506037
0.503949
0.501978
0.500123
0.498383
0.496758
0.495245
0.493845
0.492555
0.491375
0.490303
0.489338
0.488478
0.487722
0.487067
0.486512
0.486056
0.485695
0.485429
0.485256
0.485172
0.485177
0.485268
0.485444
0.485701
0.486038
0.486453
0.486943
0.487507
0.488141
0.488844
0.489614
0.490448
0.491343
0.492299
0.493311
0.494379
0.4955
0.496671
0.49789
0.499155
0.500464
0.501815
0.503205
0.504633
0.506096
0.507593
0.509122
0.51068
0.512266
0.513877
0.515512
0.517168
0.518844
0.520538
0.522248
0.523973
0.525711
0.52746
0.529219
0.530985
0.532758
0.534536
0.536318
0.538102
0.539887
0.541672
0.543454
0.545234
0.547009
0.548779
0.550542
0.552298
0.554044
0.555781
0.557507
0.559221
0.560922
0.562609
0.564283
0.565941
0.567583
0.569208
0.570816
0.572406
0.573978
0.575531
0.577064
0.578577
0.58007
0.581541
0.582991
0.58442
0.585826
0.58721
0.588571
0.58991
0.591225
0.592517
0.593785
0.595029
0.59625
0.597447
0.59862
0.59977
0.600896
0.601998
0.603076
0.60413
0.60516
0.606165
0.607147
0.608105
1.10059
1.10175
1.10282
1.10381
1.10471
1.10553
1.10627
1.10693
1.10751
1.108
1.10842
1.10876
1.10901
1.10919
1.1093
1.10932
1.10927
1.10915
1.10894
1.10866
1.10831
1.10789
1.10739
1.10681
1.10617
1.10545
1.10466
1.1038
1.10287
1.10186
1.10079
1.09965
1.09843
1.09715
1.0958
1.09438
1.09289
1.09134
1.08971
1.08802
1.08627
1.08445
1.08256
1.08061
1.07859
1.07651
1.07437
1.07216
1.06989
1.06756
1.06517
1.06272
1.06021
1.05764
1.05501
1.05233
1.04959
1.0468
1.04395
1.04105
1.0381
1.0351
1.03205
1.02896
1.02582
1.02263
1.01941
1.01614
1.01284
1.0095
1.00613
1.00272
0.999286
0.995823
0.992335
0.988824
0.985293
0.981745
0.978181
0.974604
0.971018
0.967425
0.963827
0.960228
0.956631
0.953038
0.949453
0.945878
0.942317
0.938773
0.935248
0.931745
0.928269
0.924822
0.921407
0.918026
0.914685
0.911385
0.90813
0.904923
0.901766
0.898664
0.895619
0.892635
0.889714
0.886859
0.884074
0.881362
0.878724
0.876165
0.873686
0.87129
0.86898
0.866758
0.864626
0.862586
0.860641
0.858792
0.85704
0.855388
0.853835
0.852384
0.851035
0.849789
0.848646
0.847607
0.846672
0.84584
0.845111
0.844485
0.843961
0.843538
0.843213
0.842987
0.842856
0.84282
0.842876
0.843023
0.843259
0.843579
0.843983
0.844467
0.845028
0.845662
0.846368
0.847142
0.847981
0.848881
0.84984
0.850854
0.85192
0.853034
0.854193
0.855394
0.856633
0.857907
0.859214
0.860551
0.861914
0.8633
0.864707
0.866131
0.86757
0.869022
0.870483
0.871953
0.873429
0.874907
0.876386
0.877865
0.87934
0.880811
0.882274
0.883729
0.885173
0.886606
0.888025
0.88943
0.890818
0.892188
0.89354
0.894871
0.896181
0.897469
0.898733
0.899973
0.901188
0.902377
0.903539
0.904673
0.905778
0.906852
0.907897
0.908911
0.909893
0.910843
0.91176
0.912644
0.913493
0.914308
0.915089
0.915834
0.916543
0.917215
0.917852
0.918452
0.919016
0.919542
0.920031
0.920482
0.920896
0.921272
0.92161
0.921911
0.922175
0.9224
0.922589
0.922741
0.922857
0.922936
0.922978
0.922985
0.922956
0.922892
0.922794
0.922662
0.922496
0.922298
0.922068
0.921806
0.921514
0.921192
0.920841
0.920461
0.920055
0.919622
0.919164
0.918682
0.918177
0.917649
0.9171
0.916531
0.915944
0.915338
0.914716
0.914079
0.913427
0.912764
0.912088
0.911403
0.910709
0.910007
0.909299
0.908586
0.907869
0.907148
0.906427
0.905704
0.904983
0.904264
0.903548
0.902836
0.90213
0.901431
0.900739
0.900057
0.899384
0.898722
0.898073
0.897437
0.896814
0.896206
0.895614
0.895038
0.89448
0.893938
0.893415
0.89291
0.892425
0.89196
0.891514
0.89109
0.890687
0.890306
0.889946
0.889608
0.889293
0.889001
0.88873
0.888483
0.888258
0.888056
0.887876
0.887718
0.887582
0.887468
0.887375
0.887304
0.887254
0.887224
1.09999
1.1
1.10001
1.10001
1.1
1.09999
1.09997
1.09994
1.0999
1.09985
1.09979
1.09972
1.09964
1.09955
1.09945
1.09933
1.0992
1.09906
1.0989
1.09873
1.09855
1.09835
1.09813
1.0979
1.09766
1.0974
1.09712
1.09682
1.09651
1.09618
1.09583
1.09547
1.09508
1.09468
1.09427
1.09383
1.09338
1.09292
1.09243
1.09193
1.09142
1.09088
1.09034
1.08977
1.08919
1.0886
1.088
1.08738
1.08675
1.0861
1.08545
1.08478
1.08411
1.08343
1.08273
1.08203
1.08133
1.08061
1.07989
1.07917
1.07844
1.07771
1.07698
1.07624
1.0755
1.07475
1.07401
1.07327
1.07253
1.07178
1.07104
1.0703
1.06956
1.06883
1.06809
1.06736
1.06663
1.0659
1.06518
1.06446
1.06374
1.06303
1.06231
1.0616
1.0609
1.0602
1.0595
1.05881
1.05811
1.05743
1.05674
1.05606
1.05538
1.05471
1.05403
1.05337
1.0527
1.05204
1.05138
1.05073
1.05007
1.04943
1.04878
1.04814
1.04751
1.04688
1.04626
1.04564
1.04503
1.04442
1.04382
1.04323
1.04265
1.04207
1.0415
1.04093
1.04037
1.03982
1.03928
1.03874
1.03821
1.03769
1.03717
1.03666
1.03615
1.03565
1.03515
1.03465
1.03416
1.03366
1.03317
1.03267
1.03217
1.03167
1.03116
1.03065
1.03013
1.02959
1.02905
1.0285
1.02793
1.02734
1.02673
1.02611
1.02546
1.02479
1.0241
1.02338
1.02263
1.02185
1.02104
1.0202
1.01932
1.01841
1.01747
1.01648
1.01546
1.01441
1.01331
1.01217
1.01099
1.00978
1.00852
1.00722
1.00588
1.0045
1.00308
1.00161
1.00011
0.998575
0.996999
0.995387
0.993739
0.992057
0.990343
0.988598
0.986823
0.985021
0.983193
0.981341
0.979467
0.977573
0.975662
0.973735
0.971795
0.969845
0.967887
0.965923
0.963956
0.961989
0.960024
0.958063
0.956109
0.954165
0.952233
0.950315
0.948414
0.946532
0.944672
0.942836
0.941026
0.939246
0.937495
0.935778
0.934095
0.932449
0.930842
0.929276
0.927751
0.92627
0.924835
0.923446
0.922106
0.920815
0.919575
0.918387
0.917251
0.916168
0.915139
0.914164
0.913245
0.912382
0.911574
0.910821
0.910125
0.909484
0.908899
0.908369
0.907893
0.907471
0.907103
0.906788
0.906525
0.906313
0.90615
0.906036
0.90597
0.90595
0.905974
0.90604
0.906148
0.906295
0.906479
0.906699
0.906951
0.907236
0.907549
0.90789
0.908255
0.908643
0.90905
0.909475
0.909916
0.910369
0.910833
0.911306
0.911785
0.912268
0.912753
0.913237
0.913719
0.914196
0.914666
0.915128
0.915579
0.916018
0.916444
0.916855
0.917248
0.917625
0.917982
0.91832
0.918637
0.918932
0.919205
0.919454
0.91968
0.919883
0.920061
0.920216
0.920347
0.920453
0.920535
0.920594
0.92063
0.920643
0.920635
0.920606
0.920557
0.920489
0.920402
0.920298
0.920178
0.920042
0.919893
0.919731
0.919559
0.919376
0.919186
0.91899
1.09987
1.09962
1.09935
1.09905
1.09872
1.09838
1.09801
1.09763
1.09723
1.09681
1.09638
1.09595
1.0955
1.09504
1.09459
1.09412
1.09366
1.0932
1.09274
1.09228
1.09183
1.09139
1.09096
1.09054
1.09013
1.08974
1.08936
1.08899
1.08865
1.08832
1.08802
1.08773
1.08747
1.08724
1.08702
1.08684
1.08668
1.08654
1.08644
1.08636
1.08631
1.08629
1.08631
1.08635
1.08642
1.08653
1.08667
1.08684
1.08704
1.08727
1.08754
1.08784
1.08817
1.08854
1.08894
1.08937
1.08983
1.09032
1.09085
1.0914
1.09199
1.09261
1.09326
1.09393
1.09464
1.09538
1.09614
1.09693
1.09774
1.09858
1.09944
1.10032
1.10123
1.10215
1.1031
1.10406
1.10504
1.10604
1.10705
1.10807
1.1091
1.11014
1.11118
1.11224
1.11329
1.11435
1.11541
1.11647
1.11753
1.11858
1.11963
1.12067
1.1217
1.12271
1.12372
1.12471
1.12569
1.12664
1.12758
1.1285
1.12941
1.13028
1.13114
1.13197
1.13278
1.13357
1.13433
1.13506
1.13576
1.13644
1.1371
1.13772
1.13832
1.13889
1.13944
1.13995
1.14044
1.14091
1.14135
1.14177
1.14216
1.14252
1.14287
1.14319
1.14349
1.14377
1.14403
1.14428
1.1445
1.14471
1.1449
1.14508
1.14524
1.14539
1.14552
1.14564
1.14575
1.14585
1.14594
1.14601
1.14608
1.14613
1.14617
1.1462
1.14622
1.14623
1.14623
1.14621
1.14618
1.14614
1.14608
1.146
1.14591
1.14581
1.14568
1.14554
1.14537
1.14518
1.14497
1.14473
1.14447
1.14418
1.14386
1.14351
1.14313
1.14271
1.14226
1.14177
1.14125
1.14069
1.14008
1.13944
1.13875
1.13802
1.13724
1.13642
1.13555
1.13463
1.13367
1.13266
1.13159
1.13048
1.12932
1.1281
1.12684
1.12552
1.12416
1.12274
1.12127
1.11976
1.1182
1.11659
1.11493
1.11323
1.11149
1.10971
1.10788
1.10602
1.10413
1.1022
1.10024
1.09826
1.09625
1.09422
1.09217
1.0901
1.08803
1.08595
1.08386
1.08178
1.0797
1.07763
1.07558
1.07354
1.07152
1.06954
1.06758
1.06566
1.06378
1.06194
1.06016
1.05843
1.05676
1.05515
1.05361
1.05214
1.05075
1.04944
1.04821
1.04707
1.04602
1.04507
1.04421
1.04345
1.0428
1.04224
1.0418
1.04146
1.04123
1.0411
1.04109
1.04118
1.04139
1.0417
1.04213
1.04266
1.04329
1.04403
1.04487
1.04582
1.04686
1.04799
1.04922
1.05054
1.05194
1.05343
1.055
1.05664
1.05835
1.06014
1.06198
1.06389
1.06586
1.06788
1.06995
1.07206
1.07422
1.07642
1.07865
1.08091
1.08319
1.08551
1.08784
1.09018
1.09254
1.09491
1.09729
1.09967
1.10205
1.10442
1.10679
1.10915
1.11149
1.11382
1.11613
1.11842
1.12069
1.12293
1.12514
1.12733
1.12947
1.13159
1.13366
1.1357
1.1377
1.13965
1.14156
1.14343
1.14524
1.14701
