           1     1.73266     1.73266           0
           2      1.6551     1.69388   0.0387822
           3     1.63322     1.67366   0.0301693
           4     1.69512     1.67903   0.0219968
           5     1.64216     1.67165   0.0185653
           6     1.54803     1.65105   0.0255799
           7     1.62164     1.64685   0.0220233
           8     1.58295     1.63886   0.0206776
           9     1.53584     1.62741   0.0215312
          10     1.55583     1.62026   0.0205454
          11     1.73522     1.63071   0.0213215
          12     1.58484     1.62688   0.0198356
          13      1.5877     1.62387   0.0184933
          14     1.60965     1.62286   0.0171516
          15     1.70783     1.62852   0.0169424
          16     1.74914     1.63606     0.01755
          17     1.60158     1.63403   0.0166096
          18     1.65592     1.63525   0.0157068
          19     1.62137     1.63452   0.0148751
          20     1.65221      1.6354   0.0141395
          21     1.64632     1.63592   0.0134594
          22     1.61942     1.63517   0.0128549
          23     1.63111     1.63499   0.0122845
          24     1.63053     1.63481    0.011763
          25     1.68694     1.63689   0.0114738
          26      1.6806     1.63857   0.0111511
          27     1.69682     1.64073   0.0109448
          28     1.64704     1.64096   0.0105491
          29     1.70463     1.64315   0.0104129
          30     1.67215     1.64412   0.0101061
          31     1.64785     1.64424  0.00977544
          32     1.75872     1.64782   0.0101186
          33     1.62307     1.64707  0.00983579
          34     1.60738      1.6459  0.00961324
          35     1.58715     1.64422  0.00948425
          36     1.76589      1.6476  0.00981713
          37     1.71548     1.64944  0.00972275
          38     1.67578     1.65013   0.0094888
          39     1.66022     1.65039  0.00924591
          40     1.56024     1.64813  0.00928931
          41     1.51356     1.64485  0.00963611
          42     1.59635      1.6437  0.00947453
          43     1.69189     1.64482  0.00931922
          44     1.64513     1.64483  0.00910496
          45     1.72934      1.6467  0.00909633
          46     1.63569     1.64646  0.00889961
          47     1.65994     1.64675  0.00871291
          48     1.64347     1.64668  0.00852974
          49     1.80512     1.64992  0.00895778
          50     1.77902      1.6525  0.00914874
          51     1.62415     1.65194  0.00898476
          52     1.66288     1.65215   0.0088128
          53     1.66091     1.65232   0.0086465
          54     1.57557      1.6509  0.00860308
          55     1.67524     1.65134   0.0084568
          56     1.66494     1.65158  0.00830797
          57     1.71038     1.65261  0.00822584
          58     1.57029     1.65119  0.00820643
          59     1.60111     1.65034  0.00811068
          60     1.58558     1.64927  0.00804707
          61     1.58554     1.64822  0.00798271
          62     1.70422     1.64912  0.00790466
          63     1.75257     1.65077  0.00794959
          64     1.60391     1.65003  0.00785857
          65     1.62524     1.64965  0.00774612
          66     1.54225     1.64803  0.00779951
          67     1.63968      1.6479  0.00768323
          68     1.57955      1.6469  0.00763583
          69     1.60333     1.64626   0.0075508
          70      1.5978     1.64557  0.00747428
          71     1.61131     1.64509  0.00738404
          72     1.57143     1.64407  0.00735229
          73     1.64539     1.64408  0.00725089
          74     1.72188     1.64514  0.00722909
          75     1.64053     1.64507  0.00713232
          76     1.68563     1.64561  0.00705805
          77     1.68967     1.64618  0.00698924
          78     1.66342      1.6464  0.00690259
          79     1.67676     1.64679  0.00682549
          80     1.69256     1.64736  0.00676387
          81     1.72391      1.6483  0.00674638
          82     1.69337     1.64885  0.00668622
          83     1.68365     1.64927  0.00661847
          84     1.61231     1.64883  0.00655399
          85     1.56609     1.64786  0.00654917
          86     1.76225     1.64919  0.00660784
          87     1.64839     1.64918  0.00653145
          88      1.7498     1.65032  0.00655725
          89     1.71996      1.6511  0.00653021
          90     1.63788     1.65096  0.00645892
          91     1.62889     1.65072  0.00639215
          92     1.59241     1.65008  0.00635397
          93     1.66947     1.65029  0.00628873
          94     1.69677     1.65078  0.00624109
          95     1.57025     1.64994  0.00623297
          96     1.55168     1.64891  0.00625205
          97     1.54826     1.64788  0.00627366
          98     1.63608     1.64776  0.00621048
          99     1.57729     1.64704  0.00618849
         100     1.62205     1.64679  0.00613139
