           1     1.81485     1.81485           0
           2      2.1141     1.96447    0.149628
           3     2.18229     2.03708    0.112847
           4     1.94941     2.01516   0.0827507
           5     2.20805     2.05374   0.0748125
           6     2.64459     2.15222    0.115882
           7     2.41817     2.19021     0.10505
           8     2.62173     2.24415    0.105764
           9     2.90247      2.3173    0.118536
          10     2.78009     2.36358    0.115682
          11     2.11715     2.34117     0.10701
          12     2.70181     2.37123    0.102205
          13     2.67698     2.39474   0.0969119
          14     2.49273     2.40174   0.0899956
          15     2.07426     2.37991   0.0865792
          16     1.88068     2.34871   0.0867901
          17     2.44597     2.35443   0.0817256
          18     2.30533      2.3517   0.0770999
          19     2.43587     2.35613   0.0730636
          20     2.36971     2.35681   0.0693176
          21     2.43451     2.36051   0.0660379
          22     2.59132       2.371   0.0638327
          23     2.55992     2.37922   0.0615449
          24     2.42699     2.38121   0.0589583
          25     2.12092      2.3708   0.0575013
          26     2.07775     2.35953   0.0563835
          27     1.90281     2.34261   0.0568308
          28     1.97951     2.32964    0.056278
          29     1.73851     2.30926   0.0580025
          30     1.88369     2.29507   0.0578034
          31     1.96085     2.28429   0.0569378
          32     1.59927     2.26288   0.0591401
          33     2.19816     2.26092   0.0573535
          34     2.42151     2.26565   0.0558412
          35     2.45901     2.27117    0.054503
          36     1.79197     2.25786   0.0546144
          37     1.97599     2.25024   0.0536613
          38     2.07575     2.24565   0.0524315
          39     2.13382     2.24278   0.0511499
          40     2.54545     2.25035   0.0504257
          41     2.74671     2.26245   0.0506486
          42     2.41188     2.26601   0.0495558
          43     2.09691     2.26208   0.0485492
          44     2.28039      2.2625   0.0474348
          45       1.971     2.25602    0.046819
          46      2.3339     2.25771   0.0458211
          47     2.37094     2.26012   0.0449003
          48     2.38322     2.26269   0.0440297
          49     1.67903     2.25077   0.0447366
          50     1.69784     2.23972   0.0452062
          51     2.25425        2.24   0.0443119
          52      2.1586     2.23844   0.0434796
          53     2.21082     2.23791   0.0426545
          54     2.64245     2.24541   0.0425222
          55     2.42912     2.24875   0.0418754
          56     2.52772     2.25373   0.0414215
          57     2.36664     2.25571   0.0407365
          58     2.88936     2.26663   0.0414921
          59     2.84028     2.27636   0.0419258
          60     2.91392     2.28698   0.0425687
          61     2.90623     2.29713   0.0430782
          62     2.38198      2.2985   0.0423998
          63     2.11909     2.29565   0.0418184
          64     2.61826      2.3007   0.0414674
          65     2.52486     2.30414   0.0409698
          66      2.7732     2.31125   0.0409655
          67     2.37339     2.31218   0.0403601
          68     2.56699     2.31593   0.0399383
          69     2.45635     2.31796   0.0394078
          70     2.53012     2.32099   0.0389588
          71     2.47186     2.32312   0.0384649
          72     2.55355     2.32632   0.0380617
          73      2.2858     2.32576   0.0375408
          74     1.99834     2.32134   0.0372934
          75     2.19792     2.31969   0.0368296
          76     1.96732     2.31506   0.0366364
          77     1.98532     2.31077   0.0364101
          78      2.0446     2.30736   0.0361019
          79     1.95818     2.30294   0.0359151
          80     1.88183     2.29768   0.0358518
          81     1.76467      2.2911   0.0360127
          82     1.83252      2.2855   0.0360078
          83     1.91796     2.28108   0.0358459
          84     2.38028     2.28226   0.0354362
          85     2.66303     2.28674   0.0353022
          86     1.89183     2.28214   0.0351902
          87     2.22027     2.28143   0.0347907
          88     1.84924     2.27652   0.0347419
          89     1.93452     2.27268   0.0345636
          90     2.15783      2.2714   0.0342012
          91     2.18942      2.2705   0.0338353
          92     2.37378     2.27162   0.0334843
          93     2.09782     2.26976    0.033175
          94     1.94538     2.26631   0.0330011
          95     2.39044     2.26761    0.032678
          96     2.54348     2.27049   0.0324633
          97     2.61595     2.27405   0.0323236
          98      2.2433     2.27373   0.0319937
          99     2.33804     2.27438   0.0316755
         100     2.07542     2.27239   0.0314202
