           1    -5.10383    -5.10383           0
           2     -5.0247    -5.06426   0.0395624
           3     -5.0025    -5.04367   0.0307513
           4    -5.06238    -5.04835   0.0222415
           5    -5.01384    -5.04145   0.0185591
           6    -4.92056     -5.0213   0.0252109
           7    -4.99122      -5.017   0.0217361
           8    -4.94918    -5.00853    0.020645
           9    -4.90273    -4.99677   0.0216725
          10    -4.92577    -4.98967   0.0206439
          11    -5.10456    -5.00011   0.0213956
          12    -4.95334    -4.99622   0.0199166
          13    -4.95737    -4.99323   0.0185627
          14    -4.97998    -4.99228   0.0172117
          15    -5.07561    -4.99784   0.0169589
          16    -5.11767    -5.00533   0.0175426
          17    -4.97054    -5.00328   0.0166049
          18    -5.02323    -5.00439   0.0156945
          19    -4.98878    -5.00357   0.0148682
          20    -5.01999    -5.00439   0.0141291
          21    -5.01451    -5.00487   0.0134481
          22    -4.98867    -5.00413   0.0128434
          23    -5.00138    -5.00401   0.0122729
          24    -5.00034    -5.00386   0.0117514
          25    -5.05846    -5.00605   0.0114812
          26    -5.05388    -5.00789   0.0111831
          27    -5.06994    -5.01018   0.0110037
          28    -5.01752    -5.01045   0.0106066
          29    -5.07526    -5.01268   0.0104755
          30    -5.04311     -5.0137    0.010171
          31    -5.01926    -5.01387  0.00983908
          32    -5.13164    -5.01755   0.0102128
          33    -4.99575    -5.01689  0.00992054
          34    -4.97688    -5.01572  0.00969605
          35    -4.95911     -5.0141  0.00955284
          36    -5.14091    -5.01762  0.00992954
          37    -5.08863    -5.01954  0.00984629
          38    -5.04799    -5.02029  0.00961288
          39    -5.03283    -5.02061  0.00936867
          40    -4.93243    -5.01841  0.00939377
          41    -4.88775    -5.01522  0.00970022
          42    -4.97029    -5.01415  0.00952669
          43    -5.06501    -5.01533  0.00937739
          44    -5.01814     -5.0154  0.00916201
          45    -5.10215    -5.01732  0.00916123
          46    -5.00919    -5.01715  0.00896161
          47    -5.03206    -5.01747   0.0087746
          48    -5.01454     -5.0174  0.00859007
          49    -5.17641    -5.02065  0.00901707
          50    -5.15139    -5.02326  0.00921373
          51    -4.99435     -5.0227  0.00904904
          52    -5.03479    -5.02293  0.00887636
          53    -5.03331    -5.02313  0.00870948
          54    -4.94818    -5.02174  0.00865862
          55    -5.04571    -5.02217   0.0085109
          56    -5.03563    -5.02241  0.00836099
          57    -5.08144    -5.02345  0.00827802
          58    -4.94153    -5.02204  0.00825576
          59    -4.97237     -5.0212  0.00815816
          60    -4.95868    -5.02015  0.00808843
          61    -4.95784    -5.01913  0.00802005
          62    -5.07453    -5.02003  0.00794006
          63    -5.12399    -5.02168  0.00798538
          64    -4.97348    -5.02092  0.00789561
          65    -4.99489    -5.02052   0.0077835
          66    -4.91221    -5.01888  0.00783837
          67    -5.01122    -5.01877  0.00772134
          68    -4.95196    -5.01778  0.00767013
          69    -4.97615    -5.01718   0.0075822
          70    -4.96926     -5.0165  0.00750438
          71    -4.98071    -5.01599  0.00741509
          72    -4.94091    -5.01495  0.00738536
          73    -5.01617    -5.01497   0.0072835
          74    -5.09156      -5.016  0.00725858
          75    -5.00981    -5.01592  0.00716162
          76    -5.05381    -5.01642  0.00708433
          77    -5.05904    -5.01697   0.0070136
          78    -5.03546    -5.01721  0.00692716
          79    -5.04785     -5.0176   0.0068499
          80    -5.06474    -5.01818  0.00678936
          81    -5.09355    -5.01912  0.00676926
          82    -5.06209    -5.01964  0.00670671
          83    -5.05216    -5.02003  0.00663699
          84    -4.98175    -5.01958  0.00657332
          85    -4.93334    -5.01856  0.00657427
          86    -5.13009    -5.01986  0.00662553
          87    -5.01876    -5.01985  0.00654894
          88    -5.11993    -5.02098  0.00657323
          89    -5.08856    -5.02174  0.00654316
          90    -5.00701    -5.02158  0.00647212
          91    -4.99669     -5.0213  0.00640645
          92    -4.96106    -5.02065  0.00637017
          93    -5.03954    -5.02085  0.00630458
          94    -5.06787    -5.02135  0.00625717
          95    -4.94062     -5.0205  0.00624901
          96    -4.91961    -5.01945  0.00627224
          97    -4.91596    -5.01839  0.00629826
          98    -5.00526    -5.01825   0.0062351
          99    -4.94808    -5.01754  0.00621237
         100    -4.99399    -5.01731  0.00615444
