           1     1.15511     1.15511           0
           2      1.1034     1.12926   0.0258548
           3     1.08882     1.11578   0.0201129
           4     1.13008     1.11935   0.0146645
           5     1.09478     1.11444   0.0123769
           6     1.03202      1.1007   0.0170533
           7      1.0811      1.0979   0.0146822
           8      1.0553     1.09257   0.0137851
           9     1.02389     1.08494   0.0143541
          10     1.03722     1.08017    0.013697
          11     1.15682     1.08714   0.0142143
          12     1.05656     1.08459   0.0132237
          13     1.05847     1.08258   0.0123289
          14      1.0731      1.0819   0.0114344
          15     1.13855     1.08568    0.011295
          16      1.1661     1.09071      0.0117
          17     1.06772     1.08935   0.0110731
          18     1.10394     1.09016   0.0104712
          19     1.08091     1.08968  0.00991673
          20     1.10148     1.09027  0.00942631
          21     1.09755     1.09061  0.00897291
          22     1.07961     1.09011  0.00856993
          23     1.08741        1.09   0.0081897
          24     1.08702     1.08987  0.00784202
          25     1.12463     1.09126  0.00764919
          26      1.1204     1.09238  0.00743405
          27     1.13121     1.09382  0.00729654
          28     1.09802     1.09397  0.00703272
          29     1.13642     1.09544  0.00694194
          30     1.11476     1.09608  0.00673743
          31     1.09857     1.09616  0.00651696
          32     1.17248     1.09854  0.00674572
          33     1.08205     1.09804  0.00655719
          34     1.07159     1.09727  0.00640882
          35      1.0581     1.09615  0.00632283
          36     1.17726      1.0984  0.00654475
          37     1.14365     1.09962  0.00648183
          38     1.11719     1.10009  0.00632586
          39     1.10681     1.10026  0.00616394
          40     1.04016     1.09876  0.00619287
          41     1.00904     1.09657  0.00642408
          42     1.06423      1.0958  0.00631636
          43     1.12793     1.09655  0.00621281
          44     1.09675     1.09655  0.00606997
          45     1.15289      1.0978  0.00606422
          46     1.09046     1.09764  0.00593307
          47     1.10663     1.09783  0.00580861
          48     1.09564     1.09779  0.00568649
          49     1.20341     1.09994  0.00597185
          50     1.18601     1.10166  0.00609916
          51     1.08277     1.10129  0.00598984
          52     1.10859     1.10143   0.0058752
          53     1.10727     1.10154  0.00576433
          54     1.05038      1.1006  0.00573539
          55     1.11683     1.10089  0.00563787
          56     1.10996     1.10105  0.00553864
          57     1.14025     1.10174  0.00548389
          58     1.04686      1.1008  0.00547096
          59     1.06741     1.10023  0.00540712
          60     1.05706     1.09951  0.00536472
          61     1.05703     1.09881   0.0053218
          62     1.13614     1.09942  0.00526977
          63     1.16838     1.10051  0.00529973
          64     1.06927     1.10002  0.00523905
          65      1.0835     1.09977  0.00516408
          66     1.02816     1.09868  0.00519967
          67     1.09312      1.0986  0.00512215
          68     1.05304     1.09793  0.00509056
          69     1.06889     1.09751  0.00503387
          70      1.0652     1.09705  0.00498285
          71     1.07421     1.09673  0.00492269
          72     1.04762     1.09604  0.00490152
          73     1.09693     1.09606  0.00483393
          74     1.14792     1.09676  0.00481939
          75     1.09369     1.09672  0.00475488
          76     1.12375     1.09707  0.00470537
          77     1.12644     1.09745  0.00465949
          78     1.10894      1.0976  0.00460173
          79     1.11784     1.09786  0.00455032
          80     1.12837     1.09824  0.00450925
          81     1.14927     1.09887  0.00449759
          82     1.12891     1.09923  0.00445748
          83     1.12243     1.09951  0.00441231
          84     1.07487     1.09922  0.00436933
          85     1.04406     1.09857  0.00436611
          86     1.17483     1.09946  0.00440522
          87     1.09893     1.09945   0.0043543
          88     1.16653     1.10021   0.0043715
          89     1.14664     1.10074  0.00435347
          90     1.09192     1.10064  0.00430594
          91     1.08593     1.10048  0.00426143
          92     1.06161     1.10005  0.00423598
          93     1.11298     1.10019  0.00419249
          94     1.13118     1.10052  0.00416073
          95     1.04683     1.09996  0.00415531
          96     1.03445     1.09928  0.00416803
          97     1.03218     1.09858  0.00418244
          98     1.09072      1.0985  0.00414032
          99     1.05153     1.09803  0.00412566
         100     1.08137     1.09786   0.0040876
