           1    -3.37116    -3.37116           0
           2     -3.3696    -3.37038 0.000780215
           3    -3.36927    -3.37001 0.000582584
           4    -3.36726    -3.36932 0.000801433
           5    -3.37168     -3.3698 0.000779355
           6    -3.37253    -3.37025   0.0007829
           7    -3.36958    -3.37016 0.000668629
           8    -3.36623    -3.36966 0.000758983
           9    -3.36689    -3.36936 0.000736952
          10    -3.36994    -3.36941 0.000661711
          11    -3.36933    -3.36941 0.000598585
          12     -3.3685    -3.36933 0.000551588
          13    -3.36967    -3.36936 0.000508042
          14    -3.37033    -3.36943 0.000475425
          15    -3.36778    -3.36932 0.000456025
          16    -3.36852    -3.36927  0.00042946
          17    -3.36896    -3.36925 0.000403812
          18    -3.36732    -3.36914  0.00039556
          19    -3.36741    -3.36905 0.000385117
          20    -3.36778    -3.36899 0.000370879
          21    -3.36819    -3.36895 0.000354818
          22    -3.36925    -3.36896 0.000338574
          23    -3.37027    -3.36902 0.000328498
          24    -3.36982    -3.36905 0.000316253
          25    -3.37152    -3.36915 0.000319016
          26    -3.37328    -3.36931 0.000345143
          27    -3.37313    -3.36945 0.000360928
          28    -3.37049    -3.36949 0.000349766
          29    -3.37063    -3.36953 0.000339778
          30    -3.37096    -3.36958  0.00033172
          31     -3.3714    -3.36963 0.000326205
          32    -3.37292    -3.36974 0.000332145
          33    -3.37267    -3.36983 0.000334001
          34    -3.36949    -3.36982 0.000324178
          35    -3.37196    -3.36988 0.000320681
          36    -3.37502    -3.37002 0.000342851
          37    -3.37315    -3.37011 0.000344042
          38    -3.37221    -3.37016 0.000339406
          39    -3.37261    -3.37022 0.000336517
          40    -3.37219    -3.37027 0.000331657
          41    -3.37418    -3.37037 0.000337233
          42    -3.37395    -3.37045 0.000339946
          43    -3.37311    -3.37052 0.000337661
          44    -3.37301    -3.37057 0.000334727
          45    -3.37281    -3.37062 0.000330961
          46     -3.3735    -3.37068 0.000329693
          47    -3.37212    -3.37072 0.000324053
          48    -3.37107    -3.37072 0.000317318
          49    -3.37129    -3.37073  0.00031099
          50    -3.37237    -3.37077 0.000306464
          51     -3.3702    -3.37076 0.000300603
          52    -3.37191    -3.37078 0.000295598
          53    -3.37241    -3.37081 0.000291593
          54    -3.37261    -3.37084 0.000288085
          55    -3.37047    -3.37084  0.00028288
          56    -3.37068    -3.37083 0.000277795
          57    -3.37106    -3.37084 0.000272907
          58    -3.37123    -3.37084 0.000268249
          59    -3.37126    -3.37085 0.000263757
          60     -3.3731    -3.37089 0.000262018
          61     -3.3723    -3.37091 0.000258723
          62    -3.37031     -3.3709   0.0002547
          63    -3.37142    -3.37091 0.000250761
          64    -3.36957    -3.37089 0.000247698
          65    -3.36965    -3.37087 0.000244603
          66    -3.36997    -3.37086 0.000241256
          67    -3.37154    -3.37087 0.000237846
          68     -3.3724    -3.37089 0.000235409
          69    -3.37282    -3.37092 0.000233647
          70    -3.37146    -3.37092 0.000230415
          71    -3.36939     -3.3709 0.000228168
          72    -3.36949    -3.37088 0.000225834
          73    -3.37078    -3.37088 0.000222724
          74    -3.36968    -3.37087 0.000220292
          75    -3.36928    -3.37084 0.000218363
          76    -3.36818    -3.37081 0.000218301
          77    -3.36937    -3.37079 0.000216252
          78    -3.37205    -3.37081 0.000214067
          79    -3.37109    -3.37081  0.00021137
          80    -3.37218    -3.37083 0.000209413
          81    -3.36963    -3.37081 0.000207337
          82    -3.36872    -3.37079  0.00020637
          83    -3.36851    -3.37076 0.000205706
          84    -3.36944    -3.37074 0.000203851
          85    -3.36725     -3.3707  0.00020558
          86    -3.36783    -3.37067 0.000205896
          87    -3.37037    -3.37067 0.000203546
          88    -3.37013    -3.37066 0.000201311
          89     -3.3686    -3.37064 0.000200379
          90    -3.36912    -3.37062 0.000198851
          91     -3.3678    -3.37059 0.000199081
          92    -3.36865    -3.37057 0.000198032
          93    -3.37007    -3.37056 0.000195964
          94     -3.3711    -3.37057 0.000193952
          95    -3.37038    -3.37057  0.00019191
          96    -3.36794    -3.37054 0.000191868
          97     -3.3677    -3.37051 0.000192122
          98    -3.36919     -3.3705 0.000190631
          99    -3.37078     -3.3705 0.000188718
         100    -3.37194    -3.37051 0.000187373
