           1     2.08118     2.08118           0
           2     2.07931     2.08024 0.000933333
           3     2.00496     2.05515   0.0251007
           4     2.14546     2.07773   0.0287187
           5     1.97101     2.05638   0.0308284
           6     2.07028      2.0587   0.0252777
           7     2.01878       2.053   0.0221117
           8     2.08988     2.05761   0.0196964
           9     2.03799     2.05543   0.0175068
          10     1.96235     2.04612   0.0182162
          11     2.07856     2.04907    0.016739
          12     2.07864     2.05153    0.015478
          13     1.90309     2.04011    0.018251
          14      2.0298     2.03938   0.0169132
          15     1.97072      2.0348    0.016397
          16     2.02003     2.03388   0.0153658
          17     2.04948      2.0348   0.0144628
          18      1.9432     2.02971   0.0145541
          19      1.9871     2.02746   0.0139482
          20      2.0514     2.02866   0.0132864
          21     2.09611     2.03187   0.0130397
          22     2.04152     2.03231   0.0124406
          23     2.15529     2.03766   0.0130346
          24     2.11841     2.04102   0.0129253
          25     1.93662     2.03685    0.013082
          26     2.07008     2.03812   0.0126336
          27      2.0051      2.0369   0.0122181
          28     2.14604      2.0408    0.012402
          29     2.00714     2.03964   0.0120229
          30     1.99957      2.0383   0.0116917
          31     1.99653     2.03696   0.0113883
          32     1.97664     2.03507   0.0111866
          33     1.99976       2.034    0.010895
          34     2.06125      2.0348   0.0106001
          35     2.11626     2.03713   0.0105526
          36     2.05416      2.0376   0.0102662
          37     2.07926     2.03873   0.0100482
          38     2.06241     2.03935      0.0098
          39     1.97295     2.03765  0.00969609
          40     2.13124     2.03999  0.00973593
          41     1.97032     2.03829  0.00964636
          42     2.09332      2.0396  0.00950464
          43     1.98414     2.03831  0.00937017
          44     2.06899     2.03901  0.00918125
          45     2.10174      2.0404  0.00908253
          46       2.105     2.04181  0.00899322
          47      1.9776     2.04044  0.00890518
          48     2.02419      2.0401  0.00872426
          49      2.0642     2.04059   0.0085585
          50     1.89747     2.03773  0.00886069
          51     2.00788     2.03715  0.00870491
          52     2.01392      2.0367  0.00854754
          53     2.04557     2.03687  0.00838638
          54     1.95104     2.03528  0.00838167
          55     1.94674     2.03367  0.00838384
          56     2.02827     2.03357  0.00823334
          57     1.99631     2.03292  0.00811398
          58     2.09369     2.03396   0.0080414
          59     2.16118     2.03612  0.00819277
          60     2.13349     2.03774  0.00821693
          61     2.08404      2.0385  0.00811667
          62     2.10803     2.03962  0.00806304
          63     1.94352      2.0381  0.00807936
          64     2.16931     2.04015  0.00821214
          65     1.96076     2.03893  0.00817655
          66     2.04555     2.03903  0.00805233
          67      2.0489     2.03918  0.00793261
          68     2.03016     2.03904   0.0078162
          69     1.91831     2.03729  0.00789835
          70     1.97067     2.03634  0.00784266
          71     2.04498     2.03646  0.00773237
          72     2.04696     2.03661  0.00762562
          73      2.0431      2.0367  0.00752096
          74      1.9737     2.03585  0.00746731
          75     2.07109     2.03632  0.00738204
          76     2.01099     2.03598  0.00729188
          77     2.12976      2.0372  0.00729887
          78     2.02852     2.03709  0.00720555
          79     2.09482     2.03782  0.00715119
          80     1.98085     2.03711  0.00709705
          81     2.08059     2.03765  0.00702941
          82     2.04578     2.03774  0.00694387
          83     2.00624     2.03736  0.00687019
          84     1.98034     2.03669  0.00682177
          85     2.07198      2.0371  0.00675381
          86     2.05132     2.03727  0.00667686
          87     2.04683     2.03738  0.00660059
          88     2.01914     2.03717  0.00652844
          89     2.04086     2.03721   0.0064548
          90     2.01277     2.03694  0.00638845
          91     2.07604     2.03737  0.00633246
          92      2.0627     2.03764  0.00626929
          93      1.9702     2.03692  0.00624378
          94     2.11871     2.03779  0.00623798
          95     2.15123     2.03898  0.00628642
          96     2.04832     2.03908  0.00622135
          97     2.00426     2.03872  0.00616733
          98     2.02498     2.03858  0.00610569
          99     2.10165     2.03922  0.00607718
         100     2.02603     2.03909  0.00601755
