           1   -0.541944   -0.541944           0
           2   -0.542856     -0.5424    0.000456
           3   -0.540072   -0.541624 0.000819444
           4   -0.538088    -0.54074  0.00105698
           5    -0.54064    -0.54072 0.000818975
           6   -0.543088   -0.541115 0.000776472
           7   -0.543072   -0.541394 0.000713327
           8   -0.541928   -0.541461 0.000621351
           9   -0.543688   -0.541708 0.000601258
          10   -0.539552   -0.541493 0.000579406
          11   -0.539344   -0.541297 0.000559315
          12   -0.541416   -0.541307 0.000510678
          13   -0.541832   -0.541348 0.000471486
          14   -0.542616   -0.541438 0.000445813
          15   -0.540464   -0.541373 0.000420081
          16   -0.539608   -0.541263 0.000408146
          17   -0.541656   -0.541286 0.000384082
          18   -0.538792   -0.541148 0.000387721
          19   -0.541208   -0.541151 0.000366761
          20   -0.539456   -0.541066  0.00035811
          21   -0.542136   -0.541117  0.00034442
          22   -0.539312   -0.541035 0.000338485
          23   -0.541056   -0.541036 0.000323435
          24   -0.543696   -0.541147 0.000328905
          25    -0.53896   -0.541059 0.000327375
          26   -0.537864   -0.540936 0.000337688
          27   -0.541648   -0.540963 0.000326007
          28    -0.54552   -0.541125 0.000353809
          29   -0.539304   -0.541063  0.00034712
          30    -0.54104   -0.541062 0.000335351
          31    -0.54088   -0.541056 0.000324406
          32   -0.543088   -0.541119 0.000320459
          33   -0.543112    -0.54118 0.000316411
          34   -0.540264   -0.541153 0.000308143
          35    -0.54256   -0.541193 0.000301898
          36   -0.542656   -0.541234 0.000296193
          37    -0.54448   -0.541322  0.00030114
          38    -0.54304   -0.541367 0.000296577
          39    -0.53912   -0.541309 0.000294561
          40    -0.54144   -0.541312 0.000287121
          41   -0.540192   -0.541285  0.00028136
          42   -0.543176    -0.54133 0.000278246
          43   -0.543432   -0.541379 0.000276061
          44    -0.54164   -0.541385 0.000269779
          45   -0.542432   -0.541408  0.00026474
          46   -0.540392   -0.541386 0.000259862
          47   -0.539096   -0.541337 0.000258899
          48    -0.54076   -0.541325 0.000253733
          49   -0.542248   -0.541344 0.000249213
          50   -0.539968   -0.541317 0.000245724
          51   -0.537664   -0.541245 0.000251281
          52     -0.5386   -0.541194 0.000251597
          53     -0.5408   -0.541187 0.000246916
          54   -0.535224   -0.541076 0.000266275
          55   -0.541528   -0.541085 0.000261517
          56    -0.54348   -0.541127 0.000260343
          57   -0.544336   -0.541184 0.000261858
          58   -0.540504   -0.541172  0.00025757
          59    -0.54148   -0.541177  0.00025322
          60   -0.540728    -0.54117 0.000249077
          61   -0.539272   -0.541138 0.000246927
          62   -0.541328   -0.541142 0.000242931
          63   -0.539848   -0.541121 0.000239924
          64   -0.542736   -0.541146  0.00023749
          65   -0.541696   -0.541155  0.00023396
          66   -0.541472    -0.54116 0.000230438
          67    -0.54104   -0.541158  0.00022698
          68   -0.539016   -0.541126 0.000225824
          69   -0.540528   -0.541118 0.000222696
          70   -0.542008    -0.54113  0.00021986
          71   -0.543568   -0.541165 0.000219444
          72   -0.540624   -0.541157 0.000216505
          73   -0.542688   -0.541178 0.000214546
          74   -0.540784   -0.541173 0.000211694
          75   -0.541384   -0.541176 0.000208871
          76   -0.542832   -0.541197 0.000207254
          77   -0.544256   -0.541237 0.000208366
          78    -0.54172   -0.541243  0.00020577
          79   -0.542448   -0.541259  0.00020372
          80   -0.541832   -0.541266 0.000201285
          81   -0.545328   -0.541316 0.000205014
          82   -0.543376   -0.541341 0.000204051
          83   -0.539968   -0.541324 0.000202255
          84   -0.537792   -0.541282 0.000204209
          85   -0.542968   -0.541302 0.000202765
          86   -0.541384   -0.541303 0.000200395
          87   -0.542256   -0.541314 0.000198381
          88   -0.540744   -0.541308 0.000196221
          89   -0.541232   -0.541307 0.000194005
          90   -0.540376   -0.541296 0.000192116
          91   -0.540016   -0.541282 0.000190514
          92   -0.538768   -0.541255 0.000190403
          93   -0.540512   -0.541247 0.000188514
          94   -0.541864   -0.541254 0.000186613
          95   -0.542432   -0.541266 0.000185055
          96   -0.539232   -0.541245 0.000184339
          97   -0.539752   -0.541229 0.000183076
          98   -0.542088   -0.541238  0.00018141
          99   -0.541728   -0.541243 0.000179637
         100   -0.543392   -0.541265 0.000179125
