           1    0.258734    0.258734           0
           2    0.261886     0.26031  0.00157596
           3    0.253056    0.257892  0.00258362
           4    0.261663    0.258835  0.00205582
           5    0.260447    0.259157  0.00162477
           6    0.259375    0.259193  0.00132711
           7    0.260799    0.259423  0.00114482
           8    0.257031    0.259124  0.00103554
           9    0.254451    0.258605   0.0010505
          10    0.263742    0.259118  0.00107089
          11    0.256862    0.258913 0.000990133
          12     0.26167    0.259143 0.000932597
          13    0.253582    0.258715 0.000958608
          14    0.256868    0.258583 0.000897256
          15    0.266857    0.259135  0.00100098
          16    0.258095     0.25907 0.000938579
          17    0.270248    0.259727  0.00109985
          18    0.258506    0.259659  0.00103917
          19    0.254545     0.25939  0.00101915
          20    0.252527    0.259047  0.00102594
          21    0.260459    0.259114 0.000978174
          22    0.254346    0.258898 0.000957509
          23    0.260505    0.258967 0.000917596
          24    0.262637     0.25912 0.000891736
          25    0.257743    0.259065 0.000857095
          26    0.256757    0.258976 0.000828244
          27    0.267728    0.259301 0.000860362
          28    0.260354    0.259338 0.000829918
          29    0.269126    0.259676  0.00086901
          30     0.26496    0.259852 0.000857824
          31    0.260006    0.259857 0.000829705
          32    0.259092    0.259833 0.000803714
          33    0.250997    0.259565  0.00082371
          34    0.255734    0.259453  0.00080702
          35    0.254787    0.259319 0.000794882
          36    0.261595    0.259382 0.000775068
          37    0.264294    0.259515 0.000765428
          38     0.25563    0.259413 0.000751994
          39    0.259159    0.259406 0.000732487
          40    0.265118    0.259549 0.000728081
          41    0.253378    0.259399 0.000725876
          42    0.259476    0.259401 0.000708385
          43    0.262007    0.259461 0.000694367
          44    0.259565    0.259464 0.000678406
          45    0.259735     0.25947 0.000663187
          46     0.26074    0.259497 0.000649197
          47    0.261868    0.259548 0.000637233
          48    0.266127    0.259685 0.000638699
          49    0.262013    0.259732 0.000627331
          50    0.260784    0.259753 0.000615016
          51    0.265691     0.25987 0.000613975
          52     0.26468    0.259962 0.000609116
          53    0.263499    0.260029 0.000601228
          54    0.254553    0.259927 0.000598642
          55    0.260876    0.259945 0.000587909
          56    0.259051    0.259929 0.000577536
          57    0.260662    0.259942 0.000567459
          58     0.26303    0.259995 0.000560126
          59    0.252992    0.259876   0.0005632
          60    0.256419    0.259819 0.000556723
          61    0.258194    0.259792 0.000548168
          62    0.257378    0.259753 0.000540658
          63    0.257757    0.259721 0.000532949
          64    0.261904    0.259755 0.000525664
          65    0.251022    0.259621 0.000534669
          66    0.252657    0.259516 0.000536974
          67    0.261316    0.259542 0.000529581
          68    0.256987    0.259505 0.000523087
          69    0.263118    0.259557 0.000518103
          70    0.262538      0.2596 0.000512419
          71    0.252005    0.259493 0.000516352
          72    0.261259    0.259517 0.000509721
          73    0.265564      0.2596 0.000509469
          74    0.261443    0.259625 0.000503153
          75    0.255559    0.259571  0.00049935
          76    0.255147    0.259513 0.000496162
          77    0.262426    0.259551 0.000491135
          78    0.258843    0.259541 0.000484882
          79    0.266092    0.259624 0.000485834
          80    0.249233    0.259494 0.000496998
          81    0.257453    0.259469  0.00049147
          82    0.260539    0.259482 0.000485615
          83    0.258997    0.259476 0.000479764
          84    0.257568    0.259454 0.000474563
          85     0.25079    0.259352 0.000479896
          86    0.259391    0.259352 0.000474283
          87    0.262841    0.259392 0.000470512
          88    0.262684     0.25943 0.000466636
          89    0.262343    0.259463 0.000462522
          90    0.259247     0.25946  0.00045736
          91    0.260396     0.25947 0.000452424
          92    0.263824    0.259518 0.000449974
          93    0.262331    0.259548 0.000446135
          94    0.262959    0.259584 0.000442853
          95    0.251178    0.259496 0.000447012
          96     0.26216    0.259524 0.000443201
          97    0.258485    0.259513 0.000438739
          98    0.253446    0.259451  0.00043863
          99    0.258895    0.259445 0.000434213
         100    0.256623    0.259417 0.000430774
