           1    -7.55318    -7.55318           0
           2     -7.5488    -7.55099  0.00219221
           3    -7.55402      -7.552  0.00162034
           4    -7.55756    -7.55339  0.00180246
           5     -7.5454    -7.55179  0.00212221
           6    -7.54425    -7.55054  0.00214076
           7      -7.554    -7.55103  0.00187557
           8    -7.57645    -7.55421  0.00356894
           9      -7.551    -7.55385  0.00316756
          10    -7.53798    -7.55226   0.0032474
          11    -7.56962    -7.55384  0.00333437
          12    -7.51994    -7.55102  0.00415317
          13     -7.5456     -7.5506  0.00384305
          14    -7.54854    -7.55045  0.00356101
          15    -7.54189    -7.54988  0.00336392
          16    -7.53392    -7.54888  0.00330103
          17    -7.53998    -7.54836  0.00314466
          18    -7.56297    -7.54917  0.00307395
          19    -7.55485    -7.54947    0.002923
          20    -7.55463    -7.54973  0.00278497
          21    -7.56586     -7.5505  0.00275818
          22     -7.5624    -7.55104  0.00268491
          23    -7.56045    -7.55145  0.00259797
          24    -7.55953    -7.55178  0.00251006
          25    -7.53065    -7.55094  0.00255169
          26    -7.54313    -7.55064  0.00246993
          27    -7.54842    -7.55056  0.00237812
          28    -7.53655    -7.55006  0.00234559
          29    -7.53426    -7.54951  0.00232785
          30     -7.5676    -7.55011  0.00232835
          31    -7.54682    -7.55001  0.00225449
          32     -7.5762    -7.55083  0.00233128
          33    -7.53757    -7.55043  0.00229495
          34     -7.5516    -7.55046  0.00222669
          35    -7.53625    -7.55005   0.0021999
          36    -7.55018    -7.55006  0.00213792
          37    -7.54111    -7.54982  0.00209336
          38    -7.52591    -7.54919  0.00213244
          39    -7.55468    -7.54933  0.00208181
          40    -7.54084    -7.54911  0.00204017
          41    -7.54849     -7.5491  0.00198985
          42    -7.54172    -7.54892  0.00194983
          43    -7.52431    -7.54835   0.0019881
          44    -7.54439    -7.54826  0.00194447
          45    -7.56143    -7.54855  0.00192315
          46    -7.55313    -7.54865  0.00188351
          47    -7.56027     -7.5489  0.00185948
          48    -7.54476    -7.54881  0.00182238
          49    -7.54665    -7.54877  0.00178535
          50    -7.53662    -7.54853  0.00176607
          51    -7.55871    -7.54873  0.00174257
          52    -7.53586    -7.54848  0.00172657
          53    -7.54306    -7.54838  0.00169676
          54    -7.55006    -7.54841  0.00166533
          55    -7.56161    -7.54865  0.00165231
          56    -7.53147    -7.54834  0.00165128
          57     -7.5414    -7.54822  0.00162662
          58    -7.55853     -7.5484  0.00160819
          59    -7.55041    -7.54843  0.00158106
          60    -7.56189    -7.54866   0.0015706
          61    -7.53555    -7.54844  0.00155951
          62    -7.56158    -7.54865   0.0015487
          63     -7.5577     -7.5488  0.00153068
          64    -7.55699    -7.54892  0.00151199
          65    -7.57042    -7.54926  0.00152485
          66    -7.55833    -7.54939  0.00150785
          67    -7.54398    -7.54931  0.00148737
          68    -7.54913    -7.54931  0.00146533
          69    -7.54282    -7.54922    0.001447
          70    -7.54213    -7.54911  0.00142977
          71    -7.56499    -7.54934  0.00142712
          72    -7.56012    -7.54949  0.00141511
          73    -7.55379    -7.54955  0.00139683
          74    -7.53692    -7.54938  0.00138836
          75    -7.55156     -7.5494  0.00137004
          76    -7.52597     -7.5491  0.00138662
          77    -7.56662    -7.54932  0.00138728
          78    -7.53128    -7.54909  0.00138877
          79     -7.5366    -7.54893  0.00138017
          80    -7.55272    -7.54898  0.00136363
          81     -7.5368    -7.54883  0.00135507
          82     -7.5487    -7.54883  0.00133844
          83    -7.52824    -7.54858  0.00134528
          84    -7.55758    -7.54869  0.00133348
          85    -7.54161    -7.54861  0.00132033
          86    -7.53872    -7.54849  0.00130994
          87    -7.55581    -7.54858  0.00129753
          88    -7.54113    -7.54849  0.00128548
          89    -7.52969    -7.54828   0.0012884
          90    -7.55096    -7.54831  0.00127435
          91    -7.54637    -7.54829  0.00126045
          92    -7.53603    -7.54815  0.00125378
          93    -7.53599    -7.54802   0.0012471
          94    -7.53134    -7.54785  0.00124647
          95    -7.54392     -7.5478  0.00123397
          96    -7.54535    -7.54778  0.00122132
          97    -7.55582    -7.54786   0.0012115
          98    -7.55725    -7.54796   0.0012029
          99    -7.56168     -7.5481  0.00119872
         100    -7.54168    -7.54803  0.00118841
