           0           0           0
   0.0230664           0           0
   0.0461329           0           0
   0.0691993           0           0
   0.0922657           0           0
    0.115332           0           0
    0.138399           0           0
    0.161465           0           0
    0.184531           0           0
    0.207598           0           0
    0.230664           0           0
    0.253731           0           0
    0.276797           0           0
    0.299864           0           0
     0.32293           0           0
    0.345996           0           0
    0.369063           0           0
    0.392129           0           0
    0.415196           0           0
    0.438262           0           0
    0.461329           0           0
    0.484395           0           0
    0.507461           0           0
    0.530528           0           0
    0.553594           0           0
    0.576661           0           0
    0.599727           0           0
    0.622794           0           0
     0.64586           0           0
    0.668926           0           0
    0.691993           0           0
    0.715059           0           0
    0.738126           0           0
    0.761192           0           0
    0.784259           0           0
    0.807325           0           0
    0.830391           0           0
    0.853458           0           0
    0.876524 6.40672e-05 1.05531e-05
    0.899591  0.00340562 7.75017e-05
    0.922657   0.0470975 0.000365756
    0.945724    0.293004  0.00106142
     0.96879      1.0047  0.00185501
    0.991856     2.23828  0.00266932
     1.01492     3.62304  0.00213259
     1.03799      4.6164  0.00242116
     1.06106      4.8997  0.00362182
     1.08412     4.49678  0.00325467
     1.10719     3.66344  0.00289464
     1.13026     2.69745  0.00205065
     1.15332     1.81705  0.00130408
     1.17639     1.12974  0.00126502
     1.19945    0.651369  0.00126851
     1.22252    0.351871  0.00103791
     1.24559    0.178703 0.000871864
     1.26865   0.0878304 0.000662053
     1.29172   0.0483665 0.000479754
     1.31479   0.0414986 0.000436104
     1.33785    0.060158 0.000509047
     1.36092    0.105477 0.000594995
     1.38399    0.182853 0.000697123
     1.40705    0.300361  0.00070132
     1.43012    0.452474 0.000582141
     1.45319    0.629782 0.000678499
     1.47625    0.797754 0.000985887
     1.49932    0.923908  0.00122434
     1.52238    0.971312  0.00139648
     1.54545    0.930356  0.00124951
     1.56852    0.808518  0.00106059
     1.59158    0.641445 0.000672985
     1.61465    0.464849 0.000535934
     1.63772    0.316348 0.000664051
     1.66078    0.218603 0.000822008
     1.68385    0.190912 0.000932501
     1.70692    0.253227   0.0011006
     1.72998    0.431826  0.00127642
     1.75305    0.748272  0.00127988
     1.77612     1.19607  0.00105426
     1.79918     1.72679 0.000919078
     1.82225     2.23539  0.00138336
     1.84531      2.6007  0.00195805
     1.86838     2.71806  0.00240869
     1.89145     2.56128  0.00231632
     1.91451     2.18352  0.00163436
     1.93758     1.69054 0.000934718
     1.96065     1.19968 0.000795283
     1.98371    0.800119  0.00109164
     2.00678    0.540276  0.00126857
     2.02985    0.432319  0.00132129
     2.05291    0.459125  0.00112889
     2.07598    0.585185 0.000821819
     2.09905    0.758137 0.000562738
     2.12211     0.91787 0.000635824
     2.14518     1.01585 0.000878613
     2.16824     1.02289  0.00101985
     2.19131    0.920802 0.000765025
     2.21438    0.781737 0.000574257
     2.23744    0.652767 0.000645732
     2.26051    0.570447  0.00106977
     2.28358    0.570977  0.00132999
