           1     7.56281     7.56281           0
           2     7.57895     7.57088  0.00806659
           3     7.55799     7.56658  0.00633718
           4     7.53379     7.55838   0.0093435
           5      7.5978     7.56627   0.0107021
           6     7.60568     7.57284   0.0109321
           7     7.55491     7.57028  0.00958756
           8     7.42248      7.5518   0.0202544
           9     7.56604     7.55338   0.0179326
          10     7.64178     7.56222   0.0183139
          11     7.46104     7.55303   0.0189481
          12     7.74177     7.56875    0.023379
          13     7.59902     7.57108   0.0216312
          14     7.58462     7.57205   0.0200499
          15     7.62708     7.57572   0.0190226
          16     7.66178      7.5811   0.0185892
          17     7.63213      7.5841   0.0177177
          18     7.49814     7.57932   0.0173736
          19     7.54525     7.57753   0.0165314
          20     7.54882     7.57609   0.0157486
          21     7.49137     7.57206   0.0155137
          22     7.50045      7.5688   0.0151456
          23     7.51729     7.56656   0.0146444
          24     7.51857     7.56456   0.0141628
          25     7.67447     7.56896   0.0142781
          26     7.61708     7.57081   0.0138423
          27     7.58475     7.57133   0.0133297
          28     7.65439     7.57429    0.013183
          29     7.65555      7.5771   0.0130252
          30     7.47993     7.57386   0.0129937
          31     7.59083     7.57441   0.0125794
          32     7.43271     7.56998   0.0129599
          33     7.63965     7.57209   0.0127372
          34      7.5678     7.57196   0.0123576
          35     7.65258     7.57427   0.0122184
          36     7.57377     7.57425   0.0118742
          37     7.62006     7.57549    0.011615
          38     7.71535     7.57917   0.0118892
          39     7.55018     7.57843   0.0116041
          40     7.62632     7.57962   0.0113735
          41     7.58192     7.57968   0.0110928
          42     7.62109     7.58067   0.0108702
          43     7.71565     7.58381   0.0110689
          44     7.60547      7.5843   0.0108256
          45     7.51024     7.58265   0.0107095
          46     7.55777     7.58211   0.0104881
          47     7.52273     7.58085     0.01034
          48     7.60784     7.58141   0.0101379
          49     7.58732     7.58153  0.00992956
          50     7.64691     7.58284  0.00981643
          51      7.5225     7.58166  0.00969448
          52     7.65523     7.58307  0.00961095
          53     7.60659     7.58351  0.00943831
          54     7.57809     7.58341  0.00926242
          55      7.5107     7.58209  0.00918807
          56     7.67289     7.58371  0.00916705
          57     7.62319     7.58441  0.00903139
          58     7.52442     7.58337  0.00893436
          59     7.56931     7.58313  0.00878486
          60     7.50738     7.58187    0.008729
          61     7.65103       7.583  0.00865925
          62     7.50591     7.58176  0.00860872
          63      7.5356     7.58103  0.00850261
          64       7.535     7.58031  0.00839955
          65     7.46079     7.57847  0.00847128
          66     7.53781     7.57785  0.00836466
          67     7.60651     7.57828  0.00824995
          68     7.58248     7.57834  0.00812796
          69     7.61764     7.57891  0.00802952
          70     7.62197     7.57953  0.00793785
          71     7.49054     7.57827  0.00792498
          72     7.52148     7.57749  0.00785385
          73     7.54677     7.57707  0.00775694
          74      7.6494     7.57804  0.00771358
          75     7.56851     7.57792   0.0076111
          76     7.70441     7.57958  0.00769252
          77     7.48468     7.57835  0.00769134
          78     7.67498     7.57959  0.00769251
          79     7.64471     7.58041  0.00763913
          80     7.55623     7.58011  0.00754909
          81     7.64508     7.58091  0.00749833
          82     7.58796       7.581  0.00740682
          83     7.68874     7.58229  0.00743129
          84     7.53569     7.58174  0.00736322
          85     7.61968     7.58219  0.00728976
          86      7.6324     7.58277  0.00722812
          87     7.54462     7.58233    0.007158
          88     7.62788     7.58285  0.00709509
          89     7.68941     7.58405  0.00711637
          90     7.56797     7.58387  0.00703913
          91     7.59429     7.58398  0.00696229
          92     7.64961      7.5847  0.00692304
          93     7.65129     7.58541  0.00688553
          94     7.67892     7.58641  0.00688413
          95     7.60134     7.58656   0.0068131
          96     7.59879     7.58669  0.00674296
          97     7.54367     7.58625   0.0066878
          98     7.53203     7.58569  0.00664229
          99     7.50885     7.58492  0.00662051
         100       7.622     7.58529  0.00656445
