           1    0.709612    0.709612           0
           2    0.699528     0.70457    0.005042
           3    0.706856    0.705332  0.00300908
           4    0.706952    0.705737  0.00216594
           5    0.700144    0.704618  0.00201645
           6    0.714824    0.706319  0.00236725
           7    0.721372     0.70847  0.00293716
           8     0.71836    0.709706  0.00282818
           9      0.7062    0.709316  0.00252445
          10     0.69516    0.707901  0.00266502
          11    0.697012    0.706911  0.00260593
          12      0.7152    0.707602  0.00247714
          13    0.713052    0.708021  0.00231689
          14    0.703892    0.707726   0.0021652
          15     0.68806    0.706415  0.00240456
          16    0.709856     0.70663  0.00225952
          17    0.716308    0.707199  0.00219747
          18    0.705112    0.707083  0.00207504
          19    0.694652    0.706429  0.00206897
          20    0.710076    0.706611  0.00197125
          21     0.70546    0.706557  0.00187583
          22      0.7025    0.706372  0.00179802
          23    0.709052    0.706489  0.00172201
          24      0.7048    0.706418   0.0016502
          25    0.699508    0.706142  0.00160677
          26    0.706076    0.706139  0.00154374
          27     0.69794    0.705836  0.00151619
          28     0.70138    0.705677  0.00146967
          29      0.7138    0.705957  0.00144549
          30     0.70832    0.706035   0.0013987
          31     0.69474    0.705671  0.00140104
          32    0.715408    0.705975  0.00139025
          33    0.711624    0.706147   0.0013583
          34    0.693236    0.705767  0.00137136
          35    0.692168    0.705378  0.00138713
          36    0.693944    0.705061  0.00138496
          37    0.704856    0.705055  0.00134702
          38      0.7097    0.705177  0.00131678
          39    0.706204    0.705204  0.00128284
          40    0.699216    0.705054  0.00125929
          41     0.70572     0.70507   0.0012283
          42      0.6975     0.70489  0.00121217
          43    0.705888    0.704913  0.00118387
          44     0.71364    0.705112  0.00117353
          45    0.697708    0.704947   0.0011589
          46    0.703272    0.704911  0.00113401
          47    0.705692    0.704927  0.00110974
          48      0.6976    0.704775  0.00109705
          49    0.700312    0.704684  0.00107828
          50    0.700388    0.704598  0.00105998
          51    0.705604    0.704617  0.00103918
          52     0.71398    0.704797  0.00103478
          53    0.692344    0.704562  0.00104191
          54    0.698292    0.704446  0.00102901
          55    0.703316    0.704426  0.00101033
          56    0.709728     0.70452 0.000996635
          57    0.698204     0.70441 0.000985246
          58      0.7057    0.704432 0.000968365
          59    0.704428    0.704432 0.000951811
          60    0.694216    0.704262 0.000951176
          61    0.703812    0.704254 0.000935482
          62    0.710548    0.704356 0.000925852
          63     0.69338    0.704181 0.000927545
          64    0.712936    0.704318 0.000923128
          65      0.7101    0.704407 0.000913158
          66    0.699796    0.704337 0.000901926
          67    0.715504    0.704504 0.000903862
          68    0.711332    0.704604 0.000896114
          69     0.69848    0.704516 0.000887481
          70      0.6965    0.704401 0.000882174
          71    0.709236    0.704469 0.000872322
          72    0.702256    0.704438  0.00086067
          73    0.701092    0.704393 0.000850036
          74     0.71288    0.704507 0.000846278
          75    0.708556    0.704561 0.000836661
          76    0.702668    0.704536 0.000825955
          77    0.715036    0.704673 0.000826484
          78    0.705144    0.704679 0.000815842
          79    0.704916    0.704682 0.000805454
          80    0.703732     0.70467 0.000795411
          81    0.715904    0.704809 0.000797679
          82    0.698088    0.704727 0.000792143
          83    0.700652    0.704678 0.000784079
          84     0.70636    0.704698 0.000774947
          85    0.714308    0.704811 0.000774078
          86    0.688932    0.704626 0.000786989
          87    0.707588     0.70466 0.000778635
          88    0.700344    0.704611 0.000771297
          89    0.705876    0.704625 0.000762714
          90    0.711152    0.704698 0.000757671
          91    0.717768    0.704841  0.00076294
          92      0.7067    0.704862 0.000754872
          93    0.709964    0.704916 0.000748724
          94    0.706968    0.704938 0.000741037
          95    0.708164    0.704972 0.000733981
          96    0.691244    0.704829 0.000740239
          97    0.708456    0.704867 0.000733522
          98     0.72188     0.70504 0.000746467
          99    0.700416    0.704994 0.000740363
         100    0.717732    0.705121  0.00074391
