           1     1.72636     1.72636           0
           2     1.79767     1.76201   0.0356523
           3     1.78509     1.76971   0.0219737
           4     1.69156     1.75017   0.0249615
           5     1.97209     1.79455   0.0484127
           6     1.71917     1.78199   0.0414775
           7     1.68133     1.76761   0.0378896
           8     1.57432     1.74345   0.0407486
           9     1.74215      1.7433   0.0359372
          10     1.98966     1.76794   0.0404981
          11     1.82969     1.77355   0.0370596
          12     1.68673     1.76632   0.0345956
          13      1.7555     1.76549   0.0318342
          14     1.70725     1.76133   0.0297648
          15     1.92301     1.77211   0.0297322
          16     1.83308     1.77592   0.0280718
          17     1.64903     1.76845   0.0274049
          18     1.77858     1.76902   0.0258437
          19     1.89535     1.77566   0.0253339
          20       1.778     1.77578   0.0240342
          21     1.79595     1.77674   0.0228812
          22     1.84042     1.77964   0.0220076
          23     1.86158      1.7832   0.0213286
          24     1.92188     1.78898   0.0212224
          25     1.83547     1.79084   0.0204406
          26     1.88709     1.79454   0.0199846
          27     1.85243     1.79668   0.0193493
          28     1.75932     1.79535   0.0186932
          29     1.69469     1.79188    0.018368
          30     1.82021     1.79282   0.0177703
          31      1.8542      1.7948   0.0173012
          32     1.72099      1.7925   0.0169098
          33     1.72424     1.79043   0.0165194
          34     1.87619     1.79295   0.0162235
          35     1.96372     1.79783   0.0164914
          36     1.92039     1.80123   0.0163844
          37     1.87391      1.8032    0.016056
          38     1.66101     1.79946   0.0160695
          39     1.70507     1.79704   0.0158381
          40     1.91118     1.79989   0.0156986
          41     1.76251     1.79898    0.015338
          42      1.9575     1.80275   0.0154369
          43     1.75794     1.80171   0.0151096
          44     1.76399     1.80085   0.0147871
          45      1.9834     1.80491   0.0150132
          46     1.86175     1.80614   0.0147351
          47     1.76725     1.80532   0.0144419
          48     1.81201     1.80546   0.0141385
          49     1.85192      1.8064   0.0138794
          50     1.79902     1.80626   0.0135998
          51     1.80683     1.80627   0.0133305
          52     1.72647     1.80473   0.0131613
          53     1.97842     1.80801     0.01332
          54     1.80701     1.80799   0.0130711
          55     1.86127     1.80896   0.0128677
          56     1.69951     1.80701   0.0127861
          57     1.96989     1.80986   0.0128808
          58     1.76465     1.80908   0.0126807
          59     1.78753     1.80872   0.0124693
          60     1.87425     1.80981   0.0123083
          61     1.79066      1.8095   0.0121089
          62     1.71096     1.80791   0.0120175
          63      2.0007     1.81097   0.0122148
          64     1.66548     1.80869   0.0122354
          65     1.76507     1.80802   0.0120644
          66     1.95506     1.81025   0.0120873
          67     1.65156     1.80788   0.0121388
          68     1.76852      1.8073    0.011973
          69     1.78692     1.80701   0.0118019
          70     1.82301     1.80724   0.0116343
          71     1.76168      1.8066   0.0114872
          72     1.82162      1.8068   0.0113285
          73     1.82642     1.80707   0.0111754
          74     1.68182     1.80538   0.0111526
          75     1.70233     1.80401   0.0110883
          76     1.83538     1.80442   0.0109492
          77     1.69345     1.80298   0.0109018
          78     1.73257     1.80208   0.0107989
          79     1.81196      1.8022   0.0106621
          80     1.80371     1.80222    0.010528
          81     1.75432     1.80163    0.010414
          82     1.90879     1.80293   0.0103689
          83     1.88008     1.80386   0.0102853
          84     1.89204     1.80491   0.0102162
          85     1.69182     1.80358   0.0101826
          86     1.95015     1.80529   0.0102068
          87     1.77205     1.80491    0.010096
          88     1.70412     1.80376   0.0100461
          89     1.90882     1.80494   0.0100025
          90     1.69737     1.80375  0.00996269
          91     1.66506     1.80222  0.00996977
          92     1.79922     1.80219  0.00986086
          93     1.81725     1.80235   0.0097556
          94     1.70385      1.8013  0.00970798
          95     1.79816     1.80127   0.0096053
          96     1.81169     1.80138  0.00950534
          97     1.79906     1.80135  0.00940687
          98     1.60025      1.7993  0.00953385
          99     1.93904     1.80071  0.00954203
         100     1.70216     1.79973  0.00949741
