           1     0.70578     0.70578           0
           2    0.714432    0.710106   0.0043261
           3    0.679635    0.699949   0.0104597
           4    0.689727    0.697394  0.00782516
           5    0.736589    0.705233  0.00990908
           6    0.670399    0.699427  0.00995816
           7    0.698114    0.699239  0.00841827
           8    0.644989    0.692458  0.00995674
           9    0.687861    0.691947  0.00879587
          10     0.73014    0.695767  0.00874533
          11     0.72012     0.69798  0.00821442
          12     0.69203    0.697485  0.00751508
          13    0.692242    0.697081  0.00692462
          14     0.67634      0.6956  0.00657992
          15    0.703294    0.696113    0.006147
          16    0.706489    0.696761  0.00578645
          17    0.695171    0.696668  0.00543623
          18    0.689523    0.696271  0.00514067
          19    0.697639    0.696343  0.00486312
          20    0.690148    0.696033  0.00462395
          21    0.695234    0.695995  0.00439842
          22    0.686665    0.695571  0.00421512
          23    0.730406    0.697085  0.00430304
          24     0.70399    0.697373  0.00412988
          25    0.693695    0.697226  0.00396397
          26    0.705714    0.697553  0.00382243
          27    0.701368    0.697694  0.00368085
          28    0.691002    0.697455    0.003555
          29    0.684775    0.697018  0.00345798
          30    0.691341    0.696828  0.00334608
          31    0.719856    0.697571  0.00332049
          32    0.678198    0.696966  0.00327156
          33    0.675828    0.696325  0.00323492
          34    0.689706    0.696131  0.00314437
          35    0.714336    0.696651   0.0030972
          36    0.710935    0.697047  0.00303598
          37    0.701984    0.697181  0.00295579
          38    0.656538    0.696111  0.00306934
          39    0.693792    0.696052  0.00299019
          40    0.710323    0.696409  0.00293624
          41     0.69976     0.69649  0.00286489
          42    0.701634    0.696613  0.00279853
          43    0.688852    0.696432  0.00273863
          44     0.67145    0.695865  0.00273524
          45    0.737177    0.696783  0.00282699
          46    0.693569    0.696713  0.00276573
          47    0.691212    0.696596  0.00270878
          48    0.673002    0.696104  0.00269691
          49    0.705947    0.696305  0.00264893
          50     0.69524    0.696284   0.0025955
          51    0.710912    0.696571  0.00256021
          52    0.715231    0.696929  0.00253602
          53    0.737062    0.697687   0.0026004
          54    0.690851     0.69756  0.00255492
          55    0.702769    0.697655  0.00250983
          56     0.66854    0.697135  0.00251884
          57    0.726149    0.697644  0.00252608
          58    0.697894    0.697648  0.00248214
          59    0.689744    0.697514  0.00244339
          60    0.729632     0.69805  0.00246124
          61    0.671449    0.697613  0.00245952
          62    0.713744    0.697874  0.00243347
          63    0.713958    0.698129  0.00240811
          64    0.675978    0.697783  0.00239532
          65    0.687581    0.697626   0.0023634
          66    0.694034    0.697571  0.00232795
          67    0.684853    0.697382  0.00230079
          68    0.672804     0.69702  0.00229533
          69    0.696365    0.697011  0.00226184
          70    0.687207    0.696871  0.00223369
          71    0.705892    0.696998  0.00220567
          72     0.70485    0.697107  0.00217755
          73    0.701097    0.697161  0.00214821
          74    0.677161    0.696891  0.00213615
          75    0.674645    0.696595  0.00212825
          76    0.710476    0.696777  0.00210798
          77    0.678773    0.696543  0.00209353
          78    0.667375    0.696169  0.00210007
          79    0.714156    0.696397  0.00208578
          80    0.707041     0.69653  0.00206384
          81    0.694309    0.696503  0.00203839
          82    0.708733    0.696652  0.00201889
          83    0.694728    0.696629  0.00199455
          84    0.717318    0.696875    0.001986
          85    0.693158    0.696831  0.00196298
          86    0.700226    0.696871  0.00194042
          87    0.696361    0.696865    0.001918
          88    0.699927      0.6969   0.0018964
          89    0.723098    0.697194  0.00189793
          90    0.686276    0.697073  0.00188064
          91    0.680139    0.696887  0.00186915
          92     0.68071    0.696711  0.00185706
          93    0.706519    0.696816  0.00184001
          94    0.694009    0.696786  0.00182058
          95    0.705894    0.696882  0.00180386
          96    0.689702    0.696807  0.00178654
          97    0.692094    0.696759  0.00176869
          98    0.668197    0.696467  0.00177465
          99    0.692015    0.696422   0.0017572
         100    0.681987    0.696278  0.00174552
