           1   -0.943722   -0.943722           0
           2   -0.940626   -0.942174   0.0015484
           3   -0.945563   -0.943304  0.00144065
           4   -0.940726   -0.942659  0.00120536
           5   -0.943333   -0.942794 0.000943335
           6   -0.949237   -0.943868  0.00132147
           7   -0.951074   -0.944897  0.00151895
           8   -0.952424   -0.945838  0.00161727
           9   -0.944384   -0.945677  0.00143542
          10   -0.941448   -0.945254  0.00135173
          11   -0.938018   -0.944596  0.00138838
          12    -0.95036   -0.945076  0.00135538
          13   -0.946882   -0.945215  0.00125448
          14   -0.943474   -0.945091  0.00116806
          15   -0.932772    -0.94427  0.00136269
          16   -0.945683   -0.944358  0.00127774
          17   -0.947846   -0.944563  0.00121763
          18   -0.942198   -0.944432  0.00115549
          19    -0.94065   -0.944233  0.00111096
          20   -0.947543   -0.944398  0.00106686
          21   -0.945404   -0.944446  0.00101592
          22   -0.943788   -0.944416 0.000969102
          23   -0.944754   -0.944431 0.000926126
          24   -0.945816   -0.944489 0.000888574
          25   -0.940222   -0.944318 0.000869213
          26   -0.944647   -0.944331 0.000835209
          27   -0.939084   -0.944136 0.000826839
          28   -0.942108   -0.944064 0.000800048
          29      -0.949   -0.944234 0.000790509
          30   -0.947304   -0.944336  0.00077053
          31   -0.938556    -0.94415 0.000768233
          32    -0.94933   -0.944312 0.000761246
          33   -0.949165   -0.944459  0.00075233
          34   -0.938399   -0.944281 0.000751313
          35   -0.938362   -0.944112 0.000748876
          36   -0.938253   -0.943949 0.000745751
          37   -0.946291   -0.944012 0.000728073
          38   -0.946284   -0.944072 0.000711172
          39   -0.942897   -0.944042 0.000693352
          40   -0.942987   -0.944015  0.00067631
          41   -0.943992   -0.944015 0.000659608
          42     -0.9409   -0.943941  0.00064797
          43   -0.943154   -0.943922 0.000632986
          44   -0.948256   -0.944021 0.000626227
          45   -0.939958   -0.943931 0.000618776
          46    -0.94231   -0.943895 0.000606199
          47   -0.944122     -0.9439  0.00059318
          48   -0.942008   -0.943861 0.000582027
          49    -0.94223   -0.943827 0.000570996
          50   -0.941646   -0.943784 0.000561159
          51   -0.942785   -0.943764 0.000550394
          52   -0.948308   -0.943852 0.000546734
          53   -0.938221   -0.943745 0.000546741
          54   -0.940666   -0.943688 0.000539541
          55   -0.945175   -0.943715  0.00053033
          56    -0.94681   -0.943771 0.000523697
          57   -0.942729   -0.943752 0.000514752
          58   -0.942732   -0.943735 0.000506105
          59   -0.943926   -0.943738 0.000497463
          60   -0.938963   -0.943658 0.000495534
          61   -0.942034   -0.943632 0.000488069
          62   -0.944974   -0.943653  0.00048062
          63   -0.939444   -0.943587 0.000477626
          64   -0.947931   -0.943655  0.00047498
          65   -0.946892   -0.943704 0.000470261
          66   -0.943431     -0.9437 0.000463099
          67   -0.948805   -0.943776 0.000462454
          68    -0.94801   -0.943839 0.000459838
          69   -0.940016   -0.943783 0.000456499
          70   -0.938468   -0.943707 0.000456292
          71   -0.945671   -0.943735 0.000450669
          72   -0.941235     -0.9437  0.00044572
          73   -0.941666   -0.943672 0.000440454
          74   -0.949096   -0.943746   0.0004406
          75   -0.946287    -0.94378 0.000436004
          76   -0.943958   -0.943782 0.000430236
          77   -0.950287   -0.943866 0.000432935
          78   -0.942813   -0.943853 0.000427562
          79   -0.943783   -0.943852 0.000422116
          80   -0.943058   -0.943842 0.000416924
          81   -0.948469   -0.943899 0.000415688
          82   -0.941242   -0.943867 0.000411864
          83   -0.943434   -0.943862 0.000406905
          84   -0.944384   -0.943868  0.00040208
          85   -0.946606     -0.9439 0.000398625
          86   -0.935898   -0.943807   0.0004048
          87   -0.943678   -0.943805 0.000400123
          88   -0.938781   -0.943748  0.00039965
          89   -0.944375   -0.943755 0.000395197
          90   -0.946966   -0.943791 0.000392406
          91   -0.949954   -0.943859 0.000393934
          92   -0.946612   -0.943889 0.000390777
          93   -0.946145   -0.943913 0.000387312
          94    -0.94405   -0.943914 0.000383172
          95   -0.944953   -0.943925 0.000379275
          96   -0.935953   -0.943842 0.000384382
          97   -0.943083   -0.943835 0.000380479
          98   -0.950856   -0.943906 0.000383332
          99   -0.944171   -0.943909  0.00037945
         100   -0.951682   -0.943987 0.000383595
