           1    -5.44524    -5.44524           0
           2    -5.44465    -5.44494 0.000295777
           3    -5.47008    -5.45332  0.00838071
           4    -5.48739    -5.46184   0.0103748
           5    -5.43612    -5.45669  0.00954186
           6    -5.47555    -5.45984  0.00840082
           7    -5.47982    -5.46269  0.00765227
           8    -5.45303    -5.46148   0.0067363
           9    -5.47152     -5.4626  0.00604453
          10    -5.46025    -5.46236  0.00541151
          11    -5.48387    -5.46432  0.00527081
          12    -5.45466    -5.46351  0.00487846
          13    -5.46088    -5.46331   0.0044921
          14    -5.46513    -5.46344   0.0041609
          15    -5.48054    -5.46458  0.00403777
          16    -5.44035    -5.46307  0.00406939
          17    -5.45696    -5.46271  0.00383936
          18    -5.45084    -5.46205  0.00367935
          19     -5.4996    -5.46402  0.00400248
          20    -5.48209    -5.46493  0.00390311
          21     -5.4596    -5.46467  0.00372124
          22    -5.45533    -5.46425  0.00357339
          23     -5.4596    -5.46405  0.00342048
          24    -5.47348    -5.46444  0.00329837
          25    -5.48512    -5.46527  0.00327009
          26    -5.46535    -5.46527   0.0031418
          27     -5.4562    -5.46493  0.00304179
          28    -5.47473    -5.46528  0.00295195
          29    -5.42895    -5.46403  0.00311166
          30    -5.47338    -5.46434  0.00302226
          31    -5.46974    -5.46452  0.00292832
          32     -5.4762    -5.46488  0.00285874
          33    -5.45647    -5.46463  0.00278245
          34    -5.43411    -5.46373   0.0028447
          35    -5.46529    -5.46377  0.00276258
          36    -5.46203    -5.46373  0.00268519
          37    -5.46008    -5.46363  0.00261346
          38    -5.46492    -5.46366  0.00254398
          39    -5.47424    -5.46393   0.0024927
          40    -5.47407    -5.46419  0.00244278
          41    -5.47153    -5.46437  0.00238917
          42    -5.46792    -5.46445  0.00233314
          43    -5.44488      -5.464  0.00232324
          44    -5.47374    -5.46422   0.0022806
          45    -5.48083    -5.46459  0.00225971
          46    -5.45621     -5.4644  0.00221752
          47     -5.4582    -5.46427  0.00217384
          48    -5.49832    -5.46498  0.00224316
          49    -5.46674    -5.46502   0.0021972
          50    -5.47853    -5.46529   0.0021697
          51    -5.45676    -5.46512  0.00213329
          52    -5.45342     -5.4649  0.00210393
          53    -5.47981    -5.46518  0.00208295
          54    -5.45175    -5.46493  0.00205908
          55     -5.4619    -5.46487  0.00202204
          56    -5.45767    -5.46474  0.00198976
          57    -5.44911    -5.46447   0.0019737
          58     -5.4258     -5.4638  0.00205076
          59    -5.42484    -5.46314  0.00212114
          60    -5.46904    -5.46324   0.0020878
          61    -5.42556    -5.46262  0.00214422
          62    -5.43966    -5.46225  0.00214163
          63    -5.48483    -5.46261  0.00213761
          64    -5.45441    -5.46248  0.00210785
          65    -5.48559    -5.46284  0.00210539
          66    -5.46788    -5.46292  0.00207465
          67    -5.47533     -5.4631  0.00205184
          68    -5.44707    -5.46286  0.00203514
          69    -5.45469    -5.46275  0.00200892
          70    -5.46976    -5.46285  0.00198255
          71    -5.46963    -5.46294  0.00195676
          72    -5.44702    -5.46272  0.00194203
          73    -5.45746    -5.46265   0.0019166
          74      -5.479    -5.46287  0.00190339
          75    -5.48034     -5.4631  0.00189223
          76    -5.45723    -5.46303  0.00186877
          77    -5.43024     -5.4626  0.00189285
          78    -5.48216    -5.46285  0.00188519
          79    -5.44001    -5.46256  0.00188349
          80     -5.4561    -5.46248  0.00186155
          81     -5.4524    -5.46236  0.00184263
          82    -5.44205    -5.46211  0.00183679
          83     -5.4837    -5.46237  0.00183308
          84    -5.46149    -5.46236  0.00181116
          85    -5.48046    -5.46257  0.00180234
          86    -5.43256    -5.46222  0.00181513
          87     -5.4549    -5.46214  0.00179612
          88    -5.45767    -5.46209  0.00177631
          89    -5.45327    -5.46199  0.00175904
          90    -5.47632    -5.46215  0.00174666
          91    -5.46668     -5.4622  0.00172807
          92     -5.4505    -5.46207  0.00171391
          93    -5.47076    -5.46216  0.00169795
          94    -5.42967    -5.46182  0.00171499
          95    -5.45209    -5.46172  0.00169993
          96     -5.4544    -5.46164  0.00168385
          97    -5.47618    -5.46179  0.00167313
          98    -5.47727    -5.46195  0.00166349
          99    -5.44665    -5.46179  0.00165383
         100    -5.46223     -5.4618  0.00163722
