           1     1.47542     1.47542           0
           2     1.50928     1.49235   0.0169319
           3     1.41177     1.46549   0.0285827
           4     1.28708     1.42089   0.0489669
           5     1.53175     1.44306   0.0439353
           6     1.32189     1.42286   0.0411672
           7     1.28274     1.40285   0.0401401
           8     1.42228     1.40528   0.0348471
           9     1.35041     1.39918   0.0313312
          10     1.43604     1.40287   0.0282649
          11     1.29746     1.39328   0.0273034
          12     1.44223     1.39736    0.025256
          13     1.43195     1.40002    0.023384
          14        1.41     1.40074   0.0216611
          15     1.35916     1.39796    0.020355
          16     1.50007     1.40435   0.0200814
          17     1.43425      1.4061    0.018945
          18     1.48151     1.41029   0.0183461
          19     1.26845     1.40283   0.0188913
          20     1.28475     1.39692   0.0188693
          21      1.4241     1.39822   0.0179948
          22     1.46888     1.40143   0.0174554
          23     1.41746     1.40213   0.0166938
          24     1.37482     1.40099   0.0160235
          25     1.25866      1.3953   0.0163899
          26     1.42021     1.39625    0.015776
          27     1.46988     1.39898   0.0154235
          28     1.37385     1.39808   0.0148895
          29     1.54947      1.4033   0.0152858
          30     1.33536     1.40104   0.0149402
          31     1.37289     1.40013   0.0144787
          32     1.35997     1.39888    0.014075
          33      1.4496     1.40041   0.0137282
          34     1.54931     1.40479   0.0140198
          35     1.40931     1.40492    0.013614
          36     1.43583     1.40578   0.0132583
          37      1.4398      1.4067   0.0129277
          38     1.39601     1.40642    0.012586
          39     1.32517     1.40434   0.0124348
          40     1.29932     1.40171    0.012401
          41     1.35326     1.40053   0.0121524
          42     1.40741     1.40069   0.0118606
          43     1.48127     1.40257   0.0117321
          44     1.33343     1.40099   0.0115696
          45     1.29665     1.39868   0.0115448
          46     1.44036     1.39958   0.0113274
          47     1.45536     1.40077   0.0111471
          48     1.18255     1.39622   0.0118215
          49     1.36229     1.39553   0.0115985
          50     1.34872     1.39459   0.0114026
          51     1.46061     1.39589   0.0112515
          52     1.43715     1.39668   0.0110615
          53     1.36049       1.396   0.0108722
          54     1.44918     1.39698   0.0107144
          55     1.42902     1.39757   0.0105339
          56     1.49436     1.39929   0.0104875
          57     1.42894     1.39981    0.010315
          58     1.56931     1.40274   0.0105485
          59     1.63591     1.40669   0.0110958
          60      1.3787     1.40622   0.0109193
          61     1.57878     1.40905   0.0111051
          62     1.54236      1.4112   0.0111341
          63     1.34456     1.41014   0.0110069
          64     1.41275     1.41018   0.0108337
          65     1.27348     1.40808   0.0108711
          66     1.43428     1.40848   0.0107125
          67     1.29359     1.40676   0.0106898
          68      1.5119     1.40831   0.0106443
          69     1.43288     1.40867    0.010495
          70     1.33066     1.40755   0.0104038
          71     1.34821     1.40672   0.0102902
          72     1.45916     1.40744   0.0101724
          73     1.40163     1.40736   0.0100324
          74     1.28711     1.40574   0.0100284
          75     1.29877     1.40431  0.00999611
          76     1.41947     1.40451  0.00986573
          77     1.57644     1.40675  0.00998948
          78     1.34251     1.40592  0.00989491
          79     1.50158     1.40713  0.00984362
          80     1.44225     1.40757   0.0097297
          81     1.47665     1.40842   0.0096466
          82     1.51929     1.40978  0.00962367
          83     1.27931      1.4082  0.00963608
          84     1.38758     1.40796  0.00952384
          85     1.27057     1.40634  0.00954893
          86     1.58897     1.40847  0.00967321
          87     1.42539     1.40866  0.00956336
          88     1.43842       1.409  0.00946011
          89     1.46476     1.40963  0.00937417
          90     1.34525     1.40891  0.00929698
          91       1.404     1.40886  0.00919441
          92     1.51315     1.40999   0.0091643
          93     1.35332     1.40938  0.00908568
          94     1.55598     1.41094   0.0091228
          95     1.41319     1.41096  0.00902629
          96     1.41334     1.41099  0.00893181
          97     1.32034     1.41005  0.00888851
          98     1.31691      1.4091  0.00884854
          99     1.50671     1.41009  0.00881402
         100     1.46246     1.41061  0.00874113
