           0           0           0
   0.0256496           0           0
   0.0512993           0           0
   0.0769489           0           0
    0.102599           0           0
    0.128248           0           0
    0.153898           0           0
    0.179547           0           0
    0.205197           0           0
    0.230847           0           0
    0.256496           0           0
    0.282146           0           0
    0.307796           0           0
    0.333445           0           0
    0.359095           0           0
    0.384745           0           0
    0.410394           0           0
    0.436044           0           0
    0.461694           0           0
    0.487343           0           0
    0.512993           0           0
    0.538642           0           0
    0.564292           0           0
    0.589942           0           0
    0.615591           0           0
    0.641241           0           0
    0.666891           0           0
     0.69254           0           0
     0.71819           0           0
     0.74384           0           0
    0.769489           0           0
    0.795139           0           0
    0.820788           0           0
    0.846438 1.16714e-05 4.21126e-06
    0.872088  0.00135082 5.85513e-05
    0.897737   0.0239205  0.00025618
    0.923387    0.165969 0.000707911
    0.949037    0.565154  0.00162743
    0.974686     1.20592  0.00238118
     1.00034     1.86757  0.00283186
     1.02599     2.33877  0.00262081
     1.05164     2.55659  0.00251304
     1.07728     2.54885   0.0021209
     1.10293     2.40647  0.00219634
     1.12858      2.1958  0.00217844
     1.15423     1.96916  0.00221314
     1.17988     1.75127  0.00194198
     1.20553     1.55725  0.00199691
     1.23118     1.38662  0.00189577
     1.25683     1.24412  0.00176735
     1.28248     1.12303   0.0015423
     1.30813     1.02469  0.00150657
     1.33378      0.9414  0.00130224
     1.35943     0.87261  0.00128201
     1.38508    0.817407  0.00109165
     1.41073    0.772803  0.00111916
     1.43638    0.738748 0.000984773
     1.46203     0.71154  0.00104416
     1.48768    0.690471  0.00106038
     1.51333    0.678679  0.00102609
     1.53898    0.671113  0.00104747
     1.56463    0.670794  0.00103162
     1.59028    0.675647  0.00107308
     1.61593    0.686098  0.00103558
     1.64158    0.701942 0.000962788
     1.66723    0.723545  0.00100318
     1.69288    0.749397 0.000832909
     1.71853    0.781097 0.000960997
     1.74418    0.815931 0.000986935
     1.76983    0.854378  0.00106079
     1.79547    0.894771  0.00101509
     1.82112    0.935889  0.00114954
     1.84677    0.977951  0.00111898
     1.87242     1.01971  0.00102007
     1.89807     1.05754   0.0011606
     1.92372     1.09638 0.000956196
     1.94937     1.12959 0.000925376
     1.97502     1.16056 0.000870382
     2.00067     1.18799 0.000965909
     2.02632     1.20414 0.000982224
     2.05197     1.21356 0.000947226
     2.07762     1.21627  0.00102121
     2.10327     1.20958    0.001048
     2.12892     1.19602  0.00104893
     2.15457     1.17489  0.00106085
     2.18022     1.15004  0.00110712
     2.20587     1.12341  0.00101638
     2.23152     1.09437  0.00101037
     2.25717     1.06568 0.000924115
     2.28282     1.03685 0.000911199
     2.30847     1.01279 0.000948961
     2.33412     0.98812 0.000861185
     2.35977    0.966517 0.000883474
     2.38542    0.947003 0.000861655
     2.41107    0.930983 0.000823798
     2.43672     0.91809 0.000839298
     2.46237    0.908358 0.000844684
     2.48802    0.895183 0.000804247
     2.51366    0.885214 0.000848528
     2.53931    0.883958 0.000802526
