           1   -0.645224   -0.645224           0
           2   -0.648816    -0.64702    0.001796
           3   -0.646712   -0.646917  0.00104199
           4   -0.642784   -0.645884  0.00126911
           5   -0.645696   -0.645846  0.00098377
           6   -0.647296   -0.646088 0.000838793
           7   -0.648392   -0.646417 0.000781593
           8   -0.645376   -0.646287 0.000689277
           9   -0.647984   -0.646476 0.000636457
          10   -0.645696   -0.646398 0.000574577
          11   -0.648048   -0.646548 0.000540948
          12      -0.645   -0.646419 0.000510379
          13   -0.647712   -0.646518 0.000479906
          14   -0.650256   -0.646785 0.000518355
          15   -0.644872   -0.646658 0.000499132
          16   -0.645824   -0.646606 0.000469794
          17   -0.646032   -0.646572 0.000442582
          18   -0.643984   -0.646428 0.000441342
          19    -0.65028   -0.646631 0.000464092
          20   -0.644128   -0.646506 0.000457714
          21   -0.649888   -0.646667 0.000464212
          22   -0.645432   -0.646611 0.000446152
          23   -0.645896   -0.646579 0.000427444
          24   -0.647928   -0.646636 0.000413085
          25   -0.646576   -0.646633 0.000396225
          26   -0.647456   -0.646665 0.000381993
          27   -0.643896   -0.646562 0.000381611
          28    -0.64604   -0.646544 0.000368203
          29   -0.647032   -0.646561 0.000355678
          30   -0.646136   -0.646546 0.000343909
          31   -0.641664   -0.646389 0.000368033
          32   -0.648008   -0.646439  0.00035992
          33   -0.646448    -0.64644 0.000348843
          34   -0.646832   -0.646451 0.000338624
          35   -0.651872   -0.646606 0.000363457
          36   -0.646984   -0.646617 0.000353373
          37   -0.646824   -0.646622 0.000343735
          38   -0.644552   -0.646568 0.000338974
          39   -0.645528   -0.646541 0.000331243
          40   -0.643064   -0.646454 0.000334353
          41   -0.647024   -0.646468 0.000326392
          42   -0.650128   -0.646555 0.000330231
          43   -0.648224   -0.646594 0.000324787
          44   -0.646504   -0.646592 0.000317326
          45   -0.642904    -0.64651 0.000320838
          46   -0.646896   -0.646518 0.000313898
          47   -0.645568   -0.646498 0.000307812
          48   -0.647552    -0.64652 0.000302129
          49    -0.64848    -0.64656  0.00029859
          50   -0.648016   -0.646589 0.000294003
          51    -0.64736   -0.646604 0.000288576
          52   -0.646384     -0.6466 0.000283004
          53   -0.644368   -0.646558  0.00028079
          54    -0.64316   -0.646495 0.000282635
          55   -0.647304    -0.64651 0.000277838
          56    -0.64456   -0.646475 0.000275044
          57    -0.64924   -0.646524 0.000274496
          58   -0.645512   -0.646506 0.000270285
          59   -0.649672    -0.64656 0.000271029
          60   -0.647504   -0.646575 0.000266938
          61   -0.645808   -0.646563 0.000262827
          62   -0.647576   -0.646579 0.000259069
          63   -0.648624   -0.646612 0.000256982
          64   -0.649696    -0.64666 0.000257485
          65   -0.645048   -0.646635 0.000254702
          66   -0.643688    -0.64659 0.000254757
          67   -0.646104   -0.646583 0.000251031
          68   -0.646608   -0.646584 0.000247312
          69   -0.648536   -0.646612 0.000245339
          70   -0.648224   -0.646635 0.000242903
          71   -0.645416   -0.646618 0.000240072
          72    -0.64532     -0.6466 0.000237399
          73   -0.649272   -0.646636 0.000236969
          74    -0.64516   -0.646616 0.000234595
          75   -0.642976   -0.646568 0.000236481
          76   -0.645616   -0.646555 0.000233684
          77    -0.64676   -0.646558 0.000230645
          78   -0.647952   -0.646576 0.000228369
          79   -0.644896   -0.646555  0.00022646
          80   -0.646224    -0.64655  0.00022365
          81     -0.6488   -0.646578  0.00022261
          82   -0.644192   -0.646549 0.000221796
          83   -0.645904   -0.646541 0.000219245
          84   -0.645472   -0.646529 0.000216993
          85   -0.646112   -0.646524 0.000214481
          86    -0.64368   -0.646491 0.000214536
          87   -0.646712   -0.646493 0.000212071
          88   -0.644488    -0.64647 0.000210882
          89   -0.648568   -0.646494 0.000209827
          90   -0.646024   -0.646489 0.000207548
          91    -0.64676   -0.646492 0.000205276
          92   -0.647544   -0.646503 0.000203355
          93   -0.646096   -0.646499 0.000201204
          94   -0.648256   -0.646517 0.000199928
          95    -0.64644   -0.646517 0.000197814
          96   -0.643144   -0.646481  0.00019887
          97    -0.64488   -0.646465 0.000197501
          98   -0.650448   -0.646506 0.000199655
          99    -0.64916   -0.646532 0.000199439
         100   -0.648176   -0.646549 0.000198117
