           1    0.345588    0.345588           0
           2    0.351405    0.348496  0.00290841
           3    0.337034    0.344676  0.00417346
           4     0.34787    0.345474  0.00305724
           5    0.345208    0.345421  0.00236873
           6    0.349138     0.34604  0.00203083
           7    0.342191     0.34549  0.00180231
           8    0.345427    0.345482  0.00156087
           9    0.337466    0.344592  0.00163963
          10    0.348579     0.34499  0.00151975
          11    0.342623    0.344775  0.00139141
          12    0.337173    0.344142  0.00141941
          13    0.342969    0.344052  0.00130877
          14    0.353281    0.344711  0.00137942
          15    0.339482    0.344362  0.00133063
          16    0.349254    0.344668   0.0012817
          17     0.35259    0.345134  0.00129098
          18    0.343881    0.345064  0.00121914
          19    0.351486    0.345402  0.00120171
          20    0.341915    0.345228   0.0011533
          21     0.34763    0.345342  0.00110295
          22    0.343364    0.345252  0.00105546
          23     0.34745    0.345348  0.00101304
          24    0.343172    0.345257 0.000974143
          25    0.342124    0.345132 0.000942733
          26    0.348083    0.345245 0.000912833
          27     0.33966    0.345039 0.000902407
          28    0.338272    0.344797 0.000902536
          29    0.350499    0.344994  0.00089278
          30    0.354976    0.345326 0.000924468
          31    0.339194    0.345128 0.000915771
          32    0.340711     0.34499 0.000897373
          33    0.332327    0.344607 0.000950643
          34    0.348423    0.344719 0.000929063
          35    0.335484    0.344455 0.000939919
          36    0.343665    0.344433 0.000913701
          37     0.35013    0.344587 0.000901903
          38    0.342715    0.344538 0.000879229
          39    0.357458    0.344869 0.000918233
          40     0.35123    0.345028    0.000909
          41    0.351222    0.345179 0.000899332
          42    0.341353    0.345088 0.000882372
          43    0.346742    0.345127 0.000862466
          44     0.34609    0.345148 0.000842921
          45    0.344442    0.345133 0.000824126
          46    0.361424    0.345487 0.000880386
          47    0.347674    0.345533 0.000862707
          48    0.350956    0.345646 0.000852066
          49     0.34707    0.345676 0.000835001
          50    0.359604    0.345954 0.000864258
          51    0.346307    0.345961 0.000847171
          52    0.340342    0.345853 0.000837717
          53    0.335265    0.345653 0.000845693
          54    0.338147    0.345514 0.000841445
          55    0.345877    0.345521  0.00082603
          56    0.354907    0.345688 0.000828281
          57    0.346028    0.345694 0.000813641
          58    0.348526    0.345743 0.000800979
          59    0.339424    0.345636 0.000794538
          60    0.362036    0.345909 0.000827621
          61    0.353009    0.346026  0.00082222
          62    0.349545    0.346083 0.000810838
          63    0.339385    0.345976 0.000804914
          64     0.35009    0.346041 0.000794841
          65    0.335985    0.345886 0.000797663
          66    0.342622    0.345836 0.000787039
          67    0.341203    0.345767 0.000778282
          68     0.34552    0.345764  0.00076676
          69    0.338521    0.345659 0.000762821
          70    0.337123    0.345537 0.000761668
          71    0.344884    0.345527  0.00075092
          72    0.361539     0.34575 0.000773092
          73    0.353281    0.345853 0.000769377
          74    0.334322    0.345697  0.00077474
          75    0.335227    0.345558 0.000776986
          76    0.345386    0.345555 0.000766697
          77    0.353261    0.345655 0.000763264
          78    0.348766    0.345695 0.000754469
          79    0.360266     0.34588 0.000767353
          80    0.341917     0.34583 0.000759318
          81    0.342173    0.345785 0.000751243
          82    0.355305    0.345901 0.000751053
          83    0.356005    0.346023  0.00075187
          84    0.336799    0.345913 0.000750936
          85    0.338246    0.345823 0.000747511
          86    0.330809    0.345648 0.000759116
          87    0.351576    0.345716 0.000753427
          88    0.343338    0.345689 0.000745306
          89    0.349298     0.34573 0.000737999
          90    0.330931    0.345566 0.000748049
          91    0.327169    0.345363 0.000766908
          92    0.358534    0.345507 0.000771918
          93    0.340448    0.345452 0.000765507
          94    0.352672    0.345529 0.000761205
          95    0.331043    0.345376 0.000768431
          96    0.348034    0.345404 0.000760888
          97    0.358832    0.345543 0.000765621
          98    0.361987     0.34571 0.000776124
          99    0.348116    0.345735 0.000768629
         100    0.343092    0.345708 0.000761363
