           1     3.64188     3.64188           0
           2     3.51026     3.57607   0.0658092
           3      3.5619     3.57135   0.0382878
           4     3.63129     3.58633   0.0309438
           5     3.56818      3.5827   0.0242422
           6     3.47392     3.56457   0.0268422
           7     3.48271     3.55288   0.0255225
           8     3.46121     3.54142   0.0248969
           9      3.3962     3.52528   0.0272484
          10     3.34697     3.50745   0.0301981
          11     3.74802     3.52932   0.0349915
          12     3.65005     3.53938   0.0334896
          13     3.50049     3.53639   0.0309509
          14     3.62796     3.54293   0.0293919
          15     3.38002     3.53207    0.029439
          16     3.76788     3.54681   0.0312335
          17     3.68299     3.55482   0.0304127
          18     3.43497     3.54816   0.0294363
          19     3.75084     3.55883   0.0298173
          20     3.53058     3.55742   0.0283224
          21      3.5612      3.5576   0.0269406
          22     3.38185     3.54961   0.0269003
          23     3.68657     3.55556   0.0263849
          24     3.36561     3.54765   0.0264724
          25     3.57977     3.54893   0.0254239
          26     3.69376      3.5545   0.0250536
          27     3.65391     3.55818   0.0243874
          28     3.52518     3.55701   0.0235298
          29     3.50958     3.55537   0.0227628
          30     3.59776     3.55678   0.0220363
          31     3.47048       3.554   0.0214946
          32     3.54757      3.5538    0.020813
          33     3.51154     3.55252   0.0202131
          34     3.50887     3.55123   0.0196515
          35     3.60236      3.5527   0.0191376
          36     3.59282     3.55381   0.0186318
          37     3.53537     3.55331   0.0181281
          38     3.42428     3.54992   0.0179684
          39      3.6418     3.55227   0.0176594
          40     3.35173     3.54726   0.0179276
          41      3.6171     3.54896   0.0175677
          42      3.7089     3.55277   0.0175621
          43     3.54402     3.55257     0.01715
          44     3.67438     3.55533   0.0169829
          45     3.62067     3.55679   0.0166646
          46     3.54165     3.55646   0.0163016
          47     3.55521     3.55643    0.015951
          48     3.42738     3.55374   0.0158449
          49     3.60646     3.55482   0.0155554
          50     3.49895      3.5537   0.0152821
          51     3.57453     3.55411    0.014985
          52     3.55153     3.55406   0.0146941
          53     3.49767       3.553   0.0144534
          54     3.68321     3.55541   0.0143867
          55     3.66744     3.55744   0.0142688
          56     3.54286     3.55718   0.0140141
          57     3.64658     3.55875   0.0138552
          58     3.56099     3.55879   0.0136142
          59     3.81739     3.56317    0.014081
          60     3.68759     3.56525   0.0139988
          61     3.61247     3.56602   0.0137891
          62     3.45188     3.56418   0.0136893
          63      3.6755     3.56595   0.0135856
          64     3.60545     3.56656   0.0133859
          65     3.54815     3.56628   0.0131814
          66     3.44142     3.56439   0.0131173
          67     3.59781     3.56489   0.0129296
          68      3.6495     3.56613   0.0127987
          69     3.56313     3.56609   0.0126119
          70     3.49183     3.56503   0.0124756
          71     3.47873     3.56381   0.0123586
          72     3.66367      3.5652   0.0122644
          73      3.7757     3.56808   0.0124342
          74     3.62322     3.56883   0.0122876
          75     3.47295     3.56755   0.0121899
          76     3.58426     3.56777   0.0120305
          77     3.62251     3.56848   0.0118945
          78     3.55274     3.56828   0.0117427
          79     3.54126     3.56794   0.0115982
          80      3.5632     3.56788   0.0114524
          81     3.69518     3.56945   0.0114188
          82     3.59713     3.56979   0.0112838
          83     3.75007     3.57196   0.0113566
          84     3.41129     3.57005   0.0113825
          85     3.38673     3.56789   0.0114527
          86     3.42246      3.5662   0.0114444
          87     3.39807     3.56427   0.0114759
          88     3.72554      3.5661   0.0114918
          89     3.73598     3.56801   0.0115212
          90     3.63249     3.56872    0.011415
          91      3.5361     3.56837   0.0112945
          92     3.53945     3.56805   0.0111755
          93     3.49222     3.56724   0.0110847
          94     3.52517     3.56679   0.0109753
          95     3.55571     3.56667   0.0108598
          96     3.54511     3.56645   0.0107484
          97     3.45964     3.56535   0.0106939
          98     3.66009     3.56631   0.0106282
          99     3.67349      3.5674   0.0105759
         100     3.74355     3.56916   0.0106168
