           1   -0.875355   -0.875355           0
           2    -0.87143   -0.873392   0.0019628
           3   -0.878154   -0.874979  0.00195012
           4   -0.880259   -0.876299  0.00190885
           5   -0.875167   -0.876073  0.00149583
           6   -0.881186   -0.876925  0.00148921
           7   -0.874776   -0.876618  0.00129552
           8   -0.881086   -0.877177  0.00125329
           9   -0.876617   -0.877114  0.00110705
          10    -0.87299   -0.876702  0.00107265
          11   -0.873526   -0.876413  0.00101229
          12   -0.878829   -0.876615 0.000945759
          13    -0.87513     -0.8765 0.000877438
          14   -0.878557   -0.876647 0.000825524
          15    -0.86909   -0.876143 0.000918956
          16   -0.876019   -0.876136 0.000859639
          17   -0.879185   -0.876315 0.000827171
          18   -0.872563   -0.876107 0.000807238
          19   -0.870673   -0.875821  0.00081537
          20    -0.87697   -0.875878 0.000775661
          21   -0.875275   -0.875849 0.000738359
          22   -0.876132   -0.875862 0.000704115
          23   -0.876555   -0.875892  0.00067348
          24    -0.87703    -0.87594 0.000646549
          25   -0.876778   -0.875973 0.000621055
          26   -0.874003   -0.875898 0.000601482
          27   -0.871936   -0.875751 0.000597084
          28   -0.875534   -0.875743 0.000575417
          29   -0.879506   -0.875873 0.000570178
          30   -0.882676     -0.8761 0.000595698
          31   -0.873969   -0.876031 0.000580247
          32   -0.881248   -0.876194    0.000585
          33   -0.880801   -0.876333 0.000583929
          34    -0.87611   -0.876327 0.000566533
          35   -0.875593   -0.876306 0.000550508
          36   -0.876654   -0.876316 0.000535085
          37   -0.879225   -0.876394 0.000526329
          38   -0.876757   -0.876404 0.000512379
          39   -0.869642    -0.87623 0.000528324
          40    -0.87357   -0.876164 0.000519225
          41   -0.874558   -0.876125 0.000507916
          42   -0.874561   -0.876087 0.000497072
          43   -0.878362    -0.87614 0.000488247
          44   -0.875413   -0.876124 0.000477308
          45   -0.873382   -0.876063 0.000470543
          46   -0.875537   -0.876051 0.000460342
          47   -0.875215   -0.876034 0.000450792
          48   -0.879674   -0.876109 0.000447769
          49   -0.874958   -0.876086 0.000439165
          50   -0.874318   -0.876051 0.000431741
          51   -0.875161   -0.876033 0.000423551
          52   -0.882092    -0.87615  0.00043136
          53   -0.877199   -0.876169 0.000423606
          54    -0.87225   -0.876097 0.000421978
          55   -0.877203   -0.876117 0.000414723
          56   -0.874611    -0.87609 0.000408136
          57    -0.87231   -0.876024 0.000406361
          58   -0.876314   -0.876029 0.000399325
          59   -0.877353   -0.876051 0.000393139
          60   -0.871474   -0.875975 0.000393987
          61   -0.878472   -0.876016  0.00038963
          62   -0.879561   -0.876073 0.000387535
          63   -0.873031   -0.876025 0.000384379
          64   -0.883249   -0.876138 0.000394805
          65   -0.876761   -0.876147 0.000388802
          66   -0.875622   -0.876139 0.000382948
          67   -0.879534    -0.87619 0.000380578
          68    -0.88195   -0.876275  0.00038439
          69   -0.869747    -0.87618 0.000390413
          70   -0.872007    -0.87612 0.000389385
          71   -0.871532   -0.876056 0.000389264
          72   -0.873198   -0.876016 0.000385867
          73    -0.87857   -0.876051 0.000382149
          74   -0.878155    -0.87608  0.00037802
          75   -0.882991   -0.876172 0.000384163
          76   -0.874287   -0.876147 0.000379885
          77   -0.882917   -0.876235 0.000385089
          78   -0.874785   -0.876216 0.000380575
          79   -0.868349   -0.876117 0.000388701
          80   -0.872178   -0.876067 0.000386955
          81   -0.879765   -0.876113 0.000384865
          82   -0.870459   -0.876044 0.000386345
          83   -0.879626   -0.876087 0.000384094
          84   -0.877846   -0.876108 0.000380071
          85   -0.875656   -0.876103  0.00037561
          86   -0.872541   -0.876061 0.000373521
          87   -0.877572   -0.876079 0.000369611
          88   -0.872839   -0.876042 0.000367236
          89   -0.885443   -0.876148  0.00037814
          90   -0.877048   -0.876158 0.000374048
          91    -0.87517   -0.876147 0.000370074
          92   -0.873118   -0.876114 0.000367507
          93   -0.872788   -0.876078 0.000365288
          94   -0.874867   -0.876065 0.000361611
          95   -0.877315   -0.876078 0.000358026
          96   -0.867955   -0.875994 0.000364242
          97   -0.875576   -0.875989 0.000360493
          98   -0.884824    -0.87608 0.000368008
          99   -0.875722   -0.876076  0.00036429
         100   -0.880942   -0.876125 0.000363896
