           1     1.93515     1.93515           0
           2     1.86018     1.89767   0.0374872
           3     1.93426     1.90986   0.0248433
           4     1.78464     1.87856   0.0358976
           5      2.0304     1.90892   0.0411755
           6     1.85364     1.89971   0.0348595
           7     2.11734      1.9308   0.0428324
           8     1.78239     1.91225    0.041474
           9     1.98335     1.92015   0.0374199
          10     2.05614     1.93375   0.0361265
          11     2.03055     1.94255   0.0338419
          12     1.89819     1.93885   0.0311137
          13     1.83176     1.93061   0.0297825
          14     1.94696     1.93178    0.027598
          15     2.00255      1.9365   0.0261219
          16     1.91889      1.9354   0.0244596
          17     1.81358     1.92823   0.0240673
          18     1.94073     1.92893   0.0227014
          19     2.19954     1.94317   0.0257674
          20     1.88925     1.94047   0.0245933
          21     2.14737     1.95033    0.025383
          22      1.9771     1.95154   0.0242323
          23     1.91961     1.95016   0.0231964
          24     1.83597      1.9454   0.0227127
          25     1.89757     1.94348   0.0218691
          26      2.0009     1.94569   0.0211269
          27     1.98429     1.94712   0.0203796
          28     1.93445     1.94667   0.0196435
          29     1.92563     1.94594   0.0189679
          30     1.78082     1.94044   0.0191335
          31     2.02458     1.94315    0.018704
          32     1.82012     1.93931   0.0185137
          33     1.95825     1.93988   0.0179531
          34      1.9935     1.94146   0.0174883
          35     1.99278     1.94293   0.0170445
          36     1.88185     1.94123   0.0166509
          37     1.87285     1.93938   0.0162998
          38     1.87275     1.93763   0.0159616
          39     1.98918     1.93895   0.0156031
          40     2.07178     1.94227   0.0155663
          41     1.99969     1.94367   0.0152464
          42     2.00169     1.94505   0.0149429
          43     1.84994     1.94284    0.014758
          44     1.81691     1.93998      0.0147
          45     1.99232     1.94114   0.0144166
          46     1.88781     1.93998   0.0141473
          47     1.95975      1.9404   0.0138494
          48     1.90113     1.93959   0.0135825
          49     1.93985     1.93959   0.0133024
          50     1.89206     1.93864   0.0130683
          51     2.01293      1.9401    0.012892
          52     1.91468     1.93961   0.0126511
          53     2.03134     1.94134   0.0125302
          54     1.94537     1.94141   0.0122962
          55     2.00862     1.94264   0.0121323
          56     1.86957     1.94133   0.0119849
          57     2.08797      1.9439   0.0120506
          58     1.92389     1.94356    0.011846
          59     1.97947     1.94417   0.0116594
          60     2.00676     1.94521   0.0115108
          61     1.83675     1.94343   0.0114593
          62     1.94927     1.94353   0.0112734
          63     2.07394      1.9456   0.0112845
          64     1.92898     1.94534   0.0111098
          65     1.94797     1.94538   0.0109376
          66     1.93023     1.94515    0.010773
          67      1.8425     1.94362   0.0107211
          68     1.85098     1.94225   0.0106497
          69     1.96052     1.94252   0.0104976
          70     1.92937     1.94233   0.0103482
          71     1.89846     1.94171   0.0102201
          72     1.88508     1.94093   0.0101078
          73     1.97333     1.94137   0.0099783
          74     1.80634     1.93954   0.0100102
          75     1.86454     1.93854  0.00992638
          76     1.98359     1.93914  0.00981282
          77     1.87891     1.93835  0.00971608
          78     1.91944     1.93811  0.00959377
          79     2.01422     1.93908  0.00952042
          80     2.00309     1.93988  0.00943465
          81      1.8375     1.93861  0.00940277
          82     2.04322     1.93989   0.0093746
          83     1.98153     1.94039  0.00927454
          84     2.07402     1.94198  0.00930054
          85     1.91712     1.94169  0.00919512
          86     1.98701     1.94221  0.00910284
          87     1.97157     1.94255  0.00900393
          88     1.87181     1.94175  0.00893725
          89     1.89354     1.94121  0.00885285
          90     1.92704     1.94105  0.00875534
          91     1.85395     1.94009  0.00871133
          92     2.00436     1.94079  0.00864439
          93     2.02187     1.94166  0.00859527
          94     1.85896     1.94078  0.00854873
          95     2.06744     1.94212   0.0085627
          96     1.86136     1.94127  0.00851469
          97      1.8929     1.94078   0.0084412
          98     1.79433     1.93928  0.00848721
          99     1.93108      1.9392  0.00840146
         100      1.8166     1.93797   0.0084069
