           1    0.620616    0.620616           0
           2    0.615708    0.618162    0.002454
           3    0.625968    0.620764  0.00296273
           4    0.640096    0.625597  0.00526752
           5    0.619796    0.624437  0.00424195
           6    0.629608    0.625299  0.00356916
           7     0.61732    0.624159  0.00322465
           8    0.631952    0.625133  0.00295766
           9    0.621284    0.624705  0.00264324
          10    0.613228    0.623558  0.00262805
          11    0.616952    0.622957  0.00245184
          12    0.626904    0.623286  0.00226225
          13    0.622048    0.623191  0.00208314
          14    0.626944    0.623459  0.00194716
          15    0.613248    0.622778  0.00193631
          16    0.624656    0.622896  0.00181505
          17    0.631124     0.62338  0.00177232
          18    0.617776    0.623068  0.00169971
          19    0.605924    0.622166  0.00184367
          20    0.624812    0.622298  0.00175405
          21    0.611376    0.621778  0.00174762
          22     0.61798    0.621605  0.00167521
          23    0.624136    0.621715   0.0016045
          24    0.624952     0.62185   0.0015421
          25    0.621172    0.621823  0.00147938
          26    0.619976    0.621752  0.00142311
          27     0.61396    0.621464  0.00139947
          28    0.619668    0.621399  0.00135009
          29    0.623488    0.621471  0.00130469
          30     0.63558    0.621942  0.00134533
          31    0.612804    0.621647  0.00133418
          32     0.63344    0.622015  0.00134335
          33    0.629004    0.622227  0.00131912
          34    0.618948    0.622131  0.00128336
          35    0.618964     0.62204  0.00124943
          36    0.622272    0.622047  0.00121425
          37    0.626164    0.622158  0.00118621
          38    0.624184    0.622211   0.0011558
          39    0.612492    0.621962  0.00115303
          40    0.615768    0.621807  0.00113445
          41    0.619148    0.621742  0.00110834
          42    0.618644    0.621669  0.00108414
          43    0.628528    0.621828  0.00107058
          44    0.626624    0.621937  0.00105163
          45    0.615468    0.621793  0.00103799
          46    0.623804    0.621837  0.00101612
          47    0.617716    0.621749 0.000998122
          48    0.624328    0.621803 0.000978583
          49    0.615672    0.621678 0.000966537
          50    0.618952    0.621624 0.000948577
          51    0.619444    0.621581 0.000930773
          52     0.63238    0.621788 0.000936028
          53    0.619516    0.621746 0.000919197
          54    0.616048     0.62164 0.000908165
          55    0.621896    0.621645 0.000891512
          56    0.619376    0.621604 0.000876384
          57    0.609468    0.621391 0.000886811
          58    0.625092    0.621455  0.00087372
          59    0.622324     0.62147 0.000858909
          60    0.614732    0.621358 0.000851907
          61     0.62876    0.621479 0.000846568
          62    0.628204    0.621587 0.000839835
          63    0.615556    0.621492 0.000831924
          64    0.633444    0.621678  0.00083985
          65    0.621284    0.621672  0.00082685
          66    0.620908    0.621661 0.000814308
          67    0.631112    0.621802 0.000814373
          68    0.632032    0.621952 0.000816291
          69    0.610896    0.621792 0.000820178
          70    0.617876    0.621736  0.00081031
          71     0.61734    0.621674 0.000801211
          72    0.621988    0.621678 0.000790017
          73    0.628208    0.621768 0.000784237
          74    0.630016    0.621879 0.000781555
          75    0.637196    0.622084 0.000797651
          76    0.616956    0.622016 0.000789972
          77    0.635904    0.622197 0.000800235
          78    0.624924    0.622231 0.000790683
          79    0.608104    0.622053 0.000800832
          80    0.613412    0.621945   0.0007981
          81    0.630104    0.622045 0.000794596
          82    0.612696    0.621931 0.000793085
          83    0.625932     0.62198 0.000784953
          84    0.622028     0.62198 0.000775552
          85      0.6262     0.62203  0.00076798
          86    0.617984    0.621983 0.000760454
          87     0.62554    0.622024 0.000752773
          88    0.619316    0.621993 0.000744806
          89    0.638816    0.622182 0.000760263
          90       0.624    0.622202  0.00075204
          91    0.622932     0.62221 0.000743773
          92    0.615312    0.622135 0.000739455
          93     0.61558    0.622065 0.000734849
          94    0.622496    0.622069 0.000727004
          95    0.624416    0.622094 0.000719735
          96    0.609616    0.621964 0.000723961
          97     0.62688    0.622015 0.000718249
          98     0.64152    0.622214  0.00073822
          99    0.620452    0.622196 0.000730942
         100    0.634548    0.622319 0.000734062
