           1    0.648158    0.648158           0
           2    0.649212    0.648685 0.000526861
           3    0.654543    0.650637  0.00197623
           4    0.678512    0.657606  0.00710742
           5    0.674466    0.660978  0.00645594
           6    0.643164    0.658009  0.00604986
           7    0.683329    0.661626  0.00626313
           8    0.629501     0.65761  0.00674874
           9    0.662307    0.658132  0.00597466
          10    0.685889    0.660908  0.00602175
          11    0.671261    0.661849  0.00552759
          12    0.652837    0.661098  0.00510156
          13    0.641483    0.659589  0.00492935
          14    0.679024    0.660977  0.00477014
          15    0.667451    0.661409  0.00446168
          16    0.664177    0.661582   0.0041771
          17    0.653177    0.661088  0.00395472
          18    0.657218    0.660873  0.00373474
          19    0.699884    0.662926  0.00408606
          20    0.632699    0.661415  0.00416059
          21    0.674383    0.662032  0.00400541
          22    0.652989    0.661621  0.00384106
          23    0.648799    0.661064  0.00371235
          24     0.63271    0.659882  0.00374551
          25    0.650341    0.659501  0.00361278
          26    0.676003    0.660135   0.0035286
          27    0.671659    0.660562  0.00342211
          28    0.660484    0.660559  0.00329763
          29     0.64504    0.660024  0.00322657
          30    0.645674    0.659546  0.00315365
          31    0.683938    0.660333  0.00315008
          32    0.629391    0.659366  0.00319965
          33    0.660659    0.659405  0.00310142
          34    0.659604    0.659411  0.00300883
          35    0.673711    0.659819  0.00295003
          36    0.655813    0.659708  0.00286907
          37    0.659328    0.659698  0.00279047
          38    0.648444    0.659402  0.00273214
          39    0.670901    0.659696  0.00267745
          40    0.675412    0.660089  0.00263907
          41     0.68331    0.660656  0.00263547
          42    0.662347    0.660696  0.00257227
          43    0.648962    0.660423  0.00252652
          44    0.638401    0.659923  0.00251866
          45    0.662944     0.65999  0.00246296
          46    0.666251    0.660126  0.00241267
          47    0.671755    0.660373  0.00237371
          48    0.659762    0.660361  0.00232377
          49    0.657446    0.660301  0.00227663
          50    0.654638    0.660188   0.0022335
          51    0.670242    0.660385  0.00219813
          52    0.675405    0.660674  0.00217471
          53    0.663538    0.660728  0.00213397
          54    0.658364    0.660684  0.00209453
          55    0.691864    0.661251  0.00213282
          56    0.662743    0.661278  0.00209456
          57    0.659744    0.661251  0.00205766
          58    0.661336    0.661252  0.00202187
          59    0.655661    0.661157  0.00198956
          60    0.679161    0.661457    0.001979
          61    0.655286    0.661356  0.00194892
          62    0.687119    0.661772  0.00196174
          63    0.662093    0.661777  0.00193036
          64    0.663835    0.661809  0.00190023
          65    0.640877    0.661487  0.00189828
          66    0.658534    0.661442  0.00186983
          67    0.634123    0.661035  0.00188631
          68    0.647199    0.660831  0.00186947
          69    0.642525    0.660566  0.00186118
          70    0.664224    0.660618  0.00183514
          71    0.673732    0.660803  0.00181852
          72    0.661261    0.660809  0.00179309
          73    0.669091    0.660923    0.001772
          74    0.646181    0.660723   0.0017592
          75    0.652956     0.66062  0.00173867
          76    0.665898    0.660689  0.00171705
          77    0.636921    0.660381  0.00172249
          78    0.683103    0.660672  0.00172504
          79    0.660279    0.660667  0.00170307
          80    0.673101    0.660822  0.00168881
          81    0.635811    0.660514  0.00169618
          82    0.691269    0.660889  0.00171683
          83    0.666902    0.660961  0.00169757
          84    0.679025    0.661176  0.00169097
          85     0.65458    0.661099  0.00167276
          86    0.658436    0.661068  0.00165348
          87     0.65941    0.661049  0.00163448
          88    0.647723    0.660897  0.00162288
          89    0.674638    0.661051  0.00161195
          90     0.65042    0.660933  0.00159831
          91    0.651805    0.660833  0.00158383
          92    0.655619    0.660776  0.00156754
          93    0.673695    0.660915  0.00155681
          94    0.677263    0.661089  0.00154994
          95    0.660365    0.661082  0.00153356
          96    0.647428    0.660939  0.00152415
          97    0.671675     0.66105  0.00151241
          98    0.638423    0.660819   0.0015146
          99    0.651343    0.660723  0.00150228
         100    0.653579    0.660652  0.00148889
