           1    0.548146    0.548146           0
           2     0.52119    0.534668   0.0134778
           3    0.530294     0.53321  0.00791685
           4    0.534564    0.533548  0.00560828
           5    0.559368    0.538712  0.00674813
           6    0.559953    0.542252  0.00654913
           7    0.541587    0.542157  0.00553585
           8     0.50829    0.537924  0.00639579
           9    0.534162    0.537506  0.00565603
          10    0.540212    0.537776  0.00506614
          11     0.56025    0.539819  0.00501729
          12    0.492437    0.535871  0.00604722
          13    0.518549    0.534538  0.00572001
          14    0.534655    0.534547   0.0052957
          15    0.589824    0.538232   0.0061551
          16    0.513049    0.536658  0.00596883
          17    0.548002    0.537325  0.00564631
          18    0.533199    0.537096  0.00532832
          19    0.539656    0.537231  0.00504189
          20    0.490127    0.534876  0.00533157
          21    0.497489    0.533095  0.00537475
          22    0.516432    0.532338   0.0051803
          23    0.515892    0.531623  0.00500132
          24    0.528658    0.531499     0.00479
          25    0.558759     0.53259  0.00472202
          26     0.53401    0.532644   0.0045371
          27    0.536925    0.532803   0.0043687
          28    0.550117    0.533421  0.00425496
          29    0.515353    0.532798  0.00415262
          30      0.5074    0.531952  0.00410017
          31    0.536372    0.532094  0.00396827
          32    0.524829    0.531867  0.00384896
          33    0.501237    0.530939  0.00384424
          34    0.517685    0.530549  0.00374978
          35    0.556729    0.531297   0.0037171
          36    0.517338    0.530909  0.00363312
          37     0.53286    0.530962  0.00353396
          38     0.54661    0.531374  0.00346427
          39    0.603906    0.533234  0.00385286
          40    0.524818    0.533023  0.00376119
          41    0.534215    0.533052  0.00366843
          42    0.540012    0.533218  0.00358385
          43    0.533642    0.533228  0.00349953
          44    0.545147    0.533499  0.00342978
          45    0.546522    0.533788  0.00336517
          46    0.534844    0.533811  0.00329128
          47    0.519104    0.533498  0.00323565
          48    0.486819    0.532526  0.00331345
          49    0.491461    0.531688  0.00335159
          50    0.561573    0.532285  0.00333783
          51    0.507768    0.531805  0.00330686
          52    0.512115    0.531426  0.00326467
          53    0.560644    0.531977  0.00324958
          54    0.529445     0.53193  0.00318918
          55    0.524851    0.531802  0.00313331
          56    0.526124      0.5317  0.00307852
          57    0.532128    0.531708  0.00302403
          58    0.542682    0.531897  0.00297746
          59    0.532515    0.531907  0.00292657
          60    0.537883    0.532007  0.00287911
          61    0.523143    0.531862  0.00283524
          62    0.547264     0.53211  0.00280018
          63    0.581094    0.532888  0.00286297
          64    0.512752    0.532573   0.0028354
          65    0.530284    0.532538  0.00279166
          66    0.570526    0.533113  0.00280864
          67    0.531849    0.533095  0.00276647
          68    0.517088    0.532859  0.00273563
          69    0.517056     0.53263   0.0027054
          70    0.519839    0.532447  0.00267273
          71    0.553836    0.532749  0.00265198
          72    0.503091    0.532337  0.00264713
          73    0.527826    0.532275  0.00261135
          74    0.530862    0.532256  0.00257589
          75    0.498371    0.531804  0.00258116
          76    0.529924    0.531779  0.00254709
          77    0.524214    0.531681  0.00251572
          78    0.520822    0.531542  0.00248715
          79    0.559082     0.53189  0.00248009
          80    0.537115    0.531956  0.00244976
          81    0.544217    0.532107  0.00242406
          82    0.556615    0.532406   0.0024129
          83    0.555873    0.532689  0.00240036
          84     0.53202    0.532681  0.00237163
          85    0.550523    0.532891  0.00235294
          86    0.544161    0.533022  0.00232911
          87    0.563425    0.533371  0.00232856
          88    0.512806    0.533138  0.00231378
          89    0.494856    0.532707  0.00232772
          90    0.537459     0.53276  0.00230231
          91     0.51102    0.532521  0.00228937
          92    0.522644    0.532414  0.00226689
          93    0.530552    0.532394  0.00224248
          94    0.514042    0.532199  0.00222707
          95    0.512675    0.531993  0.00221306
          96     0.54941    0.532175  0.00219739
          97    0.509658    0.531942  0.00218697
          98    0.527125    0.531893   0.0021651
          99    0.544523    0.532021  0.00214691
         100    0.520058    0.531901   0.0021287
