           1    0.788513    0.788513           0
           2    0.832994    0.810753     0.02224
           3     0.89583    0.839112   0.0311304
           4     0.78045    0.824447   0.0264505
           5    0.887253    0.837008   0.0240325
           6     1.00561    0.865109   0.0342738
           7    0.911527     0.87174    0.029716
           8    0.843934    0.868264   0.0259684
           9     0.88843    0.870505   0.0230114
          10    0.943431    0.877798   0.0218358
          11     1.03703    0.892273   0.0244876
          12    0.795001    0.884167   0.0237784
          13    0.838466    0.880651   0.0221536
          14    0.924689    0.883797   0.0207501
          15     1.09196    0.897675   0.0237854
          16    0.813345    0.892404    0.022865
          17    0.950346    0.895812   0.0217466
          18    0.851692    0.893361   0.0206489
          19    0.887263     0.89304   0.0195346
          20    0.734979    0.885137   0.0201469
          21    0.840612    0.883017   0.0192805
          22    0.791719    0.878867   0.0188458
          23    0.882427    0.879022   0.0180084
          24    0.888067    0.879399   0.0172459
          25    0.983531    0.883564    0.017058
          26    0.888697    0.883761     0.01639
          27    0.859941    0.882879    0.015796
          28    0.935334    0.884753   0.0153362
          29    0.803365    0.881946   0.0150617
          30    0.811802    0.879608   0.0147377
          31    0.876222    0.879499   0.0142547
          32    0.934545    0.881219   0.0139089
          33    0.796132     0.87864   0.0137252
          34    0.843733    0.877614   0.0133549
          35     0.96831    0.880205   0.0132241
          36    0.828611    0.878772   0.0129312
          37    0.867631    0.878471   0.0125804
          38    0.894717    0.878898   0.0122524
          39     1.13287    0.885411   0.0135952
          40     0.84632    0.884433    0.013287
          41    0.890081    0.884571   0.0129596
          42    0.898766    0.884909   0.0126518
          43    0.840023    0.883865    0.012398
          44    0.879317    0.883762   0.0121134
          45     0.89732    0.884063    0.011845
          46    0.909102    0.884607   0.0115974
          47      0.8214    0.883263   0.0114274
          48    0.727732    0.880022   0.0116466
          49    0.717224      0.8767   0.0118805
          50    0.976428    0.878694   0.0118101
          51    0.773913     0.87664   0.0117571
          52    0.808563    0.875331   0.0116029
          53    0.948662    0.876714   0.0114656
          54    0.855633    0.876324   0.0112581
          55    0.876962    0.876336   0.0110515
          56    0.863379    0.876104   0.0108548
          57    0.936485    0.877163   0.0107152
          58      0.8577    0.876828   0.0105342
          59    0.927821    0.877692   0.0103901
          60    0.846477    0.877172   0.0102287
          61    0.841832    0.876593   0.0100763
          62    0.885012    0.876728  0.00991336
          63     1.02873    0.879141   0.0100487
          64    0.807185    0.878017  0.00995411
          65    0.842613    0.877472  0.00981489
          66     1.01478    0.879552   0.0098864
          67    0.787794    0.878183  0.00983356
          68    0.809565    0.877174  0.00974028
          69    0.846972    0.876736  0.00960806
          70    0.804152    0.875699   0.0095264
          71    0.961479    0.876907  0.00946866
          72    0.751408    0.875164  0.00949755
          73     0.78318    0.873904  0.00945092
          74    0.847871    0.873552  0.00932896
          75    0.818168    0.872814  0.00923331
          76    0.886781    0.872998  0.00911287
          77    0.859004    0.872816  0.00899557
          78     0.81007    0.872012  0.00891586
          79    0.876891    0.872073   0.0088025
          80    0.859073    0.871911  0.00869329
          81    0.966884    0.873083  0.00866499
          82    0.986873    0.874471  0.00867043
          83    0.921881    0.875042  0.00858436
          84      0.8598    0.874861  0.00848349
          85      0.8872    0.875006  0.00838434
          86    0.860703     0.87484  0.00828795
          87    0.942486    0.875617  0.00822895
          88    0.790138    0.874646  0.00819269
          89    0.755897    0.873312  0.00820926
          90    0.844348     0.87299  0.00812391
          91    0.796108    0.872145  0.00807844
          92    0.861715    0.872032  0.00799096
          93    0.881197     0.87213  0.00790518
          94    0.849939    0.871894  0.00782419
          95    0.807667    0.871218  0.00777086
          96    0.971933    0.872267  0.00776073
          97    0.798001    0.871501  0.00771837
          98    0.852991    0.871313  0.00764154
          99    0.922835    0.871833  0.00758184
         100    0.822274    0.871337  0.00752198
