           1     -1.1056     -1.1056           0
           2    -1.10572    -1.10566    5.92e-05
           3    -1.10699     -1.1061 0.000443984
           4    -1.10562    -1.10598 0.000335836
           5    -1.10723    -1.10623 0.000360488
           6    -1.10506    -1.10604 0.000353418
           7    -1.10691    -1.10616 0.000323863
           8     -1.1074    -1.10632 0.000320641
           9    -1.10931    -1.10665 0.000436418
          10    -1.10199    -1.10618 0.000607817
          11    -1.09933    -1.10556 0.000830753
          12    -1.10784    -1.10575 0.000781858
          13    -1.10608    -1.10578 0.000719658
          14    -1.10555    -1.10576 0.000666471
          15    -1.09687    -1.10517 0.000857879
          16    -1.10721     -1.1053 0.000812586
          17    -1.10418    -1.10523 0.000766116
          18    -1.10433    -1.10518 0.000724019
          19    -1.10453    -1.10515 0.000685696
          20    -1.11305    -1.10554 0.000761215
          21     -1.1107    -1.10579 0.000764606
          22    -1.10678    -1.10583 0.000730421
          23    -1.10824    -1.10594 0.000705728
          24    -1.10293    -1.10581 0.000687197
          25    -1.10228    -1.10567 0.000674084
          26    -1.10319    -1.10557 0.000654648
          27     -1.1034    -1.10549 0.000635046
          28     -1.1049    -1.10547  0.00061231
          29    -1.10566    -1.10548 0.000590854
          30    -1.10976    -1.10562 0.000588405
          31    -1.10735    -1.10568 0.000571838
          32    -1.10711    -1.10572 0.000555491
          33     -1.1098    -1.10585 0.000552418
          34    -1.10628    -1.10586 0.000536078
          35    -1.10008    -1.10569 0.000546144
          36    -1.10487    -1.10567 0.000531249
          37    -1.10374    -1.10562 0.000519334
          38    -1.10213    -1.10553 0.000513753
          39    -1.10403    -1.10549 0.000501872
          40    -1.11028    -1.10561 0.000503628
          41    -1.10584    -1.10561 0.000491222
          42    -1.10693    -1.10565   0.0004804
          43    -1.10322    -1.10559 0.000472482
          44    -1.10711    -1.10562 0.000462918
          45    -1.10281    -1.10556 0.000456811
          46    -1.10642    -1.10558 0.000447158
          47    -1.10967    -1.10567 0.000446111
          48    -1.10786    -1.10571 0.000439091
          49    -1.11281    -1.10586 0.000453771
          50    -1.10106    -1.10576 0.000454819
          51    -1.10941    -1.10583 0.000451525
          52     -1.1063    -1.10584 0.000442848
          53    -1.10381     -1.1058 0.000436098
          54    -1.10607    -1.10581 0.000427973
          55    -1.10411    -1.10578  0.00042126
          56     -1.1039    -1.10574 0.000415025
          57    -1.10486    -1.10573 0.000407977
          58    -1.10857    -1.10578 0.000403872
          59    -1.10444    -1.10576 0.000397613
          60    -1.10449    -1.10573 0.000391501
          61    -1.10415    -1.10571 0.000385906
          62    -1.10718    -1.10573 0.000380375
          63    -1.10301    -1.10569 0.000376777
          64    -1.10605    -1.10569 0.000370887
          65    -1.10462    -1.10568 0.000365512
          66    -1.10001    -1.10559 0.000370041
          67    -1.10867    -1.10564 0.000367365
          68    -1.10652    -1.10565 0.000362154
          69    -1.10626    -1.10566 0.000356975
          70    -1.10575    -1.10566 0.000351841
          71    -1.10658    -1.10567  0.00034709
          72    -1.11034    -1.10574 0.000348326
          73    -1.10862    -1.10578 0.000345779
          74    -1.10675    -1.10579 0.000341325
          75    -1.11021    -1.10585 0.000341852
          76    -1.10627    -1.10586 0.000337368
          77    -1.10627    -1.10586 0.000333002
          78    -1.10705    -1.10588 0.000329056
          79    -1.10396    -1.10585 0.000325769
          80    -1.10414    -1.10583 0.000322386
          81    -1.10718    -1.10585 0.000318814
          82    -1.10046    -1.10578 0.000321692
          83     -1.1021    -1.10574  0.00032087
          84    -1.10729    -1.10576 0.000317566
          85    -1.10352    -1.10573 0.000314906
          86    -1.10505    -1.10572 0.000311321
          87     -1.1075    -1.10574 0.000308399
          88    -1.10705    -1.10576 0.000305239
          89    -1.10977     -1.1058 0.000305139
          90    -1.10769    -1.10582 0.000302461
          91    -1.10878    -1.10586  0.00030088
          92    -1.10982     -1.1059 0.000300698
          93    -1.10619     -1.1059 0.000297464
          94    -1.10767    -1.10592 0.000294883
          95    -1.11024    -1.10597  0.00029528
          96    -1.10083    -1.10591 0.000297052
          97    -1.10966    -1.10595 0.000296496
          98    -1.10632    -1.10595 0.000293479
          99    -1.10643    -1.10596 0.000290539
         100    -1.10804    -1.10598 0.000288368
