           1     0.90272     0.90272           0
           2    0.900192    0.901456    0.001264
           3    0.899296    0.900736  0.00102517
           4    0.902444    0.901163 0.000841315
           5    0.902592    0.901449 0.000711596
           6    0.897212    0.900743 0.000914442
           7    0.900444      0.9007 0.000774021
           8    0.900744    0.900705 0.000670344
           9    0.903744    0.901043 0.000680797
          10    0.892912     0.90023  0.00101584
          11    0.889144    0.899222  0.00136382
          12    0.901976    0.899452  0.00126597
          13    0.900296    0.899517  0.00116633
          14    0.898188    0.899422  0.00108397
          15    0.885128    0.898469  0.00138794
          16    0.902904    0.898746  0.00132756
          17    0.896332    0.898604  0.00125509
          18    0.898824    0.898616  0.00118337
          19    0.896632    0.898512  0.00112422
          20    0.909624    0.899067  0.00120257
          21    0.905384    0.899368  0.00118276
          22    0.901944    0.899485  0.00113378
          23    0.901744    0.899583  0.00108781
          24    0.896412    0.899451  0.00104984
          25    0.893132    0.899199  0.00103822
          26    0.895412    0.899053  0.00100806
          27     0.89786    0.899009 0.000971014
          28    0.897636     0.89896 0.000936976
          29    0.901672    0.899053 0.000908914
          30    0.904936    0.899249 0.000899723
          31    0.901444     0.89932 0.000873091
          32    0.899484    0.899325 0.000845383
          33    0.905384    0.899509 0.000839682
          34    0.901136    0.899557 0.000816016
          35    0.890576      0.8993 0.000832869
          36    0.899556    0.899307 0.000809435
          37     0.89736    0.899255 0.000789011
          38    0.895612    0.899159 0.000773927
          39    0.893804    0.899021 0.000766223
          40    0.906132    0.899199 0.000767687
          41    0.900792    0.899238 0.000749736
          42    0.900352    0.899265 0.000732148
          43    0.896968    0.899211 0.000716911
          44    0.902492    0.899286 0.000704385
          45    0.896216    0.899218 0.000691925
          46    0.900808    0.899252 0.000677599
          47    0.906152    0.899399 0.000679084
          48    0.904236      0.8995  0.00067238
          49    0.910448    0.899723 0.000695389
          50    0.893284    0.899594 0.000693403
          51    0.905348    0.899707 0.000688971
          52     0.90214    0.899754 0.000677209
          53      0.8957    0.899677 0.000668698
          54    0.900456    0.899692 0.000656356
          55    0.898048    0.899662 0.000645005
          56    0.898744    0.899646 0.000633594
          57    0.896716    0.899594 0.000624498
          58    0.904912    0.899686 0.000620448
          59    0.897732    0.899653  0.00061074
          60    0.899272    0.899646 0.000600508
          61    0.898744    0.899632 0.000590767
          62    0.902472    0.899677 0.000582963
          63     0.89484    0.899601 0.000578751
          64    0.900512    0.899615 0.000569815
          65    0.900052    0.899622  0.00056102
          66     0.89052    0.899484 0.000569406
          67    0.906684    0.899591 0.000571046
          68    0.902592    0.899635 0.000564314
          69    0.901368     0.89966 0.000556642
          70    0.901436    0.899686 0.000549219
          71    0.899488    0.899683 0.000541435
          72    0.907596    0.899793 0.000545057
          73    0.905772    0.899875 0.000543743
          74    0.901168    0.899892  0.00053663
          75    0.905156    0.899962 0.000534058
          76    0.899568    0.899957 0.000527009
          77    0.899196    0.899947 0.000520214
          78    0.902436    0.899979 0.000514492
          79    0.899036    0.899967 0.000508078
          80     0.89872    0.899952 0.000501929
          81    0.899244    0.899943  0.00049577
          82     0.89096    0.899833 0.000501791
          83    0.894748    0.899772 0.000499481
          84    0.901412    0.899792 0.000493885
          85    0.897172    0.899761 0.000489012
          86    0.901192    0.899778 0.000483579
          87    0.902052    0.899804 0.000478702
          88    0.903868     0.89985  0.00047548
          89    0.906688    0.899927 0.000476344
          90    0.902908     0.89996 0.000472185
          91    0.903664    0.900001 0.000468738
          92    0.904948    0.900054 0.000466724
          93     0.90092    0.900064 0.000461772
          94    0.902588     0.90009 0.000457622
          95    0.906468    0.900158 0.000457729
          96    0.892332    0.900076 0.000460212
          97    0.905836    0.900135 0.000459298
          98    0.901812    0.900153 0.000454909
          99    0.900704    0.900158 0.000450325
         100    0.902944    0.900186 0.000446668
