           1     6.88462     6.88462           0
           2      6.1411     6.51286     0.37176
           3     6.64546     6.55706     0.21914
           4     6.52352     6.54867    0.155182
           5     6.96745     6.63243    0.146505
           6     7.29868     6.74347    0.163216
           7     6.03796     6.64268     0.17084
           8     6.06433     6.57039     0.16467
           9     6.47707     6.56002    0.145595
          10     6.20789     6.52481    0.134901
          11     6.72904     6.54337    0.123427
          12     6.32734     6.52537    0.114102
          13     6.30928     6.50875    0.106267
          14     5.91723      6.4665    0.107073
          15     6.19144     6.44816    0.101352
          16     6.52389     6.45289   0.0949241
          17      6.3386     6.44617   0.0894187
          18     6.55691     6.45232    0.084529
          19     6.32916     6.44584   0.0802187
          20     5.47006     6.39705   0.0903985
          21      6.3452     6.39458   0.0860215
          22     6.38728     6.39425    0.082019
          23     6.25278      6.3881   0.0786129
          24     7.02686     6.41471   0.0798333
          25     6.28958     6.40971   0.0767368
          26     6.17382     6.40064   0.0742825
          27     6.46299     6.40295   0.0715156
          28     6.58687     6.40951   0.0692266
          29     6.24639     6.40389   0.0670332
          30      6.2405     6.39844   0.0649888
          31     6.36014     6.39721   0.0628696
          32     6.51401     6.40086   0.0609826
          33     6.43813     6.40199   0.0591165
          34     6.15314     6.39467   0.0578166
          35     6.44187     6.39602   0.0561566
          36     6.36386     6.39512   0.0545817
          37     6.24633      6.3911   0.0532381
          38     6.37266     6.39062   0.0518205
          39     6.05994     6.38214   0.0511815
          40     6.11127     6.37537    0.050343
          41     6.59305     6.38068    0.049386
          42     5.86645     6.36843   0.0497267
          43     6.53268     6.37225   0.0487065
          44      6.3122     6.37089   0.0476062
          45     7.28702     6.39125   0.0507946
          46     5.79157     6.37821   0.0513601
          47     6.31839     6.37694   0.0502716
          48      5.7971     6.36486    0.050674
          49     5.95876     6.35657   0.0503163
          50      6.3003     6.35544   0.0493126
          51      6.5307     6.35888    0.048458
          52     6.59657     6.36345   0.0477363
          53     6.88621     6.37331   0.0478545
          54     6.18131     6.36976   0.0470944
          55     6.83806     6.37827   0.0470077
          56     6.05266     6.37246   0.0465254
          57     6.10497     6.36777   0.0459422
          58     6.01823     6.36174   0.0455436
          59     6.54412     6.36483   0.0448717
          60      6.4364     6.36602   0.0441336
          61     7.22934     6.38018   0.0456532
          62     6.31192     6.37908   0.0449243
          63     5.94529     6.37219   0.0447385
          64     6.63253     6.37626   0.0442214
          65      5.8699     6.36847   0.0442272
          66     5.94203     6.36201   0.0440286
          67     6.17006     6.35914    0.043461
          68     6.40069     6.35975   0.0428215
          69     6.48347     6.36155   0.0422344
          70     7.01461     6.37088   0.0426594
          71     6.38168     6.37103   0.0420545
          72     6.38586     6.37123   0.0414668
          73     6.00687     6.36624   0.0411983
          74     6.60186     6.36943   0.0407623
          75     6.16105     6.36665    0.040311
          76     6.63196     6.37014   0.0399299
          77     5.94914     6.36467   0.0397854
          78     6.10517     6.36134   0.0394127
          79     6.33846     6.36105   0.0389117
          80     7.33646     6.37325   0.0403104
          81     7.09526     6.38216   0.0407954
          82     6.56706     6.38442   0.0403578
          83     6.46537     6.38539   0.0398806
          84     6.81477      6.3905   0.0397331
          85     7.08339     6.39865   0.0401001
          86     5.68047      6.3903   0.0405014
          87     6.58327     6.39252   0.0400946
          88      6.2728     6.39116   0.0396597
          89      6.8787     6.39664   0.0395923
          90     5.98253     6.39204   0.0394194
          91     5.84956     6.38608    0.039437
          92     6.09465     6.38291   0.0391343
          93     6.39714     6.38306   0.0387116
          94     6.13732     6.38045   0.0383867
          95     6.29071      6.3795   0.0379922
          96     6.44158     6.38015   0.0375999
          97     6.52615     6.38165   0.0372407
          98     6.67528     6.38465   0.0369803
          99     6.39383     6.38474    0.036605
         100     7.25282     6.39342   0.0372623
