           1     0.41974     0.41974           0
           2    0.413729    0.416734  0.00300557
           3    0.409087    0.414185  0.00308358
           4    0.419263    0.415455  0.00252307
           5    0.417156    0.415795  0.00198376
           6    0.407674    0.414442  0.00211078
           7    0.418549    0.415029  0.00187795
           8    0.391962    0.412145   0.0033104
           9    0.413488    0.412294  0.00292331
          10    0.392967    0.410362  0.00325148
          11     0.41732    0.410994  0.00300834
          12    0.412302    0.411103  0.00274839
          13    0.407924    0.410859  0.00253995
          14     0.39741    0.409898  0.00254019
          15    0.399857    0.409229   0.0024577
          16    0.416639    0.409692  0.00234515
          17    0.390711    0.408575  0.00246967
          18    0.416757     0.40903  0.00237238
          19    0.395845    0.408336  0.00234889
          20     0.40862     0.40835   0.0022284
          21     0.39669    0.407795  0.00219115
          22    0.395852    0.407252  0.00215855
          23     0.40916    0.407335  0.00206424
          24    0.404282    0.407208  0.00198044
          25     0.40241    0.407016  0.00190925
          26    0.412886    0.407242  0.00184819
          27    0.417473    0.407621  0.00181835
          28    0.413702    0.407838  0.00176561
          29    0.406285    0.407784  0.00170448
          30    0.421197    0.408231   0.0017063
          31    0.401587    0.408017   0.0016642
          32    0.413853    0.408199  0.00162164
          33    0.411297    0.408293  0.00157453
          34    0.405524    0.408212  0.00152969
          35    0.413916    0.408375  0.00149426
          36    0.436011    0.409142  0.00164259
          37    0.406204    0.409063  0.00159955
          38    0.409195    0.409066  0.00155689
          39    0.403245    0.408917  0.00152377
          40    0.410173    0.408949  0.00148552
          41    0.400737    0.408748  0.00146261
          42    0.419875    0.409013  0.00145174
          43    0.403111    0.408876  0.00142421
          44    0.424755    0.409237   0.0014375
          45    0.427496    0.409643  0.00146261
          46    0.399124    0.409414  0.00144862
          47    0.413547    0.409502  0.00142019
          48    0.395792    0.409216  0.00141932
          49    0.409865    0.409229  0.00139012
          50    0.405903    0.409163  0.00136365
          51    0.398498    0.408954  0.00135291
          52    0.413795    0.409047   0.0013299
          53    0.417906    0.409214  0.00131523
          54    0.404993    0.409136  0.00129301
          55    0.409939    0.409151  0.00126937
          56    0.398972    0.408969  0.00125967
          57    0.401361    0.408835  0.00124455
          58    0.394427    0.408587  0.00124788
          59    0.411398    0.408635  0.00122748
          60    0.416174     0.40876  0.00121337
          61    0.409029    0.408765  0.00119332
          62    0.423611    0.409004  0.00119809
          63    0.405017    0.408941  0.00118062
          64    0.414241    0.409024  0.00116497
          65    0.393252    0.408781  0.00117229
          66    0.396293    0.408592   0.0011698
          67    0.394704    0.408384   0.0011707
          68    0.410276    0.408412  0.00115369
          69    0.411489    0.408457  0.00113772
          70    0.416336    0.408569  0.00112699
          71    0.411937    0.408617  0.00111201
          72     0.40595     0.40858  0.00109709
          73    0.398741    0.408445  0.00109031
          74    0.420127    0.408603    0.001087
          75    0.398222    0.408465  0.00108131
          76    0.410895    0.408496  0.00106746
          77    0.395158    0.408323  0.00106766
          78    0.399397    0.408209  0.00106007
          79     0.40217    0.408132  0.00104936
          80    0.427271    0.408372  0.00106342
          81    0.422943    0.408552   0.0010655
          82    0.408011    0.408545  0.00105245
          83     0.39857    0.408425  0.00104662
          84    0.404348    0.408376  0.00103522
          85    0.401811    0.408299  0.00102588
          86    0.399415    0.408196  0.00101913
          87     0.40652    0.408176  0.00100753
          88    0.407579     0.40817  0.00099604
          89    0.401573    0.408095  0.00098757
          90    0.404056    0.408051 0.000977566
          91     0.41082    0.408081 0.000967243
          92    0.390977    0.407895 0.000974569
          93    0.406897    0.407884 0.000964093
          94    0.415097    0.407961 0.000956863
          95    0.400669    0.407884 0.000949844
          96    0.422676    0.408038 0.000952443
          97    0.422955    0.408192 0.000955036
          98    0.405536    0.408165 0.000945628
          99     0.41963    0.408281 0.000943165
         100    0.390032    0.408098 0.000951353
