           1   -0.739144   -0.739144           0
           2   -0.747408   -0.743276    0.004132
           3   -0.743808   -0.743453  0.00239219
           4     -0.7374    -0.74194  0.00226969
           5   -0.741728   -0.741898   0.0017586
           6   -0.746392   -0.742647  0.00161953
           7   -0.742904   -0.742683  0.00136925
           8   -0.742736    -0.74269  0.00118582
           9    -0.74384   -0.742818  0.00105357
          10   -0.743256   -0.742862 0.000943364
          11   -0.744632   -0.743023 0.000868351
          12   -0.736912   -0.742513 0.000942156
          13   -0.740888   -0.742388 0.000875629
          14     -0.7424   -0.742389 0.000810675
          15   -0.737152    -0.74204 0.000831546
          16   -0.739976   -0.741911 0.000788465
          17   -0.740904   -0.741852 0.000742999
          18   -0.736808   -0.741572  0.00075447
          19   -0.742024   -0.741595 0.000714055
          20   -0.738552   -0.741443 0.000694292
          21   -0.742008    -0.74147 0.000660951
          22   -0.743264   -0.741552 0.000635446
          23   -0.741632   -0.741555   0.0006072
          24   -0.743936   -0.741654 0.000589753
          25   -0.742224   -0.741677  0.00056613
          26   -0.740904   -0.741647 0.000544732
          27   -0.741056   -0.741625 0.000524626
          28   -0.743768   -0.741702   0.0005113
          29    -0.73764   -0.741562 0.000512853
          30   -0.741592   -0.741563 0.000495464
          31   -0.742344   -0.741588 0.000479877
          32   -0.744832    -0.74169 0.000475568
          33   -0.741608   -0.741687 0.000460938
          34   -0.735888   -0.741516 0.000478599
          35   -0.741928   -0.741528 0.000464872
          36   -0.741968    -0.74154  0.00045194
          37   -0.740064   -0.741501 0.000441363
          38   -0.741376   -0.741497 0.000429604
          39   -0.741688   -0.741502 0.000418472
          40   -0.739304   -0.741447 0.000411561
          41   -0.742448   -0.741472 0.000402139
          42   -0.739952   -0.741435 0.000394112
          43   -0.743672   -0.741487 0.000388336
          44   -0.743784    -0.74154 0.000382981
          45   -0.743912   -0.741592 0.000378068
          46   -0.737544   -0.741504 0.000380087
          47   -0.741496   -0.741504 0.000371912
          48   -0.737848   -0.741428 0.000371964
          49   -0.745208   -0.741505 0.000372372
          50    -0.73952   -0.741465 0.000367002
          51   -0.741384   -0.741464 0.000359738
          52   -0.742648   -0.741487 0.000353486
          53   -0.743864   -0.741531 0.000349642
          54   -0.742152   -0.741543 0.000343298
          55   -0.742088   -0.741553 0.000337144
          56   -0.739136    -0.74151  0.00033387
          57   -0.742312   -0.741524 0.000328263
          58   -0.743688   -0.741561 0.000324704
          59   -0.741704   -0.741564 0.000319163
          60   -0.745216   -0.741624 0.000319648
          61   -0.743456   -0.741654 0.000315795
          62   -0.739584   -0.741621  0.00031245
          63   -0.742024   -0.741627 0.000307517
          64   -0.740616   -0.741612 0.000303086
          65   -0.741544   -0.741611 0.000298388
          66   -0.735104   -0.741512  0.00030993
          67   -0.741544   -0.741512 0.000305269
          68   -0.740376   -0.741496 0.000301211
          69    -0.74148   -0.741496 0.000296813
          70   -0.740952   -0.741488 0.000292645
          71   -0.741784   -0.741492 0.000288524
          72    -0.73792   -0.741442 0.000288782
          73   -0.741168   -0.741439 0.000284823
          74   -0.740448   -0.741425 0.000281267
          75     -0.7424   -0.741438 0.000277796
          76   -0.742248   -0.741449 0.000274323
          77   -0.739392   -0.741422 0.000272051
          78   -0.740104   -0.741405 0.000269072
          79   -0.740048   -0.741388 0.000266199
          80   -0.743064   -0.741409 0.000263684
          81   -0.742232   -0.741419 0.000260607
          82   -0.741832   -0.741424 0.000257458
          83   -0.739856   -0.741405 0.000255038
          84   -0.741952   -0.741412 0.000252068
          85   -0.741352   -0.741411 0.000249086
          86    -0.73464   -0.741332 0.000258457
          87   -0.739368    -0.74131 0.000256464
          88    -0.74064   -0.741302 0.000253647
          89      -0.743   -0.741321 0.000251506
          90     -0.7368   -0.741271 0.000253719
          91   -0.737744   -0.741232 0.000253891
          92   -0.743888   -0.741261  0.00025277
          93   -0.739152   -0.741238 0.000251064
          94   -0.740624   -0.741232 0.000248464
          95   -0.741432   -0.741234 0.000245844
          96   -0.740792   -0.741229 0.000243313
          97   -0.743784   -0.741256 0.000242228
          98   -0.743488   -0.741279 0.000240823
          99   -0.738632   -0.741252 0.000239872
         100   -0.745072    -0.74129 0.000240515
