           1    0.280164    0.280164           0
           2    0.290032    0.285098    0.004934
           3    0.285304    0.285167  0.00284947
           4    0.290628    0.286532   0.0024339
           5     0.28168    0.285562  0.00212038
           6    0.293864    0.286945  0.00221632
           7     0.30014     0.28883  0.00265738
           8    0.280564    0.287797  0.00252268
           9    0.295488    0.288652  0.00238327
          10    0.283644    0.288151  0.00218969
          11    0.290464    0.288361  0.00199178
          12    0.290784    0.288563  0.00182942
          13    0.284372    0.288241  0.00171342
          14    0.290764    0.288421  0.00159653
          15    0.287572    0.288364  0.00148736
          16    0.285952    0.288213  0.00139944
          17    0.273476    0.287347  0.00157467
          18    0.284332    0.287179  0.00149403
          19     0.28286    0.286952  0.00143137
          20     0.29596    0.287402  0.00143067
          21     0.28964    0.287509    0.001365
          22     0.29674    0.287928  0.00136745
          23    0.286984    0.287887  0.00130729
          24    0.295948    0.288223  0.00129591
          25    0.283736    0.288044  0.00125589
          26    0.284156    0.287894  0.00121585
          27    0.293852    0.288115  0.00119058
          28    0.288448    0.288127  0.00114733
          29     0.28942    0.288171  0.00110796
          30    0.291392    0.288279  0.00107576
          31     0.27852    0.287964  0.00108706
          32    0.293864    0.288148  0.00106857
          33    0.289552    0.288191  0.00103655
          34    0.286256    0.288134  0.00100721
          35    0.288452    0.288143 0.000978054
          36    0.290044    0.288196 0.000951963
          37     0.29308    0.288328  0.00093524
          38    0.284568    0.288229 0.000915657
          39    0.283108    0.288098 0.000901483
          40     0.29032    0.288153 0.000880412
          41    0.288052    0.288151 0.000858674
          42    0.290424    0.288205 0.000839726
          43    0.282492    0.288072 0.000830658
          44     0.28234    0.287942 0.000821949
          45    0.284328    0.287861 0.000807479
          46    0.288748    0.287881 0.000789965
          47    0.285364    0.287827 0.000774827
          48    0.296356    0.288005 0.000779047
          49    0.283256    0.287908 0.000769113
          50     0.29228    0.287995  0.00075863
          51    0.289388    0.288023 0.000744107
          52    0.290056    0.288062 0.000730704
          53    0.289308    0.288085  0.00071717
          54      0.2877    0.288078   0.0007038
          55    0.295912    0.288221 0.000705415
          56     0.29192    0.288287 0.000695847
          57    0.295776    0.288418 0.000696044
          58    0.282988    0.288324 0.000690316
          59     0.28596    0.288284 0.000679697
          60     0.29436    0.288386 0.000675901
          61      0.2915    0.288437 0.000666687
          62     0.29556    0.288551 0.000665833
          63    0.299576    0.288726 0.000678146
          64    0.295612    0.288834 0.000676081
          65    0.282928    0.288743 0.000671772
          66    0.287052    0.288718 0.000662011
          67    0.288128    0.288709 0.000652115
          68    0.292856     0.28877 0.000645342
          69    0.288924    0.288772 0.000635924
          70     0.27764    0.288613 0.000646634
          71    0.287948    0.288604  0.00063753
          72      0.2871    0.288583  0.00062896
          73    0.286252    0.288551 0.000621105
          74     0.28922     0.28856 0.000612721
          75    0.292716    0.288615 0.000607031
          76    0.290436    0.288639  0.00059947
          77    0.297436    0.288753 0.000602562
          78    0.295588    0.288841 0.000601207
          79    0.290428    0.288861 0.000593887
          80    0.290852    0.288886 0.000586945
          81     0.29658    0.288981 0.000587384
          82    0.285048    0.288933 0.000582156
          83    0.285316    0.288889 0.000576748
          84    0.294196    0.288953 0.000573332
          85     0.29276    0.288997 0.000568314
          86    0.293248    0.289047 0.000563838
          87    0.295848    0.289125 0.000562775
          88    0.289592     0.28913 0.000556368
          89     0.29246    0.289168 0.000551352
          90    0.295552    0.289239 0.000549787
          91    0.280796    0.289146 0.000551571
          92    0.296012    0.289221 0.000550624
          93    0.284736    0.289172 0.000546801
          94    0.289752    0.289179 0.000540988
          95      0.2857    0.289142 0.000536514
          96    0.287004     0.28912 0.000531363
          97    0.291648    0.289146 0.000526502
          98    0.293824    0.289193 0.000523284
          99    0.299012    0.289293 0.000527381
         100    0.283876    0.289238 0.000524882
