           1   -0.566001   -0.566001           0
           2   -0.571294   -0.568648   0.0026468
           3   -0.569245   -0.568847  0.00154104
           4   -0.567214   -0.568438  0.00116365
           5   -0.566104   -0.567972   0.0010151
           6   -0.571005   -0.568477  0.00097084
           7   -0.579436   -0.570043  0.00176755
           8   -0.567889   -0.569773  0.00155424
           9   -0.575602   -0.570421  0.00151598
          10   -0.566041   -0.569983  0.00142493
          11   -0.573645   -0.570316  0.00133119
          12   -0.570629   -0.570342  0.00121548
          13   -0.572818   -0.570532   0.0011342
          14   -0.572401   -0.570666  0.00105851
          15   -0.568666   -0.570533 0.000994392
          16   -0.566454   -0.570278 0.000964459
          17   -0.563663   -0.569889  0.00098597
          18   -0.568218   -0.569796 0.000934201
          19   -0.566052   -0.569599 0.000905368
          20   -0.570896   -0.569664 0.000861353
          21   -0.570784   -0.569717 0.000821045
          22   -0.573828   -0.569904  0.00080483
          23   -0.568189   -0.569829 0.000772648
          24    -0.57495   -0.570043 0.000769904
          25   -0.566955   -0.569919 0.000748722
          26   -0.565359   -0.569744  0.00074042
          27   -0.573154    -0.56987 0.000723581
          28   -0.572058   -0.569948 0.000701623
          29   -0.570308   -0.569961 0.000677111
          30   -0.569702   -0.569952 0.000654208
          31   -0.566344   -0.569836 0.000643367
          32   -0.571645   -0.569892 0.000625498
          33   -0.573134    -0.56999 0.000614157
          34   -0.566923     -0.5699 0.000602611
          35   -0.570906   -0.569929 0.000585846
          36   -0.571217   -0.569965 0.000570462
          37   -0.570088   -0.569968  0.00055484
          38   -0.568546   -0.569931 0.000541338
          39   -0.567894   -0.569878 0.000529855
          40    -0.57124   -0.569912  0.00051756
          41   -0.569706   -0.569907 0.000504803
          42   -0.572293   -0.569964 0.000495901
          43   -0.568234   -0.569924 0.000485899
          44   -0.567804   -0.569876 0.000477166
          45   -0.566322   -0.569797 0.000473082
          46   -0.570334   -0.569808  0.00046283
          47   -0.568241   -0.569775 0.000454102
          48   -0.573703   -0.569857 0.000452011
          49   -0.566931   -0.569797 0.000446699
          50   -0.570712   -0.569816 0.000438056
          51    -0.56879   -0.569795 0.000429851
          52   -0.566979   -0.569741 0.000424969
          53    -0.57127    -0.56977  0.00041787
          54    -0.56678   -0.569715  0.00041378
          55   -0.574942    -0.56981  0.00041716
          56   -0.571752   -0.569844 0.000411108
          57   -0.574275   -0.569922 0.000411245
          58   -0.566502   -0.569863 0.000408373
          59     -0.5698   -0.569862 0.000401393
          60    -0.57036    -0.56987 0.000394734
          61   -0.570204   -0.569876 0.000388247
          62   -0.573088   -0.569928 0.000385432
          63   -0.574875   -0.570006  0.00038731
          64   -0.572042   -0.570038 0.000382535
          65   -0.567154   -0.569994  0.00037921
          66   -0.565882   -0.569931  0.00037858
          67   -0.566138   -0.569875 0.000377161
          68   -0.574891   -0.569949 0.000378826
          69   -0.568761   -0.569931 0.000373692
          70   -0.566424   -0.569881 0.000371707
          71   -0.571126   -0.569899 0.000366853
          72   -0.570308   -0.569904 0.000361767
          73   -0.570394   -0.569911  0.00035684
          74   -0.569772   -0.569909  0.00035199
          75   -0.572823   -0.569948 0.000349431
          76   -0.572983   -0.569988 0.000347108
          77   -0.574919   -0.570052 0.000348505
          78    -0.57499   -0.570115 0.000349784
          79   -0.569646   -0.570109 0.000345379
          80    -0.57249   -0.570139  0.00034233
          81   -0.576604   -0.570219 0.000347371
          82   -0.568698     -0.5702  0.00034361
          83   -0.569199   -0.570188 0.000339659
          84   -0.569031   -0.570175 0.000335874
          85    -0.57336   -0.570212 0.000334008
          86   -0.571858   -0.570231 0.000330655
          87   -0.574938   -0.570285 0.000331279
          88   -0.570654    -0.57029  0.00032752
          89     -0.5717   -0.570305 0.000324206
          90   -0.572262   -0.570327  0.00032132
          91   -0.565935   -0.570279 0.000321414
          92   -0.573258   -0.570311 0.000319547
          93   -0.566523   -0.570271 0.000318705
          94    -0.57163   -0.570285 0.000315628
          95   -0.569012   -0.570272 0.000312576
          96   -0.565745   -0.570224 0.000312876
          97   -0.569698   -0.570219 0.000309682
          98   -0.572893   -0.570246 0.000307717
          99    -0.57553     -0.5703 0.000309234
         100   -0.568647   -0.570283 0.000306572
