           1    0.317879    0.317879           0
           2     0.31573    0.316804  0.00107463
           3    0.304701     0.31277  0.00408172
           4    0.309589    0.311975  0.00299376
           5    0.313109    0.312201  0.00233003
           6    0.315304    0.312719  0.00197149
           7    0.309535    0.312264  0.00172718
           8    0.309585    0.311929  0.00153279
           9    0.312765    0.312022  0.00135498
          10    0.310739    0.311894  0.00121871
          11    0.312971    0.311992   0.0011067
          12    0.312411    0.312026  0.00101088
          13    0.305593    0.311532  0.00105337
          14    0.330512    0.312887  0.00167004
          15    0.316139    0.313104  0.00156976
          16    0.319416    0.313499  0.00152045
          17    0.312405    0.313434  0.00142966
          18    0.312641     0.31339  0.00134862
          19    0.304501    0.312922  0.00135876
          20    0.315708    0.313062  0.00129653
          21    0.312301    0.313025  0.00123378
          22    0.316776    0.313196  0.00118865
          23    0.315801    0.313309  0.00114143
          24    0.323432    0.313731  0.00117141
          25    0.311356    0.313636  0.00112758
          26     0.32037    0.313895  0.00111387
          27    0.327698    0.314406  0.00118751
          28    0.316578    0.314484  0.00114694
          29    0.326152    0.314886  0.00117756
          30    0.315371    0.314902  0.00113774
          31      0.3069    0.314644   0.0011303
          32    0.319726    0.314803  0.00110587
          33    0.316337    0.314849  0.00107284
          34    0.314167    0.314829  0.00104101
          35    0.301743    0.314455  0.00107776
          36     0.31126    0.314367  0.00105115
          37    0.317088     0.31444  0.00102499
          38    0.307158    0.314249  0.00101589
          39    0.308215    0.314094  0.00100152
          40    0.314146    0.314095 0.000976164
          41    0.313026    0.314069 0.000952415
          42    0.309405    0.313958 0.000936072
          43    0.317731    0.314046 0.000918245
          44    0.309627    0.313945 0.000902737
          45    0.307363    0.313799 0.000894489
          46    0.310957    0.313737 0.000877006
          47    0.313103    0.313724  0.00085825
          48     0.31101    0.313667 0.000842079
          49    0.319395    0.313784 0.000832957
          50    0.311951    0.313747 0.000816951
          51    0.315202    0.313776  0.00080128
          52    0.320412    0.313904 0.000796017
          53    0.315802    0.313939 0.000781674
          54    0.307599    0.313822 0.000775996
          55    0.325095    0.314027 0.000788849
          56     0.30798    0.313919 0.000782125
          57    0.315004    0.313938 0.000768516
          58    0.305942      0.3138  0.00076763
          59    0.316651    0.313848 0.000756052
          60    0.314055    0.313852 0.000743352
          61     0.30813    0.313758 0.000737058
          62    0.315588    0.313788 0.000725673
          63    0.311823    0.313756 0.000714743
          64    0.307084    0.313652 0.000711169
          65    0.306724    0.313546  0.00070821
          66    0.311658    0.313517 0.000697984
          67    0.305203    0.313393 0.000698595
          68    0.313271    0.313391 0.000688248
          69    0.320055    0.313488 0.000685042
          70    0.307109    0.313397 0.000681306
          71    0.307232     0.31331 0.000677231
          72    0.308222    0.313239 0.000671487
          73    0.313888    0.313248 0.000662284
          74    0.319165    0.313328 0.000658148
          75    0.320418    0.313422  0.00065616
          76    0.311689      0.3134  0.00064787
          77     0.31867    0.313468 0.000643054
          78    0.314944    0.313487 0.000635038
          79    0.318663    0.313553 0.000630362
          80     0.31041    0.313513 0.000623671
          81    0.313633    0.313515 0.000615925
          82     0.32029    0.313597 0.000613953
          83    0.311455    0.313572  0.00060706
          84    0.315405    0.313593 0.000600186
          85    0.315193    0.313612 0.000593382
          86    0.312089    0.313594 0.000586709
          87    0.312065    0.313577 0.000580192
          88    0.308774    0.313522 0.000576152
          89    0.318779    0.313581 0.000572696
          90    0.310031    0.313542 0.000567669
          91    0.314482    0.313552 0.000561491
          92    0.314911    0.313567 0.000555551
          93    0.321898    0.313657 0.000556797
          94    0.318145    0.313704 0.000552908
          95    0.316141     0.31373 0.000547658
          96    0.306394    0.313654 0.000547285
          97    0.312467    0.313641 0.000541752
          98    0.317262    0.313678 0.000537467
          99    0.326432    0.313807 0.000547386
         100    0.313456    0.313804 0.000541896
