           1      1.3369      1.3369           0
           2     1.32604     1.33147  0.00542703
           3      1.3324     1.33178  0.00314879
           4     1.29552     1.32272  0.00933363
           5     1.38586     1.33535   0.0145522
           6     1.31681     1.33226   0.0122768
           7     1.32399     1.33108   0.0104428
           8     1.33503     1.33157  0.00905717
           9     1.34143     1.33267  0.00806252
          10     1.30339     1.32974  0.00778281
          11     1.35765     1.33228  0.00748311
          12     1.30782     1.33024  0.00712865
          13     1.34228     1.33116  0.00662251
          14     1.42208     1.33766  0.00893081
          15      1.3657     1.33953  0.00852165
          16     1.28484     1.33611  0.00867325
          17      1.3565     1.33731  0.00823493
          18     1.28543     1.33443  0.00828166
          19      1.2677     1.33091  0.00858476
          20     1.33236     1.33099  0.00814454
          21     1.33508     1.33118  0.00774945
          22     1.29076     1.32934  0.00761383
          23     1.35669     1.33053  0.00737175
          24     1.37121     1.33223  0.00725852
          25     1.34518     1.33275  0.00698138
          26     1.34667     1.33328  0.00672883
          27     1.38135     1.33506  0.00671516
          28     1.31184     1.33423  0.00652382
          29     1.39989      1.3365  0.00668964
          30     1.31549      1.3358  0.00650063
          31     1.36426     1.33671  0.00635414
          32     1.33319      1.3366  0.00615335
          33     1.33856     1.33666  0.00596427
          34     1.34645     1.33695  0.00579334
          35     1.26965     1.33503  0.00594493
          36     1.30251     1.33413  0.00584762
          37     1.29087     1.33296  0.00580631
          38     1.31896     1.33259  0.00566343
          39     1.36166     1.33333  0.00556645
          40     1.29866     1.33247  0.00549431
          41     1.33711     1.33258  0.00535982
          42     1.31884     1.33225  0.00524087
          43     1.38982     1.33359  0.00528975
          44     1.34357     1.33382  0.00517311
          45     1.34467     1.33406  0.00506259
          46     1.35395     1.33449  0.00497015
          47     1.33582     1.33452  0.00486333
          48      1.3348     1.33453  0.00476094
          49     1.34761     1.33479  0.00467041
          50     1.31911     1.33448  0.00458679
          51     1.33382     1.33447  0.00449597
          52     1.31231     1.33404   0.0044292
          53     1.38173     1.33494  0.00443703
          54     1.30828     1.33445  0.00438199
          55      1.3597     1.33491  0.00432602
          56     1.30614     1.33439  0.00427902
          57     1.31631     1.33407  0.00421523
          58      1.2974     1.33344  0.00418989
          59     1.31974     1.33321  0.00412481
          60     1.28433      1.3324  0.00413649
          61     1.36241     1.33289  0.00409776
          62     1.34266     1.33305   0.0040342
          63     1.32048     1.33285  0.00397466
          64     1.29581     1.33227  0.00395463
          65     1.37247     1.33289  0.00394214
          66     1.33041     1.33285  0.00388213
          67     1.28623     1.33215  0.00388655
          68     1.31589     1.33191  0.00383643
          69     1.35947     1.33231  0.00380147
          70     1.36737     1.33281   0.0037801
          71     1.34289     1.33296  0.00372918
          72     1.35468     1.33326  0.00368937
          73     1.30652     1.33289  0.00365687
          74     1.35852     1.33324   0.0036237
          75     1.34259     1.33336  0.00357723
          76      1.3611     1.33373  0.00354867
          77     1.28832     1.33314  0.00355157
          78      1.3325     1.33313  0.00350575
          79     1.30998     1.33284  0.00347347
          80     1.33524     1.33287  0.00342991
          81      1.3544     1.33313  0.00339772
          82     1.38748     1.33379  0.00342085
          83     1.30446     1.33344  0.00339782
          84     1.34893     1.33363  0.00336219
          85     1.35562     1.33388  0.00333246
          86     1.30915      1.3336  0.00330602
          87     1.30454     1.33326  0.00328482
          88     1.30807     1.33298  0.00325987
          89     1.31776     1.33281  0.00322757
          90     1.34496     1.33294  0.00319436
          91     1.35174     1.33315  0.00316581
          92     1.32328     1.33304  0.00313305
          93     1.37962     1.33354  0.00313939
          94      1.3569     1.33379  0.00311574
          95     1.33984     1.33385  0.00308342
          96      1.2829     1.33332  0.00309696
          97     1.33546     1.33334  0.00306494
          98     1.32956     1.33331  0.00303375
          99     1.38274     1.33381  0.00304419
         100      1.3278     1.33375  0.00301419
