           1    0.436851    0.436851           0
           2    0.426067    0.431459  0.00539191
           3    0.427873    0.430264  0.00333462
           4    0.410969     0.42544  0.00536913
           5    0.407359    0.421824  0.00551123
           6     0.48191    0.431838   0.0109788
           7    0.447927    0.434137  0.00955924
           8    0.391753    0.428839  0.00982866
           9    0.409049     0.42664  0.00894262
          10    0.415738     0.42555  0.00807248
          11    0.475581    0.430098  0.00860254
          12    0.390649    0.426811  0.00851334
          13    0.443019    0.428057  0.00792976
          14     0.38101    0.424697   0.0080741
          15    0.432842     0.42524  0.00753617
          16    0.384549    0.422697  0.00749416
          17    0.449932    0.424299  0.00721954
          18    0.410873    0.423553  0.00684739
          19    0.424994    0.423629  0.00647743
          20    0.418937    0.423394   0.0061495
          21    0.419452    0.423206  0.00585236
          22    0.447456    0.424309  0.00568783
          23    0.454985    0.425642  0.00559617
          24    0.427494     0.42572  0.00535848
          25    0.418954    0.425449   0.0051468
          26    0.402332     0.42456  0.00502418
          27    0.423082    0.424505  0.00483483
          28    0.415464    0.424182  0.00467013
          29    0.469948     0.42576  0.00477456
          30    0.375928    0.424099  0.00490264
          31    0.422599    0.424051   0.0047421
          32    0.432884    0.424327  0.00459981
          33     0.41999    0.424196  0.00446018
          34    0.407041    0.423691  0.00435633
          35    0.427289    0.423794  0.00423128
          36    0.405138    0.423276  0.00414459
          37     0.41396    0.423024  0.00403887
          38    0.460186    0.424002  0.00405096
          39    0.402842    0.423459  0.00398285
          40    0.407359    0.423057  0.00390282
          41    0.402942    0.422566  0.00383792
          42    0.367045    0.421244  0.00397187
          43    0.433775    0.421536  0.00388934
          44    0.470835    0.422656  0.00396166
          45    0.436723    0.422969  0.00388521
          46     0.43551    0.423241  0.00380958
          47    0.423304    0.423243  0.00372765
          48    0.432457    0.423435  0.00365421
          49    0.438109    0.423734  0.00359136
          50    0.406825    0.423396  0.00353502
          51    0.372909    0.422406  0.00360365
          52    0.452427    0.422983  0.00358052
          53    0.422938    0.422982  0.00351231
          54    0.419594     0.42292  0.00344723
          55    0.425528    0.422967   0.0033843
          56    0.378229    0.422168  0.00341799
          57    0.406221    0.421888  0.00336913
          58    0.430939    0.422044  0.00331421
          59    0.446028    0.422451  0.00328281
          60    0.378703    0.421722  0.00330897
          61    0.458499    0.422325  0.00330965
          62    0.405755    0.422057  0.00326678
          63    0.383836    0.421451  0.00327126
          64    0.423667    0.421485  0.00321993
          65    0.376002    0.420786  0.00324631
          66    0.397916    0.420439  0.00321548
          67    0.453757    0.420936  0.00320592
          68    0.419606    0.420917  0.00315848
          69    0.479761     0.42177   0.0032271
          70    0.418753    0.421727  0.00318095
          71     0.42538    0.421778  0.00313625
          72    0.441394     0.42205  0.00310436
          73    0.420409    0.422028  0.00306163
          74    0.424453    0.422061  0.00302015
          75    0.398409    0.421745  0.00299625
          76    0.402307     0.42149   0.0029676
          77    0.435029    0.421665  0.00293408
          78     0.37898    0.421118  0.00294747
          79    0.423596     0.42115  0.00291009
          80    0.392985    0.420797  0.00289497
          81    0.365136     0.42011  0.00294043
          82    0.449275    0.420466  0.00292605
          83    0.387519    0.420069  0.00291771
          84    0.452609    0.420456  0.00290868
          85    0.443512    0.420728  0.00288702
          86    0.369707    0.420134  0.00291428
          87    0.424446    0.420184  0.00288101
          88     0.43571     0.42036  0.00285355
          89    0.412346     0.42027  0.00282274
          90    0.424333    0.420315  0.00279156
          91     0.40024    0.420095  0.00276952
          92    0.381037     0.41967  0.00277195
          93    0.432156    0.419805  0.00274527
          94    0.412062    0.419722  0.00271716
          95    0.448017     0.42002  0.00270485
          96    0.457329    0.420409  0.00270459
          97    0.442352    0.420635  0.00268611
          98    0.417733    0.420605  0.00265872
          99    0.414172     0.42054  0.00263253
         100    0.406737    0.420402  0.00260973
