           1   -0.937296   -0.937296           0
           2   -0.941056   -0.939176     0.00188
           3   -0.943872   -0.940741  0.00190484
           4   -0.930928   -0.938288  0.00279876
           5   -0.928512   -0.936333  0.00291936
           6   -0.926952   -0.934769  0.00285065
           7   -0.925048   -0.933381  0.00278084
           8   -0.930904   -0.933071  0.00242809
           9   -0.933976   -0.933172  0.00214374
          10   -0.933528   -0.933207  0.00191775
          11   -0.936272   -0.933486   0.0017569
          12    -0.93764   -0.933832  0.00164076
          13   -0.930432    -0.93357  0.00153177
          14   -0.931472   -0.933421  0.00142605
          15   -0.936288   -0.933612  0.00134127
          16   -0.929392   -0.933348  0.00128206
          17   -0.937032   -0.933565  0.00122363
          18   -0.937152   -0.933764  0.00117074
          19   -0.943904   -0.934298   0.0012293
          20   -0.935304   -0.934348   0.0011673
          21   -0.931032    -0.93419  0.00112149
          22   -0.927424   -0.933883  0.00111265
          23   -0.937896   -0.934057   0.0010774
          24   -0.935024   -0.934097  0.00103232
          25   -0.934768   -0.934124 0.000990528
          26   -0.940408   -0.934366 0.000981879
          27   -0.932632   -0.934302 0.000946993
          28   -0.930584   -0.934169 0.000922154
          29   -0.927024   -0.933922 0.000923267
          30    -0.93528   -0.933968 0.000893108
          31   -0.937632   -0.934086 0.000871867
          32   -0.941968   -0.934332 0.000879382
          33   -0.934088   -0.934325  0.00085235
          34   -0.935384   -0.934356 0.000827488
          35   -0.928352   -0.934184 0.000821605
          36   -0.934248   -0.934186 0.000798459
          37   -0.938312   -0.934298 0.000784544
          38   -0.933456   -0.934276  0.00076394
          39   -0.940144   -0.934426 0.000759156
          40   -0.935904   -0.934463 0.000740856
          41   -0.943432   -0.934682 0.000754948
          42   -0.925528   -0.934464 0.000768315
          43   -0.935472   -0.934487 0.000750601
          44   -0.937216   -0.934549 0.000735961
          45   -0.930272   -0.934454 0.000725672
          46   -0.927736   -0.934308 0.000724593
          47   -0.934704   -0.934317 0.000709058
          48   -0.935176   -0.934334  0.00069436
          49   -0.938936   -0.934428 0.000686495
          50   -0.936632   -0.934472 0.000674067
          51   -0.929888   -0.934383 0.000666805
          52   -0.935288     -0.9344 0.000654088
          53   -0.941688   -0.934538 0.000656197
          54   -0.934936   -0.934545 0.000643973
          55   -0.936096   -0.934573 0.000632785
          56   -0.930336   -0.934497 0.000625972
          57    -0.94008   -0.934595 0.000622643
          58   -0.928688   -0.934494 0.000620234
          59   -0.937856   -0.934551 0.000612289
          60   -0.928712   -0.934453 0.000609811
          61   -0.925536   -0.934307  0.00061729
          62   -0.936824   -0.934348 0.000608608
          63    -0.93376   -0.934338 0.000598942
          64   -0.929984    -0.93427 0.000593422
          65   -0.933856   -0.934264 0.000584256
          66   -0.934912   -0.934274 0.000575419
          67   -0.932528   -0.934248 0.000567365
          68   -0.934608   -0.934253 0.000558984
          69   -0.935568   -0.934272 0.000551153
          70   -0.940128   -0.934356 0.000549626
          71   -0.934848   -0.934363 0.000541874
          72   -0.933584   -0.934352 0.000534404
          73   -0.935968   -0.934374 0.000527498
          74   -0.933432   -0.934361 0.000520476
          75   -0.947976   -0.934543 0.000544633
          76   -0.938032   -0.934589 0.000539376
          77   -0.941864   -0.934683 0.000540646
          78   -0.929448   -0.934616 0.000537873
          79   -0.937224   -0.934649 0.000532046
          80   -0.929048   -0.934579 0.000529998
          81   -0.928808   -0.934508 0.000528241
          82   -0.936192   -0.934528 0.000522163
          83    -0.93432   -0.934526  0.00051584
          84   -0.933952   -0.934519 0.000509708
          85   -0.937536   -0.934554 0.000504925
          86   -0.936016   -0.934571 0.000499308
          87   -0.934288   -0.934568 0.000493546
          88   -0.929304   -0.934508 0.000491559
          89   -0.929736   -0.934455 0.000488954
          90   -0.936184   -0.934474 0.000483872
          91   -0.940912   -0.934545 0.000483727
          92   -0.934888   -0.934548 0.000478455
          93   -0.934472   -0.934548 0.000473283
          94   -0.932008   -0.934521    0.000469
          95   -0.935632   -0.934532 0.000464184
          96   -0.934312    -0.93453 0.000459329
          97   -0.941144   -0.934598 0.000459654
          98    -0.92404    -0.93449 0.000467523
          99    -0.92928   -0.934438 0.000465759
         100   -0.931488   -0.934408 0.000462021
