           1     46.5547     46.5547           0
           2     49.8447     48.1997     1.64501
           3     50.9074     49.1023      1.3102
           4     40.4155     46.9306     2.36105
           5     38.8814     45.3208     2.43645
           6     39.8163     44.4033      2.1907
           7     37.6771     43.4425     2.08598
           8     40.9968     43.1367     1.83219
           9     42.8315     43.1028      1.6162
          10     41.8568     42.9782     1.45093
          11     46.2883     43.2791     1.34647
          12     45.4434     43.4595     1.24232
          13     42.6792     43.3995     1.14434
          14     40.4085     43.1858     1.08078
          15      46.904     43.4337     1.03624
          16     38.1212     43.1017      1.0246
          17     46.4362     43.2978    0.982229
          18     45.6579     43.4289     0.93529
          19     51.1613     43.8359    0.973811
          20     44.7729     43.8828    0.925025
          21     41.2162     43.7558     0.88899
          22     39.4011     43.5578    0.870424
          23     48.5114     43.7732    0.859151
          24     44.4121     43.7998    0.823005
          25     43.4837     43.7872      0.7895
          26     47.5385     43.9315    0.772128
          27     43.2782     43.9073    0.743374
          28     42.4472     43.8551    0.718229
          29     40.2852      43.732    0.703868
          30     41.9155     43.6715    0.682692
          31     46.8138     43.7728    0.668038
          32     49.6403     43.9562    0.672312
          33     43.8873     43.9541    0.651623
          34     42.6153     43.9147    0.633393
          35     39.1977       43.78    0.629623
          36     42.5702     43.7463    0.612806
          37     46.6609     43.8251    0.601196
          38      43.841     43.8255    0.585162
          39     47.6946     43.9247    0.578529
          40      43.891     43.9239    0.563881
          41     49.8679     44.0689    0.568744
          42     35.6593     43.8686    0.590049
          43      44.927     43.8933    0.576689
          44     45.9229     43.9394    0.565315
          45     42.6417     43.9106    0.553361
          46     40.4926     43.8362    0.546275
          47     44.8712     43.8583    0.534979
          48      43.956     43.8603    0.523719
          49     47.9434     43.9436    0.519644
          50     44.6153     43.9571    0.509322
          51     39.1986     43.8638     0.50788
          52     46.1666      43.908    0.499982
          53     48.4112      43.993    0.497763
          54     44.1471     43.9959    0.488467
          55      44.191     43.9994    0.479516
          56     37.8601     43.8898     0.48347
          57     46.9702     43.9438    0.477977
          58     39.3326     43.8643    0.476345
          59     46.7062     43.9125    0.470673
          60      38.136     43.8162    0.472671
          61     38.8174     43.7343    0.472025
          62     44.2973     43.7433    0.464438
          63     41.4072     43.7063    0.458509
          64     42.0267       43.68     0.45205
          65     43.3259     43.6746    0.445075
          66     42.4545     43.6561    0.438669
          67     41.5457     43.6246    0.433219
          68     44.7199     43.6407    0.427104
          69     45.7839     43.6718    0.422013
          70      47.305     43.7237    0.419167
          71     44.5031     43.7346    0.413367
          72     44.4626     43.7447     0.40771
          73     43.0662     43.7355    0.402194
          74     43.8344     43.7368    0.396724
          75     54.8201     43.8846    0.418367
          76     45.5214     43.9061    0.413387
          77     49.7965     43.9826    0.415093
          78     39.8939     43.9302    0.413076
          79      46.144     43.9582    0.408775
          80     39.9987     43.9087    0.406656
          81     35.4777     43.8046    0.414874
          82     46.0322     43.8318    0.410683
          83     43.6303     43.8294    0.405712
          84     44.2664     43.8346    0.400886
          85     46.2357     43.8628    0.397148
          86     43.2116     43.8552    0.392576
          87     44.9545     43.8679    0.388243
          88     39.7367     43.8209    0.386666
          89      40.872     43.7878     0.38373
          90     48.0213     43.8348    0.382347
          91     49.2711     43.8946    0.382812
          92     42.2545     43.8767    0.379047
          93     43.6449     43.8743    0.374958
          94     41.5355     43.8494    0.371781
          95     45.2903     43.8645    0.368159
          96     46.5542     43.8926     0.36538
          97     48.7773     43.9429    0.365083
          98       37.58      43.878    0.367126
          99     39.4893     43.8337    0.366092
         100     40.7159     43.8025    0.363751
