           1   -0.569888   -0.569888           0
           2   -0.568536   -0.569212    0.000676
           3   -0.567096   -0.568507 0.000806114
           4   -0.564512   -0.567508  0.00114989
           5   -0.567496   -0.567506 0.000890704
           6   -0.570544   -0.568012 0.000886196
           7    -0.56952   -0.568227 0.000779339
           8   -0.569296   -0.568361 0.000688017
           9   -0.570256   -0.568572 0.000642268
          10   -0.567256    -0.56844 0.000589333
          11   -0.569784   -0.568562 0.000546895
          12   -0.569152   -0.568611 0.000501658
          13   -0.570272   -0.568739 0.000478814
          14   -0.570048   -0.568833 0.000453047
          15    -0.56708   -0.568716 0.000437648
          16   -0.568152    -0.56868 0.000410896
          17   -0.567672   -0.568621 0.000390502
          18   -0.567776   -0.568574 0.000371151
          19    -0.57048   -0.568675 0.000365121
          20   -0.566648   -0.568573 0.000360901
          21   -0.569072   -0.568597 0.000344106
          22   -0.567032   -0.568526 0.000335715
          23   -0.571608    -0.56866 0.000347652
          24   -0.569224   -0.568683 0.000333681
          25   -0.566328   -0.568589 0.000333634
          26   -0.566104   -0.568494 0.000334492
          27   -0.568408    -0.56849 0.000321881
          28    -0.57116   -0.568586 0.000324495
          29     -0.5668   -0.568524 0.000319103
          30   -0.566728   -0.568464 0.000314043
          31   -0.566016   -0.568385 0.000313843
          32   -0.570688   -0.568457 0.000312281
          33    -0.56756    -0.56843 0.000303889
          34   -0.564608   -0.568318  0.00031552
          35   -0.571616   -0.568412 0.000320539
          36   -0.572056   -0.568513 0.000327542
          37   -0.568128   -0.568503 0.000318737
          38     -0.5692   -0.568521 0.000310778
          39   -0.565936   -0.568455 0.000309876
          40   -0.568216   -0.568449 0.000302089
          41   -0.570256   -0.568493 0.000297908
          42   -0.571912   -0.568574 0.000301911
          43   -0.568808    -0.56858 0.000294856
          44   -0.570496   -0.568623  0.00029135
          45   -0.568432   -0.568619 0.000284834
          46    -0.57064   -0.568663 0.000282016
          47   -0.567288   -0.568634 0.000277497
          48   -0.571712   -0.568698 0.000279122
          49    -0.56824   -0.568688 0.000273526
          50   -0.569296   -0.568701 0.000268275
          51   -0.566488   -0.568657 0.000266517
          52   -0.566064   -0.568607 0.000266057
          53    -0.56672   -0.568572 0.000263407
          54   -0.564272   -0.568492 0.000270469
          55   -0.571536   -0.568547 0.000271213
          56   -0.570384    -0.56858 0.000268337
          57   -0.570032   -0.568606 0.000264815
          58   -0.567872   -0.568593 0.000260517
          59   -0.566024    -0.56855 0.000259739
          60    -0.56864   -0.568551 0.000255378
          61   -0.567288    -0.56853 0.000252008
          62   -0.571424   -0.568577 0.000252265
          63   -0.568464   -0.568575 0.000248235
          64   -0.568376   -0.568572 0.000244346
          65    -0.56948   -0.568586 0.000240962
          66   -0.565488   -0.568539 0.000241882
          67   -0.568232   -0.568535 0.000238288
          68    -0.56576   -0.568494 0.000238277
          69    -0.56812   -0.568488 0.000234861
          70   -0.567288   -0.568471 0.000232116
          71   -0.568976   -0.568478 0.000228934
          72   -0.567552   -0.568465 0.000226098
          73   -0.569528    -0.56848 0.000223454
          74   -0.568392   -0.568479 0.000220417
          75   -0.566824   -0.568457 0.000218575
          76    -0.57176     -0.5685 0.000220015
          77   -0.568752   -0.568503 0.000217164
          78   -0.570544    -0.56853 0.000215952
          79   -0.566032   -0.568498 0.000215532
          80   -0.566624   -0.568475 0.000214106
          81   -0.570368   -0.568498 0.000212735
          82   -0.567832    -0.56849 0.000210281
          83   -0.568632   -0.568492 0.000207739
          84   -0.566368   -0.568466 0.000206802
          85   -0.568888   -0.568471 0.000204415
          86    -0.57012    -0.56849 0.000202932
          87   -0.569144   -0.568498 0.000200726
          88   -0.567896   -0.568491  0.00019855
          89   -0.570776   -0.568517 0.000197978
          90   -0.568208   -0.568513 0.000195796
          91   -0.570368   -0.568534 0.000194702
          92   -0.567072   -0.568518 0.000193229
          93   -0.565368   -0.568484 0.000194117
          94   -0.567904   -0.568478  0.00019214
          95   -0.568696    -0.56848 0.000190121
          96   -0.565616    -0.56845 0.000190481
          97     -0.5688   -0.568454 0.000188541
          98   -0.570312   -0.568473 0.000187568
          99   -0.569712   -0.568485 0.000186085
         100    -0.56884   -0.568489 0.000184249
