           1    0.274344    0.274344           0
           2    0.286877     0.28061  0.00626628
           3    0.273519    0.278247  0.00432151
           4    0.282562    0.279325  0.00324058
           5     0.27734    0.278928  0.00254134
           6    0.276223    0.278477  0.00212343
           7    0.279794    0.278665  0.00180445
           8    0.276525    0.278398  0.00158544
           9    0.275628     0.27809  0.00143169
          10    0.286525    0.278934  0.00153336
          11    0.285921    0.279569  0.00152553
          12    0.276047    0.279275  0.00142319
          13    0.283054    0.279566  0.00134102
          14    0.284613    0.279927  0.00129283
          15    0.277733     0.27978  0.00121241
          16    0.281602    0.279894  0.00113981
          17    0.283891    0.280129  0.00109618
          18    0.279649    0.280103  0.00103383
          19    0.286267    0.280427  0.00103032
          20    0.282678     0.28054 0.000983907
          21     0.28082    0.280553 0.000935977
          22    0.280091    0.280532 0.000892665
          23    0.290197    0.280952 0.000950868
          24    0.281827    0.280989 0.000911116
          25    0.287293    0.281241  0.00090957
          26    0.289642    0.281564 0.000931711
          27    0.287614    0.281788  0.00092412
          28    0.278502    0.281671 0.000898205
          29    0.285752    0.281811 0.000878033
          30    0.280551    0.281769   0.0008493
          31    0.287427    0.281952 0.000841473
          32    0.281434    0.281936 0.000814913
          33    0.275056    0.281727 0.000816883
          34    0.279746    0.281669 0.000794632
          35    0.282681    0.281698 0.000772136
          36    0.282624    0.281724 0.000750822
          37    0.282782    0.281752 0.000730808
          38     0.27547    0.281587 0.000730277
          39    0.279348     0.28153 0.000713618
          40    0.294021    0.281842 0.000762435
          41    0.279331    0.281781 0.000746124
          42    0.277262    0.281673 0.000736049
          43    0.284221    0.281732 0.000721166
          44    0.277682     0.28164 0.000710572
          45    0.294052    0.281916 0.000747365
          46    0.291764     0.28213 0.000761645
          47    0.282386    0.282136 0.000745284
          48    0.285192    0.282199 0.000732365
          49    0.283943    0.282235 0.000718146
          50    0.286648    0.282323  0.00070915
          51    0.282109    0.282319 0.000695118
          52    0.289679     0.28246  0.00069616
          53    0.269365    0.282213 0.000726222
          54    0.282392    0.282217 0.000712654
          55    0.283732    0.282244 0.000700119
          56    0.276026    0.282133 0.000696412
          57    0.280997    0.282113 0.000684375
          58    0.284679    0.282157 0.000673926
          59    0.273519    0.282011 0.000678393
          60     0.27962    0.281971  0.00066818
          61    0.286329    0.282043 0.000661006
          62     0.28565    0.282101 0.000652855
          63    0.277791    0.282032  0.00064604
          64    0.278781    0.281982 0.000637892
          65    0.273629    0.281853 0.000641013
          66    0.279055    0.281811 0.000632647
          67    0.278831    0.281766 0.000624718
          68    0.285278    0.281818 0.000617626
          69    0.280627    0.281801 0.000608854
          70    0.289072    0.281905 0.000609018
          71    0.281308    0.281896 0.000600437
          72    0.282198      0.2819 0.000592054
          73    0.283733    0.281925 0.000584427
          74    0.281919    0.281925 0.000576475
          75    0.281057    0.281914 0.000568855
          76    0.276191    0.281838 0.000566348
          77    0.284162    0.281869 0.000559758
          78    0.286692     0.28193 0.000555984
          79    0.285531    0.281976  0.00055079
          80    0.273441    0.281869 0.000554228
          81    0.284398    0.281901 0.000548232
          82    0.287303    0.281966 0.000545498
          83    0.282287     0.28197 0.000538899
          84    0.274416     0.28188 0.000539987
          85    0.276866    0.281821 0.000536847
          86    0.274487    0.281736 0.000537379
          87    0.279487     0.28171 0.000531795
          88    0.287175    0.281772 0.000529372
          89    0.283286    0.281789 0.000523666
          90    0.282143    0.281793  0.00051783
          91    0.268308    0.281645 0.000533119
          92    0.278854    0.281615 0.000528164
          93    0.282199    0.281621 0.000522492
          94    0.285867    0.281666 0.000518874
          95    0.272487     0.28157 0.000522396
          96    0.284646    0.281602 0.000517918
          97     0.28521    0.281639 0.000513899
          98    0.280106    0.281623 0.000508868
          99    0.280729    0.281614 0.000503783
         100    0.279174     0.28159 0.000499316
