           1     2.32393     2.32393           0
           2     2.33272     2.32833  0.00439742
           3      2.3558     2.33748  0.00950492
           4     2.31415     2.33165  0.00890012
           5     2.35979     2.33728  0.00889928
           6     2.37116     2.34293  0.00920294
           7     2.30476     2.33747  0.00949824
           8     2.35956     2.34023   0.0086767
           9     2.30347     2.33615  0.00867431
          10     2.46849     2.34938   0.0153406
          11     2.27429     2.34256   0.0154644
          12     2.43225     2.35003   0.0159736
          13     2.21787     2.33987   0.0178677
          14     2.46279     2.34865   0.0187282
          15     2.27414     2.34368   0.0181287
          16     2.28682     2.34012   0.0173262
          17     2.24469     2.33451   0.0172161
          18     2.31487     2.33342   0.0162681
          19     2.44292     2.33918   0.0164318
          20     2.41461     2.34295   0.0160383
          21     2.38323     2.34487   0.0153756
          22     2.35928     2.34553   0.0146747
          23     2.36677     2.34645   0.0140525
          24     2.28323     2.34382   0.0137097
          25      2.4439     2.34782   0.0137458
          26     2.23451     2.34346    0.013907
          27     2.30179     2.34192   0.0134708
          28     2.43734     2.34533   0.0134207
          29     2.27046     2.34274   0.0132045
          30     2.40617     2.34486   0.0129307
          31     2.26004     2.34212   0.0128025
          32     2.44489     2.34533   0.0128052
          33     2.35564     2.34565   0.0124151
          34     2.29031     2.34402   0.0121539
          35     2.44179     2.34681   0.0121276
          36     2.35982     2.34717   0.0117914
          37     2.36393     2.34763   0.0114772
          38     2.33132      2.3472   0.0111794
          39     2.35547     2.34741    0.010891
          40     2.42336     2.34931   0.0107837
          41     2.38556     2.35019   0.0105545
          42     2.34672     2.35011   0.0103005
          43      2.2954     2.34884   0.0101382
          44     2.30175     2.34777  0.00996279
          45     2.39594     2.34884  0.00979755
          46     2.43904      2.3508  0.00978078
          47     2.33276     2.35042  0.00957811
          48     2.33422     2.35008  0.00938251
          49     2.40904     2.35128  0.00926749
          50      2.3962     2.35218  0.00912459
          51     2.31358     2.35142  0.00897585
          52     2.38414     2.35205  0.00882401
          53     2.20173     2.34922  0.00910876
          54     2.25181     2.34741  0.00911866
          55     2.35525     2.34755  0.00895246
          56     2.26874     2.34615  0.00890308
          57      2.3653     2.34648  0.00875194
          58     2.22995     2.34447  0.00883133
          59     2.30119     2.34374   0.0087113
          60     2.26584     2.34244  0.00866272
          61     2.31627     2.34201  0.00853032
          62     2.28769     2.34114  0.00843723
          63     2.28217      2.3402  0.00835482
          64     2.27314     2.33915  0.00828972
          65     2.30287     2.33859  0.00818026
          66     2.29752     2.33797  0.00807937
          67     2.37721     2.33856  0.00797939
          68     2.27487     2.33762  0.00791676
          69     2.34386     2.33771   0.0078017
          70     2.22057     2.33604  0.00786944
          71     2.33987     2.33609    0.007758
          72     2.35439     2.33635  0.00765371
          73     2.31918     2.33611   0.0075518
          74     2.35884     2.33642  0.00745537
          75     2.35077     2.33661  0.00735779
          76     2.37944     2.33717  0.00728217
          77     2.28433     2.33649  0.00721967
          78     2.31344     2.33619  0.00713263
          79     2.24107     2.33499  0.00714396
          80     2.29534     2.33449  0.00707148
          81     2.35148      2.3347  0.00698678
          82     2.33352     2.33469  0.00690107
          83     2.30807     2.33437  0.00682495
          84     2.34415     2.33448  0.00674422
          85     2.52455     2.33672  0.00702952
          86       2.421      2.3377  0.00701608
          87     2.36316     2.33799  0.00694114
          88      2.4194     2.33892  0.00692389
          89     2.35319     2.33908  0.00684753
          90     2.35602     2.33927  0.00677364
          91     2.36774     2.33958  0.00670609
          92     2.30545     2.33921  0.00664317
          93     2.24713     2.33822  0.00664552
          94     2.31021     2.33792  0.00658119
          95     2.39245     2.33849   0.0065368
          96     2.42762     2.33942  0.00653463
          97      2.3582     2.33962  0.00646981
          98     2.32981     2.33952  0.00640424
          99     2.34876     2.33961   0.0063399
         100     2.32987     2.33951  0.00627694
