           1     63.1307     63.1307           0
           2     69.0849     66.1078      2.9771
           3     71.6333     67.9496     2.51929
           4     70.0455     68.4736     1.85686
           5     75.3686     69.8526     1.99259
           6     68.4568       69.62     1.64349
           7     78.6214     70.9059     1.89286
           8     75.2104      71.444     1.72532
           9     65.3679     70.7688     1.66464
          10      72.771     70.9691      1.5023
          11     68.1726     70.7148     1.38246
          12      82.946     71.7341     1.62221
          13     82.3486     72.5506     1.70099
          14      76.275     72.8166     1.59712
          15     79.6044     73.2691     1.55418
          16     88.9443     74.2488      1.7531
          17     83.8241     74.8121     1.74041
          18     66.3633     74.3427     1.70669
          19     84.3122     74.8674      1.6975
          20     77.4497     74.9965     1.61555
          21     74.4137     74.9688     1.53695
          22     80.5275     75.2215     1.48705
          23     76.0113     75.2558     1.42134
          24     78.6801     75.3985     1.36829
          25     78.0491     75.5045     1.31669
          26      81.392     75.7309     1.28514
          27     71.6483     75.5797     1.24584
          28     80.1647     75.7435     1.21164
          29     87.1472     76.1367     1.23347
          30     72.5324     76.0166     1.19769
          31     67.3759     75.7378     1.19147
          32     86.5257      76.075     1.20188
          33     80.0516     76.1955     1.17111
          34      86.504     76.4987      1.1759
          35     76.7718     76.5065     1.14184
          36     82.1982     76.6646     1.12087
          37     65.2222     76.3553     1.13317
          38     81.6576     76.4948     1.11174
          39      75.602      76.472      1.0831
          40      83.964     76.6593     1.07216
          41     79.1961     76.7211     1.04752
          42     78.0447     76.7526     1.02276
          43      90.332     77.0684     1.04743
          44     83.1528     77.2067     1.03265
          45      75.924     77.1782     1.00984
          46     71.6091     77.0571    0.995037
          47     84.8836     77.2237    0.987773
          48     73.3158     77.1423    0.970397
          49     84.3109     77.2886    0.961581
          50     81.5876     77.3745    0.946068
          51     76.5692     77.3587    0.927467
          52     80.2834      77.415    0.911194
          53     84.2155     77.5433    0.902999
          54      67.198     77.3517    0.906592
          55     84.9156     77.4892    0.900519
          56      78.289     77.5035    0.884408
          57     82.2808     77.5873    0.872786
          58     60.5536     77.2937    0.906499
          59      72.381     77.2104    0.894884
          60     77.4417     77.2142    0.879851
          61     69.9491     77.0951    0.873465
          62     71.5629     77.0059    0.863882
          63     76.3095     76.9949    0.850131
          64     82.6722     77.0836    0.841431
          65     89.0279     77.2673    0.848522
          66      68.354     77.1323     0.84641
          67     84.2519     77.2385    0.840427
          68     77.0641      77.236    0.827979
          69     75.4498     77.2101    0.816302
          70     80.6324      77.259     0.80604
          71     90.3513     77.4434    0.815722
          72     81.4569     77.4991    0.806242
          73     84.0918     77.5894    0.800233
          74     88.3319     77.7346    0.802583
          75     85.9265     77.8438    0.799308
          76     77.7689     77.8428    0.788721
          77     81.6811     77.8927    0.780005
          78     75.6069     77.8634    0.770497
          79     85.4342     77.9592    0.766695
          80     83.8334     78.0326    0.760603
          81     66.9128     77.8954    0.763596
          82     68.5954     77.7819    0.762706
          83     90.9398     77.9405    0.769957
          84     86.6945     78.0447    0.767841
          85       81.14     78.0811    0.759627
          86      83.075     78.1392    0.752985
          87     74.6683     78.0993    0.745348
          88     75.2086     78.0664    0.737561
          89      60.334     77.8672    0.755955
          90     79.7419      77.888    0.747799
          91     68.1041     77.7805     0.74731
          92     76.8955     77.7709    0.739205
          93     85.4373     77.8533    0.735846
          94     72.8264     77.7998    0.729937
          95     88.2934     77.9103    0.730611
          96     79.6587     77.9285     0.72319
          97      81.937     77.9698    0.716887
          98     80.8369     77.9991    0.710137
          99     87.8297     78.0984    0.709907
         100     73.1645     78.0491    0.704502
