           1    0.462375    0.462375           0
           2    0.355058    0.408717   0.0536582
           3    0.412745     0.41006   0.0310087
           4    0.361139    0.397829   0.0251067
           5     0.36291    0.390845   0.0206636
           6    0.384576      0.3898   0.0169041
           7    0.311692    0.378642   0.0181277
           8    0.360223     0.37634    0.015867
           9    0.393472    0.378243   0.0141222
          10    0.371767    0.377596   0.0126479
          11    0.400898    0.379714   0.0116349
          12    0.283084    0.371662   0.0133286
          13    0.312616     0.36712   0.0130748
          14     0.41205    0.370329   0.0125231
          15    0.339162    0.368251   0.0118421
          16    0.225019    0.359299   0.0142424
          17    0.272434    0.354189    0.014321
          18    0.386871    0.356005   0.0136235
          19     0.25907    0.350903   0.0138597
          20    0.335447     0.35013   0.0131711
          21    0.377701    0.351443   0.0125969
          22    0.305285    0.349345   0.0121925
          23    0.358068    0.349724   0.0116565
          24    0.319373     0.34846   0.0112317
          25    0.317505    0.347222    0.010844
          26    0.359902    0.347709     0.01043
          27    0.357222    0.348062   0.0100424
          28    0.298998    0.346309  0.00983449
          29    0.306579    0.344939  0.00958769
          30     0.34022    0.344782  0.00926393
          31    0.379541    0.345903  0.00902999
          32    0.259067     0.34319  0.00915468
          33    0.325433    0.342652  0.00888923
          34    0.259452    0.340205  0.00896428
          35    0.434616    0.342902  0.00911278
          36    0.301063     0.34174  0.00893196
          37    0.415163    0.343724  0.00891097
          38    0.285517    0.342192  0.00880753
          39    0.332495    0.341944  0.00858232
          40    0.276156    0.340299  0.00852517
          41     0.32421    0.339907  0.00832389
          42    0.324735    0.339545  0.00813131
          43    0.212645    0.336594  0.00847068
          44    0.322752     0.33628   0.0082819
          45    0.346076    0.336497  0.00809869
          46    0.336626      0.3365  0.00792068
          47    0.281617    0.335332   0.0078378
          48    0.398915    0.336657  0.00778628
          49    0.269415    0.335285  0.00774821
          50    0.315442    0.334888  0.00760203
          51    0.322293    0.334641  0.00745557
          52    0.309555    0.334159  0.00732669
          53    0.332953    0.334136  0.00718716
          54    0.413868    0.335612   0.0072057
          55    0.288261    0.334751  0.00712568
          56    0.330168     0.33467  0.00699776
          57    0.329148    0.334573  0.00687458
          58     0.41525    0.335964  0.00689674
          59     0.38186    0.336742  0.00682332
          60    0.313947    0.336362  0.00671939
          61    0.406445    0.337511  0.00670744
          62    0.383027    0.338245  0.00663909
          63    0.313156    0.337847  0.00654498
          64     0.30335    0.337307  0.00646442
          65    0.242649    0.335851  0.00652868
          66    0.387622    0.336636  0.00647667
          67    0.278832    0.335773  0.00643735
          68    0.331557    0.335711  0.00634228
          69    0.313052    0.335382  0.00625831
          70    0.296977    0.334834  0.00619261
          71    0.233974    0.333413  0.00626787
          72    0.313802    0.333141   0.0061862
          73    0.318776    0.332944  0.00610404
          74    0.250866    0.331835   0.0061223
          75    0.265175    0.330946  0.00610516
          76    0.338565    0.331046  0.00602513
          77    0.320486    0.330909  0.00594795
          78    0.389019    0.331654  0.00591827
          79    0.286905    0.331088  0.00587027
          80    0.280109    0.330451  0.00583135
          81    0.392115    0.331212  0.00580901
          82     0.38885    0.331915  0.00578063
          83    0.229412     0.33068  0.00584257
          84     0.23993    0.329599  0.00587282
          85    0.327448    0.329574  0.00580337
          86    0.286449    0.329073  0.00575738
          87    0.338902    0.329186  0.00569193
          88    0.364359    0.329585  0.00564106
          89    0.437578    0.330799  0.00570779
          90     0.35114    0.331025  0.00564853
          91    0.374468    0.331502  0.00560648
          92    0.381931     0.33205  0.00557223
          93    0.264366    0.331322  0.00555983
          94    0.367101    0.331703  0.00551352
          95    0.228121    0.330613  0.00556307
          96     0.34032    0.330714  0.00550574
          97    0.355941    0.330974  0.00545489
          98    0.311332    0.330774  0.00540266
          99    0.270336    0.330163  0.00538254
         100    0.405538    0.330917  0.00538149
