           1   -0.957264   -0.957264           0
           2   -0.964672   -0.960968    0.003704
           3   -0.965392   -0.962443  0.00259766
           4   -0.964568   -0.962974  0.00191213
           5   -0.969424   -0.964264  0.00196414
           6    -0.96404   -0.964227  0.00160415
           7    -0.97524     -0.9658  0.00207688
           8   -0.969592   -0.966274  0.00186004
           9   -0.960016   -0.965579  0.00178169
          10   -0.966768   -0.965698  0.00159802
          11   -0.962992   -0.965452  0.00146624
          12    -0.97924   -0.966601  0.00176404
          13   -0.978688    -0.96753  0.00187019
          14   -0.968648    -0.96761   0.0017333
          15   -0.972504   -0.967937  0.00164626
          16    -0.98416   -0.968951  0.00184378
          17   -0.980264   -0.969616  0.00185539
          18   -0.961888   -0.969187   0.0018012
          19   -0.981136   -0.969816  0.00181613
          20    -0.97308   -0.969979  0.00173065
          21    -0.96888   -0.969926  0.00164701
          22   -0.973552   -0.970091  0.00157898
          23   -0.969072   -0.970047  0.00150942
          24   -0.973408   -0.970187  0.00145193
          25   -0.972432   -0.970277  0.00139553
          26   -0.974272    -0.97043  0.00134956
          27   -0.967968   -0.970339  0.00130182
          28   -0.975096   -0.970509  0.00126591
          29   -0.981088   -0.970874  0.00127479
          30   -0.969864    -0.97084  0.00123202
          31   -0.964296   -0.970629  0.00121017
          32   -0.981704   -0.970975  0.00122179
          33   -0.973328   -0.971047  0.00118633
          34   -0.981272   -0.971347  0.00118955
          35     -0.9702   -0.971315  0.00115553
          36   -0.976856   -0.971468  0.00113347
          37   -0.961704   -0.971205  0.00113356
          38   -0.977072   -0.971359  0.00111408
          39   -0.971768   -0.971369  0.00108519
          40   -0.979864   -0.971582  0.00107882
          41   -0.973928   -0.971639  0.00105373
          42   -0.972624   -0.971662  0.00102861
          43   -0.985808   -0.971991   0.0010569
          44    -0.97804   -0.972129  0.00104171
          45   -0.971208   -0.972108   0.0010185
          46   -0.968984   -0.972041 0.000998429
          47   -0.979064    -0.97219 0.000988318
          48   -0.968216   -0.972107 0.000971045
          49   -0.980352   -0.972275 0.000965791
          50   -0.975912   -0.972348 0.000949069
          51   -0.972752   -0.972356 0.000930308
          52   -0.975952   -0.972425 0.000914859
          53   -0.977432    -0.97252  0.00090239
          54   -0.962064   -0.972326 0.000906443
          55   -0.979032   -0.972448 0.000898124
          56   -0.972408   -0.972447  0.00088194
          57   -0.977168    -0.97253 0.000870279
          58   -0.957488   -0.972271 0.000893605
          59   -0.965584   -0.972157 0.000885611
          60   -0.973128   -0.972174 0.000870876
          61   -0.963264   -0.972028 0.000868845
          62   -0.967984   -0.971962 0.000857201
          63   -0.972328   -0.971968 0.000843505
          64   -0.978384   -0.972068 0.000836251
          65   -0.983328   -0.972242 0.000841311
          66    -0.96436   -0.972122 0.000837029
          67    -0.97972   -0.972236 0.000832204
          68   -0.972072   -0.972233 0.000819877
          69   -0.971208   -0.972218 0.000808044
          70   -0.976968   -0.972286 0.000799302
          71   -0.984424   -0.972457 0.000806296
          72    -0.97652   -0.972514 0.000797019
          73   -0.977592   -0.972583 0.000789097
          74   -0.982544   -0.972718 0.000789914
          75    -0.98308   -0.972856 0.000791464
          76   -0.972824   -0.972855  0.00078098
          77    -0.97636   -0.972901 0.000772114
          78   -0.969008   -0.972851 0.000763783
          79   -0.980184   -0.972944 0.000759744
          80   -0.979688   -0.973028 0.000754909
          81   -0.962056   -0.972893 0.000757737
          82   -0.963928   -0.972783 0.000756382
          83    -0.98532   -0.972934 0.000762327
          84   -0.982536   -0.973049 0.000761821
          85   -0.975048   -0.973072 0.000753172
          86   -0.978104   -0.973131 0.000746659
          87   -0.969272   -0.973086 0.000739358
          88   -0.970536   -0.973057 0.000731482
          89   -0.954376   -0.972848 0.000753062
          90   -0.974416   -0.972865 0.000744851
          91   -0.964416   -0.972772 0.000742449
          92   -0.971032   -0.972753 0.000734578
          93   -0.981024   -0.972842 0.000732059
          94   -0.969192   -0.972803 0.000725269
          95   -0.983376   -0.972915 0.000726173
          96   -0.974472   -0.972931 0.000718752
          97   -0.975904   -0.972961 0.000711964
          98   -0.973896   -0.972971 0.000704726
          99   -0.981496   -0.973057 0.000702866
         100   -0.966584   -0.972992 0.000698806
