           1    -1.00867    -1.00867           0
           2    -1.01028    -1.00947   0.0008004
           3    -1.00844    -1.00913 0.000576172
           4    -1.01428    -1.01042  0.00134931
           5    -1.02045    -1.01242  0.00226312
           6    -1.01582    -1.01299  0.00193256
           7    -1.01907    -1.01386   0.0018498
           8    -1.00787    -1.01311  0.00176818
           9    -1.01664     -1.0135  0.00160784
          10    -1.01436    -1.01359  0.00144067
          11    -1.01569    -1.01378  0.00131705
          12    -1.01142    -1.01358  0.00121822
          13    -1.01594    -1.01376  0.00113522
          14    -1.01408    -1.01379  0.00105126
          15    -1.01302    -1.01374 0.000980005
          16    -1.01135    -1.01359 0.000928794
          17    -1.01608    -1.01373 0.000884703
          18    -1.01681     -1.0139 0.000851401
          19    -1.01645    -1.01404 0.000816435
          20    -1.01312    -1.01399 0.000775897
          21    -1.01709    -1.01414 0.000752621
          22    -1.00798    -1.01386 0.000770228
          23    -1.01379    -1.01386 0.000735985
          24    -1.00912    -1.01366 0.000731805
          25    -1.01033    -1.01353 0.000714457
          26    -1.00554    -1.01322 0.000751976
          27    -1.01877    -1.01342 0.000752268
          28    -1.02297    -1.01377 0.000801131
          29    -1.00739    -1.01355 0.000803634
          30    -1.00804    -1.01336 0.000797751
          31    -1.01019    -1.01326 0.000778333
          32    -1.01296    -1.01325 0.000753678
          33    -1.01391    -1.01327 0.000730757
          34    -1.00987    -1.01317 0.000715971
          35    -1.01512    -1.01323 0.000697436
          36    -1.01377    -1.01324 0.000677952
          37    -1.01392    -1.01326  0.00065963
          38    -1.01414    -1.01328  0.00064245
          39    -1.01193    -1.01325 0.000626714
          40    -1.01141     -1.0132 0.000612575
          41    -1.01586    -1.01327  0.00060095
          42    -1.01101    -1.01321 0.000588916
          43    -1.02105     -1.0134  0.00060326
          44      -1.004    -1.01318 0.000626917
          45    -1.01498    -1.01322 0.000614135
          46    -1.01784    -1.01332 0.000608983
          47    -1.01359    -1.01333 0.000595912
          48    -1.01375    -1.01334 0.000583431
          49    -1.01876    -1.01345  0.00058202
          50    -1.00964    -1.01337 0.000575325
          51    -1.00662    -1.01324 0.000579265
          52    -1.01285    -1.01323 0.000568066
          53    -1.01687     -1.0133 0.000561453
          54    -1.01894     -1.0134 0.000560777
          55    -1.01346    -1.01341 0.000550488
          56    -1.01531    -1.01344 0.000541636
          57     -1.0054     -1.0133 0.000550438
          58    -1.02315    -1.01347 0.000566922
          59    -1.01147    -1.01343 0.000558256
          60    -1.00995    -1.01338  0.00055193
          61    -1.00964    -1.01332 0.000546244
          62    -1.00694    -1.01321 0.000547114
          63    -1.01007    -1.01316 0.000540666
          64    -1.00667    -1.01306 0.000541722
          65    -1.01951    -1.01316 0.000542459
          66    -1.01351    -1.01317 0.000534204
          67    -1.01465    -1.01319 0.000526637
          68    -1.01772    -1.01325 0.000523099
          69    -1.01098    -1.01322 0.000516517
          70    -1.01484    -1.01324 0.000509607
          71    -1.01903    -1.01333 0.000508937
          72    -1.01618    -1.01337 0.000503379
          73     -1.0138    -1.01337 0.000496472
          74    -1.01613    -1.01341 0.000491133
          75    -1.00474    -1.01329 0.000498123
          76    -1.00961    -1.01324 0.000493912
          77    -1.01213    -1.01323 0.000487669
          78    -1.01073     -1.0132 0.000482443
          79     -1.0207    -1.01329 0.000485663
          80    -1.01999    -1.01338 0.000486802
          81    -1.01612    -1.01341 0.000481945
          82    -1.01651    -1.01345 0.000477529
          83    -1.01476    -1.01346 0.000472005
          84    -1.00302    -1.01334 0.000482636
          85    -1.00543    -1.01325 0.000485911
          86    -1.01785     -1.0133 0.000483204
          87    -1.00792    -1.01324 0.000481606
          88    -1.01227    -1.01323 0.000476228
          89    -1.01779    -1.01328 0.000473627
          90     -1.0174    -1.01332 0.000470572
          91    -1.00922    -1.01328 0.000467549
          92    -1.01261    -1.01327 0.000462496
          93    -1.01451    -1.01329 0.000457688
          94    -1.00915    -1.01324  0.00045493
          95    -1.01301    -1.01324 0.000450122
          96    -1.01164    -1.01322 0.000445719
          97    -1.01953    -1.01329 0.000445864
          98    -1.01269    -1.01328 0.000441333
          99    -1.00974    -1.01325 0.000438311
         100    -1.01516    -1.01327  0.00043433
