           1    0.652477    0.652477           0
           2    0.696673    0.674575    0.022098
           3    0.697237    0.682129   0.0148269
           4    0.661751    0.677034   0.0116564
           5    0.695406    0.680709  0.00974801
           6    0.678546    0.680348  0.00796738
           7    0.650563    0.676093  0.00796539
           8    0.699295    0.678993  0.00748312
           9    0.671595    0.678171   0.0066505
          10    0.700854    0.680439  0.00636618
          11    0.638796    0.676654  0.00689139
          12    0.695829    0.678252  0.00649073
          13     0.67961    0.678356  0.00597152
          14    0.653733    0.676597  0.00580158
          15    0.681314    0.676912  0.00541012
          16    0.669567    0.676453  0.00508148
          17    0.667075    0.675901  0.00480499
          18    0.650911    0.674513  0.00473815
          19     0.69067    0.675363   0.0045618
          20    0.683033    0.675747  0.00434466
          21    0.654053    0.674714  0.00425975
          22    0.690064    0.675411  0.00412101
          23    0.675333    0.675408  0.00393776
          24    0.705793    0.676674  0.00397702
          25    0.667756    0.676317  0.00383126
          26    0.664127    0.675848   0.0037107
          27     0.66075    0.675289  0.00361415
          28    0.676489    0.675332  0.00348294
          29    0.683139    0.675601  0.00337146
          30    0.696626    0.676302  0.00333168
          31    0.704853    0.677223  0.00335145
          32    0.657455    0.676605  0.00330331
          33    0.641769     0.67555  0.00337119
          34     0.70905    0.676535  0.00341573
          35    0.690554    0.676936   0.0033408
          36    0.683334    0.677113  0.00325153
          37    0.678671    0.677155  0.00316271
          38    0.639862    0.676174  0.00323102
          39    0.693331    0.676614  0.00317768
          40     0.67402    0.676549   0.0030979
          41    0.673845    0.676483  0.00302211
          42    0.716266     0.67743  0.00309765
          43    0.680391    0.677499  0.00302554
          44    0.710974     0.67826  0.00305231
          45    0.671042      0.6781  0.00298802
          46    0.663752    0.677788  0.00293894
          47    0.714764    0.678574   0.0029814
          48    0.670778    0.678412  0.00292315
          49    0.664879    0.678136  0.00287616
          50    0.673782    0.678049  0.00281939
          51    0.693178    0.678345  0.00277943
          52    0.649615    0.677793   0.0027809
          53    0.692229    0.678065  0.00274149
          54     0.66508    0.677825  0.00270097
          55    0.687041    0.677992  0.00265669
          56    0.707575    0.678521  0.00266177
          57    0.665461    0.678291  0.00262467
          58    0.650509    0.677812  0.00262313
          59    0.667731    0.677642  0.00258394
          60    0.682532    0.677723  0.00254182
          61    0.674424    0.677669  0.00250039
          62    0.725844    0.678446  0.00257953
          63    0.702961    0.678835  0.00256791
          64    0.734625    0.679707  0.00267358
          65    0.689358    0.679855  0.00263631
          66    0.671177    0.679724  0.00259938
          67    0.722401    0.680361  0.00263834
          68    0.674067    0.680268   0.0026009
          69    0.675486    0.680199  0.00256386
          70    0.687775    0.680307  0.00252929
          71    0.671526    0.680184  0.00249648
          72    0.690185    0.680322  0.00246547
          73    0.664421    0.680105   0.0024412
          74    0.644639    0.679625  0.00245522
          75      0.6876    0.679732  0.00242459
          76    0.702174    0.680027  0.00241063
          77    0.661425    0.679785  0.00239135
          78    0.719396    0.680293   0.0024145
          79    0.666899    0.680124  0.00238977
          80    0.670667    0.680005  0.00236267
          81    0.667862    0.679856  0.00233813
          82    0.661894    0.679636   0.0023198
          83    0.670221    0.679523  0.00229449
          84     0.72707    0.680089   0.0023366
          85    0.702156    0.680349   0.0023235
          86    0.670113     0.68023   0.0022994
          87    0.724888    0.680743  0.00233007
          88    0.676003    0.680689  0.00230407
          89    0.641861    0.680253  0.00231943
          90    0.690086    0.680362  0.00229612
          91     0.67252    0.680276  0.00227238
          92    0.661417    0.680071  0.00225687
          93    0.673798    0.680003  0.00223349
          94    0.681246    0.680017  0.00220964
          95    0.661695    0.679824  0.00219475
          96    0.683363    0.679861  0.00217208
          97    0.664684    0.679704  0.00215526
          98    0.680416    0.679711  0.00213316
          99    0.655161    0.679464  0.00212602
         100    0.673759    0.679406  0.00210542
