           1    0.781852    0.781852           0
           2    0.779736    0.780794    0.001058
           3    0.786492    0.782693  0.00199514
           4     0.79222    0.785075  0.00276815
           5    0.808348     0.78973  0.00512473
           6     0.79018    0.789805    0.004185
           7    0.802664    0.791642  0.00398559
           8    0.781316    0.790351  0.00368505
           9     0.79462    0.790825  0.00328434
          10    0.793652    0.791108  0.00295118
          11     0.79468    0.791433  0.00268912
          12    0.786472    0.791019  0.00248938
          13    0.792636    0.791144  0.00229327
          14    0.789536    0.791029  0.00212626
          15    0.789896    0.790953  0.00198088
          16    0.781852    0.790385  0.00193829
          17    0.791684    0.790461  0.00182231
          18    0.795952    0.790766  0.00174496
          19     0.79282    0.790874  0.00165411
          20      0.7892     0.79079  0.00157146
          21    0.796128    0.791045  0.00151621
          22    0.779436    0.790517  0.00153894
          23     0.79214    0.790587   0.0014722
          24    0.784024    0.790314  0.00143581
          25     0.78328    0.790033  0.00140562
          26    0.779152    0.789614  0.00141383
          27    0.801588    0.790058  0.00143092
          28    0.804952     0.79059  0.00147792
          29    0.776928    0.790118  0.00150184
          30      0.7785    0.789731  0.00150171
          31    0.786364    0.789623  0.00145652
          32      0.7883    0.789581  0.00141088
          33      0.7922    0.789661  0.00136975
          34    0.788216    0.789618  0.00132954
          35    0.792708    0.789706  0.00129401
          36    0.790592    0.789731  0.00125779
          37     0.79208    0.789794  0.00122497
          38    0.789516    0.789787  0.00119232
          39    0.786752    0.789709  0.00116395
          40     0.78856    0.789681  0.00113484
          41    0.794452    0.789797  0.00111292
          42    0.788308    0.789762  0.00108667
          43     0.80158    0.790036  0.00109612
          44    0.775016    0.789695  0.00112401
          45    0.792004    0.789746  0.00109995
          46     0.79906    0.789949  0.00109466
          47    0.794956    0.790055   0.0010764
          48    0.793868    0.790135  0.00105672
          49     0.79972     0.79033  0.00105326
          50    0.784556    0.790215  0.00103842
          51    0.778336    0.789982  0.00104417
          52    0.790636    0.789995  0.00102397
          53     0.79458    0.790081  0.00100818
          54    0.799072    0.790248  0.00100325
          55    0.792392    0.790287 0.000985607
          56    0.797704    0.790419 0.000976868
          57    0.777508    0.790192 0.000985949
          58    0.802844    0.790411 0.000993053
          59    0.788924    0.790385 0.000976402
          60    0.788328    0.790351 0.000960603
          61    0.785544    0.790272 0.000948005
          62    0.779736    0.790102 0.000947947
          63    0.784148    0.790008 0.000937555
          64    0.781372    0.789873 0.000932602
          65    0.798928    0.790012 0.000928651
          66     0.79068    0.790022 0.000914528
          67    0.790776    0.790034 0.000900845
          68    0.799764    0.790177 0.000898961
          69    0.782572    0.790066 0.000892666
          70      0.7961    0.790153 0.000884033
          71    0.801136    0.790307 0.000885116
          72    0.795332    0.790377 0.000875522
          73    0.789884     0.79037 0.000863472
          74    0.790848    0.790377 0.000851748
          75     0.77368    0.790154 0.000869304
          76     0.78236    0.790052 0.000863899
          77    0.786028    0.789999 0.000854205
          78    0.788564    0.789981 0.000843384
          79    0.805684     0.79018 0.000856037
          80    0.801944    0.790327 0.000857965
          81     0.79476    0.790382 0.000849072
          82    0.798028    0.790475 0.000843822
          83     0.79428    0.790521 0.000834853
          84    0.773192    0.790314  0.00085026
          85    0.776968    0.790157 0.000854743
          86    0.797064    0.790238 0.000848555
          87     0.78144    0.790137 0.000844818
          88    0.789764    0.790132 0.000835174
          89    0.798144    0.790222 0.000830629
          90    0.796096    0.790288 0.000823936
          91     0.78096    0.790185 0.000821254
          92    0.788224    0.790164 0.000812557
          93    0.794452     0.79021 0.000805094
          94    0.783568    0.790139 0.000799611
          95    0.791628    0.790155 0.000791305
          96    0.788052    0.790133 0.000783325
          97     0.79976    0.790232 0.000781535
          98     0.78932    0.790223 0.000773575
          99    0.785044    0.790171 0.000767506
         100    0.794824    0.790217 0.000761216
