           1      1.4667      1.4667           0
           2     1.67136     1.56903    0.102328
           3     1.53154     1.55653   0.0603861
           4     1.46975     1.53484   0.0478951
           5     1.38698     1.50527   0.0474426
           6     1.53664      1.5105   0.0390881
           7     1.34159     1.48637   0.0409093
           8     1.59961     1.50052   0.0381519
           9      1.5186     1.50253   0.0337067
          10     1.43146     1.49542   0.0309746
          11     1.43323     1.48977   0.0285824
          12     1.57724     1.49706    0.027091
          13     1.55616      1.5016   0.0253314
          14      1.4979     1.50134   0.0234538
          15     1.50572     1.50163   0.0218363
          16     1.51043     1.50218   0.0204334
          17     1.49543     1.50178   0.0191979
          18     1.41412     1.49691   0.0187437
          19     1.54196     1.49929   0.0178876
          20     1.46308     1.49748    0.017066
          21     1.37065     1.49144     0.01732
          22     1.63642     1.49803   0.0177803
          23     1.52635     1.49926   0.0170342
          24      1.6118     1.50395   0.0169698
          25      1.5519     1.50587   0.0163895
          26     1.46643     1.50435   0.0158194
          27     1.30852      1.4971   0.0168618
          28     1.44286     1.49516   0.0163635
          29     1.57334     1.49785   0.0160177
          30     1.61201     1.50166   0.0159355
          31     1.52846     1.50252   0.0154371
          32     1.45485     1.50103    0.015021
          33      1.3781     1.49731   0.0150277
          34     1.63933     1.50149   0.0151656
          35     1.50791     1.50167   0.0147271
          36     1.55778     1.50323   0.0143968
          37     1.43998     1.50152   0.0141062
          38     1.42077     1.49939   0.0138935
          39     1.55519     1.50082    0.013608
          40      1.4722     1.50011   0.0132827
          41        1.48     1.49962   0.0129639
          42     1.58262     1.50159   0.0128049
          43     1.45808     1.50058   0.0125445
          44     1.70408     1.50521   0.0130997
          45     1.48612     1.50478   0.0128123
          46     1.35375      1.5015   0.0129537
          47      1.4908     1.50127   0.0126771
          48      1.4155     1.49949   0.0125382
          49     1.37238     1.49689   0.0125506
          50     1.53521     1.49766   0.0123209
          51     1.56211     1.49892   0.0121428
          52     1.42253     1.49745   0.0119973
          53     1.52472     1.49797     0.01178
          54     1.47389     1.49752   0.0115684
          55      1.4527     1.49671   0.0113853
          56     1.48603     1.49652   0.0111818
          57     1.47957     1.49622   0.0109879
          58     1.47211      1.4958   0.0108048
          59     1.42781     1.49465   0.0106824
          60     1.40727     1.49319   0.0106034
          61     1.49691     1.49326   0.0104283
          62     1.72339     1.49697   0.0109096
          63     1.50213     1.49705   0.0107353
          64     1.68658     1.50001   0.0109734
          65     1.49207     1.49989    0.010804
          66     1.47885     1.49957   0.0106438
          67     1.58603     1.50086   0.0105629
          68     1.42824     1.49979    0.010461
          69     1.59417     1.50116   0.0103986
          70     1.47852     1.50084   0.0102541
          71     1.39776     1.49938   0.0102124
          72     1.50693     1.49949   0.0100701
          73     1.54971     1.50018  0.00995498
          74     1.46263     1.49967  0.00983263
          75     1.63293     1.50145  0.00986202
          76     1.57034     1.50235  0.00977353
          77     1.47566     1.50201  0.00965199
          78     1.49342      1.5019  0.00952808
          79     1.37846     1.50033  0.00953558
          80     1.38379     1.49888  0.00952766
          81     1.51851     1.49912  0.00941242
          82     1.39091      1.4978  0.00939012
          83     1.42549     1.49693  0.00931712
          84     1.67298     1.49902  0.00944109
          85     1.62868     1.50055  0.00945324
          86     1.47258     1.50022  0.00934833
          87     1.66808     1.50215  0.00943952
          88      1.4836     1.50194  0.00933402
          89     1.34699      1.5002  0.00939135
          90     1.46445     1.49981  0.00929491
          91     1.50787     1.49989  0.00919262
          92      1.4511     1.49936  0.00910761
          93     1.41861      1.4985  0.00905089
          94     1.51565     1.49868  0.00895595
          95     1.43521     1.49801  0.00888632
          96     1.48865     1.49791  0.00879381
          97     1.43549     1.49727  0.00872645
          98     1.47631     1.49705  0.00863959
          99      1.4532     1.49661  0.00856334
         100     1.44744     1.49612  0.00849152
