           1    -0.54209    -0.54209           0
           2   -0.541681   -0.541885   0.0002044
           3   -0.535462   -0.539744  0.00214445
           4   -0.545046    -0.54107  0.00201409
           5   -0.544249   -0.541705   0.0016847
           6   -0.538998   -0.541254   0.0014477
           7   -0.538183   -0.540815   0.0012998
           8   -0.544591   -0.541287   0.0012206
           9   -0.545228   -0.541725  0.00116211
          10   -0.541527   -0.541705  0.00103961
          11    -0.54049   -0.541595 0.000946827
          12   -0.538521   -0.541339 0.000901497
          13   -0.539408    -0.54119 0.000842452
          14   -0.539133   -0.541043 0.000793684
          15   -0.544554   -0.541277 0.000775053
          16   -0.539548   -0.541169 0.000733008
          17   -0.540862   -0.541151 0.000688779
          18   -0.540722   -0.541127 0.000649824
          19   -0.540858   -0.541113 0.000614835
          20   -0.537438   -0.540929 0.000611551
          21   -0.534567   -0.540626 0.000655867
          22   -0.538586   -0.540534 0.000632183
          23   -0.542679   -0.540627 0.000611231
          24    -0.53906   -0.540562 0.000588841
          25   -0.541297   -0.540591 0.000565561
          26   -0.543629   -0.540708 0.000555792
          27   -0.542169   -0.540762 0.000537541
          28   -0.539482   -0.540716     0.00052
          29   -0.537218   -0.540596  0.00051605
          30   -0.539154   -0.540548 0.000500863
          31   -0.541587   -0.540581 0.000485596
          32   -0.539486   -0.540547  0.00047142
          33   -0.538654    -0.54049 0.000460499
          34   -0.538329   -0.540426 0.000451247
          35   -0.545942   -0.540584  0.00046565
          36   -0.538782   -0.540534 0.000455288
          37   -0.537775   -0.540459 0.000449044
          38   -0.540789   -0.540468 0.000437153
          39   -0.543498   -0.540545 0.000432826
          40    -0.53437   -0.540391 0.000449232
          41   -0.537836   -0.540329 0.000442548
          42   -0.539166   -0.540301 0.000432768
          43   -0.536699   -0.540217 0.000430806
          44   -0.532937   -0.540052 0.000452257
          45   -0.544782   -0.540157 0.000454415
          46   -0.540061   -0.540155 0.000444432
          47   -0.541734   -0.540188 0.000436169
          48   -0.537663   -0.540136 0.000430215
          49   -0.540066   -0.540134 0.000421346
          50   -0.537822   -0.540088 0.000415416
          51   -0.538173   -0.540051 0.000408917
          52   -0.540207   -0.540054 0.000400988
          53     -0.5402   -0.540056 0.000393359
          54   -0.540822   -0.540071 0.000386266
          55    -0.54133   -0.540093 0.000379868
          56   -0.540217   -0.540096  0.00037303
          57   -0.540914    -0.54011 0.000366708
          58   -0.541456   -0.540133 0.000361077
          59   -0.538619   -0.540108 0.000355831
          60   -0.541237   -0.540126 0.000350356
          61   -0.539942   -0.540123 0.000344578
          62   -0.538993   -0.540105 0.000339465
          63   -0.538009   -0.540072 0.000335686
          64   -0.542498    -0.54011 0.000332568
          65   -0.538206    -0.54008 0.000328718
          66   -0.539353   -0.540069 0.000323887
          67    -0.53398   -0.539979  0.00033171
          68   -0.542294   -0.540013 0.000328564
          69   -0.541626   -0.540036 0.000324611
          70   -0.541675   -0.540059 0.000320796
          71   -0.541656   -0.540082 0.000317044
          72   -0.542526   -0.540116 0.000314448
          73   -0.537151   -0.540075 0.000312759
          74   -0.540188   -0.540077 0.000308507
          75   -0.540481   -0.540082 0.000304413
          76   -0.541279   -0.540098 0.000300794
          77   -0.541216   -0.540112 0.000297217
          78    -0.54159   -0.540131 0.000293993
          79   -0.542898   -0.540166 0.000292353
          80   -0.541759   -0.540186 0.000289362
          81   -0.540422   -0.540189 0.000285782
          82   -0.544917   -0.540247 0.000288103
          83    -0.53935   -0.540236 0.000284816
          84   -0.537476   -0.540203 0.000283316
          85   -0.540182   -0.540203 0.000279963
          86   -0.540483   -0.540206 0.000276708
          87   -0.541862   -0.540225 0.000274171
          88   -0.537374   -0.540193 0.000272966
          89   -0.545225   -0.540249 0.000275741
          90   -0.542072    -0.54027 0.000273411
          91   -0.543821   -0.540309 0.000273191
          92   -0.539455   -0.540299 0.000270364
          93   -0.540034   -0.540297 0.000267457
          94   -0.543158   -0.540327 0.000266342
          95   -0.544817   -0.540374 0.000267728
          96   -0.542311   -0.540394 0.000265692
          97   -0.543061   -0.540422 0.000264371
          98    -0.54009   -0.540418 0.000261682
          99   -0.539008   -0.540404 0.000259416
         100   -0.538585   -0.540386 0.000257453
