           1    0.286841    0.286841           0
           2    0.287629    0.287235 0.000393553
           3    0.280628    0.285033  0.00221386
           4    0.284434    0.284883  0.00157257
           5     0.28574    0.285055   0.0012301
           6    0.275107    0.283397  0.00193841
           7    0.283266    0.283378  0.00163836
           8    0.283515    0.283395  0.00141896
           9    0.279977    0.283015  0.00130777
          10    0.281104    0.282824  0.00118521
          11    0.284264    0.282955  0.00108003
          12    0.283071    0.282965 0.000985974
          13     0.28438    0.283074 0.000913474
          14     0.27658     0.28261 0.000964554
          15      0.2807    0.282483  0.00090693
          16    0.283416    0.282541 0.000850357
          17    0.293166    0.283166  0.00101424
          18     0.28248    0.283128 0.000956998
          19    0.278055    0.282861 0.000943774
          20    0.278024    0.282619 0.000927423
          21    0.286645    0.282811 0.000902752
          22    0.278543    0.282617 0.000882332
          23    0.285526    0.282743 0.000852536
          24    0.273772    0.282369 0.000897753
          25    0.274515    0.282055 0.000916618
          26    0.278903    0.281934 0.000888965
          27     0.28648    0.282102  0.00087182
          28    0.284507    0.282188 0.000844483
          29    0.276783    0.282002 0.000835891
          30    0.290268    0.282277 0.000853256
          31    0.285778     0.28239 0.000832961
          32    0.277433    0.282235 0.000821257
          33    0.285057    0.282321  0.00080056
          34    0.286383     0.28244 0.000785793
          35    0.284895     0.28251 0.000766227
          36    0.282732    0.282517 0.000744664
          37    0.272129    0.282236 0.000776773
          38    0.285978    0.282334  0.00076244
          39    0.281323    0.282308 0.000743086
          40    0.280977    0.282275 0.000725035
          41     0.27802    0.282171 0.000714707
          42      0.2777    0.282065 0.000705559
          43    0.280577     0.28203 0.000689824
          44     0.27615    0.281897 0.000687087
          45    0.288483    0.282043  0.00068741
          46    0.282478    0.282052 0.000672367
          47    0.271572    0.281829 0.000694665
          48    0.273894    0.281664 0.000699845
          49    0.289953    0.281833 0.000705981
          50    0.280523    0.281807 0.000692214
          51    0.281653    0.281804 0.000678512
          52    0.273664    0.281648 0.000683505
          53    0.280742     0.28163 0.000670702
          54    0.278305    0.281569  0.00066104
          55    0.282022    0.281577 0.000648962
          56    0.290239    0.281732 0.000655772
          57    0.279641    0.281695 0.000645207
          58    0.290565    0.281848  0.00065217
          59     0.28399    0.281884 0.000642048
          60    0.296338    0.282125  0.00067566
          61     0.28221    0.282127 0.000664493
          62    0.277992     0.28206  0.00065708
          63    0.282675     0.28207  0.00064664
          64    0.279308    0.282027 0.000637917
          65    0.274969    0.281918 0.000637344
          66     0.27629    0.281833 0.000633379
          67    0.279841    0.281803 0.000624562
          68    0.276828     0.28173 0.000619643
          69    0.279014     0.28169 0.000611864
          70    0.277583    0.281632 0.000605908
          71     0.27759    0.281575 0.000600019
          72    0.287668    0.281659 0.000597648
          73    0.284529    0.281699 0.000590714
          74    0.289475    0.281804 0.000592077
          75    0.283531    0.281827 0.000584583
          76     0.27328    0.281714   0.0005877
          77    0.289115     0.28181 0.000587927
          78    0.284617    0.281846 0.000581455
          79     0.27745    0.281791 0.000576738
          80    0.297905    0.281992 0.000604059
          81    0.271667    0.281865 0.000610022
          82      0.2899    0.281963 0.000610453
          83    0.280681    0.281947 0.000603251
          84    0.286943    0.282007 0.000598985
          85    0.277115    0.281949 0.000594688
          86    0.279653    0.281923 0.000588338
          87    0.279317    0.281893 0.000582307
          88    0.279101    0.281861 0.000576525
          89    0.286815    0.281917 0.000572722
          90    0.280851    0.281905 0.000566446
          91    0.282367     0.28191  0.00056021
          92    0.287156    0.281967 0.000557014
          93    0.281861    0.281966 0.000550993
          94    0.287516    0.282025 0.000548289
          95    0.289223      0.2821 0.000547752
          96    0.281651    0.282096 0.000542037
          97    0.280491    0.282079 0.000536675
          98    0.274762    0.282005 0.000536392
          99    0.284046    0.282025 0.000531346
         100     0.28857    0.282091 0.000530061
