           1     1.19539     1.19539           0
           2      1.2794     1.23739   0.0420053
           3     1.23672     1.23717   0.0242528
           4      1.1813      1.2232   0.0221181
           5     1.25346     1.22925   0.0181701
           6     1.19913     1.22423   0.0156624
           7     1.23714     1.22608   0.0133649
           8     1.21749       1.225   0.0116239
           9     1.25398     1.22822   0.0107449
          10     1.22707     1.22811  0.00961126
          11     1.25838     1.23086  0.00911889
          12      1.2223     1.23015  0.00835491
          13     1.24524     1.23131  0.00777262
          14     1.25596     1.23307  0.00740838
          15     1.16899      1.2288   0.0081127
          16     1.19206      1.2265  0.00792855
          17     1.23203     1.22683  0.00745469
          18     1.21052     1.22592  0.00708647
          19     1.20786     1.22497  0.00677021
          20     1.24443     1.22594  0.00649606
          21     1.22965     1.22612  0.00618152
          22     1.24075     1.22678  0.00593124
          23     1.24346     1.22751  0.00571367
          24     1.21813     1.22712  0.00548438
          25     1.18501     1.22543   0.0055235
          26       1.152     1.22261  0.00601163
          27     1.24536     1.22345  0.00584576
          28     1.20516      1.2228  0.00567089
          29     1.23388     1.22318  0.00548519
          30     1.26566      1.2246  0.00548511
          31     1.17753     1.22308  0.00551821
          32      1.2327     1.22338  0.00535143
          33     1.23508     1.22373  0.00519885
          34     1.20729     1.22325  0.00506676
          35     1.22941     1.22343  0.00492301
          36     1.23004     1.22361  0.00478783
          37     1.17934     1.22241  0.00480791
          38     1.24283     1.22295  0.00471044
          39     1.24771     1.22359   0.0046318
          40      1.2465     1.22416  0.00455071
          41     1.24703     1.22472  0.00447327
          42     1.18295     1.22372  0.00447728
          43     1.22081     1.22365  0.00437244
          44      1.2807     1.22495  0.00446431
          45     1.26646     1.22587  0.00446042
          46     1.25032      1.2264  0.00439463
          47        1.13     1.22435  0.00476425
          48     1.24358     1.22475  0.00468111
          49      1.2244     1.22475  0.00458459
          50     1.25482     1.22535  0.00453204
          51     1.21738     1.22519  0.00444504
          52     1.19788     1.22467  0.00439025
          53     1.22468     1.22467  0.00430662
          54     1.18894     1.22401  0.00427759
          55     1.25328     1.22454  0.00423269
          56       1.242     1.22485  0.00416809
          57     1.24783     1.22525  0.00411413
          58      1.2304     1.22534  0.00404354
          59      1.2342     1.22549  0.00397726
          60     1.28156     1.22643  0.00402053
          61     1.25043     1.22682   0.0039736
          62     1.21264     1.22659  0.00391567
          63     1.19008     1.22601  0.00389635
          64     1.21811     1.22589  0.00383698
          65     1.25912      1.2264  0.00381193
          66     1.19938     1.22599  0.00377598
          67     1.16321     1.22505  0.00383541
          68     1.26333     1.22562  0.00382028
          69     1.29747     1.22666   0.0039059
          70     1.22023     1.22657  0.00385079
          71     1.17886     1.22589  0.00385516
          72     1.30674     1.22702  0.00396364
          73     1.23519     1.22713  0.00391057
          74     1.25478      1.2275  0.00387541
          75       1.204     1.22719  0.00383621
          76     1.19879     1.22681   0.0038038
          77      1.2393     1.22698  0.00375757
          78     1.23616     1.22709  0.00371095
          79     1.22849     1.22711  0.00366372
          80     1.29361     1.22794   0.0037119
          81     1.17512     1.22729  0.00372333
          82     1.25191     1.22759  0.00368988
          83     1.19272     1.22717  0.00366928
          84     1.27498     1.22774  0.00366974
          85     1.22542     1.22771  0.00362641
          86     1.20736     1.22748   0.0035918
          87     1.20857     1.22726  0.00355692
          88     1.22581     1.22724  0.00351631
          89     1.24429     1.22743  0.00348184
          90     1.24158     1.22759  0.00344652
          91     1.23468     1.22767  0.00340933
          92     1.24589     1.22787  0.00337788
          93     1.24066     1.22801  0.00334419
          94     1.28827     1.22865  0.00336998
          95     1.29516     1.22935  0.00340704
          96     1.22395     1.22929  0.00337183
          97     1.22645     1.22926  0.00333701
          98     1.15557     1.22851  0.00338729
          99     1.23129     1.22854  0.00335302
         100     1.26156     1.22887   0.0033357
