           1    0.265888    0.265888           0
           2    0.260084    0.262986    0.002902
           3    0.254108    0.260027  0.00340071
           4    0.273632    0.263428  0.00416551
           5    0.273484    0.265439  0.00380208
           6    0.257548    0.264124  0.00337149
           7    0.258316    0.263294  0.00296777
           8    0.270156    0.264152  0.00270951
           9      0.2669    0.264457  0.00240899
          10    0.261316    0.264143  0.00217745
          11    0.257772    0.263564  0.00205297
          12    0.257404    0.263051  0.00194313
          13     0.25924    0.262758   0.0018113
          14    0.255104    0.262211  0.00176379
          15    0.275288    0.263083  0.00185909
          16     0.26058    0.262926  0.00174604
          17    0.265508    0.263078  0.00164714
          18    0.266852    0.263288  0.00156702
          19    0.265212    0.263389  0.00148571
          20    0.261188    0.263279  0.00141376
          21    0.253876    0.262831  0.00141734
          22    0.260852    0.262741  0.00135437
          23    0.263916    0.262792  0.00129516
          24      0.2549    0.262464  0.00128288
          25    0.260484    0.262384  0.00123304
          26    0.268984    0.262638  0.00121156
          27    0.269164     0.26288  0.00119061
          28    0.266212    0.262999  0.00115346
          29    0.259128    0.262865  0.00112095
          30    0.260888    0.262799  0.00108494
          31    0.268576    0.262986  0.00106578
          32    0.260112    0.262896  0.00103583
          33    0.260708     0.26283  0.00100614
          34    0.261484     0.26279 0.000976904
          35    0.274392    0.263122  0.00100483
          36    0.259312    0.263016 0.000982238
          37    0.256556    0.262841 0.000971145
          38    0.261344    0.262802 0.000946064
          39    0.266688    0.262901 0.000926859
          40    0.251408    0.262614 0.000947985
          41     0.25154    0.262344 0.000963219
          42    0.263792    0.262378 0.000940638
          43    0.250376    0.262099 0.000959978
          44    0.242404    0.261652  0.00103925
          45    0.276268    0.261977  0.00106655
          46    0.259784    0.261929   0.0010442
          47    0.268312    0.262065  0.00103072
          48    0.260476    0.262032  0.00100957
          49    0.272648    0.262248  0.00101221
          50    0.252588    0.262055   0.0010104
          51    0.256544    0.261947 0.000996268
          52    0.262836    0.261964 0.000977071
          53     0.26452    0.262012 0.000959671
          54    0.266508    0.262096 0.000945404
          55    0.263168    0.262115 0.000928261
          56    0.263804    0.262145 0.000912033
          57    0.255012     0.26202 0.000904587
          58     0.26676    0.262102 0.000892603
          59    0.264656    0.262145 0.000878411
          60    0.267344    0.262232 0.000867983
          61    0.252308    0.262069 0.000868999
          62    0.261124    0.262054 0.000855004
          63    0.265844    0.262114 0.000843471
          64    0.267052    0.262191 0.000833765
          65    0.254232    0.262069  0.00082992
          66    0.263364    0.262088 0.000817485
          67     0.25622    0.262001 0.000809941
          68    0.260188    0.261974 0.000798386
          69    0.259972    0.261945 0.000787265
          70    0.269136    0.262048 0.000782708
          71     0.26972    0.262156 0.000779135
          72    0.267632    0.262232 0.000771993
          73    0.259716    0.262197 0.000762124
          74     0.26678    0.262259 0.000754301
          75    0.259444    0.262222 0.000745122
          76    0.265116     0.26226 0.000736238
          77      0.2632    0.262272 0.000726716
          78    0.267992    0.262345 0.000721077
          79    0.268892    0.262428 0.000716698
          80    0.264156     0.26245 0.000708012
          81    0.262748    0.262454 0.000699226
          82    0.271664    0.262566  0.00069972
          83    0.256908    0.262498 0.000694591
          84      0.2567    0.262429 0.000689735
          85    0.265152    0.262461 0.000682325
          86    0.262576    0.262462 0.000674345
          87    0.270752    0.262557 0.000673325
          88    0.257992    0.262506 0.000667649
          89    0.271444    0.262606 0.000667701
          90      0.2646    0.262628 0.000660612
          91    0.268344    0.262691 0.000656325
          92    0.260436    0.262666 0.000649614
          93    0.265488    0.262697 0.000643307
          94    0.264032    0.262711 0.000636585
          95    0.266924    0.262755 0.000631408
          96    0.265596    0.262785 0.000625496
          97    0.271464    0.262874 0.000625448
          98    0.266252    0.262909 0.000619991
          99     0.26064    0.262886 0.000614125
         100    0.257924    0.262836 0.000609974
