           1     1.38162     1.38162           0
           2     1.47739      1.4295   0.0478847
           3     1.47508     1.44469    0.031545
           4     1.40841     1.43562   0.0240795
           5     1.45516     1.43953   0.0190566
           6     1.42536     1.43717   0.0157379
           7     1.46402       1.441    0.013843
           8     1.36591     1.43162   0.0152257
           9     1.47965     1.43695   0.0144494
          10     1.47892     1.44115   0.0135883
          11     1.45364     1.44229   0.0123435
          12     1.47538     1.44504   0.0116006
          13     1.43996     1.44465   0.0106781
          14     1.49606     1.44832    0.010546
          15     1.39368     1.44468   0.0104718
          16     1.39312     1.44146    0.010312
          17     1.48094     1.44378  0.00996099
          18      1.4509     1.44418  0.00939964
          19     1.45559     1.44478  0.00891144
          20     1.46363     1.44572   0.0085065
          21     1.45082     1.44596  0.00809494
          22     1.43523     1.44548  0.00773363
          23     1.47586      1.4468  0.00750688
          24     1.43054     1.44612  0.00721912
          25     1.39924     1.44424   0.0071737
          26     1.37018      1.4414  0.00745777
          27     1.46333     1.44221  0.00722207
          28      1.4095     1.44104  0.00705674
          29       1.435     1.44083  0.00681224
          30     1.45041     1.44115  0.00658898
          31     1.39403     1.43963  0.00655163
          32     1.44185      1.4397  0.00634397
          33     1.45018     1.44002  0.00615691
          34     1.43363     1.43983  0.00597604
          35      1.4964     1.44145  0.00602368
          36     1.41944     1.44083  0.00588579
          37     1.41035     1.44001  0.00578348
          38      1.4201     1.43949  0.00565357
          39     1.48543     1.44066   0.0056313
          40      1.4521     1.44095  0.00549615
          41     1.49457     1.44226  0.00551767
          42     1.39905     1.44123   0.0054821
          43     1.45756     1.44161  0.00536654
          44     1.49467     1.44282  0.00538002
          45     1.44727     1.44291  0.00526004
          46     1.40858     1.44217  0.00519828
          47      1.3729     1.44069  0.00529569
          48      1.5196     1.44234  0.00543856
          49     1.43632     1.44221  0.00532783
          50     1.49094     1.44319  0.00531035
          51     1.47568     1.44383  0.00524402
          52     1.44606     1.44387  0.00514237
          53     1.41002     1.44323  0.00508468
          54     1.40448     1.44251  0.00504097
          55     1.44031     1.44247  0.00494863
          56      1.5026     1.44355  0.00497668
          57     1.44513     1.44357  0.00488867
          58     1.45455     1.44376  0.00480737
          59     1.45646     1.44398  0.00473008
          60      1.5021     1.44495  0.00475038
          61      1.4654     1.44528  0.00468387
          62     1.39696      1.4445  0.00467315
          63     1.42835     1.44425  0.00460551
          64     1.42257     1.44391  0.00454562
          65     1.45725     1.44411  0.00447984
          66     1.45089     1.44422  0.00441264
          67     1.36516     1.44304   0.0045036
          68     1.46287     1.44333  0.00444645
          69     1.49254     1.44404  0.00443921
          70     1.40952     1.44355  0.00440303
          71     1.38894     1.44278  0.00440819
          72      1.4789     1.44328  0.00437539
          73     1.43622     1.44318  0.00431612
          74     1.50391       1.444  0.00433576
          75     1.43596      1.4439  0.00427891
          76     1.40256     1.44335  0.00425712
          77     1.50845      1.4442  0.00428568
          78     1.44494     1.44421  0.00423039
          79     1.44201     1.44418  0.00417659
          80      1.5734      1.4458   0.0044291
          81      1.4228     1.44551  0.00438329
          82     1.44005     1.44545  0.00433002
          83     1.42298     1.44517  0.00428608
          84     1.46305     1.44539   0.0042401
          85     1.48135     1.44581  0.00421122
          86     1.42378     1.44555  0.00416984
          87     1.40663     1.44511  0.00414584
          88     1.38293      1.4444  0.00415892
          89     1.50246     1.44505  0.00416335
          90     1.44691     1.44507  0.00411688
          91      1.4447     1.44507  0.00407139
          92     1.45544     1.44518  0.00402847
          93     1.44187     1.44515  0.00398507
          94      1.5262     1.44601  0.00403565
          95     1.45914     1.44615  0.00399534
          96     1.47208     1.44642  0.00396272
          97     1.43066     1.44625  0.00392502
          98     1.38244      1.4456  0.00393896
          99     1.44349     1.44558  0.00389902
         100     1.49735      1.4461   0.0038944
