           1    0.329192    0.329192           0
           2    0.318304    0.323748    0.005444
           3    0.307288    0.318261  0.00632318
           4    0.331112    0.321474  0.00550568
           5    0.333452     0.32387  0.00489146
           6    0.315932    0.322547  0.00420727
           7    0.311484    0.320966  0.00389117
           8    0.326228    0.321624  0.00343344
           9    0.321988    0.321664  0.00302828
          10    0.319904    0.321488  0.00271429
          11    0.318192    0.321189  0.00247339
          12    0.315968    0.320754  0.00229942
          13    0.317324     0.32049  0.00213155
          14      0.3104    0.319769  0.00210091
          15     0.33346    0.320682  0.00215833
          16    0.316936    0.320448  0.00203246
          17    0.319276    0.320379  0.00191041
          18     0.32264    0.320504  0.00180553
          19    0.321592    0.320562  0.00170882
          20    0.313364    0.320202  0.00166059
          21     0.31226    0.319824  0.00162418
          22    0.325972    0.320103  0.00157361
          23     0.31486    0.319875  0.00152082
          24    0.314476     0.31965  0.00147335
          25    0.319192    0.319632  0.00141331
          26    0.322492    0.319742  0.00136231
          27    0.323416    0.319878  0.00131793
          28    0.322752    0.319981  0.00127413
          29     0.31306    0.319742  0.00125235
          30    0.313568    0.319536  0.00122727
          31    0.327184    0.319783  0.00121238
          32    0.317096    0.319699  0.00117688
          33    0.319752      0.3197  0.00114066
          34       0.318     0.31965  0.00110774
          35    0.329724    0.319938  0.00111346
          36    0.318244    0.319891  0.00108311
          37    0.315556    0.319774  0.00105993
          38    0.321228    0.319812  0.00103237
          39     0.32342    0.319905   0.0010098
          40    0.307736    0.319601  0.00103017
          41    0.303856    0.319217  0.00107562
          42    0.320992    0.319259  0.00105055
          43     0.30986     0.31904  0.00104885
          44    0.302204    0.318658  0.00109385
          45    0.337156    0.319069  0.00114556
          46    0.321208    0.319115  0.00112134
          47     0.32476    0.319235  0.00110378
          48    0.318272    0.319215  0.00108073
          49    0.325644    0.319346  0.00106654
          50    0.311336    0.319186   0.0010572
          51     0.30824    0.318972  0.00105826
          52      0.3163     0.31892  0.00103898
          53    0.323872    0.319014  0.00102346
          54    0.317444    0.318985  0.00100475
          55    0.327992    0.319148 0.000999817
          56     0.32402    0.319235 0.000985647
          57    0.316024    0.319179 0.000969839
          58    0.315208    0.319111 0.000955427
          59     0.32592    0.319226 0.000946159
          60     0.32428     0.31931 0.000934062
          61    0.306756    0.319104 0.000941394
          62    0.314996    0.319038 0.000928454
          63    0.320664    0.319064 0.000913962
          64    0.323424    0.319132 0.000902144
          65    0.317844    0.319112 0.000888377
          66    0.323772    0.319183 0.000877658
          67    0.315904    0.319134 0.000865843
          68    0.317624    0.319112 0.000853304
          69    0.318528    0.319103 0.000840889
          70    0.327728    0.319226 0.000837898
          71    0.329632    0.319373 0.000838913
          72    0.328768    0.319503 0.000837408
          73    0.311168    0.319389 0.000833713
          74    0.322064    0.319425 0.000823164
          75    0.308504     0.31928 0.000825066
          76    0.324448    0.319348 0.000816973
          77    0.315308    0.319295 0.000807998
          78     0.32198     0.31933 0.000798314
          79    0.328628    0.319447 0.000796884
          80    0.328052    0.319555 0.000794177
          81    0.316536    0.319518 0.000785196
          82    0.324792    0.319582 0.000778224
          83    0.316968    0.319551 0.000769436
          84    0.310096    0.319438 0.000768507
          85    0.317136    0.319411 0.000759895
          86    0.317628     0.31939 0.000751293
          87    0.326508    0.319472 0.000747101
          88    0.321464    0.319495 0.000738909
          89    0.329932    0.319612 0.000739912
          90    0.322056    0.319639 0.000732148
          91    0.329772     0.31975  0.00073257
          92     0.31942    0.319747 0.000724573
          93    0.325108    0.319805 0.000719054
          94    0.320924    0.319816 0.000711463
          95    0.332156    0.319946 0.000715817
          96    0.322528    0.319973 0.000708832
          97    0.326976    0.320045 0.000705191
          98     0.32282    0.320074 0.000698532
          99    0.321248    0.320086 0.000691542
         100    0.319164    0.320076 0.000684654
