           1    -0.60571    -0.60571           0
           2   -0.602181   -0.603946   0.0017648
           3   -0.596482   -0.601458  0.00268855
           4    -0.60747   -0.602961  0.00242359
           5    -0.60617   -0.603603  0.00198402
           6   -0.603426   -0.603573  0.00162021
           7   -0.599313   -0.602965   0.0014985
           8   -0.606142   -0.603362  0.00135714
           9   -0.606422   -0.603702  0.00124423
          10   -0.603893   -0.603721  0.00111304
          11   -0.603014   -0.603657  0.00100883
          12    -0.60045   -0.603389 0.000958927
          13   -0.602609   -0.603329 0.000884126
          14    -0.60032   -0.603114 0.000846295
          15   -0.606036   -0.603309 0.000811576
          16   -0.602731   -0.603273 0.000760019
          17   -0.603047    -0.60326 0.000714037
          18   -0.602336   -0.603208 0.000675154
          19    -0.60327   -0.603212  0.00063864
          20   -0.597233   -0.602913 0.000675606
          21     -0.5977   -0.602665 0.000688904
          22   -0.604386   -0.602743 0.000661491
          23    -0.60198    -0.60271 0.000632946
          24   -0.601607   -0.602664 0.000607738
          25   -0.605198   -0.602765 0.000591673
          26   -0.603522   -0.602794 0.000569207
          27   -0.603067   -0.602804 0.000547813
          28   -0.603062   -0.602814 0.000527966
          29   -0.599156   -0.602687 0.000524816
          30   -0.600026   -0.602599 0.000514725
          31   -0.607117   -0.602744 0.000518739
          32   -0.602699   -0.602743 0.000502269
          33    -0.60139   -0.602702 0.000488534
          34   -0.600184   -0.602628 0.000479699
          35   -0.607921   -0.602779 0.000489725
          36   -0.600769   -0.602723 0.000479192
          37   -0.602207   -0.602709  0.00046627
          38    -0.60471   -0.602762 0.000456876
          39   -0.605556   -0.602834 0.000450736
          40   -0.597211   -0.602693 0.000461262
          41   -0.598707   -0.602596 0.000460256
          42   -0.603206    -0.60261 0.000449399
          43   -0.600988   -0.602573 0.000440442
          44   -0.596473   -0.602434 0.000452097
          45   -0.609247   -0.602585 0.000467151
          46    -0.60345   -0.602604 0.000457269
          47   -0.605464   -0.602665 0.000451552
          48   -0.601318   -0.602637 0.000442934
          49   -0.602641   -0.602637   0.0004338
          50   -0.600571   -0.602596 0.000427039
          51      -0.599   -0.602525 0.000424479
          52   -0.601572   -0.602507 0.000416639
          53   -0.602734   -0.602511 0.000408725
          54   -0.602249   -0.602506 0.000401114
          55   -0.606622   -0.602581 0.000400802
          56   -0.602804   -0.602585   0.0003936
          57   -0.604845   -0.602625  0.00038866
          58    -0.60177    -0.60261 0.000382185
          59   -0.603792    -0.60263 0.000376185
          60   -0.603752   -0.602649 0.000370334
          61   -0.601007   -0.602622 0.000365206
          62   -0.599183   -0.602566 0.000363523
          63   -0.601101   -0.602543 0.000358462
          64   -0.603701   -0.602561  0.00035328
          65   -0.603665   -0.602578 0.000348216
          66   -0.602666    -0.60258 0.000342902
          67   -0.598437   -0.602518 0.000343359
          68   -0.604413   -0.602546 0.000339418
          69   -0.605202   -0.602584  0.00033667
          70   -0.604338   -0.602609  0.00033277
          71   -0.605822   -0.602654 0.000331157
          72   -0.605202    -0.60269 0.000328436
          73    -0.60009   -0.602654 0.000325858
          74   -0.602989   -0.602659 0.000321456
          75   -0.599453   -0.602616 0.000320009
          76   -0.605762   -0.602657 0.000318471
          77   -0.601278   -0.602639 0.000314819
          78    -0.60382   -0.602655 0.000311125
          79   -0.608774   -0.602732 0.000316776
          80   -0.607138   -0.602787 0.000317604
          81   -0.599771    -0.60275 0.000315861
          82   -0.607358   -0.602806 0.000317007
          83    -0.60293   -0.602808 0.000313168
          84   -0.598779    -0.60276 0.000313111
          85   -0.600299   -0.602731 0.000310757
          86    -0.60075   -0.602708 0.000307985
          87   -0.605222   -0.602737 0.000305793
          88   -0.602757   -0.602737 0.000302298
          89   -0.608186   -0.602798  0.00030509
          90   -0.605691    -0.60283 0.000303389
          91   -0.609834   -0.602907 0.000309752
          92   -0.602348   -0.602901 0.000306427
          93    -0.60367   -0.602909 0.000303226
          94   -0.607073   -0.602954 0.000303236
          95   -0.610639   -0.603034 0.000310743
          96   -0.604922   -0.603054 0.000308116
          97   -0.605811   -0.603083 0.000306245
          98   -0.602132   -0.603073 0.000303259
          99   -0.604258   -0.603085 0.000300419
         100   -0.603337   -0.603087  0.00029741
