           1    0.352842    0.352842           0
           2    0.358894    0.355868  0.00302607
           3    0.350696    0.354144  0.00245444
           4    0.350251    0.353171  0.00198982
           5     0.36172    0.354881  0.00230206
           6    0.347645    0.353675  0.00223326
           7    0.348292    0.352906  0.00203807
           8    0.339521    0.351233  0.00243198
           9    0.347942    0.350867  0.00217574
          10    0.355736    0.351354  0.00200603
          11    0.355749    0.351754  0.00185799
          12    0.352065     0.35178   0.0016963
          13    0.350616     0.35169  0.00156293
          14    0.338678    0.350761  0.00171978
          15    0.356735    0.351159  0.00164982
          16    0.347343     0.35092  0.00156159
          17    0.361816    0.351561  0.00160077
          18     0.35154     0.35156  0.00150922
          19     0.34913    0.351432  0.00143329
          20    0.347385     0.35123  0.00137472
          21    0.351925    0.351263  0.00130804
          22    0.340748    0.350785  0.00133562
          23    0.352567    0.350862  0.00127858
          24     0.34534    0.350632  0.00124559
          25     0.34099    0.350247  0.00125544
          26    0.342943    0.349966  0.00123847
          27    0.362621    0.350434  0.00128058
          28    0.355098    0.350601  0.00124518
          29    0.340461    0.350251  0.00125133
          30    0.355422    0.350424  0.00122112
          31    0.352632    0.350495  0.00118322
          32    0.335599    0.350029  0.00123661
          33    0.353635    0.350139  0.00120352
          34    0.355665    0.350301  0.00117885
          35    0.354421    0.350419  0.00115071
          36    0.342121    0.350188  0.00114179
          37    0.341256    0.349947  0.00113645
          38    0.357857    0.350155  0.00112555
          39    0.353094    0.350231  0.00109889
          40    0.349052    0.350201  0.00107147
          41    0.343956    0.350049  0.00105606
          42    0.347818    0.349996  0.00103198
          43    0.359931    0.350227  0.00103384
          44    0.344839    0.350104  0.00101747
          45    0.356401    0.350244  0.00100439
          46    0.343008    0.350087 0.000994833
          47    0.345713    0.349994 0.000977875
          48    0.354096    0.350079 0.000961094
          49     0.35386    0.350156 0.000944433
          50    0.348674    0.350127 0.000925827
          51    0.352527    0.350174 0.000908711
          52    0.350511     0.35018 0.000891088
          53    0.342502    0.350035 0.000886039
          54    0.345469    0.349951 0.000873579
          55    0.353407    0.350014 0.000859847
          56     0.36443    0.350271 0.000882728
          57    0.351206    0.350288 0.000867259
          58    0.360146    0.350457 0.000868962
          59    0.352782    0.350497 0.000855015
          60    0.362312    0.350694 0.000863398
          61    0.352934    0.350731  0.00084992
          62    0.346083    0.350656 0.000839453
          63    0.356181    0.350743 0.000830663
          64    0.344228    0.350641 0.000823894
          65    0.343088    0.350525 0.000819402
          66     0.34843    0.350494 0.000807515
          67    0.343741    0.350393 0.000801731
          68    0.352712    0.350427 0.000790589
          69    0.349576    0.350415 0.000779144
          70    0.336501    0.350216 0.000793241
          71      0.3469    0.350169 0.000783382
          72    0.361695    0.350329 0.000788838
          73    0.345468    0.350263 0.000780801
          74    0.365626     0.35047 0.000797671
          75    0.356834    0.350555 0.000791525
          76    0.338323    0.350394  0.00079745
          77    0.367346    0.350614 0.000817237
          78    0.356258    0.350687  0.00080993
          79    0.344212    0.350605 0.000803802
          80    0.371011     0.35086 0.000833673
          81    0.352638    0.350882 0.000823609
          82    0.355396    0.350937 0.000815364
          83    0.346248     0.35088 0.000807459
          84    0.358389     0.35097 0.000802781
          85    0.342223    0.350867 0.000799927
          86    0.347517    0.350828  0.00079153
          87    0.344706    0.350757 0.000785537
          88    0.341922    0.350657 0.000783022
          89    0.354241    0.350697 0.000775221
          90    0.345041    0.350634  0.00076913
          91    0.355651     0.35069 0.000762627
          92    0.358204    0.350771 0.000758701
          93    0.354881    0.350815 0.000751799
          94    0.363504     0.35095 0.000755908
          95    0.361998    0.351067 0.000756896
          96    0.359941    0.351159 0.000754653
          97    0.352125    0.351169 0.000746899
          98    0.349595    0.351153 0.000739413
          99    0.355522    0.351197 0.000733235
         100    0.363959    0.351325 0.000736999
