36.3681
35.0143
33.4481
31.5575
29.6912
28.6963
28.4456
27.7686
26.563
26.4594
25.6904
25.1575
25.1993
24.5047
23.714
23.1743
23.2622
22.8351
22.5432
21.9758
21.5698
21.1772
20.7007
20.1685
19.791
19.6146
19.2923
18.9328
18.6285
18.2915
18.0358
17.8708
17.5499
17.2413
16.9552
16.8193
16.7002
16.4914
16.1654
16.0598
16.1074
16.0269
15.9277
15.7025
15.4698
15.2932
15.2149
15.1996
15.2705
15.2948
15.3001
15.0718
15.0007
14.9618
14.9978
15.0439
14.9248
14.9001
15.1317
15.3388
15.0946
15.288
15.4909
14.985
14.5576
14.3088
14.0221
13.718
13.4722
13.2951
13.2839
13.1182
12.9772
12.743
12.8279
12.6625
12.5497
12.3789
12.3748
12.2952
12.1802
12.1084
12.0609
12.0115
11.9529
11.8902
11.8611
11.8127
11.7822
11.7359
11.6285
11.4745
11.3282
11.3072
11.2471
11.086
10.9508
10.7052
10.363
10.0871
10.0402
9.8477
9.81442
9.76597
9.62471
9.57412
9.5048
9.54472
9.38747
9.25826
9.11073
9.0556
8.96348
8.93409
8.92221
8.88114
8.79792
8.80693
8.80153
8.74781
8.69886
8.65228
8.61402
8.56709
8.47729
8.44158
8.3467
8.22444
8.16055
7.99876
7.93995
7.92054
7.81742
7.80979
7.80456
7.86813
8.06679
8.14237
8.16684
8.38173
8.40043
8.2618
8.22783
7.9894
7.84486
7.82916
7.77168
7.71333
7.60899
7.63947
7.64273
7.67074
7.70447
7.69091
7.55975
7.56092
7.55555
7.55206
7.54966
7.54593
7.53904
7.52898
7.52386
7.50929
7.50795
7.50038
7.48476
7.48471
7.48468
7.48467
7.48467
7.48467
7.48467
7.48467
7.48467
7.48467
7.48467
7.48467
7.48467
7.48467
7.48356
7.47913
7.47119
7.45862
7.43478
7.40846
7.38732
7.33567
7.30658
7.28981
7.17898
7.12012
6.99388
6.92212
6.78078
6.62224
6.47155
6.32783
6.26508
6.2642
6.2642
6.26557
6.2642
6.2642
6.2642
6.2642
6.2642
6.2642
6.2642
6.2642
6.2642
6.2642
6.2642
6.26427
6.2642
6.2642
6.2642
6.2642
6.2642
6.2642
6.2642
6.2642
6.2642
6.2642
6.2642
6.2642
6.2642
6.2642
6.2642
6.2642
6.2642
6.2642
6.2642
6.2642
6.2642
6.2642
6.2642
6.2642
6.2642
6.2642
6.2642
6.2642
6.2642
6.2642
6.2642
6.2642
6.2642
6.2642
6.2642
6.2642
6.2642
6.2642
6.2642
6.2642
6.2642
6.2642
6.2642
6.2642
6.2642
6.2642
6.2642
6.2642
6.2642
6.2642
6.2642
6.2642
6.2642
6.2642
6.2642
6.2642
6.2642
6.2642
6.2642
6.2642
6.26398
6.26398
6.26266
6.26177
6.25846
6.25426
6.25161
6.2483
6.24277
6.2388
6.23968
6.23924
6.2388
6.2388
6.2388
6.2388
6.2388
6.2388
6.2388
6.2388
6.2388
6.2388
6.2388
6.2388
6.2388
6.2388
