27.6291
27.6291
25.5847
25.0373
25.0373
23.7635
24.3349
24.1719
23.2762
22.1691
22.1691
21.9791
21.9791
21.6934
20.6987
20.6987
20.6937
18.7694
18.7694
18.7694
18.6859
18.6859
18.6859
17.8767
17.5943
17.5943
17.5943
17.5943
17.5943
16.6767
16.6767
16.4718
16.4718
16.4718
15.366
15.366
15.366
15.366
15.1353
15.1353
15.127
15.127
15.127
15.0518
15.0518
15.0496
15.0496
14.8375
14.7184
14.7184
14.7184
14.7184
14.4307
14.4108
14.4108
14.1556
14.1556
13.7116
13.6772
13.6772
13.4792
13.4792
13.4792
13.4792
13.4792
12.6295
12.6295
12.6295
12.6295
12.5038
12.5038
12.4526
12.2127
12.2127
12.2127
12.2127
12.1513
12.1513
11.8901
11.8901
11.8901
11.8901
11.8681
11.8681
11.7309
11.709
11.4864
11.2787
11.2787
11.0817
11.0117
11.0117
10.3266
10.8966
10.3474
9.73491
9.73491
9.53504
9.53504
9.53504
9.53504
9.51426
9.35599
9.35599
9.35599
9.33521
8.8131
8.8131
8.81188
8.79232
8.79232
8.78757
8.78757
8.78415
8.77979
8.77907
8.77907
8.47823
8.47823
8.45737
8.45666
8.45666
8.38779
8.38779
7.82935
7.82935
7.82935
7.73962
7.72673
7.56937
7.56937
7.56937
7.56937
7.56937
7.56937
7.56937
7.56937
7.56937
7.56937
7.56937
7.56937
7.56937
7.56937
7.56937
7.56937
7.56937
7.56212
7.56212
7.56212
7.55649
7.55649
7.55649
7.55649
7.54924
7.54924
7.54924
7.54901
7.50505
7.48491
7.48491
7.48491
7.48467
7.48467
7.48467
7.48467
7.48467
7.48467
7.48467
7.48467
7.48467
7.48467
7.48467
7.48467
7.48467
7.48467
7.48467
7.48467
7.48467
7.48467
7.48467
7.35732
7.35732
7.34974
7.34974
7.33518
7.06496
7.06496
7.06496
6.96874
6.83381
6.2642
6.2642
6.2642
6.2642
6.2642
6.2642
6.2642
6.2642
6.2642
6.2642
6.2642
6.2642
6.2642
6.2642
6.2642
6.2642
6.2642
6.2642
6.2642
6.2642
6.2642
6.2642
6.2642
6.2642
6.2642
6.2642
6.2642
6.2642
6.2642
6.2642
6.2642
6.2642
6.2642
6.2642
6.2642
6.2642
6.2642
6.2642
6.2642
6.2642
6.2642
6.2642
6.2642
6.2642
6.2642
6.2642
6.2642
6.2642
6.2642
6.2642
6.2642
6.2642
6.2642
6.2642
6.2642
6.2642
6.2642
6.2642
6.2642
6.2642
6.2642
6.2642
6.2642
6.2642
6.2642
6.2642
6.2642
6.2642
6.2642
6.2642
6.2642
6.2642
6.2642
6.2642
6.2642
6.2642
6.2642
6.2642
6.2642
6.2642
6.2642
6.2642
6.2642
6.2642
6.2388
6.2388
6.2388
6.2388
6.2388
6.2388
6.2388
6.2388
6.2388
6.2388
6.2388
6.2388
6.2388
6.2388
6.2388
6.2388
6.2388
6.2388
6.2388
6.2388
6.2388
6.2388
6.2388
6.2388
6.2388
6.2388
