           1     34.7142     34.7142           0
           2     34.0962     34.4052    0.309022
           3     38.9103     35.9069     1.51225
           4     29.9196     34.4101     1.83954
           5     31.9869     33.9254     1.50507
           6     34.9722     34.0999      1.2412
           7     29.3161     33.4165     1.25198
           8     29.8698     32.9732     1.17138
           9     29.4924     32.5864     1.10308
          10     36.6618      32.994     1.06748
          11     28.5563     32.5905     1.04647
          12     36.1364      32.886    0.999943
          13     30.4746     32.7005    0.938331
          14     30.6201     32.5519    0.881343
          15     33.7169     32.6296    0.824153
          16     31.0971     32.5338    0.776852
          17     31.8906      32.496    0.730706
          18     38.8973     32.8516    0.775293
          19     32.7495     32.8462    0.733373
          20     31.1948     32.7637    0.700622
          21     31.3605     32.6968    0.669765
          22     33.7969     32.7468    0.640551
          23      32.007     32.7147    0.612912
          24      34.277     32.7798    0.590418
          25     27.9771     32.5877    0.598006
          26     30.0668     32.4907     0.58267
          27     29.4651     32.3787    0.571763
          28     23.5463     32.0632    0.634875
          29     37.3151     32.2443      0.6388
          30     34.9236     32.3336    0.623568
          31     33.8326      32.382    0.605053
          32     36.0352     32.4961     0.59686
          33     31.9771     32.4804    0.578704
          34     30.0199      32.408    0.566071
          35     28.6183     32.2998    0.560222
          36     36.2117     32.4084    0.555177
          37     37.8029     32.5542    0.559301
          38     35.4382     32.6301    0.549649
          39     31.0887     32.5906    0.536826
          40     33.7131     32.6187    0.523986
          41     33.4913     32.6399    0.511489
          42     32.5547     32.6379    0.499166
          43     31.5302     32.6122      0.4881
          44     32.3824     32.6069    0.476906
          45     33.0671     32.6172      0.4663
          46     32.9785      32.625    0.456118
          47     36.2936     32.7031    0.453082
          48     34.9311     32.7495    0.445965
          49     33.6852     32.7686    0.437186
          50     38.4618     32.8824    0.443228
          51     31.0401     32.8463     0.43595
          52     33.2774     32.8546    0.427564
          53     36.9169     32.9313    0.426365
          54     34.2427     32.9555    0.419099
          55     30.0635      32.903    0.414755
          56       34.81      32.937    0.408703
          57     35.7537     32.9864    0.404499
          58      31.302     32.9574    0.398523
          59     34.8097     32.9888    0.392966
          60      31.598     32.9656    0.387056
          61     29.9439     32.9161    0.383867
          62     29.4217     32.8597    0.381808
          63     28.7063     32.7938    0.381439
          64     32.0533     32.7822     0.37561
          65     33.9538     32.8002    0.370226
          66     31.7974      32.785     0.36489
          67      34.728      32.814     0.36057
          68     33.0074     32.8169    0.355239
          69     33.6033     32.8283    0.350239
          70     36.9486     32.8871    0.350181
          71     31.0903     32.8618    0.346141
          72     33.0094     32.8639    0.341305
          73      30.931     32.8374    0.337637
          74     32.2845     32.8299    0.333127
          75     31.0054     32.8056    0.329555
          76     36.5838     32.8553    0.328967
          77     34.7601     32.8801    0.325608
          78       33.22     32.8844    0.321436
          79     32.2457     32.8763    0.317444
          80     30.3899     32.8453    0.314988
          81     31.6547     32.8306    0.311422
          82     35.8206      32.867    0.309754
          83     32.0111     32.8567    0.306173
          84     38.4131     32.9229    0.309654
          85     33.9231     32.9346    0.306216
          86      34.963     32.9582    0.303552
          87     34.5641     32.9767     0.30061
          88     33.7595     32.9856    0.297307
          89     31.8747     32.9731    0.294212
          90     33.4127      32.978    0.290966
          91     32.9749     32.9779    0.287751
          92     31.3406     32.9601    0.285162
          93     33.9898     32.9712    0.282296
          94     30.1687     32.9414    0.280864
          95     30.8166      32.919     0.27879
          96     34.0435     32.9307    0.276119
          97     35.9576     32.9619    0.275034
          98      31.561     32.9476    0.272588
          99     29.7504     32.9154    0.271746
         100     30.1966     32.8882    0.270386
