           1    0.447662    0.447662           0
           2    0.450229    0.448946  0.00128347
           3    0.436112    0.444668  0.00434154
           4    0.438409    0.443103   0.0034457
           5    0.422189     0.43892  0.00496191
           6    0.478431    0.445505  0.00773164
           7    0.429162    0.443171  0.00693902
           8    0.413499    0.439462  0.00706177
           9     0.45527    0.441218  0.00647086
          10    0.436835     0.44078  0.00580428
          11    0.450597    0.441672  0.00532548
          12    0.447123    0.442127  0.00488265
          13    0.421076    0.440507  0.00477436
          14    0.401208      0.4377  0.00523621
          15    0.447488    0.438353  0.00491812
          16    0.415555    0.436928  0.00481608
          17    0.434983    0.436814  0.00452537
          18    0.445933     0.43732  0.00429653
          19    0.408643    0.435811  0.00433533
          20    0.443515    0.436196  0.00413086
          21    0.428006    0.435806  0.00394854
          22    0.433225    0.435689  0.00376661
          23    0.442806    0.435998   0.0036124
          24    0.440428    0.436183  0.00346353
          25    0.414691    0.435323  0.00343153
          26    0.402425    0.434058  0.00353138
          27    0.398808    0.432752  0.00364024
          28    0.385369     0.43106  0.00389468
          29    0.480109    0.432751  0.00412105
          30    0.443333    0.433104  0.00399691
          31    0.402132    0.432105  0.00399284
          32     0.42596    0.431913  0.00387082
          33    0.399146     0.43092  0.00388086
          34    0.426532    0.430791   0.0037672
          35    0.446442    0.431238  0.00368521
          36    0.426478    0.431106  0.00358383
          37    0.459496    0.431873  0.00356907
          38     0.43429    0.431937  0.00347446
          39    0.425222    0.431764  0.00338858
          40    0.478919    0.432943  0.00350686
          41    0.439784     0.43311  0.00342432
          42    0.402223    0.432375  0.00342176
          43    0.432129    0.432369  0.00334124
          44     0.41675    0.432014  0.00328366
          45    0.452586    0.432471  0.00324225
          46    0.434939    0.432525  0.00317144
          47    0.409413    0.432033  0.00314195
          48    0.438872    0.432176  0.00307909
          49     0.37868    0.431084  0.00320714
          50    0.449442    0.431451  0.00316372
          51    0.406533    0.430962  0.00313932
          52    0.433374    0.431009  0.00307871
          53    0.434495    0.431075  0.00302078
          54    0.443998    0.431314  0.00297395
          55    0.390482    0.430572   0.0030123
          56    0.407891    0.430167  0.00298562
          57    0.441474    0.430365  0.00293947
          58    0.428438    0.430332  0.00288854
          59    0.439669     0.43049  0.00284357
          60    0.412403    0.430189  0.00281198
          61    0.428002    0.430153  0.00276573
          62    0.399828    0.429664  0.00276436
          63    0.403231    0.429244   0.0027523
          64    0.428594    0.429234  0.00270897
          65    0.413288    0.428989  0.00267823
          66     0.40774    0.428667  0.00265692
          67    0.451808    0.429012  0.00263966
          68    0.440212    0.429177  0.00260576
          69    0.420655    0.429053  0.00257068
          70     0.45311    0.429397  0.00255689
          71    0.406584    0.429076  0.00254102
          72    0.451547    0.429388  0.00252484
          73    0.435671    0.429474   0.0024915
          74    0.427328    0.429445  0.00245778
          75    0.357429    0.428485  0.00260798
          76    0.407563    0.428209  0.00258812
          77    0.444903    0.428426  0.00256347
          78    0.383598    0.427851  0.00259484
          79     0.43833    0.427984  0.00256521
          80    0.470831     0.42852  0.00258895
          81    0.392101     0.42807  0.00259602
          82    0.426666    0.428053  0.00256422
          83    0.413019    0.427872  0.00253961
          84    0.456148    0.428208  0.00253167
          85    0.416318    0.428068  0.00250562
          86    0.470811    0.428565  0.00252569
          87    0.443507    0.428737  0.00250239
          88    0.434109    0.428798  0.00247455
          89    0.431891    0.428833  0.00244683
          90    0.442388    0.428984  0.00242418
          91    0.418961    0.428873  0.00239992
          92    0.399267    0.428552   0.0023954
          93    0.456491    0.428852  0.00238847
          94    0.412226    0.428675  0.00236954
          95    0.468506    0.429094  0.00238166
          96    0.446955     0.42928  0.00236405
          97     0.41522    0.429136  0.00234404
          98    0.426249    0.429106  0.00232018
          99    0.448111    0.429298  0.00230464
         100    0.428423    0.429289  0.00228149
