           1   -0.918512   -0.918512           0
           2   -0.913672   -0.916092     0.00242
           3   -0.922648   -0.918277   0.0025938
           4   -0.908144   -0.915744  0.00312757
           5   -0.912944   -0.915184  0.00248649
           6   -0.911912   -0.914639  0.00210217
           7    -0.90532   -0.913307  0.00222007
           8   -0.909896   -0.912881  0.00196936
           9   -0.907376   -0.912269  0.00184137
          10   -0.919488   -0.912991  0.00179823
          11   -0.906104   -0.912365   0.0017429
          12   -0.918288   -0.912859  0.00166584
          13   -0.909616   -0.912609  0.00155252
          14   -0.912504   -0.912602  0.00143737
          15   -0.914648   -0.912738  0.00134506
          16   -0.913784   -0.912803  0.00125988
          17   -0.912544   -0.912788  0.00118355
          18   -0.922304   -0.913317  0.00123476
          19   -0.915224   -0.913417  0.00117227
          20   -0.911192   -0.913306  0.00111766
          21   -0.913856   -0.913332  0.00106343
          22   -0.913448   -0.913337  0.00101396
          23   -0.914904   -0.913406 0.000971262
          24   -0.916704   -0.913543 0.000940013
          25   -0.909008   -0.913362 0.000919696
          26   -0.912464   -0.913327  0.00088429
          27   -0.908872   -0.913162 0.000866759
          28    -0.89852   -0.912639 0.000985427
          29     -0.9166   -0.912776 0.000960599
          30    -0.91628   -0.912893 0.000935349
          31    -0.91484   -0.912955 0.000906852
          32   -0.920032   -0.913176 0.000905476
          33   -0.911272   -0.913119 0.000879504
          34    -0.90704    -0.91294 0.000871775
          35   -0.906552   -0.912757 0.000865953
          36   -0.918824   -0.912926 0.000858261
          37   -0.920376   -0.913127 0.000858683
          38   -0.918864   -0.913278 0.000849306
          39   -0.911696   -0.913238 0.000828236
          40   -0.913512   -0.913245 0.000807294
          41   -0.918128   -0.913364 0.000796316
          42   -0.913384   -0.913364 0.000777125
          43   -0.912776   -0.913351  0.00075896
          44    -0.91516   -0.913392  0.00074265
          45   -0.912184   -0.913365 0.000726455
          46   -0.912392   -0.913344 0.000710802
          47   -0.919032   -0.913465 0.000705966
          48   -0.916952   -0.913537  0.00069491
          49   -0.917848   -0.913625 0.000686243
          50   -0.922648   -0.913806 0.000696172
          51   -0.912912   -0.913788  0.00068261
          52    -0.91316   -0.913776 0.000669463
          53    -0.92044   -0.913902 0.000668638
          54   -0.914296   -0.913909  0.00065618
          55    -0.91148   -0.913865 0.000645651
          56     -0.9178   -0.913935 0.000637899
          57   -0.916408   -0.913979 0.000628108
          58   -0.912232   -0.913949 0.000617917
          59      -0.916   -0.913983 0.000608348
          60   -0.915336   -0.914006 0.000598548
          61    -0.90784   -0.913905 0.000597269
          62   -0.910808   -0.913855 0.000589676
          63   -0.908712   -0.913773 0.000585955
          64   -0.913344   -0.913766 0.000576766
          65   -0.916672   -0.913811  0.00056958
          66     -0.9158   -0.913841 0.000561692
          67   -0.914416    -0.91385 0.000553312
          68   -0.913864    -0.91385 0.000545114
          69   -0.915472   -0.913874  0.00053767
          70   -0.920992   -0.913975 0.000539602
          71    -0.91092   -0.913932 0.000533686
          72   -0.914112   -0.913935 0.000526227
          73   -0.912336   -0.913913  0.00051943
          74   -0.911536   -0.913881 0.000513369
          75   -0.914952   -0.913895 0.000506679
          76   -0.922248   -0.914005 0.000511905
          77   -0.914464   -0.914011 0.000505249
          78   -0.916056   -0.914037 0.000499418
          79   -0.913872   -0.914035  0.00049306
          80     -0.9078   -0.913957 0.000493057
          81   -0.917224   -0.913997 0.000488599
          82   -0.919344   -0.914063 0.000486988
          83   -0.911808   -0.914035 0.000481851
          84    -0.91948     -0.9141 0.000480472
          85   -0.916056   -0.914123 0.000475343
          86   -0.913864    -0.91412 0.000469793
          87   -0.916768   -0.914151 0.000465358
          88   -0.913432   -0.914143 0.000460112
          89   -0.911248    -0.91411 0.000456074
          90   -0.913496   -0.914103  0.00045103
          91   -0.911984    -0.91408 0.000446653
          92   -0.914728   -0.914087 0.000441828
          93    -0.91464   -0.914093 0.000437092
          94    -0.90908    -0.91404 0.000435693
          95   -0.909592   -0.913993 0.000433617
          96   -0.914024   -0.913993 0.000429076
          97   -0.918928   -0.914044 0.000427667
          98   -0.909656   -0.913999 0.000425642
          99   -0.908728   -0.913946 0.000424672
         100   -0.910792   -0.913914 0.000421585
