           1   -0.759409   -0.759409           0
           2   -0.747363   -0.753386   0.0060228
           3    -0.75651   -0.754427  0.00362988
           4   -0.745066   -0.752087  0.00347359
           5   -0.748524   -0.751374  0.00278339
           6   -0.764044   -0.753486  0.00310221
           7   -0.756436   -0.753907   0.0026555
           8   -0.760239   -0.754699  0.00243212
           9   -0.756328    -0.75488  0.00215255
          10   -0.756306   -0.755023  0.00193058
          11   -0.755926   -0.755105   0.0017482
          12    -0.75564   -0.755149  0.00159651
          13   -0.754474   -0.755097  0.00146949
          14   -0.762239   -0.755608  0.00145298
          15    -0.75339    -0.75546   0.0013607
          16   -0.755635   -0.755471  0.00127287
          17   -0.748063   -0.755035  0.00127257
          18   -0.750031   -0.754757  0.00123158
          19   -0.756196   -0.754833  0.00116741
          20   -0.753638   -0.754773  0.00110912
          21   -0.764684   -0.755245  0.00115574
          22   -0.756615   -0.755307  0.00110371
          23   -0.757907    -0.75542  0.00106067
          24   -0.760214    -0.75562  0.00103497
          25   -0.759442   -0.755773  0.00100441
          26   -0.751928   -0.755625  0.00097627
          27   -0.753731   -0.755555 0.000942031
          28    -0.75773   -0.755632 0.000911081
          29   -0.760126   -0.755787 0.000892657
          30   -0.759509   -0.755911 0.000871264
          31   -0.751674   -0.755775 0.000853707
          32   -0.757062   -0.755815 0.000827577
          33   -0.756581   -0.755838 0.000802442
          34   -0.749806   -0.755661 0.000798442
          35   -0.755854   -0.755666 0.000775313
          36   -0.759694   -0.755778 0.000761732
          37   -0.752746   -0.755696 0.000745376
          38   -0.757517   -0.755744 0.000727076
          39   -0.747309   -0.755528 0.000740481
          40    -0.75602    -0.75554 0.000721836
          41   -0.756915   -0.755574 0.000704809
          42   -0.758722   -0.755649 0.000691894
          43   -0.754405    -0.75562 0.000676231
          44   -0.754854   -0.755602 0.000660913
          45   -0.748903   -0.755453 0.000662989
          46   -0.755474   -0.755454 0.000648417
          47   -0.753655   -0.755416 0.000635624
          48   -0.762562   -0.755565 0.000639806
          49   -0.755977   -0.755573 0.000626669
          50   -0.760013   -0.755662 0.000620395
          51   -0.753875   -0.755627 0.000609117
          52   -0.760961   -0.755729 0.000606033
          53    -0.75439   -0.755704 0.000595025
          54    -0.75212   -0.755638 0.000587662
          55   -0.755429   -0.755634 0.000576891
          56   -0.759548   -0.755704 0.000570791
          57   -0.755412   -0.755699 0.000560711
          58   -0.755744   -0.755699  0.00055096
          59   -0.757497    -0.75573 0.000542397
          60   -0.754179   -0.755704 0.000533906
          61   -0.760589   -0.755784 0.000531152
          62   -0.760063   -0.755853 0.000527053
          63   -0.753154    -0.75581 0.000520386
          64   -0.757193   -0.755832 0.000512645
          65   -0.758614   -0.755875 0.000506509
          66   -0.755981   -0.755876 0.000498778
          67   -0.759296   -0.755927 0.000493922
          68    -0.75969   -0.755983 0.000489739
          69    -0.75253   -0.755933 0.000485177
          70    -0.75262   -0.755885 0.000480532
          71   -0.749356   -0.755793 0.000482559
          72   -0.759255   -0.755841 0.000478233
          73   -0.758556   -0.755879   0.0004731
          74   -0.755665   -0.755876 0.000466672
          75   -0.760126   -0.755932 0.000463883
          76   -0.756469   -0.755939 0.000457793
          77   -0.758416   -0.755972 0.000452952
          78   -0.756854   -0.755983  0.00044725
          79    -0.75033   -0.755911 0.000447312
          80    -0.75267   -0.755871 0.000443539
          81    -0.75741    -0.75589 0.000438441
          82   -0.754849   -0.755877 0.000433247
          83   -0.759242   -0.755918 0.000429912
          84   -0.755719   -0.755915 0.000424769
          85   -0.761374    -0.75598 0.000424627
          86   -0.761349   -0.756042 0.000424279
          87   -0.757547   -0.756059 0.000419731
          88   -0.754378    -0.75604 0.000415373
          89   -0.758072   -0.756063 0.000411314
          90   -0.754382   -0.756044 0.000407147
          91   -0.753778   -0.756019 0.000403418
          92   -0.755754   -0.756017 0.000399019
          93   -0.751368   -0.755967 0.000397857
          94   -0.751721   -0.755921 0.000396185
          95   -0.753412   -0.755895 0.000392882
          96   -0.747154   -0.755804 0.000399287
          97   -0.756206   -0.755808 0.000395171
          98   -0.758219   -0.755833 0.000391891
          99   -0.756474   -0.755839 0.000387966
         100   -0.758566   -0.755866 0.000385034
