           1    0.482684    0.482684           0
           2    0.464056     0.47337    0.009314
           3    0.480312    0.475684  0.00585418
           4    0.466008    0.473265  0.00479451
           5     0.47086    0.472784  0.00374483
           6     0.49518    0.476517  0.00482514
           7     0.47814    0.476749  0.00408457
           8    0.488996    0.478279  0.00385442
           9      0.4816    0.478648  0.00341924
          10    0.479532    0.478737  0.00305954
          11    0.480832    0.478927    0.002774
          12      0.4814    0.479133  0.00254068
          13    0.478172    0.479059  0.00233825
          14    0.494396    0.480155   0.0024262
          15    0.473432    0.479707   0.0023027
          16    0.482616    0.479888  0.00216164
          17    0.465396    0.479036  0.00220221
          18    0.468076    0.478427   0.0021637
          19     0.48086    0.478555  0.00205066
          20    0.481788    0.478717  0.00195213
          21     0.49154    0.479327  0.00195467
          22    0.480916      0.4794  0.00186511
          23    0.480536    0.479449  0.00178286
          24    0.489988    0.479888  0.00176253
          25    0.484528    0.480074  0.00170072
          26      0.4766     0.47994  0.00163945
          27    0.474976    0.479756  0.00158824
          28    0.481088    0.479804  0.00153121
          29    0.488192    0.480093  0.00150551
          30    0.486744    0.480315  0.00147126
          31    0.473928    0.480109  0.00143785
          32    0.480912    0.480134  0.00139241
          33    0.478904    0.480097  0.00135007
          34    0.470552    0.479816  0.00133951
          35    0.480952    0.479848  0.00130108
          36    0.484392    0.479975  0.00127071
          37    0.472292    0.479767  0.00125321
          38    0.484504    0.479892  0.00122614
          39    0.467344     0.47957  0.00123686
          40     0.48306    0.479657   0.0012087
          41    0.479256    0.479647  0.00117889
          42    0.483088    0.479729  0.00115339
          43    0.477264    0.479672  0.00112771
          44    0.481988    0.479725  0.00110303
          45    0.467396    0.479451  0.00111251
          46    0.478812    0.479437  0.00108814
          47    0.475316    0.479349  0.00106834
          48    0.489932    0.479569  0.00106883
          49    0.480604    0.479591  0.00104701
          50    0.490064      0.4798  0.00104702
          51    0.479536    0.479795   0.0010263
          52    0.492404    0.480037  0.00103517
          53    0.473952    0.479923  0.00102192
          54     0.47336    0.479801  0.00101015
          55    0.481064    0.479824 0.000991883
          56     0.49226    0.480046 0.000999005
          57      0.4755    0.479966 0.000984558
          58     0.48444    0.480043 0.000970504
          59    0.489324    0.480201 0.000966795
          60    0.481696    0.480226 0.000950872
          61    0.490784    0.480399 0.000951037
          62    0.491516    0.480578   0.0009526
          63    0.471452    0.480433 0.000948485
          64    0.482684    0.480468 0.000934209
          65    0.483992    0.480523 0.000921321
          66    0.484144    0.480577 0.000908912
          67     0.48792    0.480687 0.000901926
          68    0.492768    0.480865  0.00090615
          69    0.473048    0.480751 0.000900079
          70     0.47334    0.480646 0.000893423
          71     0.46826    0.480471 0.000897859
          72    0.491796    0.480628 0.000899165
          73     0.48786    0.480727 0.000892278
          74    0.482644    0.480753 0.000880519
          75    0.492632    0.480912 0.000883019
          76    0.481384    0.480918 0.000871346
          77     0.48564    0.480979 0.000862139
          78    0.480472    0.480973 0.000851039
          79    0.471012    0.480847 0.000849605
          80    0.476672    0.480794 0.000840539
          81    0.483408    0.480827 0.000830724
          82    0.483124    0.480855 0.000821009
          83    0.482412    0.480874 0.000811274
          84    0.481596    0.480882 0.000801604
          85    0.488632    0.480973 0.000797347
          86    0.493664    0.481121 0.000801719
          87    0.478736    0.481093 0.000792924
          88    0.484132    0.481128 0.000784622
          89     0.48704    0.481194 0.000778595
          90    0.478988     0.48117 0.000770285
          91    0.480608    0.481164 0.000761798
          92    0.476772    0.481116 0.000754983
          93      0.4788    0.481091 0.000747236
          94    0.470804    0.480982 0.000747301
          95     0.47942    0.480965 0.000739575
          96    0.469852    0.480849  0.00074093
          97    0.488512    0.480928 0.000737495
          98    0.485336    0.480973 0.000731315
          99    0.480488    0.480969 0.000723907
         100    0.485112     0.48101 0.000717828
