           1     1.83554     1.83554           0
           2     1.86396     1.84975   0.0142102
           3     1.86795     1.85582   0.0102026
           4     1.89737     1.86621   0.0126477
           5     1.95628     1.88422   0.0205056
           6     1.90547     1.88776   0.0171134
           7     1.95353     1.89716   0.0172472
           8     1.78401     1.88301   0.0205706
           9     1.80835     1.87472   0.0199482
          10     1.90892     1.87814   0.0181671
          11     1.85378     1.87592   0.0165813
          12      1.8814     1.87638   0.0151434
          13     1.84096     1.87366   0.0141939
          14     1.78743      1.8675   0.0145127
          15     1.86528     1.86735   0.0135114
          16     1.85479     1.86656   0.0126631
          17     1.91203     1.86924   0.0121919
          18     1.93558     1.87292   0.0120711
          19       1.874     1.87298   0.0114182
          20     1.90428     1.87455   0.0109448
          21     1.87164     1.87441   0.0104115
          22     1.90376     1.87574   0.0100162
          23     1.93717     1.87841  0.00993647
          24     1.92551     1.88038  0.00971377
          25     1.96841      1.8839  0.00996034
          26     1.87709     1.88363  0.00957317
          27     1.85394     1.88253  0.00927721
          28     1.96004      1.8853  0.00935844
          29     1.80752     1.88262  0.00941992
          30     1.81902      1.8805  0.00934416
          31     1.88025     1.88049  0.00903771
          32     1.89681       1.881  0.00876557
          33      1.8334     1.87956  0.00861737
          34      1.9245     1.88088  0.00846393
          35     1.88305     1.88094  0.00821878
          36     1.81303     1.87906  0.00820699
          37     1.88056      1.8791   0.0079822
          38     1.86093     1.87862    0.007784
          39     1.90351     1.87926   0.0076086
          40      1.9152     1.88016  0.00747019
          41     1.91274     1.88095  0.00732893
          42     1.82554     1.87963  0.00727299
          43     1.84101     1.87873   0.0071584
          44     1.81059     1.87718  0.00716322
          45     1.92202     1.87818  0.00707275
          46     1.83997     1.87735  0.00696699
          47     1.94994     1.87889  0.00698989
          48     1.89191     1.87917  0.00684809
          49     1.82558     1.87807  0.00679544
          50     1.70189     1.87455  0.00753309
          51     1.90845     1.87521  0.00741377
          52     1.85996     1.87492  0.00727572
          53      1.9316     1.87599  0.00721681
          54     1.86663     1.87582  0.00708403
          55     1.88997     1.87607  0.00695879
          56     1.76159     1.87403  0.00713267
          57     1.81869     1.87306  0.00707335
          58     1.83315     1.87237   0.0069843
          59      1.7618      1.8705  0.00711612
          60     1.84067        1.87  0.00701415
          61     1.78359     1.86858  0.00704216
          62     1.82685     1.86791  0.00696027
          63     1.93266     1.86894  0.00692558
          64     1.83745     1.86845  0.00683424
          65     1.88982     1.86877  0.00673631
          66     1.82313     1.86808  0.00666941
          67     1.81792     1.86733  0.00661164
          68     1.74757     1.86557   0.0067476
          69     1.83948     1.86519  0.00665983
          70     1.82878     1.86467  0.00658458
          71     1.93695     1.86569  0.00657051
          72      1.7055     1.86347  0.00685002
          73     1.92677     1.86433  0.00681095
          74     1.77401     1.86311  0.00682827
          75     1.74575     1.86155  0.00691598
          76     1.90465     1.86212   0.0068479
          77     1.83477     1.86176   0.0067677
          78     1.85895     1.86172  0.00668047
          79     1.90066     1.86222  0.00661375
          80     1.83173     1.86184  0.00654167
          81     1.80547     1.86114  0.00649777
          82     1.88684     1.86145  0.00642569
          83     1.96049     1.86265  0.00645897
          84     1.92881     1.86343  0.00643004
          85     1.92515     1.86416   0.0063953
          86     1.77968     1.86318  0.00639638
          87     1.94123     1.86408  0.00638576
          88      1.8243     1.86362  0.00632894
          89     1.77211      1.8626  0.00634135
          90     1.89322     1.86294  0.00627973
          91     1.78467     1.86208  0.00626961
          92     2.02889     1.86389  0.00646073
          93      1.9025      1.8643  0.00640436
          94     1.91176     1.86481  0.00635594
          95     1.93104     1.86551   0.0063272
          96     1.80245     1.86485  0.00629531
          97     1.76932     1.86386  0.00630744
          98      1.8447     1.86367  0.00624581
          99     1.85425     1.86357  0.00618313
         100     1.84309     1.86337  0.00612441
