           1    0.531623    0.531623           0
           2    0.523628    0.527625  0.00399751
           3    0.525804    0.527018  0.00238647
           4     0.52747    0.527131  0.00169126
           5    0.538172    0.529339   0.0025676
           6    0.543574    0.531712  0.00316603
           7    0.523895    0.530595  0.00289944
           8    0.529899    0.530508  0.00251249
           9    0.531249     0.53059  0.00221734
          10    0.541264    0.531658  0.00225223
          11    0.540599    0.532471  0.00219338
          12    0.538538    0.532976  0.00206513
          13    0.542686    0.533723  0.00204121
          14    0.543737    0.534438  0.00202062
          15    0.532608    0.534316  0.00188505
          16    0.523562    0.533644  0.00188707
          17    0.529071    0.533375  0.00179289
          18    0.537926    0.533628  0.00170916
          19    0.532091    0.533547  0.00161872
          20    0.542199     0.53398  0.00159542
          21    0.548379    0.534665  0.00166526
          22    0.556806    0.535672  0.00187983
          23    0.534423    0.535617  0.00179706
          24    0.543223    0.535934   0.0017495
          25    0.566129    0.537142  0.00206751
          26    0.547882    0.537555  0.00202889
          27    0.541177    0.537689   0.0019569
          28    0.537059    0.537667  0.00188585
          29    0.521911    0.537123  0.00189903
          30    0.541918    0.537283  0.00184159
          31    0.547639    0.537617  0.00181225
          32    0.521796    0.537123  0.00182302
          33    0.526564    0.536803  0.00179565
          34      0.5412    0.536932  0.00174683
          35    0.544177    0.537139  0.00170877
          36    0.537729    0.537156  0.00166071
          37     0.53145    0.537001  0.00162255
          38    0.533335    0.536905  0.00158221
          39    0.543546    0.537075  0.00155049
          40    0.533663     0.53699  0.00151364
          41    0.541167    0.537092  0.00147977
          42    0.525654     0.53682  0.00146956
          43     0.52452    0.536533  0.00146321
          44    0.526992    0.536317  0.00144592
          45    0.544722    0.536503  0.00142571
          46    0.534391    0.536458  0.00139513
          47    0.544883    0.536637  0.00137684
          48    0.547142    0.536856   0.0013655
          49    0.525659    0.536627  0.00135673
          50    0.512564    0.536146  0.00141375
          51    0.554583    0.536507  0.00143213
          52    0.556162    0.536885   0.0014543
          53    0.539708    0.536939  0.00142759
          54    0.522417     0.53667  0.00142648
          55    0.549843    0.536909  0.00142064
          56    0.535791    0.536889  0.00139519
          57    0.527986    0.536733  0.00137936
          58    0.534263     0.53669  0.00135604
          59     0.53212    0.536613  0.00133511
          60    0.552519    0.536878  0.00133917
          61    0.534896    0.536846  0.00131743
          62    0.553712    0.537118  0.00132425
          63    0.535183    0.537087  0.00130343
          64    0.542181    0.537166  0.00128536
          65    0.537524    0.537172  0.00126545
          66    0.531599    0.537088  0.00124898
          67    0.523603    0.536886  0.00124656
          68     0.52529    0.536716  0.00123987
          69    0.524288    0.536536  0.00123498
          70    0.538512    0.536564  0.00121753
          71    0.536515    0.536563  0.00120026
          72    0.530903    0.536485  0.00118608
          73    0.550575    0.536678  0.00118554
          74    0.525121    0.536521  0.00117979
          75    0.525915     0.53638  0.00117251
          76    0.526795    0.536254  0.00116384
          77    0.536309    0.536255  0.00114862
          78    0.540924    0.536314  0.00113538
          79     0.53644    0.536316  0.00112092
          80    0.540234    0.536365   0.0011079
          81    0.532464    0.536317   0.0010952
          82    0.532506     0.53627  0.00108276
          83    0.540945    0.536327  0.00107111
          84    0.545856     0.53644  0.00106435
          85    0.542047    0.536506  0.00105382
          86    0.524948    0.536372  0.00105013
          87    0.526729    0.536261  0.00104389
          88    0.533968    0.536235  0.00103229
          89    0.545631     0.53634  0.00102607
          90    0.545662    0.536444  0.00101988
          91    0.521201    0.536276  0.00102242
          92    0.541134    0.536329  0.00101262
          93    0.547328    0.536448  0.00100863
          94    0.542426    0.536511 0.000999871
          95    0.532407    0.536468 0.000990232
          96    0.521431    0.536311 0.000992303
          97    0.533723    0.536285 0.000982382
          98    0.538588    0.536308  0.00097259
          99    0.540183    0.536347 0.000963511
         100     0.53464     0.53633  0.00095398
