           1     7.92006     7.92006           0
           2      7.1535     7.53678     0.38328
           3     7.12452     7.39936    0.260485
           4     6.91265     7.27768    0.220753
           5     8.02853     7.42785    0.227574
           6     7.42284     7.42702    0.185815
           7     6.81184     7.33913     0.17996
           8     6.93117     7.28814    0.163981
           9     7.39025     7.29948    0.145062
          10     7.32279     7.30182    0.129768
          11     7.98434     7.36386    0.132771
          12     7.19085     7.34945    0.122057
          13     7.24366     7.34131    0.112571
          14     7.13227     7.32638    0.105284
          15      7.5238     7.33954    0.098894
          16     7.75714     7.36564   0.0961182
          17      7.1433     7.35256   0.0912297
          18     7.76474     7.37546   0.0890081
          19     7.66922     7.39092   0.0856011
          20     5.98596     7.32067    0.107376
          21     7.26218     7.31789    0.102173
          22     7.61212     7.33126   0.0983317
          23     7.28722     7.32935   0.0939787
          24      7.8797     7.35228   0.0928539
          25     6.66721     7.32487   0.0931827
          26     6.81802     7.30538   0.0916249
          27     7.88004     7.32666   0.0906987
          28     8.02761      7.3517   0.0909139
          29     7.16838     7.34538   0.0879505
          30     6.92722     7.33144   0.0861039
          31     7.12469     7.32477   0.0835466
          32     7.55255     7.33189   0.0812063
          33     7.74718     7.34447   0.0797067
          34     7.10241     7.33735    0.077654
          35     7.51732     7.34249   0.0755778
          36     6.83107     7.32829   0.0748096
          37     7.33678     7.32852     0.07276
          38     7.59061     7.33541   0.0711545
          39     7.06002     7.32835   0.0696648
          40     6.02867     7.29586   0.0752745
          41     7.01545     7.28902   0.0737335
          42      7.2217     7.28742   0.0719744
          43     7.17633     7.28484   0.0703281
          44      7.0653     7.27985    0.068892
          45     8.31675     7.30289   0.0711767
          46     6.52056     7.28588   0.0716596
          47     7.76153       7.296   0.0708449
          48     6.45002     7.27838   0.0715577
          49      7.2659     7.27812   0.0700826
          50     7.58172     7.28419   0.0689346
          51     7.68378     7.29203   0.0680221
          52     7.69383     7.29976   0.0671472
          53     8.16461     7.31607   0.0678593
          54     7.12446     7.31253   0.0666853
          55     7.09633      7.3086   0.0655795
          56     7.47421     7.31155   0.0644657
          57       7.053     7.30702   0.0634868
          58      6.6927     7.29642   0.0632754
          59     7.70097     7.30328   0.0625705
          60     7.40146     7.30492   0.0615406
          61     8.72818     7.32825   0.0648649
          62     7.32666     7.32822   0.0638102
          63     7.38414     7.32911   0.0627954
          64     8.24702     7.34345   0.0634487
          65     6.67232     7.33313   0.0633126
          66     7.12373     7.32996   0.0624266
          67     7.26741     7.32902   0.0614949
          68      7.6085     7.33313    0.060723
          69     7.60786     7.33711   0.0599688
          70     7.37847     7.33771   0.0591089
          71      7.3789     7.33829   0.0582733
          72     7.18578     7.33617   0.0574973
          73     7.00388     7.33162   0.0568866
          74     7.53244     7.33433   0.0561782
          75     7.20579     7.33262   0.0554505
          76     7.92164     7.34037   0.0552622
          77     6.53189     7.32987   0.0555413
          78     7.38006     7.33051   0.0548284
          79     7.05831     7.32706   0.0542395
          80      8.5012     7.34174   0.0555318
          81     8.07422     7.35078   0.0555824
          82     7.41262     7.35154   0.0549056
          83     7.41548     7.35231   0.0542455
          84     7.85132     7.35825   0.0539241
          85     8.01638     7.36599   0.0538455
          86     6.94687     7.36112   0.0534384
          87     7.25891     7.35994   0.0528336
          88     7.26255     7.35884   0.0522415
          89     7.60798     7.36164    0.051727
          90     6.44825     7.35149   0.0521462
          91     6.93414      7.3469   0.0517735
          92     6.85097     7.34151   0.0514906
          93      7.2903     7.34096   0.0509369
          94     7.46018     7.34223    0.050408
          95     7.64482     7.34541   0.0499762
          96     7.24478     7.34436    0.049464
          97     7.56878     7.34668    0.049006
          98     7.41146     7.34734   0.0485079
          99     7.05646      7.3444   0.0481052
         100     8.01849     7.35114   0.0480965
