           1   -0.759936   -0.759936           0
           2   -0.765736   -0.762836      0.0029
           3   -0.760296   -0.761989  0.00187621
           4   -0.756608   -0.760644  0.00188945
           5   -0.759208   -0.760357  0.00149147
           6   -0.762008   -0.760632  0.00124849
           7    -0.76288   -0.760953  0.00110296
           8   -0.763368   -0.761255  0.00100175
           9   -0.763808   -0.761539 0.000927883
          10   -0.760488   -0.761434 0.000836548
          11   -0.764264   -0.761691 0.000799238
          12   -0.757912   -0.761376 0.000794661
          13   -0.764136   -0.761588 0.000761189
          14   -0.762616   -0.761662 0.000708537
          15   -0.759024   -0.761486  0.00068265
          16   -0.759616   -0.761369 0.000649166
          17   -0.761464   -0.761375 0.000609811
          18    -0.75852   -0.761216 0.000596407
          19      -0.763    -0.76131 0.000571905
          20   -0.758472   -0.761168 0.000560805
          21   -0.762512   -0.761232 0.000537257
          22    -0.76248   -0.761289 0.000515386
          23   -0.764656   -0.761435 0.000513769
          24   -0.764936   -0.761581 0.000513069
          25    -0.76372   -0.761667 0.000499501
          26   -0.759872   -0.761598 0.000484843
          27   -0.765128   -0.761728 0.000484518
          28   -0.763952   -0.761808   0.0004736
          29   -0.759496   -0.761728 0.000463878
          30   -0.760664   -0.761693 0.000449549
          31   -0.759888   -0.761634 0.000438685
          32   -0.764576   -0.761726 0.000434589
          33   -0.762936   -0.761763 0.000422806
          34   -0.757904   -0.761649 0.000425595
          35   -0.764056   -0.761718 0.000418938
          36   -0.761224   -0.761704 0.000407365
          37   -0.758984   -0.761631 0.000402967
          38    -0.76308   -0.761669 0.000394069
          39   -0.762064   -0.761679 0.000383965
          40    -0.75868   -0.761604  0.00038168
          41    -0.76052   -0.761578 0.000373192
          42   -0.765456    -0.76167 0.000375722
          43   -0.766064   -0.761772 0.000380845
          44   -0.760912   -0.761753 0.000372602
          45   -0.763784   -0.761798 0.000367014
          46   -0.758752   -0.761732 0.000365003
          47   -0.759184   -0.761677 0.000361243
          48   -0.757496    -0.76159 0.000364208
          49   -0.764648   -0.761653 0.000362115
          50   -0.763096   -0.761682 0.000355971
          51    -0.76008    -0.76165 0.000350332
          52    -0.76056   -0.761629 0.000344168
          53   -0.765064   -0.761694 0.000343776
          54    -0.76148    -0.76169 0.000337373
          55    -0.75952   -0.761651 0.000333524
          56    -0.76156   -0.761649 0.000327518
          57   -0.763744   -0.761686 0.000323813
          58   -0.760008   -0.761657 0.000319493
          59    -0.76248   -0.761671 0.000314341
          60   -0.761704   -0.761671 0.000309058
          61   -0.766288   -0.761747 0.000313231
          62   -0.759872   -0.761717 0.000309618
          63   -0.764896   -0.761767 0.000308814
          64   -0.762496   -0.761779 0.000304164
          65   -0.761168   -0.761769 0.000299595
          66   -0.760136   -0.761744 0.000296057
          67   -0.762544   -0.761756 0.000291849
          68   -0.760072   -0.761732  0.00028859
          69   -0.764368    -0.76177 0.000286932
          70   -0.759584   -0.761739 0.000284522
          71   -0.763912   -0.761769 0.000282152
          72   -0.758536   -0.761724 0.000281806
          73   -0.760344   -0.761705 0.000278562
          74   -0.760832   -0.761694 0.000275025
          75    -0.76436   -0.761729 0.000273652
          76   -0.763928   -0.761758 0.000271573
          77    -0.76128   -0.761752 0.000268095
          78   -0.762336   -0.761759 0.000264741
          79   -0.758904   -0.761723 0.000263856
          80   -0.762056   -0.761727  0.00026057
          81   -0.764928   -0.761767 0.000260349
          82   -0.761032   -0.761758 0.000257311
          83   -0.760736   -0.761746  0.00025449
          84   -0.764144   -0.761774 0.000253058
          85   -0.764208   -0.761803 0.000251697
          86   -0.754552   -0.761719 0.000262653
          87   -0.758464   -0.761681 0.000262297
          88   -0.762096   -0.761686 0.000259342
          89   -0.762584   -0.761696  0.00025661
          90   -0.759464   -0.761671 0.000254952
          91     -0.7576   -0.761626 0.000256073
          92   -0.761792   -0.761628 0.000253281
          93   -0.758312   -0.761593 0.000253067
          94   -0.763768   -0.761616 0.000251428
          95   -0.760792   -0.761607 0.000248918
          96    -0.75812   -0.761571 0.000248976
          97   -0.765112   -0.761607 0.000249086
          98   -0.761944   -0.761611 0.000246555
          99   -0.757016   -0.761564 0.000248425
         100    -0.76664   -0.761615 0.000251112
