           1     0.43296     0.43296           0
           2    0.421171    0.427065  0.00589444
           3    0.423132    0.425754  0.00364703
           4    0.426113    0.425844   0.0025804
           5    0.432833    0.427242  0.00243903
           6    0.415638    0.425308  0.00277591
           7    0.428769    0.425802  0.00239763
           8    0.396649    0.422158  0.00419422
           9    0.419819    0.421898  0.00370807
          10    0.408916      0.4206  0.00356162
          11    0.427027    0.421184  0.00327416
          12    0.418758    0.420982  0.00299572
          13    0.417097    0.420683  0.00277182
          14    0.403402    0.419449  0.00284765
          15    0.418512    0.419386  0.00265175
          16    0.423737    0.419658  0.00249534
          17    0.409717    0.419073  0.00241581
          18    0.424626    0.419382  0.00229845
          19     0.40803    0.418784  0.00225472
          20    0.420523    0.418871  0.00214078
          21     0.41306    0.418595    0.002055
          22    0.399372    0.417721  0.00214535
          23     0.40634    0.417226  0.00210883
          24    0.423262    0.417478  0.00203465
          25    0.413356    0.417313  0.00195852
          26    0.411967    0.417107  0.00189289
          27    0.423933     0.41736  0.00183889
          28    0.420595    0.417476  0.00177576
          29    0.414611    0.417377  0.00171628
          30    0.420362    0.417476  0.00166107
          31    0.396991    0.416815  0.00173718
          32    0.416361    0.416801  0.00168208
          33    0.426097    0.417083  0.00165447
          34     0.42026    0.417176  0.00160779
          35    0.414633    0.417104  0.00156286
          36    0.428501     0.41742  0.00155148
          37    0.410796    0.417241  0.00151954
          38    0.417414    0.417246  0.00147902
          39    0.405739    0.416951   0.0014705
          40    0.407817    0.416722  0.00145135
          41    0.415442    0.416691  0.00141585
          42     0.42776    0.416955  0.00140663
          43    0.406353    0.416708  0.00139548
          44    0.425174    0.416901  0.00137691
          45    0.445908    0.417545  0.00149236
          46     0.41893    0.417575  0.00145987
          47    0.435551    0.417958  0.00147878
          48    0.410278    0.417798  0.00145646
          49      0.4298    0.418043   0.0014473
          50    0.427777    0.418237  0.00143136
          51    0.427712    0.418423  0.00141526
          52    0.429616    0.418638  0.00140437
          53    0.442014     0.41908   0.0014465
          54    0.429938    0.419281  0.00143363
          55     0.41202    0.419149   0.0014135
          56    0.413542    0.419048  0.00139164
          57    0.410115    0.418892  0.00137596
          58    0.405408    0.418659  0.00137187
          59    0.408844    0.418493  0.00135864
          60    0.430415    0.418692   0.0013505
          61    0.412423    0.418589  0.00133215
          62    0.437503    0.418894  0.00134552
          63    0.418257    0.418884  0.00132403
          64      0.4338    0.419117  0.00132386
          65    0.404604    0.418894  0.00132232
          66    0.404575    0.418677  0.00132008
          67    0.397564    0.418362  0.00133787
          68    0.419104    0.418372  0.00131809
          69    0.410822    0.418263  0.00130345
          70    0.419959    0.418287  0.00128492
          71    0.428067    0.418425  0.00127416
          72    0.408949    0.418293  0.00126321
          73    0.413274    0.418225  0.00124769
          74    0.421725    0.418272  0.00123162
          75    0.406058    0.418109  0.00122595
          76    0.422173    0.418163  0.00121089
          77    0.395822    0.417872  0.00122978
          78    0.409455    0.417765   0.0012187
          79    0.420004    0.417793  0.00120351
          80    0.452173    0.418223  0.00126369
          81    0.426242    0.418322  0.00125191
          82    0.434987    0.418525  0.00125314
          83    0.419685    0.418539  0.00123802
          84    0.416037    0.418509  0.00122356
          85    0.417739      0.4185  0.00120911
          86    0.427668    0.418607  0.00119972
          87    0.422602    0.418653  0.00118674
          88    0.415972    0.418622  0.00117357
          89    0.412114    0.418549  0.00116261
          90    0.405842    0.418408  0.00115826
          91     0.42416    0.418471   0.0011472
          92    0.395231    0.418218  0.00116244
          93    0.407186      0.4181  0.00115598
          94    0.414938    0.418066  0.00114411
          95    0.425473    0.418144  0.00113468
          96    0.429423    0.418262  0.00112893
          97    0.438149    0.418467  0.00113589
          98    0.410851    0.418389  0.00112692
          99    0.420771    0.418413  0.00111574
         100    0.410532    0.418334  0.00110733
