27.3949
26.1956
23.676
23.676
23.2888
22.678
23.384
23.384
23.384
23.384
21.6636
21.3281
20.4684
20.4684
20.4684
20.3975
19.682
19.5713
19.3858
18.5801
18.5801
18.4862
17.9526
17.5811
17.5811
16.9576
16.9576
16.9576
16.9576
16.9277
16.9277
16.9277
16.822
16.822
16.7744
16.6353
16.6353
16.6001
16.1007
15.9468
15.9468
15.9468
15.5623
15.5623
15.5623
15.2401
15.2401
15.2401
15.2401
15.2401
15.2401
14.7657
14.7657
14.7657
14.7613
14.7613
14.7613
14.7613
14.6776
14.6776
14.3989
14.3522
14.3522
14.2685
13.9898
13.9898
13.8375
13.8375
13.8375
13.8375
13.5588
13.4675
13.4675
13.0365
13.0365
13.0365
13.0365
13.0365
12.8392
12.4725
12.4252
12.4252
12.3019
12.1845
12.0612
12.0612
12.0612
12.0612
11.9784
11.9784
11.9361
11.8522
11.8522
11.7695
11.7695
11.7695
11.7072
11.7072
11.6558
11.6558
11.6558
11.6558
11.6528
11.6528
11.458
11.458
11.458
11.458
11.455
11.368
11.368
11.368
11.3409
11.1619
11.1619
11.0719
11.0719
11.0719
11.0037
11.0037
10.829
10.8266
10.8068
10.7789
10.7789
10.7789
10.7547
10.7547
10.7547
10.7062
10.7062
10.7062
10.7062
10.7062
10.7062
10.7062
10.7062
10.7062
10.7062
10.7062
10.7062
10.7062
10.7062
10.7062
10.7062
10.6125
10.6125
10.5988
10.5503
10.5366
10.4695
10.4695
10.4695
10.4695
10.4695
10.4695
10.4695
10.4695
10.4695
10.4695
10.4695
10.4695
10.4293
10.4293
10.4293
10.4293
10.4293
10.4293
10.4293
10.4293
10.4293
10.4293
10.4293
10.4293
10.4293
10.4293
10.4293
10.4293
10.4293
10.4293
10.4293
10.4293
10.3982
10.3982
10.3982
10.3982
10.3982
10.3982
10.3982
10.3982
10.3982
10.3982
10.3982
10.3982
10.3982
10.3982
10.3982
10.3982
10.3982
10.3982
10.3982
10.3982
10.3982
10.3982
10.3982
10.3982
10.3982
10.3982
10.3982
10.3982
10.3982
10.3982
10.3982
10.3982
10.3982
10.3982
10.3982
10.3982
10.3982
10.3982
10.3982
10.3982
10.3982
10.3982
10.3982
10.3609
10.3609
10.3609
10.3609
10.3609
10.3609
10.3609
10.3609
10.3609
10.3609
10.3297
10.3297
10.3297
10.3297
10.3297
10.3297
10.3297
10.3297
10.3297
10.3297
10.3297
10.3297
10.3297
10.3297
10.3297
10.3297
10.3297
10.3297
10.3297
10.3297
10.3297
10.3297
10.3297
10.3297
10.3297
10.3297
10.3297
10.3297
10.3297
10.1799
10.1799
10.1799
10.1799
10.1799
10.1799
10.1799
10.1799
10.1799
10.1799
10.1799
10.1799
10.1799
10.1799
10.1799
10.1799
10.1799
10.1799
10.1799
10.1799
10.1799
10.1799
10.1799
10.1799
10.1799
10.1799
10.1799
10.1799
10.1799
10.1799
10.1799
10.1799
10.1799
10.1799
10.1799
10.1799
10.1799
10.1799
10.1799
10.1799
10.1799
10.1799
10.1799
10.1799
10.1799
10.1799
10.1799
10.1799
10.1799
10.1799
10.1799
10.1799
10.1799
10.1799
10.1799
10.1799
10.1799
10.1799
10.1799
10.1799
10.1799
10.1799
10.1799
10.1799
10.1799
10.1799
10.1799
10.1799
10.1799
10.1799
10.1799
10.1799
10.1799
10.1799
10.1799
10.1799
10.1799
10.1799
10.1799
10.1799
10.1799
10.1799
10.1799
10.1799
10.1799
10.1799
10.1799
10.1799
10.1799
10.1799
10.1799
10.1799
10.1799
10.1799
10.1799
10.1799
10.1799
10.1799
10.1799
10.1799
10.1799
10.1799
10.1799
10.1799
10.1799
10.1799
10.1799
10.1799
10.1799
10.1799
10.1799
10.1799
10.1799
10.1799
10.1799
10.1799
10.1799
10.1799
10.1799
10.1799
10.1799
10.1799
10.1799
10.1799
10.1799
10.1799
10.1799
10.1799
10.1799
10.1799
10.1799
10.1799
10.1799
10.1799
10.1799
10.1799
10.1799
10.1799
10.1799
10.1799
10.1799
10.1799
10.1799
10.1799
10.1799
10.1799
10.1799
10.1799
10.1799
10.1799
10.1799
10.1799
10.1799
10.1799
10.1799
10.1799
10.1799
10.1799
10.1799
10.1799
10.1799
10.1799
10.1799
10.1799
10.1799
10.1799
10.1799
10.1799
10.1799
10.1799
10.1799
10.1799
10.1799
10.1799
10.1799
10.1799
10.1799
10.1799
10.1799
10.1799
10.1799
10.1799
10.1799
10.1799
10.1799
10.1799
10.1799
10.1799
10.1799
10.1799
10.1799
10.1799
10.1799
10.1799
10.1799
10.1799
10.1799
10.1799
10.1799
10.1799
10.1799
10.1799
10.1799
10.1799
10.1799
10.1799
10.1799
10.1799
10.1799
10.1799
10.1799
10.1799
10.1799
10.1799
10.1799
10.1799
10.1799
10.1799
10.1799
10.1799
10.1799
10.1799
10.1799
10.1799
10.1799
10.1799
10.1799
10.1799
10.1799
10.1799
10.1799
10.1799
10.1799
10.1799
10.1799
10.1799
