         0.5   -0.972992 0.000698806
        0.55   -0.955049 0.000679623
         0.6   -0.935108 0.000618376
        0.65   -0.913644 0.000554255
         0.7   -0.891555 0.000482421
        0.75    -0.86991 0.000393135
         0.8   -0.848071 0.000337977
        0.85   -0.825989 0.000305016
         0.9   -0.804527 0.000298484
        0.95   -0.782679  0.00026422
           1   -0.761615 0.000251112
        1.05    -0.74129 0.000240515
         1.1   -0.721173 0.000215219
        1.15   -0.701476 0.000187889
         1.2   -0.682716 0.000191488
        1.25   -0.664456 0.000222018
         1.3   -0.646664 0.000223561
        1.35   -0.629649 0.000218451
         1.4   -0.613479 0.000204504
        1.45   -0.597772 0.000191366
         1.5   -0.582725 0.000203551
        1.55    -0.56839 0.000202459
         1.6   -0.554608 0.000193548
        1.65   -0.541324 0.000186483
         1.7    -0.52843 0.000179742
        1.75   -0.516201 0.000163303
         1.8   -0.504503 0.000154077
        1.85   -0.493312   0.0001548
         1.9   -0.482488 0.000156873
        1.95    -0.47203 0.000151446
           2   -0.462011   0.0001555
