         0.5    0.330917  0.00538149
        0.55    0.390475  0.00290106
         0.6    0.414987   0.0032905
        0.65    0.425285  0.00298548
         0.7    0.425066  0.00264714
        0.75    0.433278  0.00241268
         0.8     0.43491  0.00200239
        0.85    0.437613  0.00148229
         0.9    0.433836  0.00128427
        0.95    0.427213  0.00133048
           1    0.418334  0.00110733
        1.05    0.408098 0.000951353
         1.1    0.396261 0.000795708
        1.15    0.383559 0.000815518
         1.2    0.370369 0.000859416
        1.25    0.357498 0.000712731
         1.3    0.343458  0.00067863
        1.35    0.330063 0.000626638
         1.4     0.31774 0.000574583
        1.45    0.305264 0.000564342
         1.5    0.293512 0.000511441
        1.55    0.281816 0.000484553
         1.6    0.270387 0.000452408
        1.65    0.259871 0.000469402
         1.7    0.249658 0.000433831
        1.75    0.239593 0.000415956
         1.8     0.22992 0.000395569
        1.85     0.22094 0.000388569
         1.9    0.212495 0.000361802
        1.95    0.204356 0.000349389
           2    0.196812 0.000318018
