         0.5     78.0491    0.704502
        0.55     59.2879    0.627303
         0.6     44.2386    0.517014
        0.65     32.9108    0.413671
         0.7      24.374    0.282985
        0.75     18.9737    0.193211
         0.8     15.0636    0.138537
        0.85     12.1584   0.0996689
         0.9     10.2218   0.0809696
        0.95     8.57337   0.0556113
           1     7.35114   0.0480965
        1.05     6.39342   0.0372623
         1.1     5.60078    0.029306
        1.15        4.95   0.0245408
         1.2     4.40735   0.0195509
        1.25     3.97177   0.0176765
         1.3      3.5836     0.01484
        1.35     3.25618   0.0129589
         1.4     2.97526   0.0116977
        1.45      2.7316   0.0101363
         1.5     2.52164  0.00929067
        1.55     2.34834  0.00843532
         1.6     2.18499   0.0072062
        1.65     2.03945  0.00652542
         1.7     1.90585  0.00637086
        1.75     1.78987  0.00583405
         1.8     1.68678  0.00548185
        1.85      1.5948   0.0051859
         1.9      1.5101  0.00482662
        1.95     1.43394  0.00445863
           2     1.36302  0.00410148
