          0.05          0.25       3.78011
          0.05           0.3       2.63395
          0.05          0.35       1.87081
          0.05           0.4       1.35555
          0.05          0.45      0.995011
          0.05           0.5      0.737889
          0.05          0.55      0.533055
          0.05           0.6      0.335189
          0.05          0.65      0.189469
          0.05           0.7     0.0633349
          0.05          0.75    -0.0162099
          0.05           0.8     -0.107003
          0.05          0.85     -0.159873
          0.05           0.9     -0.220342
          0.05          0.95     -0.239338
          0.05             1     -0.240733
          0.05          1.05     -0.242832
          0.05           1.1     -0.221149
          0.05          1.15     -0.164788
          0.05           1.2    -0.0554389
           0.1          0.25       3.30621
           0.1           0.3       2.32225
           0.1          0.35       1.74309
           0.1           0.4       1.26652
           0.1          0.45      0.946188
           0.1           0.5      0.685353
           0.1          0.55      0.509055
           0.1           0.6      0.308026
           0.1          0.65      0.179908
           0.1           0.7     0.0596851
           0.1          0.75    -0.0341967
           0.1           0.8     -0.113814
           0.1          0.85     -0.177441
           0.1           0.9     -0.214175
           0.1          0.95     -0.226759
           0.1             1     -0.240861
           0.1          1.05     -0.253979
           0.1           1.1     -0.222304
           0.1          1.15     -0.121897
           0.1           1.2    -0.0748969
          0.15          0.25       2.74563
          0.15           0.3       2.05831
          0.15          0.35       1.54835
          0.15           0.4       1.15365
          0.15          0.45      0.863685
          0.15           0.5       0.65503
          0.15          0.55      0.436317
          0.15           0.6      0.291537
          0.15          0.65      0.155043
          0.15           0.7     0.0432727
          0.15          0.75    -0.0466326
          0.15           0.8     -0.115424
          0.15          0.85     -0.175452
          0.15           0.9     -0.222993
          0.15          0.95     -0.250374
          0.15             1     -0.240339
          0.15          1.05     -0.241137
          0.15           1.1     -0.215533
          0.15          1.15     -0.138644
          0.15           1.2    -0.0417746
           0.2          0.25       2.05725
           0.2           0.3       1.67895
           0.2          0.35       1.24258
           0.2           0.4      0.970694
           0.2          0.45      0.777863
           0.2           0.5      0.539944
           0.2          0.55       0.38272
           0.2           0.6      0.222801
           0.2          0.65      0.102348
           0.2           0.7      0.013331
           0.2          0.75      -0.06705
           0.2           0.8     -0.132519
           0.2          0.85     -0.187818
           0.2           0.9     -0.224397
           0.2          0.95     -0.247076
           0.2             1     -0.248757
           0.2          1.05     -0.223788
           0.2           1.1     -0.192935
           0.2          1.15      -0.14591
           0.2           1.2    -0.0605054
          0.25          0.25       1.67494
          0.25           0.3       1.31252
          0.25          0.35        1.0294
          0.25           0.4      0.833125
          0.25          0.45      0.626747
          0.25           0.5      0.456181
          0.25          0.55      0.298629
          0.25           0.6       0.18497
          0.25          0.65      0.074752
          0.25           0.7    -0.0104487
          0.25          0.75    -0.0917698
          0.25           0.8     -0.149135
          0.25          0.85     -0.201634
          0.25           0.9     -0.235542
          0.25          0.95     -0.235806
          0.25             1     -0.260502
          0.25          1.05     -0.232447
          0.25           1.1     -0.193213
          0.25          1.15     -0.108209
          0.25           1.2    0.00422612
           0.3          0.25        1.6004
           0.3           0.3       1.04563
           0.3          0.35      0.795591
           0.3           0.4      0.627686
           0.3          0.45      0.491596
           0.3           0.5      0.343702
           0.3          0.55      0.225262
           0.3           0.6      0.113785
           0.3          0.65     0.0270405
           0.3           0.7    -0.0465037
           0.3          0.75     -0.121084
           0.3           0.8     -0.186002
           0.3          0.85     -0.214607
           0.3           0.9     -0.252554
           0.3          0.95     -0.244268
           0.3             1     -0.243205
           0.3          1.05     -0.209542
           0.3           1.1     -0.165573
           0.3          1.15    -0.0678116
           0.3           1.2   -0.00134159
          0.35          0.25       1.79518
          0.35           0.3      0.923051
          0.35          0.35      0.639509
          0.35           0.4      0.447215
          0.35          0.45      0.360422
          0.35           0.5      0.247183
          0.35          0.55      0.137969
          0.35           0.6      0.053524
          0.35          0.65    -0.0243917
          0.35           0.7    -0.0972606
          0.35          0.75     -0.160474
          0.35           0.8     -0.200794
          0.35          0.85     -0.222383
          0.35           0.9     -0.256838
          0.35          0.95     -0.250138
          0.35             1     -0.222094
          0.35          1.05     -0.180358
          0.35           1.1     -0.150004
          0.35          1.15    -0.0835799
          0.35           1.2     0.0735215
           0.4          0.25       2.15706
           0.4           0.3      0.961373
           0.4          0.35      0.485429
           0.4           0.4      0.321464
           0.4          0.45       0.20798
           0.4           0.5      0.129089
           0.4          0.55     0.0565842
           0.4           0.6     -0.026923
           0.4          0.65    -0.0852329
           0.4           0.7     -0.141956
           0.4          0.75     -0.184484
           0.4           0.8     -0.223742
           0.4          0.85     -0.249702
           0.4           0.9     -0.250471
           0.4          0.95      -0.26159
           0.4             1      -0.22821
           0.4          1.05     -0.182042
           0.4           1.1     -0.115177
           0.4          1.15    -0.0388775
           0.4           1.2     0.0422894
          0.45          0.25       2.52624
          0.45           0.3       1.14389
          0.45          0.35       0.45951
          0.45           0.4      0.226613
          0.45          0.45     0.0983081
          0.45           0.5     0.0205798
          0.45          0.55    -0.0414446
          0.45           0.6     -0.104156
          0.45          0.65     -0.143324
          0.45           0.7      -0.18933
          0.45          0.75     -0.223033
          0.45           0.8     -0.243863
          0.45          0.85     -0.252385
          0.45           0.9     -0.268015
          0.45          0.95     -0.256067
          0.45             1     -0.229262
          0.45          1.05     -0.190152
          0.45           1.1    -0.0790364
          0.45          1.15     0.0232613
          0.45           1.2        0.1187
           0.5          0.25       2.84745
           0.5           0.3       1.34108
           0.5          0.35      0.542478
           0.5           0.4      0.151015
           0.5          0.45     0.0022824
           0.5           0.5    -0.0717679
           0.5          0.55     -0.129363
           0.5           0.6     -0.177571
           0.5          0.65     -0.204684
           0.5           0.7     -0.237303
           0.5          0.75     -0.263634
           0.5           0.8     -0.270584
           0.5          0.85     -0.283377
           0.5           0.9     -0.272027
           0.5          0.95     -0.238335
           0.5             1     -0.187016
           0.5          1.05      -0.13157
           0.5           1.1    -0.0497951
           0.5          1.15     0.0574815
           0.5           1.2      0.190127
          0.55          0.25       2.97356
          0.55           0.3       1.52957
          0.55          0.35      0.564157
          0.55           0.4      0.158979
          0.55          0.45    -0.0479834
          0.55           0.5     -0.148707
          0.55          0.55     -0.210825
          0.55           0.6     -0.245877
          0.55          0.65      -0.27079
          0.55           0.7     -0.284049
          0.55          0.75     -0.296922
          0.55           0.8      -0.30125
          0.55          0.85     -0.278257
          0.55           0.9     -0.271233
          0.55          0.95     -0.219676
          0.55             1     -0.170557
          0.55          1.05     -0.122155
          0.55           1.1    0.00132501
          0.55          1.15      0.101529
          0.55           1.2      0.176023
           0.6          0.25       3.11399
           0.6           0.3       1.57153
           0.6          0.35      0.662545
           0.6           0.4      0.166149
           0.6          0.45    -0.0965119
           0.6           0.5     -0.222592
           0.6          0.55     -0.286885
           0.6           0.6     -0.310145
           0.6          0.65     -0.318244
           0.6           0.7     -0.329407
           0.6          0.75     -0.324569
           0.6           0.8     -0.312231
           0.6          0.85     -0.303577
           0.6           0.9     -0.260895
           0.6          0.95     -0.218724
           0.6             1     -0.130837
           0.6          1.05    -0.0437244
           0.6           1.1     0.0410403
           0.6          1.15      0.183548
           0.6           1.2      0.293041
          0.65          0.25       3.07243
          0.65           0.3       1.65696
          0.65          0.35      0.765021
          0.65           0.4      0.205568
          0.65          0.45     -0.115157
          0.65           0.5      -0.26445
          0.65          0.55     -0.345667
          0.65           0.6     -0.365769
          0.65          0.65     -0.366776
          0.65           0.7     -0.363143
          0.65          0.75     -0.345709
          0.65           0.8     -0.307628
          0.65          0.85     -0.280061
          0.65           0.9     -0.235637
          0.65          0.95     -0.182753
          0.65             1    -0.0876205
          0.65          1.05    0.00246055
          0.65           1.1     0.0951361
          0.65          1.15      0.200854
          0.65           1.2      0.424601
           0.7          0.25       2.96071
           0.7           0.3       1.63792
           0.7          0.35      0.804283
           0.7           0.4      0.232929
           0.7          0.45     -0.108542
           0.7           0.5     -0.301737
           0.7          0.55     -0.373956
           0.7           0.6     -0.409516
           0.7          0.65      -0.40708
           0.7           0.7     -0.387757
           0.7          0.75     -0.367929
           0.7           0.8     -0.319909
           0.7          0.85      -0.26841
           0.7           0.9     -0.217237
           0.7          0.95     -0.142975
           0.7             1    -0.0399676
           0.7          1.05     0.0477458
           0.7           1.1      0.206581
           0.7          1.15      0.432415
           0.7           1.2      0.506924
          0.75          0.25       2.96549
          0.75           0.3       1.67907
          0.75          0.35      0.818063
          0.75           0.4      0.246341
          0.75          0.45     -0.109483
          0.75           0.5     -0.288482
          0.75          0.55     -0.404946
          0.75           0.6     -0.437102
          0.75          0.65     -0.430652
          0.75           0.7     -0.402764
          0.75          0.75     -0.367321
          0.75           0.8     -0.316238
          0.75          0.85     -0.256789
          0.75           0.9     -0.175251
          0.75          0.95     -0.106099
          0.75             1     0.0462765
          0.75          1.05      0.119623
          0.75           1.1       0.34306
          0.75          1.15      0.478545
          0.75           1.2      0.653902
           0.8          0.25       2.88056
           0.8           0.3       1.64152
           0.8          0.35      0.844743
           0.8           0.4      0.304188
           0.8          0.45    -0.0918864
           0.8           0.5     -0.287269
           0.8          0.55     -0.404542
           0.8           0.6     -0.439643
           0.8          0.65     -0.429218
           0.8           0.7     -0.410833
           0.8          0.75     -0.350847
           0.8           0.8     -0.288671
           0.8          0.85      -0.21428
           0.8           0.9     -0.116452
           0.8          0.95    -0.0277825
           0.8             1      0.131171
           0.8          1.05      0.281625
           0.8           1.1      0.448009
           0.8          1.15      0.607583
           0.8           1.2      0.803508
          0.85          0.25       2.78887
          0.85           0.3       1.55612
          0.85          0.35      0.800331
          0.85           0.4       0.31291
          0.85          0.45    -0.0518993
          0.85           0.5     -0.270192
          0.85          0.55     -0.383342
          0.85           0.6     -0.437382
          0.85          0.65     -0.420719
          0.85           0.7     -0.383584
          0.85          0.75     -0.326108
          0.85           0.8       -0.2548
          0.85          0.85     -0.135226
          0.85           0.9     -0.073809
          0.85          0.95     0.0769944
          0.85             1      0.168602
          0.85          1.05      0.370099
          0.85           1.1      0.574388
          0.85          1.15      0.754091
          0.85           1.2       1.01312
           0.9          0.25       2.71929
           0.9           0.3       1.48885
           0.9          0.35      0.846812
           0.9           0.4       0.30232
           0.9          0.45    -0.0188865
           0.9           0.5     -0.246328
           0.9          0.55     -0.360965
           0.9           0.6     -0.400178
           0.9          0.65     -0.393218
           0.9           0.7     -0.333934
           0.9          0.75     -0.275193
           0.9           0.8     -0.178603
           0.9          0.85    -0.0561795
           0.9           0.9      0.034104
           0.9          0.95      0.195139
           0.9             1      0.399754
           0.9          1.05      0.474374
           0.9           1.1      0.703412
           0.9          1.15       1.02181
           0.9           1.2       1.35699
          0.95          0.25       2.70842
          0.95           0.3        1.4377
          0.95          0.35      0.787517
          0.95           0.4      0.317939
          0.95          0.45   -0.00774445
          0.95           0.5     -0.204238
          0.95          0.55     -0.314553
          0.95           0.6     -0.359009
          0.95          0.65     -0.349621
          0.95           0.7     -0.273571
          0.95          0.75     -0.177384
          0.95           0.8    -0.0874124
          0.95          0.85     0.0595101
          0.95           0.9       0.19362
          0.95          0.95      0.375443
          0.95             1      0.516978
          0.95          1.05       0.72832
          0.95           1.1      0.887624
          0.95          1.15       1.22001
          0.95           1.2       1.55713
             1          0.25       2.60567
             1           0.3       1.40105
             1          0.35      0.755744
             1           0.4      0.309977
             1          0.45     0.0478385
             1           0.5     -0.148657
             1          0.55     -0.250476
             1           0.6     -0.276338
             1          0.65     -0.255373
             1           0.7      -0.18233
             1          0.75    -0.0839865
             1           0.8     0.0107667
             1          0.85       0.13668
             1           0.9      0.324318
             1          0.95      0.587287
             1             1      0.796396
             1          1.05      0.926032
             1           1.1       1.15327
             1          1.15       1.45248
             1           1.2       1.69013
