             1     -0.464555     -0.464555             0
             2     -0.550168     -0.507362     0.0428065
             3     -0.466905     -0.493876     0.0281541
             4     -0.462217     -0.485961     0.0214237
             5     -0.335515     -0.455872     0.0343619
             6     -0.452548     -0.455318     0.0280619
             7     -0.376294     -0.444029     0.0262664
             8     -0.380974     -0.436147     0.0240742
             9     -0.402598     -0.432419     0.0215562
            10     -0.565605     -0.445738     0.0234333
            11     -0.431116     -0.444409     0.0212378
            12     -0.379093     -0.438966     0.0201369
            13     -0.447117     -0.439593     0.0185339
            14     -0.436327     -0.439359     0.0171606
            15     -0.447326     -0.439891     0.0159845
            16     -0.566347     -0.447794     0.0169125
            17     -0.416413     -0.445948     0.0159934
            18     -0.473126     -0.447458     0.0151541
            19     -0.429482     -0.446512     0.0143656
            20      -0.53316     -0.450844     0.0143004
            21     -0.435012      -0.45009     0.0136233
            22     -0.379282     -0.446872     0.0133821
            23     -0.441447     -0.446636     0.0127892
            24     -0.478801     -0.447976     0.0123179
            25     -0.360005     -0.444457     0.0123278
            26     -0.477502     -0.445728     0.0119121
            27     -0.453878      -0.44603     0.0114664
            28     -0.268108     -0.439676     0.0127462
            29     -0.385021     -0.437791     0.0124424
            30     -0.429205     -0.437505     0.0120239
            31     -0.571955     -0.441842      0.012412
            32     -0.536724     -0.444807     0.0123782
            33     -0.443599      -0.44477     0.0119973
            34     -0.502836     -0.446478     0.0117637
            35     -0.469458     -0.447135     0.0114415
            36     -0.387948     -0.445491     0.0112401
            37     -0.447073     -0.445533     0.0109321
            38     -0.442376      -0.44545     0.0106409
            39     -0.496308     -0.446754     0.0104462
            40      -0.46135     -0.447119     0.0101882
            41     -0.439767      -0.44694    0.00993822
            42     -0.495459     -0.448095    0.00976726
            43     -0.476889     -0.448765    0.00956089
            44     -0.368915      -0.44695    0.00951572
            45     -0.431798     -0.446613    0.00930795
            46     -0.431556     -0.446286    0.00910924
            47     -0.613805      -0.44985    0.00959953
            48     -0.463016     -0.450125    0.00940142
            49     -0.444953     -0.450019    0.00920816
            50     -0.428137     -0.449581    0.00903272
            51     -0.498987      -0.45055    0.00890668
            52     -0.397499      -0.44953     0.0087931
            53     -0.370284     -0.448035    0.00875423
            54     -0.471855     -0.448476    0.00860191
            55      -0.28734     -0.445546    0.00893787
            56     -0.400774     -0.444747    0.00881315
            57     -0.345012     -0.442997     0.0088322
            58     -0.451044     -0.443136     0.0086797
            59     -0.391465      -0.44226    0.00857615
            60     -0.414736     -0.441801    0.00844447
            61     -0.362706     -0.440504     0.0084055
            62     -0.460725     -0.440831    0.00827524
            63     -0.435068     -0.440739    0.00814334
            64     -0.480501      -0.44136    0.00803914
            65     -0.416227     -0.440974    0.00792393
            66      -0.44074      -0.44097    0.00780295
            67     -0.421079     -0.440673    0.00769134
            68     -0.375084     -0.439709    0.00763853
            69     -0.368113     -0.438671     0.0075982
            70     -0.408563     -0.438241     0.0075012
            71     -0.404481     -0.437765    0.00741007
            72     -0.480654     -0.438361    0.00733067
            73     -0.349378     -0.437142    0.00733159
            74     -0.318709     -0.435542    0.00740682
            75     -0.481478     -0.436154    0.00733301
            76     -0.300139     -0.434365    0.00745392
            77     -0.444575     -0.434497    0.00735767
            78     -0.477544     -0.435049    0.00728367
            79     -0.456038     -0.435315    0.00719579
            80      -0.57599     -0.437073    0.00731963
            81     -0.352716     -0.436032    0.00730334
            82      -0.36612     -0.435179    0.00726393
            83      -0.45978     -0.435476      0.007182
            84     -0.440017      -0.43553    0.00709619
            85      -0.53391     -0.436687    0.00710708
            86     -0.342809     -0.435595    0.00710827
            87     -0.525452     -0.436628     0.0071016
            88     -0.402024     -0.436235    0.00703144
            89     -0.481332     -0.436742    0.00697043
            90     -0.588071     -0.438423    0.00709468
            91     -0.435472     -0.438391    0.00701636
            92     -0.461909     -0.438646    0.00694438
            93     -0.397845     -0.438208     0.0068833
            94     -0.488816     -0.438746    0.00683093
            95     -0.543395     -0.439848    0.00684782
            96     -0.528148     -0.440767    0.00683826
            97     -0.430619     -0.440663     0.0067682
            98     -0.491963     -0.441186     0.0067192
            99     -0.448176     -0.441257    0.00665136
           100     -0.482009     -0.441664    0.00659711
