             1     -0.372088     -0.372088             0
             2     -0.526821     -0.449455     0.0773666
             3     -0.429837     -0.442915     0.0451438
             4     -0.409847     -0.434648     0.0329746
             5     -0.303651     -0.408449     0.0365898
             6      -0.35948     -0.400287     0.0309702
             7     -0.464754     -0.409497     0.0277475
             8      -0.45229     -0.414846     0.0246182
             9      -0.47459     -0.421484     0.0227033
            10     -0.347055     -0.414041     0.0216275
            11     -0.544013     -0.425857     0.0228542
            12     -0.564634     -0.437422     0.0238538
            13     -0.493184     -0.441711     0.0223576
            14     -0.374793     -0.436931     0.0212439
            15     -0.530962       -0.4432     0.0207467
            16     -0.353207     -0.437575     0.0202054
            17     -0.352434     -0.432567     0.0196293
            18     -0.261135     -0.423043     0.0208136
            19     -0.500634     -0.427127     0.0201068
            20     -0.404936     -0.426017     0.0191072
            21      -0.37582     -0.423627     0.0183311
            22     -0.339359     -0.419797     0.0178928
            23     -0.546475     -0.425304     0.0179624
            24     -0.426363     -0.425348     0.0171977
            25     -0.440642      -0.42596     0.0165068
            26     -0.321318     -0.421936      0.016362
            27     -0.452057     -0.423051     0.0157838
            28     -0.440888     -0.423688      0.015223
            29     -0.486123     -0.425841     0.0148456
            30     -0.397142     -0.424884     0.0143741
            31     -0.492658     -0.427071     0.0140735
            32      -0.43881     -0.427438     0.0136316
            33     -0.473143     -0.428823     0.0132844
            34     -0.490135     -0.430626     0.0130133
            35     -0.497688     -0.432542     0.0127805
            36      -0.41362     -0.432016     0.0124315
            37       -0.3439     -0.429635     0.0123232
            38     -0.384766     -0.428454     0.0120525
            39     -0.492024     -0.430084      0.011852
            40     -0.442778     -0.430401     0.0115563
            41    -0.0741295     -0.421712     0.0142317
            42      -0.47072     -0.422879     0.0139376
            43     -0.403321     -0.422424     0.0136173
            44     -0.486192     -0.423873     0.0133829
            45     -0.427569     -0.423955     0.0130824
            46     -0.399478     -0.423423     0.0128059
            47     -0.441854     -0.423815     0.0125366
            48     -0.427492     -0.423892     0.0122728
            49     -0.437727     -0.424174     0.0120231
            50     -0.511542     -0.425922     0.0119091
            51     -0.443819     -0.426272     0.0116785
            52      -0.54397     -0.428536     0.0116732
            53     -0.444548     -0.428838     0.0114549
            54      -0.48767     -0.429927     0.0112934
            55     -0.481768      -0.43087     0.0111262
            56     -0.393818     -0.430208     0.0109457
            57      -0.41365     -0.429918     0.0107559
            58     -0.479534     -0.430773     0.0106034
            59     -0.461903     -0.431301     0.0104354
            60     -0.531858     -0.432977      0.010396
            61     -0.418875     -0.432746     0.0102268
            62     -0.320415     -0.430934     0.0102223
            63     -0.396253     -0.430383     0.0100738
            64     -0.490895     -0.431329    0.00996014
            65     -0.527268     -0.432805    0.00991617
            66     -0.481353     -0.433541    0.00979243
            67      -0.41736     -0.433299    0.00964819
            68     -0.463134     -0.433738    0.00951537
            69     -0.414852     -0.433464    0.00938045
            70     -0.370517     -0.432565     0.0092891
            71     -0.464608     -0.433016    0.00916845
            72     -0.481793     -0.433694    0.00906556
            73     -0.460481     -0.434061    0.00894804
            74     -0.315785     -0.432462    0.00896984
            75     -0.508164     -0.433472    0.00890681
            76     -0.371798      -0.43266    0.00882622
            77     -0.447379     -0.432851    0.00871294
            78     -0.445452     -0.433013    0.00860202
            79     -0.494317     -0.433789    0.00852782
            80      -0.47672     -0.434325    0.00843763
            81     -0.366012     -0.433482    0.00837538
            82     -0.368075     -0.432684    0.00831098
            83      -0.41551     -0.432477    0.00821284
            84     -0.407071     -0.432175    0.00812012
            85     -0.398911     -0.431784    0.00803355
            86     -0.422814     -0.431679    0.00794028
            87     -0.577321     -0.433353    0.00802503
            88     -0.462508     -0.433685    0.00794022
            89     -0.487106     -0.434285    0.00787341
            90     -0.401347     -0.433919    0.00779404
            91       -0.3677     -0.433191    0.00774218
            92     -0.412639     -0.432968    0.00766083
            93     -0.439529     -0.433038    0.00757833
            94     -0.477438     -0.433511    0.00751214
            95     -0.392295     -0.433077     0.0074453
            96     -0.482734     -0.433594    0.00738547
            97     -0.406077     -0.433311    0.00731444
            98      -0.48312     -0.433819    0.00725724
            99     -0.453781      -0.43402    0.00718639
           100     -0.436935      -0.43405    0.00711422
