             1     -0.575018     -0.575018             0
             2     -0.432996     -0.504007      0.071011
             3     -0.410661     -0.472892     0.0514686
             4     -0.409994     -0.457167     0.0396456
             5     -0.422662     -0.450266     0.0314752
             6     -0.492204     -0.457256      0.026633
             7      -0.45565     -0.457026     0.0225101
             8     -0.315675     -0.439357     0.0263101
             9      -0.39945     -0.434923     0.0236232
            10     -0.375234     -0.428954     0.0219561
            11     -0.488859       -0.4344     0.0205932
            12     -0.359957     -0.428197     0.0197961
            13     -0.517836     -0.435092     0.0194715
            14     -0.476367      -0.43804     0.0182666
            15      -0.51254     -0.443007     0.0177157
            16     -0.508302     -0.447088     0.0170667
            17     -0.556909     -0.453548      0.017284
            18     -0.401955     -0.450682     0.0165456
            19     -0.473604     -0.451888      0.015697
            20     -0.408811     -0.449734     0.0150465
            21     -0.412189     -0.447946     0.0144233
            22     -0.523252     -0.451369     0.0141717
            23     -0.473481     -0.452331     0.0135756
            24     -0.555926     -0.456647     0.0136956
            25     -0.352813     -0.452494     0.0137774
            26     -0.524744     -0.455273     0.0135254
            27     -0.505822     -0.457145     0.0131488
            28     -0.442301     -0.456615     0.0126816
            29     -0.397806     -0.454587     0.0124034
            30     -0.346606     -0.450987     0.0125117
            31     -0.366385     -0.448258     0.0124053
            32     -0.362281     -0.445572     0.0123082
            33     -0.355149     -0.442831       0.01224
            34      -0.30103     -0.438661     0.0125857
            35     -0.507936      -0.44064     0.0123801
            36     -0.498309     -0.442242     0.0121374
            37     -0.452481     -0.442519     0.0118081
            38     -0.307152     -0.438956     0.0120325
            39     -0.501205     -0.440553     0.0118281
            40     -0.421422     -0.440074     0.0115386
            41     -0.480697     -0.441065     0.0112972
            42       0.42001     -0.420563     0.0232781
            43     -0.220767     -0.415917     0.0232004
            44      -0.38635     -0.415245     0.0226769
            45     -0.474955     -0.416572     0.0222069
            46     -0.387366     -0.415937     0.0217281
            47     -0.372616     -0.415015     0.0212807
            48     -0.326692     -0.413175     0.0209138
            49     -0.378529     -0.412468     0.0204947
            50     -0.377027     -0.411759     0.0200932
            51     -0.358549     -0.410716     0.0197228
            52     -0.416421     -0.410826     0.0193401
            53     -0.407492     -0.410763     0.0189718
            54     -0.398473     -0.410535     0.0186186
            55     -0.420786     -0.410721     0.0182779
            56     -0.497858     -0.412277     0.0180158
            57     -0.447527     -0.412896     0.0177078
            58     -0.538935     -0.415069     0.0175349
            59     -0.519034     -0.416831      0.017325
            60     -0.484222     -0.417954     0.0170708
            61     -0.349909     -0.416839     0.0168257
            62     -0.497101     -0.418133     0.0166026
            63     -0.421516     -0.418187      0.016337
            64     -0.369354     -0.417424     0.0160978
            65      -0.42501     -0.417541     0.0158487
            66     -0.431522     -0.417753     0.0156081
            67     -0.311912     -0.416173     0.0154543
            68     -0.464123     -0.416878     0.0152417
            69     -0.653234     -0.420303     0.0154049
            70     -0.397365     -0.419976     0.0151867
            71     -0.355489     -0.419067     0.0149988
            72     -0.564249     -0.421084     0.0149259
            73     -0.361052     -0.420262     0.0147429
            74      -0.48412     -0.421124     0.0145679
            75     -0.449715     -0.421506     0.0143774
            76     -0.392146     -0.421119     0.0141923
            77     -0.610324     -0.423577     0.0142206
            78     -0.311957     -0.422146     0.0141099
            79     -0.475986     -0.422827     0.0139468
            80     -0.441756     -0.423064     0.0137734
            81     -0.351571     -0.422181     0.0136309
            82     -0.531578     -0.423515     0.0135296
            83      -0.40625     -0.423307     0.0133672
            84     -0.439873     -0.423504     0.0132086
            85     -0.562716     -0.425142     0.0131546
            86     -0.478528     -0.425763     0.0130155
            87     -0.328738     -0.424648     0.0129133
            88     -0.523837     -0.425775     0.0128154
            89     -0.483079     -0.426419     0.0126869
            90     -0.291382     -0.424918     0.0126346
            91     -0.380359     -0.424429     0.0125046
            92     -0.438754     -0.424584     0.0123689
            93     -0.379307     -0.424098     0.0122448
            94     -0.449021     -0.424363     0.0121168
            95     -0.564237     -0.425835     0.0120786
            96     -0.530758     -0.426928      0.012002
            97     -0.533684     -0.428029     0.0119285
            98      -0.42377     -0.427985     0.0118063
            99     -0.464099      -0.42835     0.0116921
           100     -0.336662     -0.427433     0.0116108
