             1     -0.144437     -0.144437             0
             2     -0.392716     -0.268576       0.12414
             3     -0.491371     -0.342841      0.103209
             4     -0.379448     -0.351993     0.0735516
             5     -0.311096     -0.343813     0.0575569
             6     -0.426939     -0.357668     0.0489946
             7     -0.542169     -0.384025      0.049085
             8     -0.471528     -0.394963     0.0438935
             9     -0.387886     -0.394177     0.0387184
            10      -0.47009     -0.401768     0.0354531
            11     -0.403239     -0.401902     0.0320688
            12      -0.49319     -0.409509      0.030247
            13     -0.422022     -0.410472     0.0278398
            14     -0.450404     -0.413324      0.025932
            15     -0.427564     -0.414273       0.02416
            16     -0.483178      -0.41858     0.0230063
            17     -0.493906     -0.423011     0.0220602
            18     -0.440817        -0.424     0.0208221
            19     -0.518244      -0.42896     0.0203107
            20     -0.306099     -0.422817      0.020224
            21     -0.526453     -0.427752     0.0198598
            22     -0.543926     -0.433033     0.0196581
            23     -0.224459     -0.423964     0.0208584
            24     -0.397807     -0.422875     0.0200001
            25     -0.463901     -0.424516     0.0192535
            26     -0.457268     -0.425775      0.018541
            27     -0.425483     -0.425764     0.0178411
            28     -0.444415     -0.426431      0.017205
            29     -0.249434     -0.420327     0.0176875
            30     -0.411612     -0.420037     0.0170903
            31     -0.485644     -0.422153     0.0166647
            32     -0.346196     -0.419779     0.0163092
            33     -0.436632      -0.42029     0.0158155
            34     -0.435802     -0.420746     0.0153501
            35     -0.449708     -0.421574      0.014928
            36     -0.520724     -0.424328     0.0147665
            37     -0.519153     -0.426891     0.0145887
            38     -0.362622       -0.4252        0.0143
            39      -0.41813     -0.425018     0.0139297
            40     -0.307742     -0.422086       0.01389
            41     -0.343852     -0.420178     0.0136807
            42      -0.42435     -0.420278     0.0133513
            43     -0.358935     -0.418851      0.013115
            44     -0.408088     -0.418606     0.0128158
            45     -0.478691     -0.419942     0.0125987
            46     -0.421932     -0.419985     0.0123218
            47     -0.324144     -0.417946      0.012228
            48     -0.420155     -0.417992     0.0119707
            49     -0.483185     -0.419322     0.0117991
            50     -0.393639     -0.418809     0.0115721
            51     -0.499392     -0.420389     0.0114524
            52     -0.433069     -0.420632     0.0112327
            53     -0.444228     -0.421078     0.0110277
            54     -0.358519     -0.419919     0.0108834
            55     -0.484551     -0.421094     0.0107481
            56      -0.47785     -0.422108      0.010603
            57     -0.503276     -0.423532     0.0105122
            58     -0.366655     -0.422551     0.0103758
            59     -0.562685     -0.424926     0.0104714
            60     -0.528828     -0.426658       0.01044
            61     -0.501912     -0.427892     0.0103413
            62     -0.546924     -0.429812     0.0103527
            63     -0.474705     -0.430524     0.0102119
            64     -0.524847     -0.431998     0.0101586
            65     -0.433662     -0.432024     0.0100011
            66     -0.488537      -0.43288    0.00988554
            67     -0.496448     -0.433829      0.009783
            68     -0.354781     -0.432666    0.00970791
            69     -0.493302     -0.433545    0.00960646
            70     -0.467958     -0.434037    0.00948098
            71      -0.46995     -0.434542    0.00936017
            72      -0.43938      -0.43461     0.0092295
            73     -0.495837     -0.435448    0.00914075
            74     -0.372598     -0.434599    0.00905629
            75     -0.351903     -0.433496     0.0090025
            76     -0.543517     -0.434944    0.00900044
            77     -0.358791     -0.433955    0.00893767
            78     -0.524682     -0.435118    0.00889869
            79      -0.42158     -0.434947      0.008787
            80     -0.454476     -0.435191     0.0086799
            81     -0.487715     -0.435839    0.00859656
            82     -0.339151      -0.43466    0.00857256
            83     -0.396934     -0.434206    0.00848083
            84     -0.429766     -0.434153    0.00837943
            85     -0.475487     -0.434639    0.00829453
            86     -0.463033     -0.434969    0.00820416
            87     -0.438978     -0.435015    0.00810944
            88     -0.511689     -0.435887    0.00806397
            89     -0.487248     -0.436464     0.0079937
            90     -0.389336      -0.43594    0.00792171
            91       -0.4132      -0.43569    0.00783816
            92     -0.432041     -0.435651     0.0077526
            93     -0.459827      -0.43591    0.00767319
            94     -0.475388      -0.43633    0.00760273
            95     -0.374035     -0.435675     0.0075508
            96     -0.406752     -0.435373     0.0074778
            97      -0.47438     -0.435776    0.00741123
            98     -0.447211     -0.435892    0.00733614
            99     -0.445449     -0.435989     0.0072623
           100     -0.477693     -0.436406     0.0072014
