             1     -0.512669     -0.512669             0
             2     -0.458454     -0.485562     0.0271075
             3     -0.356718     -0.442614     0.0457104
             4     -0.477992     -0.451458     0.0335104
             5     -0.484598     -0.458086     0.0267899
             6     -0.448398     -0.456472     0.0219333
             7     -0.808191     -0.506717      0.053556
             8      -0.41421     -0.495154     0.0478006
             9     -0.371756     -0.481443     0.0443298
            10     -0.578275     -0.491126     0.0408151
            11     -0.399607     -0.482806     0.0378445
            12     -0.448955     -0.479985     0.0346621
            13     -0.584427     -0.488019     0.0328811
            14     -0.357556     -0.478701     0.0318364
            15     -0.406654     -0.473897     0.0300247
            16     -0.459209     -0.472979     0.0281005
            17     -0.424451     -0.470125     0.0265498
            18     -0.403857     -0.466443     0.0253007
            19     -0.675827     -0.477463     0.0263474
            20     -0.514798      -0.47933      0.025065
            21     -0.492775      -0.47997     0.0238501
            22     -0.367117     -0.474841     0.0233116
            23     -0.310983     -0.467716     0.0233866
            24     -0.402349     -0.464993      0.022556
            25     -0.304316     -0.458566     0.0225694
            26     -0.340716     -0.454033     0.0221526
            27     -0.415137     -0.452592      0.021365
            28     -0.414596     -0.451235     0.0206325
            29     -0.425751     -0.450357     0.0199277
            30     -0.508306     -0.452288     0.0193487
            31     -0.428313     -0.451515     0.0187301
            32     -0.375345     -0.449135     0.0182909
            33     -0.414229     -0.448077     0.0177595
            34     -0.395841     -0.446541     0.0172976
            35     -0.417957     -0.445724     0.0168159
            36     -0.387707     -0.444112     0.0164214
            37     -0.483136     -0.445167     0.0160062
            38     -0.424341     -0.444619     0.0155889
            39     -0.384019     -0.443065     0.0152633
            40     -0.540651     -0.445505     0.0150755
            41     -0.495198     -0.446717     0.0147531
            42     -0.469962      -0.44727     0.0144082
            43     -0.517664     -0.448907      0.014164
            44     -0.468343     -0.449349     0.0138454
            45     -0.365241      -0.44748     0.0136627
            46      -0.48182     -0.448226     0.0133832
            47     -0.534878      -0.45007     0.0132245
            48     -0.484164      -0.45078     0.0129655
            49     -0.479402     -0.451365     0.0127116
            50     -0.474357     -0.451824     0.0124633
            51     -0.529253     -0.453343     0.0123104
            52     -0.412275     -0.452553     0.0120972
            53     -0.227245     -0.448302     0.0126052
            54     -0.340578     -0.446307     0.0125294
            55     -0.388689     -0.445259      0.012344
            56     -0.462988     -0.445576     0.0121257
            57      -0.55112     -0.447427     0.0120542
            58     -0.470896     -0.447832     0.0118514
            59     -0.452851     -0.447917     0.0116491
            60     -0.407671     -0.447246     0.0114729
            61     -0.477811     -0.447747     0.0112944
            62     -0.505254     -0.448675     0.0111494
            63     -0.613336     -0.451289      0.011278
            64     -0.437124     -0.451067     0.0111026
            65     -0.432937     -0.450788      0.010934
            66     -0.491154       -0.4514     0.0107845
            67     -0.425484     -0.451013     0.0106293
            68     -0.371888      -0.44985     0.0105363
            69     -0.462442     -0.450032     0.0103841
            70     -0.490933     -0.450616     0.0102513
            71     -0.573734      -0.45235     0.0102536
            72      -0.53563     -0.453507     0.0101761
            73     -0.404415     -0.452835     0.0100583
            74     -0.461037     -0.452945    0.00992203
            75     -0.438653     -0.452755     0.0097907
            76     -0.458673     -0.452833    0.00966133
            77     -0.429005     -0.452523    0.00954005
            78     -0.476494     -0.452831    0.00942196
            79     -0.458177     -0.452898    0.00930218
            80     -0.403352     -0.452279    0.00920602
            81      -0.43724     -0.452093    0.00909355
            82     -0.553968     -0.453336    0.00906748
            83     -0.498718     -0.453882    0.00897424
            84     -0.381501     -0.453021    0.00890853
            85     -0.545118     -0.454104    0.00886953
            86     -0.543256     -0.455141    0.00882688
            87     -0.567478     -0.456432    0.00881986
            88     -0.498325     -0.456908    0.00873204
            89      -0.55321      -0.45799    0.00870092
            90     -0.528555     -0.458774    0.00863935
            91     -0.443266     -0.458604    0.00854558
            92     -0.402411     -0.457993    0.00847422
            93     -0.511945     -0.458573    0.00840266
            94     -0.463332     -0.458624    0.00831294
            95     -0.444346     -0.458474    0.00822634
            96     -0.344598     -0.457287    0.00822618
            97     -0.490597     -0.457631    0.00814817
            98     -0.512929     -0.458195    0.00808431
            99     -0.283439      -0.45643    0.00819462
           100     -0.491997     -0.456785    0.00812005
