             1     -0.532192     -0.532192             0
             2     -0.448291     -0.490242     0.0419506
             3     -0.441154     -0.473879     0.0292293
             4     -0.419789     -0.460357     0.0246989
             5     -0.498257     -0.467937     0.0205786
             6     -0.354451     -0.449022     0.0252996
             7     -0.388375     -0.440358     0.0230707
             8     -0.479905     -0.445302     0.0205822
             9     -0.392926     -0.439482     0.0190619
            10     -0.405738     -0.436108     0.0173802
            11     -0.434511     -0.435963     0.0157216
            12     -0.426152     -0.435145     0.0143751
            13     -0.407752     -0.433038       0.01339
            14      -0.39369     -0.430227     0.0127113
            15     -0.453039     -0.431748     0.0119309
            16     -0.434307     -0.431908     0.0111615
            17     -0.288534     -0.423474     0.0134555
            18     -0.351344     -0.419467     0.0133039
            19     -0.446122      -0.42087     0.0126622
            20      -0.54653     -0.427153     0.0135563
            21     -0.535926     -0.432333      0.013896
            22     -0.403173     -0.431007     0.0133155
            23     -0.440916     -0.431438     0.0127307
            24     -0.369636     -0.428863     0.0124577
            25     -0.415917     -0.428345     0.0119603
            26     -0.316453     -0.424042     0.0122705
            27     -0.528635     -0.427915     0.0124265
            28     -0.384791     -0.426375     0.0120731
            29     -0.399464     -0.425447     0.0116863
            30     -0.520857     -0.428628     0.0117294
            31     -0.440656     -0.429016     0.0113514
            32     -0.458696     -0.429943       0.01103
            33     -0.508647     -0.432328     0.0109533
            34     -0.427531     -0.432187     0.0106272
            35       -0.4885     -0.433796     0.0104438
            36     -0.568018     -0.437524     0.0108127
            37     -0.428512     -0.437281     0.0105192
            38     -0.358727     -0.435214     0.0104453
            39     -0.488468     -0.436579     0.0102651
            40     -0.420986     -0.436189     0.0100128
            41     -0.470702     -0.437031    0.00980174
            42     -0.460316     -0.437585    0.00958158
            43     -0.386575     -0.436399      0.009431
            44     -0.541482     -0.438787    0.00951864
            45     -0.430366       -0.4386     0.0093066
            46     -0.467954     -0.439238    0.00912437
            47     -0.431608     -0.439076     0.0089296
            48     -0.529039      -0.44095    0.00894025
            49     -0.459266     -0.441324    0.00876387
            50     -0.510582     -0.442709    0.00869781
            51     -0.464398     -0.443134    0.00853616
            52     -0.463676      -0.44353    0.00837971
            53     -0.401593     -0.442738    0.00825808
            54     -0.412183     -0.442172    0.00812344
            55     -0.385049     -0.441134    0.00804172
            56     -0.398572     -0.440374    0.00793331
            57     -0.490157     -0.441247    0.00784167
            58     -0.468336     -0.441714    0.00771943
            59     -0.473053     -0.442245    0.00760603
            60     -0.382826     -0.441255    0.00754348
            61     -0.377383     -0.440208    0.00749231
            62     -0.417005     -0.439834    0.00737997
            63     -0.521798     -0.441135    0.00737751
            64     -0.444636     -0.441189    0.00726152
            65     -0.395769     -0.440491    0.00718301
            66     -0.347625     -0.439084    0.00721193
            67     -0.491296     -0.439863    0.00714609
            68     -0.500359     -0.440753     0.0070962
            69     -0.426286     -0.440543    0.00699574
            70     -0.552151     -0.442137    0.00707702
            71     -0.433544     -0.442016    0.00697768
            72     -0.472787     -0.442444    0.00689335
            73      -0.59402      -0.44452    0.00710829
            74     -0.432902     -0.444363    0.00701333
            75     -0.401635     -0.443793    0.00694261
            76     -0.447559     -0.443843    0.00685083
            77     -0.413459     -0.443448    0.00677277
            78     -0.441535     -0.443424    0.00668542
            79     -0.546937     -0.444734    0.00672906
            80     -0.413988      -0.44435    0.00665552
            81     -0.518315     -0.445263    0.00663597
            82     -0.410394     -0.444838    0.00656832
            83      -0.46071     -0.445029    0.00649152
            84     -0.445522     -0.445035    0.00641378
            85     -0.455135     -0.445154    0.00633898
            86     -0.438413     -0.445075    0.00626533
            87      -0.48242     -0.445504    0.00620776
            88     -0.411153     -0.445114    0.00614921
            89     -0.563084      -0.44644    0.00622254
            90     -0.441096      -0.44638     0.0061533
            91     -0.393938     -0.445804    0.00611253
            92     -0.466301     -0.446027    0.00604983
            93     -0.485951     -0.446456     0.0059998
            94     -0.527771     -0.447321    0.00599834
            95     -0.298701     -0.445757    0.00613759
            96     -0.358324     -0.444846    0.00614123
            97     -0.431682      -0.44471     0.0060791
            98     -0.447795     -0.444742    0.00601683
            99     -0.444061     -0.444735    0.00595575
           100     -0.393263      -0.44422    0.00591832
