             1     -0.435917     -0.435917             0
             2     -0.489587     -0.462752      0.026835
             3     -0.504242     -0.476582     0.0207679
             4     -0.548992     -0.494684     0.0233101
             5      -0.39283     -0.474314     0.0272211
             6     -0.405453     -0.462837     0.0250142
             7     -0.502723     -0.468535     0.0218953
             8     -0.430461     -0.463776       0.01955
             9     -0.511922     -0.469125     0.0180523
            10     -0.414744     -0.463687     0.0170377
            11     -0.569836     -0.473337     0.0181831
            12     -0.478366     -0.473756     0.0166041
            13     -0.459511      -0.47266     0.0153128
            14     -0.496896     -0.474391     0.0142822
            15     -0.422001     -0.470899     0.0137471
            16      -0.42566     -0.468071     0.0131664
            17     -0.501644     -0.470046     0.0125244
            18     -0.520984     -0.472876     0.0121424
            19     -0.398805     -0.468978     0.0121292
            20     -0.470974     -0.469077     0.0115072
            21     -0.436967     -0.467548     0.0110518
            22     -0.544301     -0.471037        0.0111
            23     -0.526396     -0.473444     0.0108761
            24     -0.377428     -0.469443     0.0111552
            25      -0.32215     -0.463552     0.0122145
            26     -0.439975     -0.462645     0.0117703
            27     -0.448181     -0.462109     0.0113387
            28     -0.435871     -0.461172     0.0109663
            29     -0.377556     -0.458289     0.0109672
            30     -0.407479     -0.456595     0.0107298
            31     -0.440802     -0.456086     0.0103904
            32     -0.343727     -0.452574     0.0106556
            33     -0.427457     -0.451813     0.0103557
            34       -0.5127     -0.453604     0.0102049
            35     -0.447665     -0.453434    0.00991045
            36     -0.425664     -0.452663    0.00966207
            37     -0.535079      -0.45489    0.00965769
            38     -0.464161     -0.455134    0.00940327
            39     -0.456569     -0.455171    0.00915906
            40    -0.0980615     -0.446243     0.0126253
            41     -0.403985     -0.445213     0.0123566
            42     -0.479517      -0.44603     0.0120864
            43     -0.518852     -0.447723     0.0119229
            44     -0.479893     -0.448454     0.0116717
            45     -0.485852     -0.449285     0.0114396
            46     -0.433465     -0.448941     0.0111934
            47     -0.309769      -0.44598     0.0113459
            48      -0.44081     -0.445873     0.0111075
            49      -0.40458      -0.44503     0.0109111
            50     -0.357704     -0.443283     0.0108324
            51     -0.486493     -0.444131     0.0106516
            52     -0.406949     -0.443416     0.0104692
            53     -0.516618     -0.444797     0.0103622
            54     -0.414209      -0.44423     0.0101843
            55     -0.361816     -0.442732     0.0101091
            56     -0.324031     -0.440612     0.0101507
            57     -0.481603     -0.441331     0.0099969
            58     -0.493452      -0.44223    0.00986405
            59     -0.469743     -0.442696    0.00970663
            60      -0.36169     -0.441346    0.00963851
            61     -0.435198     -0.441245    0.00947972
            62     -0.448634     -0.441365    0.00932633
            63     -0.368785     -0.440212    0.00924913
            64     -0.417022      -0.43985    0.00911067
            65      -0.38915      -0.43907    0.00900326
            66     -0.454983     -0.439311    0.00886908
            67      -0.41149     -0.438896    0.00874556
            68     -0.469175     -0.439341    0.00862749
            69     -0.469022     -0.439771    0.00851241
            70     -0.479664     -0.440341    0.00840926
            71     -0.202844     -0.436996     0.0089394
            72     -0.428746     -0.436882    0.00881511
            73     -0.404552     -0.436439    0.00870479
            74     -0.353167     -0.435314    0.00865978
            75     -0.492457     -0.436075    0.00857744
            76     -0.570928      -0.43785    0.00864782
            77     -0.525812     -0.438992    0.00861088
            78     -0.397727     -0.438463    0.00851622
            79     -0.514443     -0.439425    0.00846256
            80     -0.433402      -0.43935    0.00835645
            81     -0.426407      -0.43919    0.00825418
            82     -0.471281     -0.439581    0.00816229
            83     -0.420145     -0.439347    0.00806675
            84     -0.482591     -0.439862    0.00798674
            85     -0.512513     -0.440717    0.00793837
            86     -0.399775      -0.44024    0.00785995
            87     -0.449347     -0.440345    0.00776979
            88     -0.396351     -0.439845    0.00769724
            89     -0.569107     -0.441298    0.00774761
            90    -0.0843531     -0.437332    0.00862677
            91     -0.378176     -0.436681    0.00855617
            92     -0.461041     -0.436946     0.0084668
            93     -0.470718     -0.437309    0.00838313
            94     -0.476949     -0.437731    0.00830419
            95      -0.51416     -0.438536     0.0082556
            96     -0.437333     -0.438523    0.00816916
            97     -0.410064      -0.43823    0.00808983
            98      -0.51303     -0.438993    0.00804315
            99     -0.517656     -0.439788    0.00800105
           100     -0.430638     -0.439696    0.00792116
