             1     -0.430708     -0.430708             0
             2     -0.286728     -0.358718     0.0719901
             3     -0.409619     -0.375685     0.0448932
             4     -0.455382     -0.395609     0.0374789
             5     -0.467059     -0.409899     0.0323574
             6     -0.464325      -0.41897     0.0279336
             7     -0.402665     -0.416641     0.0237228
             8     -0.441812     -0.419787     0.0207841
             9     -0.452484      -0.42342     0.0186864
            10     -0.407873     -0.421866     0.0167858
            11     -0.393834     -0.419317     0.0153957
            12     -0.437804     -0.420858     0.0141385
            13     -0.560105     -0.431569     0.0168486
            14     -0.409171     -0.429969     0.0156806
            15     -0.435101     -0.430311     0.0146018
            16     -0.449922     -0.431537     0.0137137
            17      -0.43915     -0.431985     0.0128895
            18     -0.493141     -0.435382     0.0126184
            19     -0.439109     -0.435579     0.0119374
            20     -0.361167     -0.431858     0.0119203
            21     -0.427711      -0.43166     0.0113402
            22     -0.499848      -0.43476     0.0112479
            23     -0.360654     -0.431538     0.0112203
            24     -0.432424     -0.431575     0.0107427
            25     -0.566621     -0.436977     0.0116341
            26     -0.354753     -0.433814     0.0116165
            27     -0.431218     -0.433718     0.0111784
            28      -0.43589     -0.433796      0.010772
            29     -0.510731     -0.436449     0.0107272
            30      -0.38342     -0.434681     0.0105131
            31     -0.488692     -0.436423     0.0103165
            32     -0.452723     -0.436933     0.0100019
            33     -0.573695     -0.441077     0.0105428
            34     -0.466949     -0.441838     0.0102563
            35     -0.559489     -0.445199     0.0105109
            36     -0.467544      -0.44582     0.0102336
            37      -0.45058     -0.445949    0.00995403
            38      -0.38965     -0.444467    0.00980116
            39     -0.534781     -0.446783     0.0098234
            40     -0.530455     -0.448875     0.0098005
            41     -0.479585     -0.449624    0.00958778
            42     -0.420281     -0.448925    0.00938276
            43     -0.437648     -0.448663    0.00916571
            44     -0.434951     -0.448351     0.0089604
            45      -0.35257     -0.446223    0.00901392
            46     -0.451595      -0.44634    0.00881656
            47     -0.426777     -0.445923    0.00863697
            48     -0.451817     -0.446046    0.00845601
            49     -0.475441     -0.446646    0.00830334
            50     -0.373326      -0.44518    0.00826668
            51     -0.441997     -0.445117     0.0081032
            52     -0.344115     -0.443175     0.0081798
            53     -0.465295     -0.443592    0.00803483
            54     -0.394875      -0.44269    0.00793608
            55     -0.478148     -0.443335    0.00781708
            56     -0.363098     -0.441902    0.00780879
            57     -0.443095     -0.441923     0.0076706
            58     -0.505659     -0.443022    0.00761688
            59     -0.436624     -0.442913    0.00748745
            60     -0.480219     -0.443535    0.00738781
            61     -0.386366     -0.442598    0.00732588
            62     -0.421685     -0.442261    0.00721465
            63     -0.469103     -0.442687    0.00711198
            64       -0.3835     -0.441762     0.0070608
            65     -0.424228     -0.441492    0.00695655
            66     -0.506972     -0.442484    0.00692181
            67     -0.453361     -0.442647    0.00681965
            68     -0.503747     -0.443545    0.00677843
            69     -0.513922     -0.444565    0.00675689
            70     -0.330308     -0.442933    0.00685678
            71     -0.413349     -0.442516    0.00677234
            72      -0.38406     -0.441704     0.0067268
            73     -0.283253     -0.439534    0.00698007
            74     -0.533017     -0.440797    0.00700004
            75      -0.46107     -0.441067    0.00691136
            76     -0.466036     -0.441396    0.00682773
            77     -0.451988     -0.441533    0.00673988
            78     -0.464089     -0.441823    0.00665919
            79     -0.497982     -0.442533    0.00661268
            80     -0.264104     -0.440303    0.00689992
            81     -0.459274     -0.440537    0.00681822
            82     -0.450065     -0.440653    0.00673556
            83     -0.468287     -0.440986    0.00666224
            84      -0.48361     -0.441494    0.00660198
            85     -0.578662     -0.443108    0.00672047
            86     -0.495587     -0.443718    0.00666984
            87      -0.47207     -0.444044    0.00660078
            88     -0.490674     -0.444574    0.00654682
            89     -0.399224     -0.444064    0.00649287
            90     -0.557324     -0.445322    0.00654249
            91     -0.394097      -0.44476    0.00649464
            92     -0.398929     -0.444261    0.00644294
            93     -0.369139     -0.443454    0.00642427
            94     -0.529341     -0.444367     0.0064209
            95     -0.405175     -0.443955    0.00636633
            96     -0.349702     -0.442973    0.00637572
            97     -0.432463     -0.442865    0.00631058
            98     -0.563413     -0.444095    0.00636583
            99     -0.425087     -0.443903    0.00630412
           100     -0.475862     -0.444222    0.00624894
