             1     -0.341017     -0.341017             0
             2     -0.428413     -0.384715     0.0436981
             3     -0.396636     -0.388689     0.0255401
             4     -0.482269     -0.412084     0.0295547
             5     -0.420074     -0.413682     0.0229487
             6     -0.451446     -0.419976     0.0197663
             7     -0.585286     -0.443592     0.0289271
             8     -0.438751     -0.442987     0.0250589
             9     -0.372896     -0.435199     0.0234319
            10     -0.542008      -0.44588     0.0235229
            11     -0.399982     -0.441707     0.0216825
            12     -0.542863     -0.450137     0.0215136
            13     -0.428719     -0.448489     0.0198581
            14     -0.454582     -0.448924     0.0183902
            15      -0.57108     -0.457068     0.0189585
            16     -0.427262     -0.455205     0.0178316
            17     -0.347405     -0.448864     0.0179101
            18     -0.382796     -0.445194     0.0172801
            19      -0.41632     -0.443674     0.0164158
            20     -0.410451     -0.442013     0.0156618
            21     -0.455052     -0.442634     0.0149102
            22     -0.320366     -0.437076     0.0152641
            23     -0.439816     -0.437195     0.0145858
            24     -0.506744     -0.440093     0.0142624
            25     -0.505274       -0.4427     0.0139262
            26     -0.353174     -0.439257     0.0138158
            27     -0.429099     -0.438881     0.0132996
            28     -0.422843     -0.438308     0.0128286
            29     -0.443063     -0.438472     0.0123794
            30     -0.486055     -0.440058     0.0120644
            31     -0.486361     -0.441552     0.0117639
            32     -0.575677     -0.445743     0.0121371
            33     -0.513106     -0.447784     0.0119393
            34     -0.454655     -0.447987     0.0115846
            35     -0.435453     -0.447628     0.0112545
            36     -0.556152     -0.450643     0.0113452
            37     -0.472316     -0.451229     0.0110499
            38     -0.405418     -0.450023     0.0108225
            39     -0.459684     -0.450271     0.0105443
            40     -0.513085     -0.451841     0.0103965
            41     -0.434122     -0.451409      0.010149
            42     -0.398638     -0.450153    0.00998379
            43     -0.524731     -0.451887    0.00990193
            44     -0.570817      -0.45459     0.0100448
            45     -0.582071     -0.457423     0.0102195
            46     -0.498122     -0.458308      0.010034
            47     -0.467074     -0.458494    0.00981992
            48     -0.506017     -0.459484    0.00966401
            49     -0.394864     -0.458165    0.00955617
            50     -0.442149     -0.457845    0.00936857
            51     -0.507614     -0.458821    0.00923474
            52     -0.372692     -0.457165    0.00920564
            53     -0.496023     -0.457898       0.00906
            54     -0.318446     -0.455315     0.0092581
            55     -0.431649     -0.454885    0.00909839
            56     -0.432146     -0.454479    0.00894367
            57      -0.46404     -0.454647    0.00878696
            58      -0.40313     -0.453759     0.0086797
            59     -0.379091     -0.452493    0.00862467
            60     -0.502475     -0.453326    0.00852053
            61     -0.595087      -0.45565    0.00869597
            62     -0.443149     -0.455448    0.00855694
            63     -0.449696     -0.455357    0.00842051
            64     -0.450831     -0.455286     0.0082882
            65     -0.254916     -0.452204    0.00872256
            66     -0.457371     -0.452282    0.00858974
            67     -0.318778     -0.450289    0.00869204
            68     -0.422978     -0.449888    0.00857268
            69     -0.405307     -0.449242     0.0084722
            70     -0.463237     -0.449442    0.00835268
            71     -0.315986     -0.447562    0.00844601
            72      -0.45563     -0.447674    0.00832863
            73     -0.480341     -0.448121    0.00822593
            74     -0.362552     -0.446965    0.00819599
            75     -0.362177     -0.445835    0.00816462
            76     -0.551138      -0.44722    0.00817475
            77     -0.438895     -0.447112    0.00806861
            78     -0.544303     -0.448358    0.00806138
            79      -0.39868     -0.447729    0.00798349
            80     -0.403429     -0.447176    0.00790249
            81      -0.46793     -0.447432    0.00780852
            82     -0.493333     -0.447992    0.00773299
            83     -0.414937     -0.447593    0.00764963
            84     -0.395492     -0.446973    0.00758342
            85     -0.508496     -0.447697    0.00752855
            86     -0.402314     -0.447169    0.00745918
            87     -0.394427     -0.446563    0.00739783
            88     -0.519855     -0.447396    0.00736055
            89     -0.439178     -0.447303    0.00727796
            90     -0.470983     -0.447567    0.00720145
            91     -0.442309     -0.447509    0.00712211
            92     -0.509696     -0.448185    0.00707663
            93     -0.495454     -0.448693    0.00701855
            94     -0.126911      -0.44527    0.00774147
            95      -0.44249      -0.44524     0.0076596
            96     -0.468117     -0.445479    0.00758314
            97     -0.401973      -0.44503    0.00751795
            98     -0.499349     -0.445585    0.00746145
            99     -0.528566     -0.446423    0.00743311
           100     -0.499084     -0.446949    0.00737722
