             1     -0.458597     -0.458597             0
             2     -0.315785     -0.387191      0.071406
             3     -0.384993     -0.386459     0.0412328
             4     -0.449358     -0.402183     0.0331261
             5     -0.438672     -0.409481      0.026677
             6     -0.457103     -0.417418     0.0231827
             7     -0.470878     -0.425055     0.0210288
             8     -0.453678     -0.428633     0.0185596
             9     -0.458675     -0.431971     0.0167049
            10     -0.437036     -0.432478     0.0149499
            11     -0.466357     -0.435558      0.013869
            12     -0.434801     -0.435494     0.0126608
            13     -0.392155     -0.432161      0.012114
            14     -0.459621     -0.434122     0.0113856
            15     -0.458968     -0.435779      0.010728
            16     -0.410731     -0.434213     0.0101565
            17     -0.473305     -0.436513    0.00981362
            18     -0.398285     -0.434389    0.00949298
            19     -0.485002     -0.437053    0.00936627
            20     -0.458658     -0.438133    0.00895105
            21     -0.584632     -0.445109     0.0110071
            22     -0.464595     -0.445995     0.0105322
            23     -0.510383     -0.448794      0.010446
            24     -0.505541     -0.451159      0.010277
            25     -0.455153     -0.451319    0.00985861
            26       -0.5483     -0.455049     0.0101798
            27     -0.376303     -0.452132     0.0102205
            28      -0.56367     -0.456116     0.0106238
            29     -0.446632     -0.455789     0.0102562
            30      -0.57828     -0.459872     0.0107167
            31     -0.323063     -0.455458     0.0112656
            32     -0.599211     -0.459951     0.0117967
            33     -0.421786     -0.458794      0.011492
            34     -0.462486     -0.458903     0.0111494
            35     -0.413788     -0.457614     0.0109026
            36     -0.365891     -0.455066     0.0108975
            37     -0.415379     -0.453993      0.010653
            38     -0.420693     -0.453117     0.0104058
            39     -0.387397     -0.451432     0.0102746
            40      -0.32105     -0.448172     0.0105316
            41     -0.403171     -0.447075       0.01033
            42     -0.519951      -0.44881     0.0102293
            43     -0.478659     -0.449504     0.0100126
            44      0.219892      -0.43429     0.0180872
            45     -0.507666     -0.435921     0.0177557
            46     -0.340186      -0.43384     0.0174897
            47     -0.454777     -0.434285     0.0171194
            48     -0.485282     -0.435348     0.0167926
            49     -0.561123     -0.437915     0.0166454
            50      -0.38845     -0.436925     0.0163391
            51     -0.435989     -0.436907     0.0160155
            52      -0.57677     -0.439597     0.0159331
            53      -0.47893     -0.440339     0.0156472
            54     -0.479669     -0.441067      0.015372
            55     -0.383209     -0.440015     0.0151265
            56     -0.557404     -0.442111     0.0150012
            57     -0.460531     -0.442434     0.0147392
            58     -0.507678     -0.443559     0.0145264
            59     -0.450804     -0.443682     0.0142786
            60     -0.418296     -0.443259      0.014045
            61     -0.456618     -0.443478     0.0138146
            62     -0.392635     -0.442658     0.0136147
            63     -0.378625     -0.441642     0.0134353
            64     -0.464146     -0.441993     0.0132284
            65     -0.525768     -0.443282     0.0130869
            66      -0.46992     -0.443686     0.0128934
            67     -0.453526     -0.443833     0.0127004
            68     -0.583594     -0.445888     0.0126799
            69     -0.478592     -0.446362     0.0125038
            70     -0.355583     -0.445065     0.0123919
            71     -0.482831     -0.445597     0.0122277
            72     -0.574405     -0.447386     0.0121887
            73     -0.507218     -0.448206     0.0120484
            74     -0.360008     -0.447014     0.0119441
            75        -0.431       -0.4468     0.0117857
            76     -0.434008     -0.446632     0.0116308
            77     -0.425397     -0.446356     0.0114821
            78     -0.406733     -0.445848     0.0113453
            79     -0.556398     -0.447247     0.0112879
            80     -0.282784     -0.445192     0.0113339
            81     -0.438251     -0.445106     0.0111934
            82     -0.371568     -0.444209     0.0110924
            83     -0.456494     -0.444357     0.0109589
            84     -0.417489     -0.444037     0.0108324
            85     -0.392059     -0.443426     0.0107216
            86     -0.527625     -0.444405     0.0106414
            87     -0.618253     -0.446403     0.0107065
            88     -0.415327      -0.44605       0.01059
            89     -0.418329     -0.445739      0.010475
            90     -0.554878     -0.446951     0.0104287
            91     -0.414812     -0.446598     0.0103195
            92     -0.462103     -0.446767     0.0102081
            93     -0.372616     -0.445969     0.0101292
            94     -0.444217     -0.445951     0.0100208
            95     -0.474026     -0.446246     0.0099192
            96     -0.588822     -0.447731    0.00992706
            97      -0.44781     -0.447732    0.00982418
            98     -0.405706     -0.447303    0.00973287
            99      -0.50782     -0.447915    0.00965343
           100     -0.368241     -0.447118    0.00958956
