             1     -0.307523     -0.307523             0
             2      -0.44804     -0.377782     0.0702585
             3     -0.585348      -0.44697     0.0802028
             4      -0.45506     -0.448993      0.056748
             5     -0.310466     -0.421288     0.0519595
             6     -0.282167     -0.398101     0.0483476
             7     -0.455902     -0.406358     0.0416871
             8     -0.502628     -0.418392     0.0380548
             9     -0.523559     -0.430077     0.0355373
            10     -0.493843     -0.436454     0.0324188
            11     -0.405371     -0.433628     0.0294598
            12     -0.444181     -0.434507     0.0269073
            13     -0.553684     -0.443675     0.0263944
            14     -0.432975      -0.44291     0.0244484
            15     -0.384069     -0.438988     0.0230958
            16     -0.401259      -0.43663     0.0217324
            17     -0.565679     -0.444221     0.0217798
            18     -0.532359     -0.449117     0.0211099
            19      -0.38273     -0.445623     0.0202714
            20     -0.499024     -0.448293     0.0194156
            21     -0.523802     -0.451889     0.0188147
            22     -0.467682     -0.452607     0.0179535
            23     -0.497369     -0.454553     0.0172652
            24     -0.335262     -0.449583     0.0172612
            25     -0.375417     -0.446616     0.0168201
            26     -0.446554     -0.446614     0.0161602
            27     -0.371644     -0.443837     0.0157961
            28     -0.460381     -0.444428      0.015233
            29     -0.517011     -0.446931     0.0149099
            30     -0.360253     -0.444041     0.0146912
            31      -0.47647     -0.445088     0.0142479
            32     -0.488186     -0.446434      0.013861
            33     -0.499639     -0.448047     0.0135308
            34     -0.516524     -0.450061     0.0132805
            35     -0.444075      -0.44989     0.0128966
            36     -0.511387     -0.451598     0.0126491
            37     -0.322247     -0.448102     0.0127896
            38     -0.290516     -0.443955      0.013121
            39     -0.336282     -0.441194      0.013075
            40     -0.503625     -0.442755     0.0128391
            41     -0.375271     -0.441109     0.0126298
            42     -0.294018     -0.437607     0.0128133
            43     -0.433254     -0.437506     0.0125122
            44     -0.449847     -0.437786     0.0122277
            45     -0.401091     -0.436971     0.0119807
            46     -0.553073     -0.439495     0.0119861
            47     -0.470883     -0.440162     0.0117473
            48     -0.444743     -0.440258     0.0115003
            49     -0.326044     -0.437927     0.0115019
            50     -0.500719     -0.439183     0.0113392
            51     -0.519951     -0.440766     0.0112269
            52     -0.400938     -0.440001     0.0110355
            53     -0.464604     -0.440465     0.0108353
            54     -0.538227     -0.442275     0.0107857
            55     -0.465521     -0.442698     0.0105962
            56     -0.334843     -0.440772     0.0105821
            57     -0.520812     -0.442176     0.0104892
            58     -0.395291     -0.441368     0.0103384
            59     -0.402061     -0.440701     0.0101835
            60     -0.437676     -0.440651     0.0100124
            61     -0.543291     -0.442334    0.00998965
            62     -0.369422     -0.441158    0.00989731
            63     -0.365875     -0.439963    0.00981198
            64     -0.364744     -0.438787    0.00972871
            65     -0.488167     -0.439547    0.00960795
            66     -0.433392     -0.439454    0.00946171
            67     -0.364919     -0.438341    0.00938558
            68     -0.452911     -0.438556    0.00924901
            69     -0.372226     -0.437594    0.00916454
            70     -0.398942     -0.437042    0.00904953
            71     -0.429961     -0.436942    0.00892172
            72     -0.414193     -0.436626    0.00880261
            73      -0.43341     -0.436582     0.0086813
            74     -0.372991     -0.435723    0.00860619
            75     -0.423833     -0.435565    0.00849214
            76     -0.619851     -0.437989    0.00872344
            77      -0.52286     -0.439092    0.00867968
            78     -0.433439     -0.439019    0.00856798
            79     -0.465672     -0.439356    0.00846556
            80     -0.438614     -0.439347    0.00835907
            81     -0.405389     -0.438928    0.00826587
            82     -0.427729     -0.438791    0.00816558
            83     -0.449585     -0.438921    0.00806765
            84      -0.35588     -0.437933     0.0080321
            85      -0.51497     -0.438839    0.00798862
            86     -0.433404     -0.438776    0.00789544
            87     -0.394092     -0.438262    0.00782104
            88     -0.594936     -0.440043    0.00793399
            89     -0.391067     -0.439492    0.00786362
            90     -0.295319     -0.437891    0.00793905
            91       -0.4385     -0.437897    0.00785132
            92     -0.318727     -0.436602    0.00787281
            93     -0.387924     -0.436078    0.00780526
            94     -0.487802     -0.436629    0.00774136
            95      -0.41345     -0.436385    0.00766333
            96     -0.435529     -0.436376    0.00758309
            97     -0.470861     -0.436731    0.00751292
            98     -0.228499     -0.434607    0.00773349
            99     -0.545463     -0.435726    0.00773644
           100     -0.386952     -0.435239     0.0076742
