             1     -0.524568     -0.524568             0
             2     -0.544736     -0.534652      0.010084
             3       -0.4591     -0.509468     0.0258484
             4     -0.476016     -0.501105        0.0201
             5     -0.497911     -0.500466     0.0155825
             6     -0.493606     -0.499323     0.0127743
             7     -0.618807     -0.516392     0.0201968
             8     -0.387635     -0.500298     0.0237691
             9     -0.553399     -0.506198     0.0217769
            10     -0.364791     -0.492057     0.0240696
            11     -0.452865     -0.488494     0.0220614
            12     -0.523302     -0.491395      0.020347
            13     -0.467845     -0.489583      0.018804
            14     -0.346431     -0.479358     0.0201899
            15     -0.389665     -0.473378      0.019724
            16     -0.517147     -0.476114     0.0186518
            17     -0.508281     -0.478006     0.0176222
            18     -0.358159     -0.471348     0.0178988
            19     -0.484831     -0.472058     0.0169455
            20     -0.432775     -0.470093     0.0161954
            21     -0.550435     -0.473919     0.0158729
            22     -0.477525     -0.474083     0.0151351
            23     -0.541301     -0.477006     0.0147544
            24     -0.418239     -0.474557     0.0143369
            25     -0.389589     -0.471158     0.0141653
            26     -0.494402     -0.472052     0.0136389
            27     -0.387942     -0.468937     0.0134887
            28     -0.515804     -0.470611     0.0131053
            29     -0.372558      -0.46723     0.0130896
            30     -0.308678     -0.461945     0.0137057
            31     -0.428621      -0.46087     0.0132997
            32     -0.361995      -0.45778     0.0132429
            33     -0.494165     -0.458882     0.0128826
            34     -0.484403     -0.459633     0.0125205
            35     -0.437327     -0.458996     0.0121742
            36     -0.354162     -0.456084     0.0121843
            37     -0.457632     -0.456126     0.0118505
            38     -0.447414     -0.455896     0.0115367
            39      -0.40211     -0.454517     0.0113213
            40     -0.424879     -0.453776     0.0110595
            41     -0.506259     -0.455056     0.0108621
            42     -0.429927     -0.454458     0.0106172
            43      -0.35727     -0.452198     0.0106108
            44      -0.43239     -0.451748     0.0103766
            45     -0.512149      -0.45309     0.0102319
            46     -0.396104     -0.451851     0.0100833
            47     -0.496795     -0.452807     0.0099127
            48     -0.529907     -0.454414    0.00983603
            49     -0.511351     -0.455576    0.00970303
            50        -0.428     -0.455024    0.00952297
            51     -0.443679     -0.454802    0.00933703
            52    0.00796896     -0.445902     0.0127682
            53     -0.505489     -0.447026     0.0125753
            54     -0.450015     -0.447082     0.0123404
            55     -0.426122     -0.446701     0.0121199
            56     -0.153947     -0.441473     0.0129991
            57     -0.464981     -0.441885     0.0127756
            58     -0.504286     -0.442961     0.0125995
            59     -0.359686      -0.44155     0.0124642
            60     -0.443585     -0.441584     0.0122548
            61     -0.451565     -0.441747     0.0120533
            62     -0.459501     -0.442034     0.0118608
            63     -0.494289     -0.442863     0.0117004
            64     -0.478805     -0.443425     0.0115298
            65     -0.513572     -0.444504     0.0114023
            66     -0.456879     -0.444691     0.0112297
            67     -0.526302     -0.445909     0.0111277
            68     -0.489228     -0.446547     0.0109814
            69     -0.443493     -0.446502     0.0108211
            70     -0.486155     -0.447069     0.0106805
            71     -0.448979     -0.447096      0.010529
            72     -0.395515     -0.446379     0.0104064
            73     -0.394887     -0.445674     0.0102871
            74     -0.597289     -0.447723     0.0103519
            75     -0.532824     -0.448857     0.0102758
            76     -0.440999     -0.448754     0.0101402
            77     -0.455535     -0.448842      0.010008
            78     -0.492365       -0.4494    0.00989462
            79     -0.313448     -0.447679      0.009919
            80     -0.345072     -0.446397    0.00987785
            81     -0.426336     -0.446149    0.00975828
            82     -0.392497     -0.445495    0.00966072
            83     -0.484096      -0.44596    0.00955495
            84     -0.465143     -0.446188    0.00944327
            85     -0.502387     -0.446849    0.00935491
            86     -0.449753     -0.446883    0.00924555
            87     -0.567489     -0.448269    0.00924321
            88     -0.499706     -0.448854    0.00915625
            89     -0.459219      -0.44897    0.00905353
            90     -0.545674     -0.450045    0.00901662
            91     -0.438641     -0.449919    0.00891787
            92     -0.475458     -0.450197    0.00882477
            93     -0.458394     -0.450285    0.00872981
            94      -0.38766     -0.449619     0.0086621
            95     -0.493224     -0.450078    0.00858272
            96     -0.481335     -0.450404    0.00849908
            97     -0.522096     -0.451143    0.00844342
            98       -0.3872      -0.45049    0.00838225
            99     -0.485397     -0.450843    0.00830463
           100     -0.509901     -0.451433    0.00824235
