             1      -0.37071      -0.37071             0
             2     -0.485121     -0.427915     0.0572056
             3     -0.478536     -0.444789     0.0370883
             4     -0.358799     -0.423291     0.0339104
             5     -0.449924     -0.428618     0.0268015
             6     -0.396496     -0.423264     0.0225287
             7     -0.552893     -0.441783     0.0265605
             8     -0.459527     -0.444001     0.0231088
             9     -0.429514     -0.442391     0.0204435
            10     -0.418427     -0.439995     0.0184416
            11     -0.499499     -0.445404     0.0175362
            12     -0.425235     -0.443723     0.0160963
            13     -0.531015     -0.450438     0.0162579
            14     -0.397887     -0.446684     0.0155128
            15     -0.466071     -0.447977     0.0144994
            16     -0.461123     -0.448798     0.0135878
            17     -0.442828     -0.448447     0.0127684
            18     -0.489262     -0.450715     0.0122498
            19     -0.370408     -0.446488      0.012334
            20     -0.511848     -0.449756     0.0121488
            21     -0.463234     -0.450398     0.0115737
            22      -0.52766      -0.45391     0.0115804
            23     -0.457482     -0.454065     0.0110665
            24     -0.436365     -0.453328      0.010621
            25     -0.434491     -0.452574     0.0102152
            26     -0.406981     -0.450821    0.00996986
            27     -0.451695     -0.450853    0.00959355
            28     -0.407691     -0.449311    0.00937222
            29     -0.415448     -0.448144    0.00911834
            30     -0.343206     -0.444646    0.00947823
            31     -0.422718     -0.443938    0.00919463
            32     -0.491745     -0.445432    0.00902714
            33     -0.357215     -0.442759     0.0091486
            34     -0.405045      -0.44165    0.00894449
            35     -0.413073     -0.440833    0.00872347
            36     -0.253798     -0.435638    0.00994302
            37     -0.476823     -0.436751    0.00973441
            38     -0.429807     -0.436568    0.00947654
            39     -0.478073     -0.437633     0.0092915
            40     -0.461825     -0.438237    0.00907641
            41     -0.357084     -0.436258    0.00907085
            42     -0.495704     -0.437673    0.00896469
            43     -0.358177     -0.435825    0.00894682
            44     -0.413818     -0.435325    0.00875542
            45     -0.461621     -0.435909    0.00857857
            46     -0.445054     -0.436108    0.00839236
            47     -0.426432     -0.435902    0.00821444
            48     -0.371698     -0.434564    0.00815197
            49      -0.42017     -0.434271    0.00798927
            50     -0.477605     -0.435137    0.00787569
            51      -0.13919     -0.429334    0.00965751
            52     -0.532763     -0.431323    0.00967659
            53      -0.44451     -0.431572    0.00949552
            54     -0.293703     -0.429019    0.00966146
            55     -0.450942     -0.429418    0.00949254
            56     -0.403191     -0.428949    0.00933325
            57      -0.46468     -0.429576    0.00918945
            58     -0.433955     -0.429652    0.00902994
            59     -0.535087     -0.431439    0.00905369
            60     -0.476202     -0.432185    0.00893273
            61     -0.560636      -0.43429    0.00903392
            62     -0.518727     -0.435652    0.00899076
            63     -0.409152     -0.435232    0.00885689
            64     -0.586607     -0.437597    0.00903258
            65     -0.482051     -0.438281    0.00891879
            66     -0.335151     -0.436718    0.00892054
            67     -0.486038     -0.437454    0.00881717
            68     -0.407952     -0.437021    0.00869737
            69     0.0105619     -0.430534     0.0107484
            70     -0.362866     -0.429567     0.0106378
            71     -0.434766      -0.42964     0.0104871
            72     -0.435311     -0.429719     0.0103408
            73     -0.421004       -0.4296     0.0101988
            74     -0.520008     -0.430821      0.010134
            75     -0.491635     -0.431632     0.0100308
            76     -0.361565      -0.43071    0.00994075
            77     -0.433374     -0.430745    0.00981086
            78     -0.410807     -0.430489    0.00968763
            79     -0.456751     -0.430822       0.00957
            80     -0.500522     -0.431693    0.00948969
            81     -0.387688      -0.43115    0.00938754
            82     -0.369986     -0.430404     0.0093023
            83     -0.479711     -0.430998    0.00920872
            84     -0.547707     -0.432387    0.00920391
            85     -0.442966     -0.432512    0.00909583
            86      -0.41329     -0.432288    0.00899222
            87     -0.337616       -0.4312    0.00895463
            88     -0.431889     -0.431208    0.00885229
            89     -0.451683     -0.431438    0.00875529
            90     -0.462474     -0.431783    0.00866432
            91     -0.420913     -0.431663    0.00856941
            92     -0.377175     -0.431071    0.00849642
            93     -0.339429     -0.430086    0.00846214
            94     -0.554423     -0.431408    0.00847549
            95     -0.537655     -0.432527    0.00846004
            96     -0.400554     -0.432194    0.00837808
            97     -0.432184     -0.432194    0.00829126
            98      -0.41142     -0.431982    0.00820895
            99     -0.473486     -0.432401    0.00813642
           100     -0.429617     -0.432373    0.00805469
