             1     -0.445899     -0.445899             0
             2     -0.529173     -0.487536     0.0416369
             3     -0.546572     -0.507215     0.0310666
             4     -0.444448     -0.491523     0.0269963
             5     -0.456717     -0.484562     0.0220394
             6     -0.540678     -0.493914     0.0202805
             7     -0.467072      -0.49008     0.0175638
             8     -0.443641     -0.484275     0.0162807
             9     -0.385092     -0.473255     0.0180999
            10     -0.397229     -0.465652     0.0178853
            11     -0.399646     -0.459652     0.0172548
            12     -0.430565     -0.457228     0.0159369
            13     -0.439027     -0.455828     0.0147265
            14     -0.469492     -0.456804      0.013669
            15     -0.566899     -0.464143     0.0146901
            16     -0.406088     -0.460515     0.0142123
            17     -0.431847     -0.458829     0.0134562
            18     -0.299554      -0.44998     0.0154677
            19     -0.340054     -0.444194     0.0157333
            20      -0.60208     -0.452089      0.016885
            21     -0.479349     -0.453387     0.0161132
            22     -0.411353     -0.451476     0.0154817
            23     -0.296541      -0.44474     0.0162548
            24     -0.428002     -0.444042     0.0155784
            25     -0.487996     -0.445801     0.0150454
            26     -0.480397     -0.447131     0.0145163
            27     -0.325888     -0.442641     0.0146723
            28     -0.330137     -0.438623     0.0146984
            29     -0.463319     -0.439474     0.0142081
            30     -0.406026     -0.438359     0.0137715
            31     -0.380948     -0.436507      0.013448
            32      -0.44765     -0.436856     0.0130256
            33     -0.340861     -0.433947     0.0129555
            34     -0.397244     -0.432867      0.012615
            35      -0.34446     -0.430341      0.012507
            36     -0.406669     -0.429684     0.0121724
            37     -0.271689     -0.425414     0.0125854
            38     -0.470751     -0.426607     0.0123077
            39     -0.406566     -0.426093      0.011999
            40     -0.421908     -0.425988     0.0116956
            41     -0.591078     -0.430015     0.0120966
            42     -0.465981     -0.430871     0.0118361
            43     -0.404775     -0.430264     0.0115735
            44     -0.367097     -0.428829     0.0113982
            45     -0.356667     -0.427225     0.0112568
            46     -0.439801     -0.427498     0.0110128
            47     -0.442733     -0.427823     0.0107808
            48     -0.454111      -0.42837      0.010568
            49     -0.475782     -0.429338     0.0103952
            50     -0.338865     -0.427528     0.0103447
            51     -0.477314     -0.428505     0.0101867
            52     -0.436798     -0.428664    0.00999012
            53     -0.408873     -0.428291    0.00980693
            54     -0.539253     -0.430345    0.00984054
            55     -0.578383     -0.433037     0.0100279
            56     -0.373827      -0.43198    0.00990384
            57     -0.446694     -0.432238    0.00973196
            58     -0.427969     -0.432164    0.00956298
            59     -0.481573     -0.433002    0.00943673
            60     -0.436065     -0.433053    0.00927826
            61      -0.58548     -0.435552    0.00946085
            62     -0.403422     -0.435033    0.00932142
            63     -0.375488     -0.434088    0.00922083
            64     -0.370476     -0.433094    0.00912988
            65     -0.458366     -0.433483    0.00899673
            66     -0.476412     -0.434133    0.00888321
            67     -0.643706     -0.437261    0.00929193
            68     -0.464199     -0.437658    0.00916283
            69     -0.361291     -0.436551    0.00909664
            70     -0.448914     -0.436727    0.00896748
            71     -0.333292     -0.435271    0.00895951
            72      -0.43038     -0.435203    0.00883446
            73     -0.468651     -0.435661    0.00872464
            74     -0.468022     -0.436098    0.00861703
            75     -0.563128     -0.437792    0.00866845
            76     -0.436064     -0.437769    0.00855366
            77     -0.257552     -0.435429    0.00876028
            78     -0.559387     -0.437018    0.00879206
            79      -0.57587     -0.438776    0.00885622
            80     -0.442899     -0.438827    0.00874496
            81     -0.458118     -0.439065    0.00863961
            82      -0.40139     -0.438606    0.00854596
            83     -0.510313      -0.43947    0.00848646
            84     -0.475191     -0.439895     0.0083956
            85     -0.362245     -0.438981    0.00834638
            86     -0.520543      -0.43993     0.0083031
            87     -0.345511     -0.438845    0.00827855
            88     -0.462828     -0.439117    0.00818848
            89     -0.436952     -0.439093    0.00809598
            90     -0.390874     -0.438557    0.00802343
            91     -0.595917     -0.440286    0.00812101
            92     -0.502623     -0.440964    0.00806078
            93     -0.327855     -0.439748    0.00806586
            94     -0.357512     -0.438873    0.00802741
            95     -0.279678     -0.437197    0.00811731
            96     -0.430533     -0.437128    0.00803261
            97     -0.466907     -0.437435    0.00795529
            98     -0.494228     -0.438014      0.007895
            99     -0.481066     -0.438449    0.00782693
           100     -0.326691     -0.437331    0.00782845
