             1     -0.472317     -0.472317             0
             2     -0.493885     -0.483101     0.0107843
             3       -0.4136     -0.459934     0.0239893
             4     -0.398422     -0.444556      0.022896
             5     -0.307985     -0.417242     0.0325669
             6     -0.377568     -0.410629     0.0274005
             7     -0.444438     -0.415459      0.023656
             8     -0.450345      -0.41982     0.0209456
             9     -0.208005     -0.396285     0.0299186
            10     -0.373203     -0.393977     0.0268594
            11     -0.599981     -0.412704     0.0306754
            12     -0.456427     -0.416348     0.0282388
            13     -0.459287     -0.419651     0.0261851
            14     -0.529759     -0.427516     0.0254865
            15     -0.420436     -0.427044     0.0237313
            16     -0.355257     -0.422557     0.0226475
            17     -0.525675     -0.428623     0.0221215
            18     -0.443348     -0.429441     0.0208724
            19     -0.469535     -0.431551     0.0198558
            20     -0.546172     -0.437282     0.0196893
            21     -0.398397     -0.435431     0.0188196
            22     -0.437959     -0.435546     0.0179442
            23     -0.426199     -0.435139     0.0171511
            24     -0.400479     -0.433695     0.0164843
            25     -0.444997     -0.434147     0.0158176
            26     -0.392257     -0.432536     0.0152823
            27     -0.463555     -0.433685     0.0147502
            28     -0.486077     -0.435556     0.0143362
            29     -0.396406     -0.434206     0.0138988
            30     -0.429955     -0.434064     0.0134282
            31     -0.343289     -0.431136     0.0133139
            32     -0.526916     -0.434129      0.013234
            33      -0.42928     -0.433982     0.0128276
            34     -0.459813     -0.434742     0.0124677
            35     -0.523586      -0.43728     0.0123695
            36     -0.436843     -0.437268      0.012021
            37     -0.344575     -0.434763      0.011957
            38     -0.412142     -0.434168     0.0116533
            39     -0.343334     -0.431839     0.0115871
            40     -0.521573     -0.434082     0.0115143
            41     -0.448956     -0.434445     0.0112358
            42     -0.534707     -0.436832     0.0112219
            43     -0.400992     -0.435998     0.0109895
            44     -0.347006     -0.433976     0.0109257
            45     -0.323097     -0.431512     0.0109607
            46     -0.407172     -0.430983     0.0107328
            47     -0.381091     -0.429921     0.0105555
            48     -0.427529     -0.429871     0.0103333
            49     -0.265175      -0.42651     0.0106638
            50     -0.474723     -0.427474     0.0104928
            51     -0.331214     -0.425587     0.0104567
            52     -0.340675     -0.423954     0.0103829
            53     -0.432504     -0.424115     0.0101863
            54     -0.486544     -0.425271     0.0100626
            55      -0.35829     -0.424054    0.00995271
            56     -0.336617     -0.422492     0.0098973
            57     -0.378836     -0.421726    0.00975223
            58     -0.413066     -0.421577    0.00958378
            59     -0.567608     -0.424052    0.00973968
            60     -0.446458     -0.424426    0.00958326
            61     -0.501164     -0.425684    0.00950843
            62     -0.430863     -0.425767    0.00935419
            63     -0.413666     -0.425575    0.00920651
            64     -0.406847     -0.425282    0.00906624
            65     -0.454428     -0.425731    0.00893693
            66     -0.345452     -0.424514    0.00888414
            67     -0.456944     -0.424998    0.00876391
            68     -0.382737     -0.424377    0.00865641
            69     -0.472586     -0.425076     0.0085586
            70     -0.458927     -0.425559     0.0084493
            71     -0.499371     -0.426599    0.00839407
            72     -0.453072     -0.426967    0.00828482
            73     -0.607802     -0.429444    0.00853782
            74     -0.548483     -0.431052    0.00857391
            75     -0.512228     -0.432135    0.00852778
            76     -0.473318     -0.432677    0.00843226
            77     -0.462531     -0.433064    0.00833105
            78     -0.507349     -0.434017    0.00827851
            79     -0.260955     -0.431826    0.00846154
            80     -0.370152     -0.431055    0.00839059
            81     -0.500359     -0.431911    0.00833041
            82     -0.419233     -0.431756    0.00822965
            83     -0.336051     -0.430603    0.00821126
            84     -0.468119      -0.43105     0.0081252
            85     -0.379035     -0.430438    0.00805232
            86      -0.43967     -0.430545    0.00795887
            87     -0.424731     -0.430478    0.00786714
            88     -0.458047     -0.430792    0.00778353
            89     -0.519704     -0.431791    0.00776015
            90     -0.540039     -0.432993    0.00776713
            91     -0.328601     -0.431846     0.0077665
            92     -0.512773     -0.432726    0.00773182
            93     -0.499978     -0.433449    0.00768234
            94     -0.476946     -0.433912    0.00761424
            95      -0.43731     -0.433947    0.00753375
            96     -0.367492     -0.433255    0.00748693
            97     -0.432394     -0.433246    0.00740935
            98     -0.418899       -0.4331    0.00733482
            99     -0.356745     -0.432329     0.0073012
           100      -0.43905     -0.432396    0.00722813
