             1     -0.490045     -0.490045             0
             2     -0.439289     -0.464667      0.025378
             3     -0.488055     -0.472463     0.0165969
             4     -0.512376     -0.482441     0.0154043
             5       -0.3321     -0.452373     0.0323494
             6     -0.488157     -0.458337     0.0270781
             7      -0.44583      -0.45655     0.0229548
             8     -0.500065      -0.46199     0.0206102
             9     -0.375096     -0.452335     0.0205815
            10     -0.413403     -0.448442     0.0188159
            11     -0.412631     -0.445186     0.0173281
            12     -0.374093     -0.439262     0.0168914
            13     -0.528603     -0.446134     0.0169898
            14     -0.501019     -0.450054     0.0162107
            15     -0.369342     -0.444674     0.0160219
            16     -0.509626     -0.448733     0.0155272
            17     -0.479852     -0.450564     0.0146997
            18     -0.431671     -0.449514     0.0138987
            19     -0.470649     -0.450626     0.0131938
            20     -0.446795     -0.450435     0.0125182
            21     -0.491572     -0.452394     0.0120672
            22     -0.387893     -0.449462     0.0118733
            23     -0.458579     -0.449858     0.0113523
            24     -0.496923     -0.451819     0.0110445
            25     -0.391924     -0.449424      0.010861
            26     -0.336588     -0.445084     0.0113014
            27      -0.40395      -0.44356      0.010981
            28      -0.28686     -0.437964     0.0119703
            29     -0.456605     -0.438607     0.0115681
            30     -0.519623     -0.441307     0.0114975
            31     -0.596383      -0.44631     0.0121938
            32     -0.442335     -0.446185     0.0118072
            33     -0.420527     -0.445408     0.0114702
            34     -0.445897     -0.445422     0.0111278
            35     -0.502894     -0.447064     0.0109292
            36     -0.423439     -0.446408     0.0106415
            37      -0.48607      -0.44748     0.0104053
            38     -0.324166     -0.444235      0.010635
            39     -0.449435     -0.444368     0.0103595
            40     -0.428613     -0.443974     0.0101049
            41     -0.464056     -0.444464    0.00986752
            42     -0.332115     -0.441789    0.00999434
            43     -0.493055     -0.442981     0.0098317
            44     -0.354824     -0.440978    0.00981239
            45     -0.410418     -0.440299    0.00961587
            46     -0.329627     -0.437893    0.00970737
            47     -0.433585     -0.437801    0.00949903
            48     -0.227109     -0.433412     0.0102829
            49     -0.525639     -0.435294     0.0102453
            50      -0.37921     -0.434172     0.0101007
            51     -0.509188     -0.435643     0.0100094
            52      -0.46207     -0.436151    0.00982815
            53     -0.485589     -0.437084    0.00968595
            54     -0.503978     -0.438323    0.00958527
            55     -0.346683     -0.436657    0.00955576
            56     -0.411195     -0.436202    0.00939458
            57     -0.272073     -0.433323    0.00966709
            58      -0.30724     -0.431149    0.00974452
            59     -0.497832     -0.432279    0.00964439
            60     -0.447023     -0.432525    0.00948547
            61      -0.42398     -0.432385    0.00932973
            62       -0.3556     -0.431146     0.0092612
            63     -0.412308     -0.430847    0.00911791
            64     -0.385018     -0.430131    0.00900284
            65     -0.402911     -0.429712    0.00887314
            66      -0.36961     -0.428802    0.00878499
            67     -0.464855      -0.42934    0.00866959
            68       -0.5614     -0.431282    0.00875916
            69     -0.419746     -0.431115     0.0086329
            70     -0.465986     -0.431613    0.00852325
            71     -0.317752     -0.430009    0.00855401
            72     -0.473238      -0.43061    0.00845571
            73     -0.564715     -0.432447    0.00853903
            74     -0.442091     -0.432577    0.00842385
            75     -0.485652     -0.433285    0.00834085
            76     -0.458229     -0.433613    0.00823691
            77     -0.392617      -0.43308    0.00814665
            78     -0.507376     -0.434033    0.00809775
            79     -0.446135     -0.434186    0.00799605
            80     -0.438375     -0.434238    0.00789564
            81     -0.387424     -0.433661    0.00781895
            82     -0.446145     -0.433813    0.00772451
            83      -0.38664     -0.433244    0.00765201
            84     -0.404885     -0.432907     0.0075679
            85     -0.259693     -0.430869    0.00775101
            86      -0.36791     -0.430137    0.00769525
            87     -0.506589     -0.431016    0.00765688
            88     -0.371569      -0.43034    0.00759946
            89     -0.372922     -0.429695    0.00754123
            90     -0.475174       -0.4302    0.00747407
            91     -0.501887     -0.430988    0.00743334
            92     -0.438624     -0.431071    0.00735257
            93     -0.394566     -0.430679    0.00728367
            94     -0.313373     -0.429431    0.00731303
            95     -0.639861     -0.431646    0.00756709
            96     -0.390162     -0.431214    0.00750031
            97     -0.401505     -0.430907     0.0074289
            98     -0.488024      -0.43149    0.00737577
            99     -0.427369     -0.431448    0.00730101
           100     -0.356145     -0.430695    0.00726675
