             1     -0.526871     -0.526871             0
             2     -0.401895     -0.464383     0.0624883
             3     -0.509973      -0.47958     0.0391476
             4     -0.415296     -0.463509     0.0320084
             5     -0.457794     -0.462366       0.02482
             6     -0.406107     -0.452989     0.0223294
             7     -0.535474     -0.464773     0.0222485
             8     -0.419521     -0.459116     0.0200809
             9     -0.455477     -0.458712     0.0177143
            10     -0.479548     -0.460796     0.0159806
            11     -0.513561     -0.465593     0.0152301
            12     -0.480213     -0.466811     0.0139564
            13     -0.376701     -0.459879     0.0145898
            14     -0.484548     -0.461641      0.013622
            15     -0.488501     -0.463432     0.0128071
            16     -0.537568     -0.468066     0.0128448
            17      -0.37193     -0.462411     0.0133251
            18     -0.512476     -0.465192     0.0128672
            19     -0.139122      -0.44803     0.0210394
            20      0.226888     -0.414284     0.0392069
            21     -0.405433     -0.413863     0.0372955
            22     -0.307854     -0.409044     0.0358849
            23     -0.417157     -0.409397      0.034291
            24     -0.451588     -0.411155     0.0328782
            25     -0.421017      -0.41155     0.0315381
            26     -0.523477     -0.415854     0.0306051
            27     -0.480601     -0.418252     0.0295473
            28     -0.401479     -0.417653     0.0284787
            29     -0.556295     -0.422434     0.0278919
            30     -0.478105      -0.42429       0.02701
            31     -0.455886     -0.425309     0.0261441
            32     -0.484756     -0.427167      0.025382
            33     -0.388052     -0.425981     0.0246293
            34     -0.419995     -0.425805     0.0238946
            35     -0.512416      -0.42828     0.0233334
            36     -0.410067     -0.427774     0.0226817
            37     -0.572982     -0.431699     0.0224065
            38     -0.414186     -0.431238     0.0218138
            39     -0.302357     -0.427933     0.0215025
            40     -0.396938     -0.427158     0.0209724
            41     -0.395355     -0.426383     0.0204692
            42     -0.454343     -0.427048      0.019987
            43     -0.349118     -0.425236     0.0196006
            44     -0.454593     -0.425903     0.0191616
            45     -0.493782     -0.427412     0.0187915
            46     -0.388397     -0.426563      0.018398
            47     -0.517862     -0.428506     0.0181068
            48     -0.466209     -0.429291      0.017743
            49     -0.547121     -0.431696     0.0175427
            50     -0.263004     -0.428322     0.0175163
            51     -0.422554     -0.428209     0.0171698
            52     -0.387172      -0.42742     0.0168548
            53     -0.446224     -0.427775     0.0165376
            54     -0.392259     -0.427117     0.0162417
            55     -0.470103     -0.427899     0.0159628
            56     -0.439007     -0.428097     0.0156765
            57     -0.380847     -0.427268     0.0154213
            58     -0.419834      -0.42714     0.0151536
            59     -0.526418     -0.428823     0.0149893
            60      -0.43312     -0.428894     0.0147375
            61     -0.479134     -0.429718     0.0145173
            62     -0.421063     -0.429578     0.0142819
            63     -0.548945     -0.431473     0.0141805
            64     -0.478868     -0.432213     0.0139768
            65     -0.424469     -0.432094     0.0137606
            66     -0.456269     -0.432461     0.0135555
            67     -0.323476     -0.430834     0.0134504
            68     -0.403977     -0.430439      0.013257
            69      -0.29685     -0.428503     0.0132061
            70     -0.456366     -0.428901     0.0130222
            71     -0.449279     -0.429188     0.0128407
            72     -0.444533     -0.429401     0.0126629
            73     -0.376384     -0.428675     0.0125093
            74     -0.438497     -0.428808     0.0123398
            75     -0.539516     -0.430284     0.0122633
            76     -0.360512     -0.429366     0.0121357
            77     -0.375068      -0.42866     0.0119978
            78     -0.438231     -0.428783     0.0118436
            79      -0.43479     -0.428859     0.0116929
            80     -0.496553     -0.429705     0.0115768
            81       -0.4265     -0.429666     0.0114331
            82     -0.479046     -0.430268     0.0113088
            83      -0.36475     -0.429479     0.0111996
            84     -0.419602     -0.429361     0.0110661
            85     -0.351974     -0.428451      0.010973
            86     -0.390847     -0.428013     0.0108534
            87     -0.439092     -0.428141     0.0107287
            88     -0.406709     -0.427897     0.0106089
            89     -0.476995     -0.428449     0.0105035
            90     -0.491343     -0.429148     0.0104096
            91     -0.348197     -0.428258      0.010333
            92     -0.424797      -0.42822     0.0102201
            93     -0.461649      -0.42858      0.010116
            94     -0.385527     -0.428122     0.0100183
            95     -0.405366     -0.427882    0.00991516
            96     -0.422559     -0.427827    0.00981149
            97     -0.443235     -0.427986    0.00971111
            98     -0.408796      -0.42779     0.0096135
            99     -0.492566     -0.428444    0.00953837
           100     -0.349239     -0.427652    0.00947566
