             1     -0.406131     -0.406131             0
             2     -0.407891     -0.407011   0.000879949
             3     -0.635001     -0.483008     0.0759981
             4      -0.43028     -0.469826     0.0553319
             5     -0.404979     -0.456856     0.0447792
             6     -0.395215     -0.446583      0.037978
             7     -0.632326     -0.473118     0.0416452
             8     -0.471746     -0.472946     0.0360662
             9     -0.332683     -0.457361     0.0354203
            10     -0.573224     -0.468948     0.0337331
            11     -0.420806     -0.464571      0.030825
            12     -0.554199      -0.47204     0.0291136
            13     -0.444278     -0.469905     0.0268656
            14     -0.397318      -0.46472     0.0254074
            15     -0.382763     -0.459256     0.0242758
            16     -0.472817     -0.460104     0.0227238
            17     -0.427777     -0.458202     0.0214298
            18     -0.429451     -0.456605     0.0202672
            19     -0.412591     -0.454288     0.0193103
            20     -0.480403     -0.455594     0.0183659
            21     -0.450349     -0.455344     0.0174712
            22     -0.384709     -0.452134     0.0169647
            23     -0.524546     -0.455282     0.0165133
            24     -0.433475     -0.454373     0.0158364
            25     -0.520427     -0.457015     0.0154178
            26     -0.493349     -0.458413     0.0148787
            27      -0.49763     -0.459865     0.0143905
            28     -0.398497     -0.457674     0.0140392
            29     -0.395194     -0.455519     0.0137167
            30     -0.425917     -0.454532     0.0132883
            31     -0.382758     -0.452217     0.0130593
            32      -0.52703     -0.454555      0.012859
            33     -0.400714     -0.452923     0.0125696
            34     -0.377904     -0.450717     0.0123923
            35     -0.444076     -0.450527     0.0120345
            36      -0.45084     -0.450536     0.0116954
            37     -0.524241     -0.452528     0.0115481
            38     -0.455398     -0.452603     0.0112403
            39     -0.386599     -0.450911     0.0110783
            40     -0.494267     -0.451995     0.0108521
            41     -0.569235     -0.454855     0.0109636
            42     -0.375867     -0.452974     0.0108634
            43     -0.391487     -0.451544     0.0107037
            44     -0.380955      -0.44994     0.0105799
            45     -0.371643       -0.4482     0.0104875
            46     -0.344597     -0.445947     0.0105013
            47     -0.443743     -0.445901     0.0102756
            48     -0.450475     -0.445996     0.0100597
            49     -0.434746     -0.445766     0.0098549
            50     -0.385435      -0.44456    0.00973089
            51     -0.441557     -0.444501    0.00953836
            52     -0.606288     -0.447612    0.00985704
            53     -0.531576     -0.449196    0.00979819
            54     -0.357736     -0.447503    0.00976307
            55     -0.481334     -0.448118    0.00960363
            56       -0.4185     -0.447589     0.0094454
            57     -0.440039     -0.447456    0.00927916
            58     -0.452738     -0.447547    0.00911822
            59     -0.612908      -0.45035    0.00939036
            60     -0.411795     -0.449708    0.00925486
            61     -0.478756     -0.450184    0.00911433
            62     -0.485676     -0.450756    0.00898437
            63     -0.361431     -0.449338    0.00895359
            64     -0.432686     -0.449078    0.00881642
            65     -0.553356     -0.450682    0.00882674
            66     -0.556436     -0.452285    0.00883843
            67     -0.415447     -0.451735    0.00872286
            68     -0.430234     -0.451419    0.00859944
            69     -0.432897      -0.45115    0.00847814
            70     -0.395007     -0.450348    0.00839455
            71     -0.438333     -0.450179     0.0082772
            72     -0.272275     -0.447708    0.00852727
            73     -0.562459      -0.44928    0.00855529
            74     -0.488866     -0.449815    0.00845583
            75     -0.299543     -0.447811    0.00857956
            76     -0.417823     -0.447417    0.00847511
            77     -0.446674     -0.447407    0.00836432
            78     -0.417561     -0.447025    0.00826526
            79     -0.364727     -0.445983    0.00822619
            80     -0.491163     -0.446548    0.00814232
            81      -0.43028     -0.446347    0.00804368
            82     -0.476885     -0.446719     0.0079537
            83     -0.478919     -0.447107    0.00786686
            84     -0.466808     -0.447342    0.00777618
            85     -0.401972     -0.446808    0.00770267
            86     -0.430724     -0.446621    0.00761487
            87     -0.425054     -0.446373    0.00753092
            88     -0.573065     -0.447813    0.00758277
            89     -0.378184      -0.44703     0.0075378
            90     -0.448017     -0.447041    0.00745358
            91     -0.336847      -0.44583    0.00747002
            92     -0.363571     -0.444936    0.00744228
            93     -0.553561     -0.446104    0.00745391
            94     -0.482081     -0.446487    0.00738411
            95     -0.592482     -0.448024    0.00746585
            96     -0.536117     -0.448941    0.00744444
            97     -0.390538     -0.448339    0.00739186
            98     -0.514917     -0.449019    0.00734752
            99     -0.478448     -0.449316    0.00727899
           100     -0.400227     -0.448825    0.00722254
