             1     -0.490719     -0.490719             0
             2     -0.450786     -0.470753     0.0199664
             3     -0.432612     -0.458039     0.0171617
             4     -0.402993     -0.444278     0.0183478
             5      -0.32863     -0.421148     0.0271469
             6     -0.433591     -0.423222     0.0222622
             7     -0.521969     -0.437329      0.023516
             8     -0.442913     -0.438027     0.0203774
             9      -0.50235     -0.445174     0.0193402
            10     -0.436962     -0.444353     0.0173179
            11     -0.466204     -0.446339     0.0157901
            12     -0.476859     -0.448882     0.0146369
            13     -0.370577     -0.442859       0.01475
            14     -0.468557     -0.444694     0.0137787
            15     -0.442878     -0.444573     0.0128278
            16     -0.538224     -0.450426     0.0133508
            17     -0.454429     -0.450662     0.0125431
            18     -0.344951     -0.444789     0.0132037
            19      -0.22588     -0.433268     0.0169921
            20     -0.568579     -0.440033     0.0174823
            21     -0.369541     -0.436676     0.0169644
            22     -0.417883     -0.435822     0.0161975
            23     -0.507054     -0.438919     0.0157841
            24     -0.493734     -0.441203     0.0152837
            25     -0.569669     -0.446342     0.0155342
            26     -0.418524     -0.445272      0.014963
            27     -0.646826     -0.452737     0.0162183
            28     -0.370591     -0.449803     0.0159013
            29     -0.472676     -0.450592     0.0153635
            30     -0.608587     -0.455858     0.0157492
            31     -0.503876     -0.457407     0.0153112
            32     -0.417589     -0.456163     0.0148772
            33     -0.487298     -0.457106     0.0144501
            34     -0.393221     -0.455227      0.014144
            35     -0.527151     -0.457282     0.0138869
            36     -0.298621     -0.452875      0.014197
            37      -0.43897     -0.452499     0.0138131
            38     -0.419425     -0.451629     0.0134728
            39     -0.489862     -0.452609     0.0131594
            40     -0.455529     -0.452682     0.0128264
            41     -0.407917      -0.45159     0.0125572
            42     -0.496723     -0.452665     0.0123016
            43     -0.468126     -0.453025     0.0120175
            44     -0.455409     -0.453079     0.0117413
            45     -0.484578     -0.453779     0.0114988
            46     -0.377797     -0.452127     0.0113667
            47     -0.412305      -0.45128     0.0111544
            48      -0.47454     -0.451764     0.0109303
            49     -0.403509      -0.45078     0.0107501
            50     -0.452413     -0.450812      0.010533
            51     -0.490985       -0.4516     0.0103544
            52      -0.51791     -0.452875     0.0102331
            53     -0.542295     -0.454562     0.0101789
            54     -0.465796      -0.45477    0.00999083
            55     -0.518942     -0.455937    0.00987665
            56     -0.421755     -0.455327    0.00971787
            57     -0.508053     -0.456252    0.00959057
            58     -0.348424     -0.454393     0.0096054
            59     -0.474904      -0.45474    0.00944759
            60     -0.411393     -0.454018    0.00931685
            61     -0.486861     -0.454556    0.00917864
            62     -0.334597     -0.452621    0.00923436
            63     -0.368276     -0.451283     0.0091847
            64     -0.428339     -0.450924    0.00904716
            65      -0.42717     -0.450559    0.00891438
            66     -0.511556     -0.451483    0.00882679
            67     -0.542766     -0.452845    0.00880015
            68     -0.511564     -0.453709    0.00871267
            69     -0.514682     -0.454592    0.00863083
            70     -0.434198     -0.454301    0.00851162
            71     -0.428866     -0.453943    0.00839853
            72     -0.425624      -0.45355     0.0082904
            73     -0.363824      -0.45232    0.00826791
            74     -0.429371      -0.45201    0.00816131
            75       -0.3713     -0.450934    0.00812335
            76     -0.414818     -0.450459    0.00802983
            77     -0.384465     -0.449602    0.00797107
            78     -0.483389     -0.450035    0.00788013
            79      -0.41785     -0.449628     0.0077904
            80     -0.476987      -0.44997        0.0077
            81     -0.469693     -0.450213    0.00760824
            82     -0.411677     -0.449743    0.00752957
            83     -0.572009     -0.451216    0.00758276
            84     -0.532474     -0.452184    0.00755414
            85      -0.51775     -0.452955    0.00750449
            86     -0.243218     -0.450516    0.00780739
            87     -0.431738       -0.4503    0.00772015
            88      -0.43409     -0.450116    0.00763414
            89     -0.461362     -0.450242    0.00754893
            90     -0.349949     -0.449128     0.0075473
            91     -0.542669     -0.450156    0.00753436
            92     -0.446487     -0.450116    0.00745212
            93     -0.562777     -0.451328    0.00747043
            94     -0.497452     -0.451818     0.0074068
            95     -0.570787     -0.453071    0.00743465
            96     -0.394574     -0.452461    0.00738199
            97     -0.477342     -0.452718    0.00730999
            98     -0.467649      -0.45287    0.00723662
            99     -0.528286     -0.453632    0.00720354
           100      -0.36078     -0.452703    0.00719134
