             1     -0.364342     -0.364342             0
             2     -0.451051     -0.407696     0.0433546
             3     -0.485636     -0.433676     0.0360762
             4     -0.387033     -0.422016     0.0280485
             5     -0.412045     -0.420021     0.0218176
             6      -0.35086     -0.408494     0.0212181
             7     -0.497743     -0.421244      0.022003
             8     -0.443017     -0.423966     0.0192486
             9     -0.554913     -0.438516     0.0223577
            10      -0.43304     -0.437968     0.0200048
            11      -0.43972     -0.438127     0.0180957
            12     -0.433418     -0.437735     0.0165237
            13     -0.418209     -0.436233     0.0152736
            14     -0.254403     -0.423245     0.0192001
            15     -0.250521      -0.41173     0.0212623
            16     -0.183705     -0.397479     0.0244679
            17     -0.453845     -0.400794     0.0232215
            18     -0.457527     -0.403946     0.0221192
            19     -0.548303     -0.411544     0.0222595
            20     -0.398209     -0.410877     0.0211277
            21     -0.294372     -0.405329     0.0208482
            22     -0.415148     -0.405775      0.019883
            23     -0.443331     -0.407408     0.0190689
            24       -0.4629      -0.40972     0.0184029
            25     -0.413728     -0.409881     0.0176521
            26     -0.559559     -0.415638     0.0179101
            27     -0.446469      -0.41678     0.0172718
            28     -0.458718     -0.418277     0.0167107
            29     -0.339511     -0.415561     0.0163514
            30     -0.339548     -0.413027     0.0159988
            31     -0.496362     -0.415716     0.0157059
            32     -0.490409      -0.41805     0.0153853
            33      -0.41057     -0.417823     0.0149135
            34     -0.313064     -0.414742     0.0147927
            35     -0.414353     -0.414731     0.0143638
            36     -0.402693     -0.414397     0.0139631
            37     -0.553765     -0.418163     0.0140932
            38     -0.463848     -0.419365     0.0137699
            39     -0.412118      -0.41918     0.0134134
            40     -0.581391     -0.423235     0.0136883
            41     -0.372442     -0.421996     0.0134076
            42     -0.503168     -0.423929     0.0132265
            43     -0.524124     -0.426259     0.0131237
            44     -0.184642     -0.420768     0.0139484
            45     -0.370863     -0.419659     0.0136799
            46     -0.430138     -0.419886     0.0133812
            47     -0.504339     -0.421683     0.0132161
            48     -0.390384     -0.421031     0.0129543
            49     -0.402314     -0.420649     0.0126929
            50     -0.441025     -0.421057     0.0124431
            51     -0.455942     -0.421741     0.0122158
            52     -0.518449     -0.423601     0.0121221
            53     -0.419889     -0.423531     0.0118914
            54     -0.322123     -0.421653     0.0118193
            55     -0.457914     -0.422312     0.0116211
            56     -0.447444     -0.422761     0.0114205
            57     -0.468134     -0.423557     0.0112466
            58     -0.473562     -0.424419     0.0110846
            59      -0.38125     -0.423687     0.0109196
            60     -0.539492     -0.425617     0.0109082
            61     -0.518061     -0.427133     0.0108344
            62     -0.597931     -0.429888     0.0110085
            63      -0.47234     -0.430561     0.0108533
            64     -0.446429     -0.430809     0.0106852
            65     -0.471861     -0.431441     0.0105385
            66     -0.506949     -0.432585     0.0104404
            67     -0.459295     -0.432984     0.0102912
            68     -0.524241     -0.434326     0.0102271
            69     -0.522025     -0.435597     0.0101576
            70     -0.394091     -0.435004      0.010029
            71     -0.430636     -0.434942    0.00988696
            72     -0.438023     -0.434985    0.00974876
            73     -0.542873     -0.436463    0.00972722
            74     -0.435056     -0.436444    0.00959489
            75     -0.391207     -0.435841    0.00948529
            76     -0.467257     -0.436254    0.00936878
            77     -0.584007     -0.438173    0.00944332
            78     -0.489515     -0.438831    0.00934467
            79     -0.432824     -0.438755    0.00922594
            80     -0.478157     -0.439248    0.00912319
            81     -0.430492      -0.43914     0.0090105
            82      -0.45742     -0.439363    0.00890273
            83     -0.429856     -0.439248    0.00879556
            84     -0.523796     -0.440255    0.00874832
            85     -0.434098     -0.440182    0.00864509
            86     -0.478165     -0.440624    0.00855538
            87     -0.462539     -0.440876    0.00846022
            88     -0.469136     -0.441197    0.00836969
            89     -0.388173     -0.440601    0.00829654
            90     -0.420067     -0.440373    0.00820701
            91     -0.469699     -0.440695    0.00812271
            92     -0.444644     -0.440738    0.00803405
            93     -0.638719     -0.442867    0.00822738
            94     -0.330084     -0.441667    0.00822734
            95     -0.443672     -0.441688    0.00814031
            96     -0.423123     -0.441495    0.00805739
            97     -0.434524     -0.441423    0.00797421
            98     -0.455158     -0.441563    0.00789367
            99     -0.365104     -0.440791     0.0078516
           100     -0.247019     -0.438853    0.00801058
