             1     -0.394051     -0.394051             0
             2     -0.373451     -0.383751        0.0103
             3     -0.425152     -0.397551     0.0150272
             4     -0.435836     -0.407123     0.0143009
             5     -0.508369     -0.427372     0.0230811
             6     -0.398395     -0.422542     0.0194546
             7     -0.494387     -0.432806     0.0193826
             8     -0.440108     -0.433719     0.0168106
             9     -0.326687     -0.421826      0.019006
            10      -0.38131     -0.417775     0.0174756
            11     -0.252491     -0.402749     0.0218092
            12      -0.43712     -0.405613      0.020114
            13      -0.41999     -0.406719     0.0185352
            14     -0.428803     -0.408296     0.0172326
            15      -0.44927     -0.411028     0.0162736
            16     -0.471925     -0.414834     0.0156911
            17     -0.532171     -0.421736     0.0162753
            18     -0.411416     -0.421163     0.0153552
            19     -0.339385     -0.416859     0.0151489
            20     -0.490273      -0.42053     0.0148329
            21     -0.508497     -0.424718     0.0147176
            22     -0.503592     -0.428304     0.0144834
            23      -0.39951     -0.427052     0.0138959
            24     -0.387284     -0.425395     0.0134071
            25     -0.413994     -0.424939     0.0128677
            26     -0.537403     -0.429264     0.0130978
            27     -0.472293     -0.430858     0.0127037
            28     -0.448385     -0.431484     0.0122576
            29     -0.598016     -0.437226     0.0131477
            30     -0.446237     -0.437527     0.0127055
            31     -0.521038     -0.440221     0.0125806
            32     -0.331348     -0.436818     0.0126473
            33     -0.445622     -0.437085      0.012261
            34     -0.463106      -0.43785     0.0119195
            35     -0.556306     -0.441235     0.0120586
            36     -0.501441     -0.442907     0.0118376
            37     -0.582772     -0.446687     0.0121179
            38     -0.453269     -0.446861      0.011796
            39     -0.547546     -0.449442      0.011776
            40     -0.478125     -0.450159     0.0115002
            41     -0.469127     -0.450622     0.0112257
            42     -0.465069     -0.450966     0.0109606
            43     -0.410285      -0.45002     0.0107444
            44     -0.467138     -0.450409     0.0105046
            45     -0.495355     -0.451408      0.010317
            46     -0.425004     -0.450834     0.0101065
            47     -0.403771     -0.449832    0.00993969
            48     -0.549721     -0.451913    0.00995045
            49     -0.449698     -0.451868    0.00974537
            50     -0.419347     -0.451218     0.0095706
            51     -0.376913     -0.449761    0.00949353
            52     -0.449537     -0.449757    0.00930917
            53     -0.442536      -0.44962    0.00913285
            54     -0.630748     -0.452974    0.00956925
            55      -0.41084     -0.452208    0.00942484
            56      -0.41277     -0.451504    0.00928177
            57     -0.389105     -0.450409    0.00918296
            58     -0.457579     -0.450533    0.00902409
            59     -0.411112     -0.449865    0.00889495
            60     -0.371809     -0.448564    0.00884168
            61     -0.330977     -0.446636    0.00890663
            62     -0.473367     -0.447067     0.0087724
            63     -0.482633     -0.447632    0.00865047
            64     -0.460014     -0.447825    0.00851643
            65     -0.364078     -0.446537     0.0084828
            66     -0.552797     -0.448147    0.00850703
            67     -0.431255     -0.447895    0.00838289
            68      -0.48015     -0.448369     0.0082723
            69      -0.44615     -0.448337    0.00815159
            70     -0.445556     -0.448297     0.0080344
            71     -0.542582     -0.449625    0.00803098
            72     -0.441583     -0.449514    0.00791944
            73     -0.449865     -0.449518     0.0078102
            74     -0.371679     -0.448467    0.00777542
            75      -0.43627     -0.448304    0.00767277
            76     -0.398667     -0.447651    0.00759925
            77     -0.444645     -0.447612    0.00750001
            78     -0.510687      -0.44842    0.00744727
            79      -0.40304     -0.447846     0.0073748
            80     -0.430907     -0.447634    0.00728511
            81     -0.467715     -0.447882    0.00719888
            82     -0.404428     -0.447352    0.00713027
            83     -0.473199     -0.447664    0.00705072
            84     -0.316003     -0.446096    0.00714042
            85     -0.511585     -0.446867    0.00709786
            86     -0.339705     -0.445621    0.00712465
            87     -0.432763     -0.445473    0.00704383
            88     -0.554961     -0.446717    0.00707361
            89     -0.433272     -0.446566    0.00699531
            90     -0.401872     -0.446069    0.00693495
            91     -0.415543     -0.445734    0.00686652
            92     -0.467402     -0.445969    0.00679555
            93     -0.437522     -0.445879     0.0067227
            94     -0.370747     -0.445079    0.00669865
            95     -0.471641     -0.445359    0.00663366
            96     -0.446395      -0.44537    0.00656421
            97     -0.489781     -0.445828    0.00651229
            98     -0.491749     -0.446296    0.00646251
            99     -0.453439     -0.446368    0.00639731
           100     -0.436783     -0.446272    0.00633374
