             1     -0.385167     -0.385167             0
             2     -0.498114      -0.44164     0.0564731
             3     -0.441126     -0.441469     0.0326052
             4     -0.457526     -0.445483     0.0234022
             5     -0.390414     -0.434469     0.0212109
             6     -0.409129     -0.430246     0.0178262
             7     -0.350491     -0.418853      0.018889
             8     -0.472767     -0.425592     0.0176922
             9     -0.350245      -0.41722     0.0177072
            10     -0.480448     -0.423543     0.0170532
            11     -0.404517     -0.421813     0.0155219
            12     -0.424608     -0.422046     0.0141714
            13     -0.439108     -0.423359     0.0131017
            14     -0.545616     -0.432091     0.0149463
            15     -0.424612     -0.431593     0.0139232
            16     -0.549999     -0.438993     0.0149796
            17     -0.346479     -0.433551     0.0150866
            18      -0.38742     -0.430988     0.0144528
            19     -0.550021     -0.437253     0.0150381
            20     -0.452118     -0.437996     0.0142858
            21     -0.351837     -0.433894     0.0141944
            22     -0.381265     -0.431501     0.0137436
            23     -0.456925     -0.432607     0.0131789
            24     -0.467278     -0.434051     0.0127003
            25     -0.312922     -0.429206     0.0131099
            26     -0.474945     -0.430965     0.0127178
            27      -0.59944     -0.437205     0.0137367
            28     -0.534809     -0.440691     0.0136883
            29     -0.448991     -0.440977      0.013211
            30      -0.33857     -0.437564     0.0132116
            31     -0.268741     -0.432118     0.0138904
            32     -0.418967     -0.431707     0.0134556
            33     -0.494033     -0.433595     0.0131775
            34     -0.435492     -0.433651     0.0127842
            35     -0.402234     -0.432754      0.012446
            36     -0.156193     -0.425071     0.0143288
            37     -0.518203     -0.427588     0.0141616
            38     -0.480105      -0.42897      0.013853
            39     -0.419638     -0.428731     0.0134953
            40     -0.502257     -0.430569     0.0132814
            41     -0.632142     -0.435486      0.013855
            42     -0.397948     -0.434592     0.0135506
            43     -0.422735     -0.434316     0.0132346
            44     -0.525637     -0.436392     0.0130958
            45     -0.514136     -0.438119     0.0129175
            46     -0.362624     -0.436478     0.0127398
            47      -0.66588     -0.441359     0.0133872
            48     -0.332783     -0.439097     0.0132992
            49     -0.331848     -0.436908     0.0132075
            50     -0.396871     -0.436107     0.0129654
            51     -0.366312     -0.434739     0.0127822
            52     -0.366883     -0.433434     0.0126017
            53     -0.357333     -0.431998     0.0124447
            54     -0.355857     -0.430588     0.0122932
            55      -0.37091     -0.429503     0.0121163
            56     -0.287346     -0.426965     0.0121658
            57     -0.495268     -0.428163     0.0120104
            58     -0.436884     -0.428313     0.0118025
            59     -0.480872     -0.429204     0.0116348
            60     -0.325252     -0.427472     0.0115697
            61     -0.471611     -0.428195     0.0114015
            62     -0.455444     -0.428635     0.0112247
            63     -0.290946     -0.426449     0.0112592
            64     -0.397759     -0.426001      0.011091
            65     -0.461892     -0.426553      0.010933
            66     -0.425925     -0.426543      0.010766
            67     -0.510473     -0.427796     0.0106779
            68     -0.406263     -0.427479     0.0105244
            69     -0.420641      -0.42738     0.0103713
            70     -0.435604     -0.427498     0.0102227
            71      -0.57174     -0.429529     0.0102804
            72     -0.454239     -0.429873     0.0101424
            73     -0.446828     -0.430105     0.0100052
            74     -0.398296     -0.429675    0.00987846
            75     -0.477704     -0.430315    0.00976687
            76     -0.445409     -0.430514    0.00963955
            77     -0.474877      -0.43109    0.00953097
            78     -0.486709     -0.431803    0.00943497
            79     -0.510062     -0.432794     0.0093673
            80     -0.405751     -0.432456    0.00925564
            81     -0.621232     -0.434786    0.00943309
            82     -0.388857     -0.434226    0.00933416
            83     -0.587611     -0.436074    0.00940438
            84     -0.320065     -0.434693    0.00939382
            85     -0.395393     -0.434231    0.00929416
            86     -0.499011     -0.434984    0.00921628
            87     -0.477257      -0.43547    0.00912268
            88     -0.489385     -0.436083    0.00903921
            89     -0.390402     -0.435569    0.00895179
            90     -0.393893     -0.435106    0.00886387
            91     -0.295216     -0.433569     0.0088997
            92     -0.421456     -0.433437    0.00880341
            93     -0.437968     -0.433486    0.00870838
            94     -0.284634     -0.431903    0.00875956
            95     -0.489322     -0.432507    0.00868791
            96     -0.356215     -0.431712    0.00863359
            97     -0.454665     -0.431949     0.0085474
            98     -0.307368     -0.430678    0.00855471
            99      -0.37121     -0.430077    0.00848914
           100     -0.425442     -0.430031    0.00840394
