             1     -0.470997     -0.470997             0
             2     -0.443717     -0.457357     0.0136397
             3     -0.313185       -0.4093     0.0486981
             4     -0.459659      -0.42189     0.0366641
             5     -0.334547     -0.404421     0.0333422
             6     -0.394699     -0.402801      0.027272
             7     -0.577692     -0.427785     0.0339924
             8     -0.492217     -0.435839     0.0305202
             9     -0.496048     -0.442529     0.0277352
            10     -0.556308     -0.453907     0.0272919
            11     -0.570565     -0.464512     0.0268681
            12     -0.539513     -0.470762     0.0253109
            13     -0.314043     -0.458707     0.0262185
            14     -0.543803     -0.464785     0.0250231
            15     -0.540636     -0.469842     0.0238377
            16      -0.35984     -0.462967      0.023334
            17     -0.457375     -0.462638     0.0219209
            18     -0.406516      -0.45952     0.0209011
            19      -0.60973     -0.467426     0.0212926
            20     -0.502036     -0.469156     0.0202739
            21     -0.242735     -0.458374     0.0220938
            22     -0.404486     -0.455925     0.0212075
            23     -0.414907     -0.454142     0.0203428
            24     -0.391136     -0.451516     0.0196529
            25     -0.432201     -0.450744     0.0188662
            26     -0.452653     -0.450817     0.0181262
            27     -0.574561       -0.4554     0.0180341
            28     -0.336767     -0.451163     0.0178871
            29     -0.512859     -0.453291     0.0173899
            30     -0.507267      -0.45509     0.0168963
            31     -0.549516     -0.458136     0.0166236
            32     -0.425252     -0.457108     0.0161285
            33     -0.530963     -0.459346     0.0157915
            34     -0.520002      -0.46113     0.0154236
            35      -0.45819     -0.461046     0.0149767
            36      -0.46272     -0.461093     0.0145548
            37       -0.4769      -0.46152     0.0141624
            38     -0.456559     -0.461389     0.0137853
            39     -0.428142     -0.460537     0.0134542
            40     -0.541233     -0.462554     0.0132678
            41     -0.432366     -0.461818     0.0129611
            42     -0.419422     -0.460809     0.0126889
            43     -0.457229     -0.460725     0.0123906
            44     -0.425611     -0.459927      0.012132
            45     -0.580272     -0.462602     0.0121571
            46     -0.417275     -0.461616     0.0119307
            47     -0.363766     -0.459534     0.0118582
            48     -0.470158     -0.459756     0.0116107
            49     -0.387941      -0.45829     0.0114653
            50      -0.49513     -0.459027     0.0112578
            51     -0.467958     -0.459202     0.0110362
            52     -0.108778     -0.452463     0.0127486
            53     -0.392825     -0.451338     0.0125563
            54      -0.44977     -0.451309     0.0123216
            55     -0.418196     -0.450707     0.0121105
            56     -0.488532     -0.451382     0.0119114
            57     -0.453941     -0.451427     0.0117007
            58      -0.40863     -0.450689     0.0115208
            59     -0.629768     -0.453724     0.0117236
            60     -0.507336     -0.454618     0.0115611
            61     -0.451152     -0.454561     0.0113702
            62     -0.404242      -0.45375     0.0112147
            63      -0.52528     -0.454885     0.0110935
            64     -0.390391     -0.453877     0.0109652
            65     -0.419605      -0.45335      0.010808
            66     -0.423552     -0.452898     0.0106526
            67     -0.510628      -0.45376     0.0105277
            68     -0.459957     -0.453851     0.0103721
            69       -0.5378     -0.455068     0.0102929
            70     -0.434133     -0.454769     0.0101492
            71     -0.476511     -0.455075     0.0100099
            72     -0.463403     -0.455191    0.00987055
            73      -0.37652     -0.454113    0.00979387
            74     -0.446372     -0.454008    0.00966118
            75     -0.506986     -0.454715    0.00955764
            76     -0.542117     -0.455865     0.0095009
            77     -0.446814     -0.455747    0.00937743
            78     -0.435533     -0.455488    0.00926006
            79     -0.393426     -0.454703    0.00917578
            80     -0.441469     -0.454537    0.00906187
            81     -0.454524     -0.454537    0.00894929
            82     -0.524029     -0.455384    0.00888001
            83     -0.337888     -0.453969    0.00888586
            84     -0.467764     -0.454133    0.00878097
            85     -0.519073     -0.454897    0.00871062
            86     -0.513722     -0.455581    0.00863587
            87     -0.514404     -0.456257    0.00856277
            88     -0.399971     -0.455618    0.00848904
            89     -0.526596     -0.456415    0.00843092
            90     -0.340525     -0.455127    0.00843557
            91     -0.395113     -0.454468    0.00836838
            92     -0.471643     -0.454655    0.00827903
            93     -0.490739     -0.455043    0.00819871
            94     -0.496091     -0.455479    0.00812277
            95     -0.515263     -0.456109    0.00806141
            96      -0.48575     -0.456417    0.00798297
            97     -0.422583     -0.456069    0.00790794
            98     -0.494963     -0.456465    0.00783688
            99     -0.482376     -0.456727    0.00776173
           100     -0.479013      -0.45695    0.00768696
