             1     -0.365797     -0.365797             0
             2     -0.596826     -0.481312      0.115515
             3     -0.332749     -0.431791     0.0830673
             4     -0.448852     -0.436056     0.0588921
             5      -0.46107     -0.441059     0.0458912
             6     -0.413956     -0.436542     0.0377413
             7     -0.369244     -0.426928     0.0333146
             8     -0.495125     -0.435452     0.0300843
             9     -0.415162     -0.433198     0.0266275
            10     -0.444878     -0.434366      0.023845
            11     -0.415204     -0.432624     0.0216388
            12      -0.31567     -0.422878     0.0220269
            13     -0.368771     -0.418716     0.0206849
            14     -0.382512      -0.41613     0.0193243
            15     -0.178578     -0.400293     0.0239675
            16      -0.45577      -0.40376     0.0226861
            17      -0.41538     -0.404444     0.0213208
            18     -0.390653     -0.403678     0.0201161
            19     -0.457931     -0.406533     0.0192409
            20     -0.541497     -0.413281      0.019461
            21     -0.421195     -0.413658     0.0185149
            22     -0.390927     -0.412625     0.0176835
            23     -0.540175     -0.418171      0.017784
            24     -0.493685     -0.421317     0.0173151
            25     -0.467825     -0.423177     0.0167119
            26     -0.455559     -0.424423     0.0161045
            27     -0.313009     -0.420296     0.0160366
            28     -0.377177     -0.418756     0.0155298
            29     -0.322894     -0.415451      0.015345
            30     -0.389624      -0.41459     0.0148496
            31     -0.453796     -0.415855     0.0144182
            32      -0.37956      -0.41472     0.0140064
            33     -0.381251     -0.413706     0.0136131
            34     -0.407279     -0.413517      0.013208
            35     -0.466883     -0.415042     0.0129154
            36     -0.547657     -0.418726      0.013081
            37     -0.389296      -0.41793     0.0127473
            38     -0.478794     -0.419532     0.0125103
            39     -0.494923     -0.421465     0.0123377
            40     -0.529612     -0.424169     0.0123255
            41      -0.42107     -0.424093     0.0120213
            42     -0.450615     -0.424725     0.0117486
            43     -0.386544     -0.423837     0.0115064
            44     -0.306671     -0.421174      0.011553
            45     -0.573277     -0.424554     0.0117883
            46     -0.401127     -0.424045     0.0115404
            47      -0.55999     -0.426937     0.0116568
            48     -0.415694     -0.426703     0.0114137
            49     -0.612962     -0.430504      0.011807
            50     -0.436992     -0.430634     0.0115692
            51     -0.480804     -0.431618     0.0113827
            52     -0.422453     -0.431441      0.011163
            53     -0.420203     -0.431229     0.0109524
            54     -0.483891     -0.432204     0.0107918
            55     -0.529976     -0.433982     0.0107419
            56      -0.36294     -0.432714     0.0106244
            57     -0.383765     -0.431855     0.0104716
            58     -0.386207     -0.431068     0.0103195
            59       -0.4027     -0.430587     0.0101545
            60     -0.297601      -0.42837     0.0102269
            61     -0.437301     -0.428517     0.0100589
            62     -0.364788     -0.427489    0.00994856
            63     -0.400846     -0.427066     0.0097985
            64     -0.494369     -0.428118    0.00970135
            65     -0.508266     -0.429351     0.0096302
            66     -0.322214     -0.427727    0.00962109
            67     -0.378425     -0.426992    0.00950493
            68     -0.573517     -0.429146    0.00960883
            69     -0.490554     -0.430036    0.00951028
            70     -0.360958      -0.42905    0.00942524
            71      -0.48465     -0.429833    0.00932449
            72     -0.333889       -0.4285    0.00929013
            73     -0.388887     -0.427957    0.00917804
            74     -0.440527     -0.428127    0.00905476
            75     -0.509055     -0.429206    0.00899815
            76     -0.443002     -0.429388    0.00888082
            77     -0.486016     -0.430123    0.00879552
            78      -0.50457     -0.431078    0.00873433
            79     -0.465385     -0.431512    0.00863399
            80     -0.378637     -0.430851    0.00855096
            81     -0.460288     -0.431214    0.00845255
            82     -0.444823      -0.43138    0.00835048
            83     -0.394095     -0.430931    0.00826149
            84     -0.400438     -0.430568    0.00817061
            85     -0.384744     -0.430029    0.00809189
            86     -0.349902     -0.429097    0.00805134
            87      -0.48025     -0.429685    0.00797995
            88     -0.499356     -0.430477    0.00792837
            89     -0.446085     -0.430652    0.00784074
            90      -0.37903     -0.430079    0.00777432
            91     -0.480471     -0.430633    0.00770833
            92      0.168153     -0.424124     0.0100244
            93     -0.480693     -0.424732    0.00993462
            94     -0.525803     -0.425808      0.009887
            95      -0.45447     -0.426109    0.00978703
            96     -0.532584     -0.427218    0.00974785
            97     -0.504032      -0.42801    0.00967928
            98      -0.46234     -0.428361     0.0095864
            99     -0.579801      -0.42989    0.00961158
           100     -0.443357     -0.430025    0.00951594
