             1     -0.471543     -0.471543             0
             2     -0.485694     -0.478619    0.00707564
             3     -0.402376     -0.453205     0.0257405
             4     -0.449656     -0.452317     0.0182229
             5     -0.398098     -0.441473     0.0177999
             6     -0.377012      -0.43073     0.0180735
             7     -0.482335     -0.438102     0.0169608
             8     -0.476053     -0.442846     0.0154356
             9     -0.501266     -0.449337     0.0150813
            10     -0.438638     -0.448267     0.0135315
            11     -0.486583      -0.45175     0.0127257
            12     -0.356753     -0.443834     0.0140578
            13     -0.447196     -0.444093     0.0129339
            14     -0.348916     -0.437294     0.0137697
            15     -0.432369     -0.436966     0.0128231
            16     -0.474079     -0.439285     0.0122171
            17     -0.418349     -0.438054     0.0115419
            18     -0.509586     -0.442028     0.0115847
            19     -0.518535     -0.446055     0.0116745
            20     -0.457156      -0.44661     0.0110893
            21     -0.491092     -0.448728     0.0107586
            22     -0.421314     -0.447482     0.0103333
            23     -0.405964     -0.445677     0.0100375
            24     -0.443439     -0.445583    0.00961062
            25     -0.446768     -0.445631     0.0092183
            26     -0.497841     -0.447639    0.00908145
            27     -0.430971     -0.447022    0.00876041
            28     -0.480781     -0.448227    0.00852741
            29     -0.422381     -0.447336    0.00827624
            30     -0.428745     -0.446716    0.00801959
            31     -0.337999     -0.443209    0.00851255
            32     -0.440881     -0.443137    0.00824257
            33     -0.426912     -0.442645      0.008004
            34     -0.376972     -0.440713    0.00800165
            35     -0.360116     -0.438411    0.00810374
            36     -0.445508     -0.438608    0.00787789
            37     -0.462678     -0.439258    0.00768958
            38     -0.410837      -0.43851    0.00752177
            39     -0.488497     -0.439792    0.00743763
            40     -0.372457     -0.438109    0.00744219
            41      -0.46875     -0.438856    0.00729678
            42     -0.485966     -0.439978    0.00720873
            43     -0.462003      -0.44049     0.0070577
            44     -0.570648     -0.443448    0.00750316
            45     -0.532698     -0.445431    0.00759796
            46     -0.526079     -0.447185    0.00763497
            47     -0.442651     -0.447088    0.00747138
            48     -0.504242     -0.448279    0.00741036
            49     -0.418129     -0.447663    0.00728359
            50     -0.534012      -0.44939    0.00734241
            51     -0.507538     -0.450531    0.00728676
            52     -0.433114     -0.450196     0.0071531
            53     -0.465148     -0.450478    0.00702251
            54     -0.410205     -0.449732    0.00693147
            55     -0.468605     -0.450075    0.00681292
            56     -0.397893     -0.449143    0.00675474
            57     -0.445078     -0.449072    0.00663556
            58      -0.38861      -0.44803    0.00660296
            59     -0.451833     -0.448094     0.0064904
            60     -0.414977     -0.447542    0.00640514
            61     -0.373545     -0.446329      0.006415
            62      -0.52843     -0.447653    0.00644812
            63      -0.39794     -0.446864    0.00639383
            64     -0.520654     -0.448017    0.00639788
            65     -0.535079     -0.449356    0.00643952
            66     -0.348539     -0.447829    0.00652259
            67     -0.352911     -0.446412    0.00657884
            68     -0.368179     -0.445262    0.00658269
            69     -0.374362     -0.444234    0.00656747
            70      -0.52945     -0.445452    0.00658645
            71     -0.465662     -0.445736    0.00649926
            72     -0.480364     -0.446217    0.00642637
            73     -0.478335     -0.446657    0.00635298
            74     -0.379266     -0.445746    0.00633237
            75     -0.401716     -0.445159    0.00627489
            76      -0.42525     -0.444897    0.00619732
            77     -0.351663     -0.443687      0.006235
            78     -0.365356     -0.442682    0.00623594
            79     -0.360802     -0.441646    0.00624313
            80     -0.502543     -0.442407    0.00621142
            81     -0.413056     -0.442045    0.00614495
            82     -0.469424     -0.442379    0.00607873
            83     -0.374965     -0.441566    0.00605972
            84     -0.399876      -0.44107    0.00600768
            85     -0.411001     -0.440716    0.00594711
            86     -0.412144     -0.440384    0.00588694
            87     -0.464111     -0.440657    0.00582526
            88     -0.432778     -0.440567    0.00575938
            89     -0.366693     -0.439737    0.00575448
            90     -0.516385     -0.440589    0.00575357
            91     -0.463307     -0.440839    0.00569546
            92     -0.421536     -0.440629    0.00563712
            93     -0.430944     -0.440525    0.00557715
            94      -0.34553     -0.439514    0.00560928
            95     -0.396308     -0.439059    0.00556853
            96     -0.458335      -0.43926    0.00551388
            97     -0.405022     -0.438907    0.00546814
            98     -0.549486     -0.440035    0.00552843
            99     -0.333054     -0.438955    0.00557798
           100      -0.42197     -0.438785    0.00552453
