             1     -0.372738     -0.372738             0
             2      -0.45768     -0.415209     0.0424711
             3     -0.385238     -0.405219     0.0264778
             4     -0.377958     -0.398404     0.0199245
             5     -0.560196     -0.430762     0.0358506
             6     -0.383657     -0.422911     0.0303064
             7     -0.547254     -0.440674     0.0311703
             8     -0.460958      -0.44321     0.0271131
             9     -0.497264     -0.449216     0.0246542
            10     -0.368419     -0.441136      0.023485
            11     -0.370956     -0.434756     0.0221804
            12     -0.393746     -0.431339     0.0205342
            13     -0.402104      -0.42909     0.0190221
            14     -0.514984     -0.435225     0.0186492
            15     -0.469795      -0.43753     0.0175137
            16     -0.464814     -0.439235     0.0164711
            17     -0.396491     -0.436721     0.0156749
            18     -0.436995     -0.436736     0.0147784
            19     -0.480148     -0.439021     0.0141645
            20      -0.43071     -0.438605      0.013444
            21     -0.450178     -0.439156     0.0127997
            22      -0.44389     -0.439372     0.0122059
            23     -0.437852     -0.439305     0.0116634
            24     -0.541169      -0.44355     0.0119462
            25     -0.191548      -0.43347     0.0152612
            26      -0.41821     -0.432883     0.0146742
            27     -0.474558     -0.434426     0.0142044
            28     -0.415641     -0.433755     0.0137041
            29     -0.458946     -0.434624     0.0132516
            30     -0.379117     -0.432774     0.0129353
            31     -0.397905     -0.431649     0.0125615
            32     -0.439599     -0.431897     0.0121652
            33     -0.540484     -0.435188     0.0122413
            34     -0.436755     -0.435234     0.0118759
            35     -0.528702     -0.437905     0.0118368
            36      -0.38595     -0.436461     0.0115935
            37     -0.375313     -0.434809     0.0113962
            38     -0.540094     -0.437579     0.0114331
            39     -0.441918     -0.437691     0.0111366
            40     -0.401034     -0.436774     0.0108933
            41     -0.522857     -0.438874     0.0108297
            42     -0.559359     -0.441742     0.0109511
            43     -0.345283     -0.439499     0.0109262
            44     -0.681414     -0.444997     0.0120077
            45     -0.468639     -0.445523     0.0117495
            46      -0.36927     -0.443865     0.0116102
            47     -0.504742      -0.44516     0.0114341
            48     -0.467853     -0.445633     0.0112033
            49     -0.507754     -0.446901     0.0110453
            50     -0.577069     -0.449504     0.0111309
            51      -0.31166     -0.446801     0.0112402
            52     -0.434005     -0.446555     0.0110247
            53     -0.337831     -0.444504     0.0110075
            54     -0.529399     -0.446076     0.0109156
            55     -0.478635     -0.446668     0.0107316
            56     -0.426306     -0.446304     0.0105445
            57     -0.409204     -0.445653     0.0103783
            58     -0.521577     -0.446963     0.0102815
            59     -0.505364     -0.447952     0.0101541
            60     -0.428027      -0.44762    0.00998892
            61     -0.404066     -0.446906    0.00984972
            62     -0.451423     -0.446979    0.00968982
            63     -0.507278     -0.447936    0.00958269
            64     -0.385582     -0.446962    0.00948196
            65     -0.375896     -0.445869    0.00939875
            66       -0.4829      -0.44643    0.00927225
            67     -0.509486     -0.447371    0.00918117
            68     -0.417679     -0.446934    0.00905568
            69     -0.501358     -0.447723    0.00895826
            70     -0.492737     -0.448366    0.00885275
            71     -0.417894     -0.447937    0.00873772
            72     -0.291914      -0.44577    0.00888385
            73     -0.358148      -0.44457    0.00884314
            74     -0.457895      -0.44475    0.00872468
            75      -0.37126      -0.44377    0.00866316
            76     -0.442363     -0.443751    0.00854843
            77     -0.347169     -0.442497    0.00852941
            78     -0.448796     -0.442578    0.00841974
            79     -0.426994      -0.44238    0.00831482
            80     -0.514688     -0.443284    0.00825983
            81     -0.357072      -0.44222    0.00822636
            82     -0.371851     -0.441362    0.00817061
            83     -0.339174     -0.440131    0.00816493
            84      -0.50347     -0.440885     0.0081023
            85     -0.457538     -0.441081    0.00800881
            86     -0.459597     -0.441296    0.00791807
            87     -0.467329     -0.441595    0.00783224
            88     -0.305186     -0.440045    0.00789637
            89     -0.482504     -0.440522    0.00782171
            90     -0.437976     -0.440494    0.00773436
            91     -0.458621     -0.440693    0.00765149
            92     -0.703346     -0.443548    0.00808846
            93     -0.476059     -0.443897    0.00800865
            94     -0.433385     -0.443786    0.00792378
            95     -0.392716     -0.443248    0.00785834
            96      -0.54946     -0.444354    0.00785436
            97     -0.407379     -0.443973    0.00778231
            98     -0.554831     -0.445104    0.00778511
            99     -0.447532     -0.445129    0.00770611
           100     -0.390819     -0.444586    0.00764797
