             1     -0.397684     -0.397684             0
             2      -0.42384     -0.410762     0.0130779
             3     -0.394932     -0.405485     0.0092116
             4     -0.503264      -0.42993     0.0252977
             5     -0.517695     -0.447483     0.0263076
             6     -0.467248     -0.450777     0.0217312
             7     -0.517251     -0.460274      0.020676
             8     -0.375603      -0.44969        0.0208
             9     -0.417079     -0.446066     0.0186983
            10      -0.41531     -0.442991     0.0170048
            11     -0.389302      -0.43811     0.0161372
            12     -0.403055     -0.435189      0.015018
            13     -0.496556     -0.439909     0.0145988
            14     -0.425199     -0.438858     0.0135567
            15      -0.44071     -0.438982     0.0126212
            16     -0.381893     -0.435414     0.0123334
            17     -0.483799      -0.43826     0.0119297
            18     -0.391832     -0.435681     0.0115394
            19     -0.559914     -0.442219     0.0127238
            20     -0.455595     -0.442888     0.0120894
            21     -0.393996      -0.44056     0.0117326
            22     -0.494747     -0.443023     0.0114546
            23     -0.440145     -0.442898     0.0109459
            24     -0.490159     -0.444867     0.0106633
            25     -0.418261     -0.443803     0.0102831
            26     -0.485876     -0.445421     0.0100113
            27     -0.450709     -0.445617    0.00963542
            28     -0.430578      -0.44508    0.00930044
            29      -0.45514     -0.445427    0.00898071
            30     -0.454824      -0.44574    0.00868184
            31     -0.477369      -0.44676    0.00845888
            32        -0.442     -0.446611    0.00819162
            33     -0.446647     -0.446612    0.00793951
            34     -0.555801     -0.449824    0.00834512
            35     -0.591476     -0.453871    0.00905767
            36     -0.497552     -0.455084     0.0088857
            37     -0.328758      -0.45167    0.00929219
            38     -0.418881     -0.450807    0.00908542
            39     -0.510465     -0.452337    0.00898063
            40     -0.256945     -0.447452      0.010024
            41     -0.357669     -0.445262     0.0100187
            42     -0.517584     -0.446984    0.00992773
            43     -0.419541     -0.446346    0.00971509
            44     -0.370887     -0.444631    0.00964541
            45     -0.385855     -0.443325    0.00951867
            46     -0.476971     -0.444056    0.00933813
            47     -0.460246     -0.444401    0.00914378
            48     -0.547589     -0.446551    0.00920578
            49     -0.475961     -0.447151     0.0090359
            50     -0.164078     -0.441489     0.0105087
            51     -0.446984     -0.441597     0.0103012
            52     -0.520331     -0.443111      0.010214
            53     -0.429414     -0.442853     0.0100228
            54     -0.393908     -0.441946    0.00987708
            55     -0.458765     -0.442252    0.00970066
            56     -0.425308      -0.44195    0.00953066
            57     -0.456476     -0.442205    0.00936543
            58     -0.457707     -0.442472    0.00920642
            59     -0.315249     -0.440315     0.0093024
            60     -0.376766     -0.439256    0.00920717
            61     -0.412562     -0.438819    0.00906555
            62     -0.575198     -0.441018     0.0091854
            63     -0.523394     -0.442326    0.00913251
            64     -0.557699     -0.444129    0.00916767
            65     -0.337877     -0.442494    0.00917236
            66     -0.370482     -0.441403    0.00909798
            67     -0.409654     -0.440929    0.00897368
            68      -0.44039     -0.440921    0.00884073
            69     -0.410133     -0.440475    0.00872308
            70     -0.442948      -0.44051    0.00859764
            71     -0.546248        -0.442    0.00860552
            72     -0.373084     -0.441042    0.00853898
            73     -0.493847     -0.441766     0.0084522
            74     -0.392852     -0.441105    0.00836336
            75     -0.544464     -0.442483    0.00836539
            76     -0.382737     -0.441697    0.00829194
            77     -0.473376     -0.442108    0.00819388
            78     -0.552251      -0.44352    0.00821049
            79     -0.410065     -0.443097    0.00811695
            80     -0.434613     -0.442991    0.00801554
            81     -0.359348     -0.441958    0.00798304
            82     -0.530431     -0.443037    0.00795856
            83     -0.430659     -0.442888     0.0078635
            84     -0.310831     -0.441316    0.00792678
            85       -0.3525     -0.440271    0.00790236
            86      -0.48608     -0.440804    0.00782807
            87     -0.482801     -0.441286    0.00775262
            88       -0.4303     -0.441161    0.00766503
            89      -0.43844     -0.441131    0.00757848
            90     -0.338421      -0.43999     0.0075802
            91     -0.305758     -0.438515    0.00764018
            92     -0.460901     -0.438758     0.0075606
            93     -0.468949     -0.439082     0.0074859
            94     -0.333868     -0.437963    0.00748994
            95     -0.461087     -0.438207    0.00741468
            96     -0.427655     -0.438097    0.00733786
            97     -0.473826     -0.438465    0.00727115
            98     -0.386315     -0.437933    0.00721622
            99     -0.478912     -0.438347    0.00715494
           100     -0.487208     -0.438835    0.00709987
