             1     -0.460679     -0.460679             0
             2     -0.356943     -0.408811     0.0518681
             3     -0.410709     -0.409444     0.0299527
             4     -0.450206     -0.419634     0.0235038
             5     -0.565508     -0.448809     0.0343894
             6     -0.466936      -0.45183     0.0282409
             7     -0.410404     -0.445912     0.0245906
             8     -0.366242     -0.435953     0.0235096
             9     -0.411888     -0.433279     0.0209052
            10     -0.539496     -0.443901     0.0215045
            11      -0.47511     -0.446738     0.0196574
            12      -0.43394     -0.445672     0.0179763
            13     -0.416529      -0.44343     0.0166871
            14      -0.53918     -0.450269     0.0168954
            15     -0.398274     -0.446803     0.0161062
            16     -0.416232     -0.444892     0.0151866
            17     -0.374164     -0.440732     0.0148597
            18     -0.387729     -0.437787     0.0143159
            19     -0.510232       -0.4416     0.0140681
            20     -0.370142     -0.438027     0.0138161
            21     -0.389484     -0.435715     0.0133435
            22     -0.340955     -0.431408     0.0134319
            23     -0.500969     -0.434433     0.0131861
            24     -0.396281     -0.432843     0.0127245
            25     -0.533463     -0.436868     0.0128514
            26     -0.427078     -0.436491     0.0123529
            27     -0.341311     -0.432966     0.0123983
            28     -0.391825     -0.431497     0.0120374
            29     -0.477635     -0.433088     0.0117233
            30     -0.533429     -0.436432     0.0118094
            31     -0.354251     -0.433781     0.0117257
            32     -0.613814     -0.439407     0.0126708
            33     -0.472164       -0.4404     0.0123209
            34     -0.423416       -0.4399     0.0119635
            35     -0.403149      -0.43885      0.011664
            36     -0.475775     -0.439876     0.0113817
            37     -0.433184     -0.439695     0.0110713
            38     -0.397738     -0.438591     0.0108324
            39     -0.435025       -0.4385     0.0105514
            40     -0.489806     -0.439782     0.0103639
            41     -0.442059     -0.439838     0.0101081
            42     -0.525082     -0.441867     0.0100711
            43     -0.470565     -0.442535    0.00985676
            44     -0.385701     -0.441243    0.00971637
            45      -0.31112     -0.438352    0.00992842
            46      -0.43665     -0.438315    0.00971026
            47     -0.403869     -0.437582    0.00952963
            48     -0.495298     -0.438784    0.00940616
            49     -0.421831     -0.438438    0.00921869
            50     -0.476871     -0.439207    0.00906508
            51      -0.36673     -0.437786    0.00899848
            52     -0.502247     -0.439025    0.00891039
            53     -0.472855     -0.439664    0.00876393
            54     -0.379553      -0.43855    0.00867184
            55     -0.470387     -0.439129    0.00853237
            56     -0.425172      -0.43888    0.00838233
            57     -0.430157     -0.438727    0.00823538
            58     -0.421069     -0.438423    0.00809787
            59     -0.523549     -0.439865    0.00808915
            60     -0.514552      -0.44111    0.00805001
            61     -0.384251     -0.440178    0.00797162
            62     -0.437427     -0.440134    0.00784212
            63     -0.531408     -0.441582    0.00785147
            64     -0.411766     -0.441117    0.00774184
            65     -0.424311     -0.440858    0.00762619
            66     -0.403354      -0.44029    0.00753122
            67     -0.556836     -0.442029    0.00761919
            68     -0.443174     -0.442046    0.00750633
            69      -0.47829     -0.442571    0.00741537
            70     -0.516941     -0.443634    0.00738548
            71     -0.413901     -0.443215    0.00729275
            72     -0.432226     -0.443062    0.00719237
            73     -0.505626     -0.443919    0.00714475
            74     -0.399576      -0.44332    0.00707296
            75     -0.533024     -0.444516    0.00707978
            76     -0.362451     -0.443436    0.00706896
            77     -0.449819     -0.443519    0.00697705
            78     -0.399643     -0.442957    0.00690995
            79     -0.383226     -0.442201     0.0068637
            80     -0.435898     -0.442122    0.00677781
            81     -0.452602     -0.442251    0.00669486
            82     -0.300302      -0.44052    0.00683555
            83     -0.418081      -0.44025     0.0067581
            84     -0.441745     -0.440268    0.00667718
            85     -0.566123     -0.441748    0.00676225
            86     -0.496334     -0.442383    0.00671323
            87     -0.568135     -0.443828    0.00679122
            88     -0.619121      -0.44582    0.00700289
            89     -0.554287     -0.447039     0.0070302
            90     -0.525594     -0.447912    0.00700623
            91     -0.419057     -0.447595    0.00693606
            92     -0.511626     -0.448291    0.00689547
            93     -0.343692     -0.447166    0.00691303
            94     -0.399429     -0.446658    0.00685792
            95     -0.306786     -0.445186    0.00694325
            96     -0.443164     -0.445165    0.00687057
            97     -0.485773     -0.445584    0.00681225
            98     -0.465323     -0.445785    0.00674539
            99     -0.126441     -0.442559    0.00741527
           100     -0.346485     -0.441599    0.00740334
