             1     -0.321385     -0.321385             0
             2       -0.3623     -0.341843     0.0204572
             3     -0.396679     -0.360121     0.0217627
             4     -0.385788     -0.366538     0.0166728
             5      -0.41657     -0.376545     0.0163376
             6     -0.462579     -0.390884     0.0195846
             7     -0.414378      -0.39424     0.0168889
             8     -0.386845     -0.393316     0.0146554
             9     -0.399095     -0.393958     0.0129408
            10     -0.501336     -0.404696     0.0157884
            11     -0.466069     -0.410275     0.0153323
            12     -0.404952     -0.409831     0.0140034
            13     -0.427404     -0.411183      0.012952
            14      -0.41895     -0.411738     0.0120041
            15     -0.427574     -0.412794     0.0112249
            16     -0.567322     -0.422452     0.0142663
            17      -0.34413     -0.417845     0.0141707
            18     -0.493752     -0.422062       0.01401
            19     -0.440449     -0.423029     0.0132874
            20     -0.486898     -0.426223     0.0130037
            21     -0.442942     -0.427019     0.0123946
            22     -0.386205     -0.425164     0.0119625
            23     -0.455509     -0.426483     0.0115065
            24     -0.407453      -0.42569     0.0110451
            25     -0.467312     -0.427355     0.0107241
            26     -0.343119     -0.424115     0.0108008
            27     -0.487644     -0.426468     0.0106561
            28     -0.484575     -0.428543     0.0104761
            29     -0.411544     -0.427957     0.0101253
            30     -0.418495     -0.427642    0.00978709
            31     -0.563063      -0.43201     0.0104255
            32     -0.519618     -0.434748     0.0104591
            33     -0.384576     -0.433228     0.0102506
            34     -0.452986     -0.433809    0.00996147
            35      -0.56169     -0.437463     0.0103398
            36     -0.588207      -0.44165      0.010886
            37     -0.548865     -0.444548     0.0109771
            38      -0.34752     -0.441994     0.0109852
            39     -0.328913     -0.439095     0.0110857
            40     -0.460369     -0.439627     0.0108181
            41     -0.354621     -0.437553     0.0107527
            42     -0.442359     -0.437668     0.0104942
            43     -0.426403     -0.437406     0.0102506
            44     -0.465607     -0.438047     0.0100354
            45     -0.491122     -0.439226    0.00988049
            46     -0.429835     -0.439022    0.00966546
            47     -0.473612     -0.439758    0.00948617
            48     -0.360695     -0.438111    0.00943139
            49     -0.437598       -0.4381    0.00923691
            50     -0.478229     -0.438903     0.0090858
            51      -0.44139     -0.438952      0.008906
            52     -0.346089     -0.437166    0.00891378
            53      -0.47598     -0.437898    0.00877459
            54     -0.457087     -0.438254    0.00861789
            55     -0.466984     -0.438776    0.00847587
            56     -0.236372     -0.435162    0.00907404
            57     -0.338681     -0.433469    0.00907272
            58      -0.48268     -0.434317     0.0089552
            59     -0.488445     -0.435235    0.00884979
            60      -0.31948     -0.433305    0.00891236
            61     -0.375379     -0.432356    0.00881633
            62     -0.468698     -0.432942    0.00869275
            63     -0.494747     -0.433923    0.00860973
            64     -0.539582     -0.435574    0.00863345
            65     -0.420732     -0.435346    0.00850266
            66     -0.559357     -0.437225    0.00858108
            67     -0.472911     -0.437757     0.0084688
            68     -0.407632     -0.437314    0.00835508
            69     -0.471195     -0.437805    0.00824773
            70     -0.533609     -0.439174    0.00824346
            71     -0.506505     -0.440122    0.00818167
            72     -0.513937     -0.441147    0.00813212
            73     -0.492643     -0.441853    0.00805091
            74     -0.386944     -0.441111    0.00797596
            75     -0.462279     -0.441393    0.00787396
            76      -0.46449     -0.441697     0.0077756
            77     -0.420733     -0.441425    0.00767878
            78     -0.502525     -0.442208    0.00762007
            79     -0.410988     -0.441813    0.00753337
            80     -0.439523     -0.441784    0.00743866
            81      -0.23413     -0.439221    0.00778072
            82     -0.526323     -0.440283    0.00775831
            83     -0.398091     -0.439775     0.0076811
            84      -0.65316     -0.442315    0.00800299
            85     -0.470323     -0.442644    0.00791513
            86     -0.550081     -0.443894    0.00792168
            87     -0.593603     -0.445614    0.00801696
            88     -0.451365      -0.44568     0.0079256
            89     -0.466982     -0.445919     0.0078397
            90     -0.437708     -0.445828    0.00775264
            91     -0.480738     -0.446211    0.00767656
            92     -0.381372     -0.445507     0.0076253
            93     -0.629864     -0.447489      0.007799
            94      -0.46534     -0.447679    0.00771793
            95     -0.479408     -0.448013    0.00764355
            96     -0.383535     -0.447341    0.00759328
            97     -0.350414     -0.446342    0.00758073
            98      -0.55113     -0.447411    0.00757879
            99     -0.539223     -0.448339    0.00755895
           100     -0.352307     -0.447378    0.00754435
