             1     -0.498111     -0.498111             0
             2     -0.461637     -0.479874     0.0182373
             3     -0.320864     -0.426871     0.0540391
             4     -0.497227      -0.44446     0.0420653
             5     -0.414724     -0.438513     0.0331219
             6     -0.628428     -0.470165     0.0416324
             7     -0.632848     -0.493406     0.0421682
             8     -0.357513     -0.476419     0.0402761
             9      -0.32609     -0.459716     0.0392515
            10     -0.404929     -0.454237     0.0355325
            11     -0.530469     -0.461167      0.032879
            12     -0.554361     -0.468934     0.0310028
            13     -0.488463     -0.470436     0.0285579
            14      -0.49353     -0.472085     0.0264909
            15     -0.427562     -0.469117     0.0248397
            16     -0.434894     -0.466978     0.0233336
            17     -0.562808     -0.472615     0.0226314
            18     -0.352988     -0.465969     0.0223482
            19     -0.348893     -0.459807      0.022019
            20     -0.476546     -0.460644     0.0209058
            21     -0.360959     -0.455897     0.0204441
            22     -0.482676     -0.457115     0.0195307
            23     -0.362704      -0.45301     0.0191083
            24     -0.518343     -0.455732     0.0184962
            25     -0.371715     -0.452371     0.0180565
            26     -0.523595     -0.455111      0.017563
            27     -0.476554     -0.455905     0.0169187
            28     -0.426083      -0.45484      0.016338
            29     -0.366338     -0.451788     0.0160572
            30     -0.508587     -0.453681     0.0156279
            31     -0.307114     -0.448953     0.0158375
            32     -0.555275     -0.452276     0.0156905
            33     -0.471487     -0.452858     0.0152187
            34     -0.572473     -0.456376     0.0151777
            35     -0.486872     -0.457247     0.0147634
            36      -0.47543     -0.457753     0.0143563
            37     -0.437657     -0.457209     0.0139735
            38     -0.378947      -0.45515     0.0137558
            39     -0.471818     -0.455577     0.0134053
            40     -0.407475     -0.454375     0.0131211
            41     -0.525303     -0.456105     0.0129135
            42      -0.43103     -0.455508     0.0126164
            43     -0.446307     -0.455294     0.0123213
            44     -0.461417     -0.455433     0.0120389
            45     -0.501285     -0.456452     0.0118123
            46     -0.389227      -0.45499     0.0116447
            47     -0.496688     -0.455877     0.0114288
            48     -0.390283     -0.454511     0.0112713
            49     -0.270967     -0.450765     0.0116571
            50     -0.504603     -0.451842     0.0114722
            51     -0.379662     -0.450427     0.0113337
            52     -0.275073     -0.447054      0.011614
            53     -0.450988     -0.447129      0.011393
            54      -0.33602     -0.445071     0.0113678
            55     -0.335104     -0.443072     0.0113369
            56     -0.386139     -0.442055     0.0111789
            57     -0.495865     -0.442999     0.0110215
            58     -0.323825     -0.440944      0.011023
            59     -0.371894     -0.439774     0.0108976
            60     -0.362358     -0.438484     0.0107919
            61     -0.333886     -0.436769     0.0107511
            62     -0.450121     -0.436984     0.0105785
            63     -0.455211     -0.437274     0.0104132
            64     -0.544941     -0.438956     0.0103864
            65     -0.493559     -0.439796     0.0102598
            66     -0.451605     -0.439975     0.0101047
            67     -0.357065     -0.438737     0.0100294
            68     -0.467379     -0.439159    0.00988977
            69     -0.376292     -0.438248    0.00978788
            70     -0.477142     -0.438803    0.00966303
            71     -0.439345     -0.438811    0.00952596
            72     -0.414452     -0.438473    0.00939882
            73      -0.37843      -0.43765    0.00930559
            74     -0.466657     -0.438042    0.00918735
            75     -0.391979     -0.437428    0.00908481
            76     -0.385469     -0.436744     0.0089905
            77     -0.519332     -0.437817    0.00893757
            78     -0.431501     -0.437736    0.00882261
            79     -0.451782     -0.437914    0.00871203
            80     -0.438812     -0.437925    0.00860245
            81     -0.410241     -0.437583    0.00850245
            82     -0.228236      -0.43503    0.00877761
            83     -0.404103     -0.434657    0.00867921
            84     -0.393282     -0.434165     0.0085894
            85     -0.555407     -0.435591    0.00860676
            86     -0.501149     -0.436354    0.00854019
            87     -0.419806     -0.436163     0.0084436
            88     -0.528841     -0.437216    0.00841327
            89     -0.397306     -0.436768    0.00833028
            90     -0.474006     -0.437182    0.00824759
            91     -0.499376     -0.437865    0.00818504
            92     -0.365001     -0.437073    0.00813423
            93     -0.460721     -0.437328     0.0080503
            94     -0.457281      -0.43754    0.00796703
            95     -0.560281     -0.438832     0.0079879
            96     -0.447771     -0.438925    0.00790481
            97     -0.453203     -0.439072    0.00782427
            98     -0.389648     -0.438568    0.00776043
            99     -0.374992     -0.437926    0.00770844
           100     -0.429172     -0.437838    0.00763146
