             1     -0.483528     -0.483528             0
             2     -0.582443     -0.532986     0.0494573
             3     -0.589726     -0.551899     0.0342499
             4     -0.455183      -0.52772     0.0342222
             5     -0.430095     -0.508195     0.0329229
             6     -0.432663     -0.495606     0.0296831
             7     -0.453443     -0.489583     0.0257998
             8       -0.3851     -0.476523     0.0258804
             9     -0.446673     -0.473206     0.0230641
            10     -0.462949      -0.47218     0.0206546
            11     -0.548197     -0.479091     0.0199199
            12     -0.413618     -0.473635     0.0189852
            13     -0.437685     -0.470869     0.0176814
            14     -0.410815      -0.46658     0.0169225
            15     -0.530329      -0.47083     0.0163172
            16     -0.480194     -0.471415     0.0152746
            17     -0.400178     -0.467225     0.0149474
            18     -0.405133     -0.463775     0.0145085
            19     -0.419592      -0.46145     0.0139193
            20     -0.445558     -0.460655     0.0132289
            21     -0.482101     -0.461676     0.0126246
            22     -0.391477     -0.458485     0.0124528
            23     -0.486537     -0.459705     0.0119614
            24     -0.503331     -0.461523     0.0115956
            25     -0.402479     -0.459161     0.0113701
            26     -0.499901     -0.460728     0.0110358
            27     -0.273348     -0.453788     0.0126859
            28      -0.45894     -0.453972     0.0122258
            29     -0.451382     -0.453883      0.011797
            30     -0.431459     -0.453135     0.0114215
            31     -0.483546     -0.454116     0.0110904
            32     -0.585368     -0.458218     0.0114949
            33     -0.368866      -0.45551     0.0114654
            34     -0.445002     -0.455201     0.0111274
            35     -0.497284     -0.456403     0.0108715
            36     -0.434494     -0.455795     0.0105827
            37      -0.49189      -0.45677     0.0103388
            38     -0.611583     -0.460844     0.0108565
            39     -0.454352     -0.460678     0.0105757
            40     -0.285671     -0.456303      0.011198
            41     -0.572393     -0.459134     0.0112826
            42     -0.336797     -0.456221     0.0113894
            43     -0.445983     -0.455983     0.0111239
            44      -0.33176      -0.45316     0.0112289
            45     -0.436644     -0.452793     0.0109827
            46     -0.441163      -0.45254     0.0107442
            47     -0.440874     -0.452292     0.0105161
            48     -0.506675     -0.453425     0.0103568
            49     -0.535339     -0.455097     0.0102801
            50     -0.543225     -0.456859     0.0102254
            51     -0.580082     -0.459275       0.01031
            52     -0.354071     -0.457252     0.0103103
            53     -0.462754     -0.457356     0.0101144
            54     -0.432527     -0.456896    0.00993598
            55     -0.349566     -0.454945    0.00994696
            56     -0.505927     -0.455855    0.00981005
            57     -0.333135     -0.453702      0.009874
            58     -0.337975     -0.451707    0.00990531
            59      -0.31252     -0.449348     0.0100177
            60     -0.504089      -0.45026     0.0098915
            61     -0.448147     -0.450225    0.00972805
            62     -0.511455     -0.451213    0.00962068
            63     -0.486394     -0.451771     0.0094832
            64     -0.511299     -0.452702    0.00938008
            65     -0.483775      -0.45318    0.00924701
            66     -0.450483     -0.453139    0.00910591
            67     -0.408954     -0.452479    0.00899319
            68     -0.479693      -0.45288    0.00886898
            69     -0.518659     -0.453833    0.00879134
            70     -0.472531       -0.4541    0.00866896
            71     -0.462825     -0.454223    0.00854687
            72     -0.551044     -0.455568    0.00853394
            73     -0.473406     -0.455812    0.00841978
            74     -0.400959     -0.455071    0.00833823
            75     -0.639092     -0.457524    0.00858442
            76     -0.443019     -0.457333    0.00847286
            77     -0.483714     -0.457676    0.00836912
            78     -0.503968      -0.45827    0.00828242
            79     -0.511732     -0.458946    0.00820486
            80     -0.417067     -0.458423    0.00811854
            81     -0.431815     -0.458094    0.00802442
            82     -0.512111     -0.458753    0.00795328
            83     -0.389724     -0.457921    0.00790077
            84     -0.258794     -0.455551    0.00815815
            85      -0.44032     -0.455372    0.00806359
            86      -0.44914     -0.455299    0.00796961
            87     -0.604958     -0.457019    0.00806311
            88     -0.481488     -0.457297     0.0079758
            89     -0.381293     -0.456443    0.00793179
            90     -0.517092     -0.457117    0.00787206
            91      -0.52364     -0.457848    0.00781932
            92     -0.464537     -0.457921     0.0077342
            93     -0.592937     -0.459373    0.00778711
            94     -0.544598     -0.460279    0.00775699
            95     -0.465126      -0.46033    0.00767507
            96     -0.577259     -0.461548    0.00769175
            97     -0.270989     -0.459584    0.00786146
            98     -0.413025     -0.459109    0.00779532
            99     -0.466558     -0.459184    0.00771655
           100      -0.61992     -0.460791    0.00780627
