             1     -0.448742     -0.448742             0
             2     -0.434859       -0.4418    0.00694159
             3     -0.378238     -0.420613     0.0215632
             4     -0.506418     -0.442064     0.0263183
             5     -0.509679     -0.455587     0.0244634
             6     -0.436564     -0.452417     0.0202244
             7     -0.462094     -0.453799     0.0171485
             8     -0.481855     -0.457306     0.0152595
             9     -0.611424      -0.47443     0.0217795
            10      -0.44915     -0.471902     0.0196436
            11     -0.302638     -0.456515     0.0235052
            12     -0.430346     -0.454334     0.0215677
            13     -0.497407     -0.457647     0.0201142
            14     -0.468301     -0.458408     0.0186376
            15     -0.620256     -0.469198      0.020432
            16     -0.506155     -0.471508     0.0192515
            17     -0.378151     -0.466016     0.0188991
            18     -0.430142     -0.464023     0.0179293
            19     -0.406167     -0.460978     0.0172306
            20     -0.574863     -0.466673     0.0173098
            21     -0.459922     -0.466351     0.0164681
            22     -0.458163     -0.465979     0.0157061
            23     -0.544541     -0.469395     0.0153915
            24     -0.325046      -0.46338     0.0159164
            25     -0.458165     -0.463171     0.0152679
            26     -0.417044     -0.461397     0.0147758
            27     -0.360745     -0.457669     0.0146986
            28     -0.500928     -0.459214     0.0142479
            29     -0.474602     -0.459745     0.0137581
            30     -0.403162     -0.457859     0.0134247
            31     -0.405345     -0.456165     0.0130945
            32     -0.382104     -0.453851     0.0128882
            33     -0.415012     -0.452674     0.0125469
            34     -0.489558     -0.453758     0.0122205
            35     -0.335095     -0.450368      0.012341
            36     -0.439748     -0.450073      0.011997
            37     -0.468178     -0.450562     0.0116785
            38     -0.243507     -0.445114     0.0126055
            39     -0.210063     -0.439087     0.0136775
            40     -0.468758     -0.439828     0.0133518
            41     -0.503391     -0.441379      0.013114
            42     -0.446231     -0.441494     0.0127985
            43     -0.552874     -0.444084     0.0127629
            44     -0.424205     -0.443633     0.0124777
            45     -0.400289     -0.442669     0.0122352
            46     -0.466557     -0.443189     0.0119775
            47     -0.477294     -0.443914     0.0117424
            48     -0.441105     -0.443856     0.0114953
            49     -0.474234     -0.444476     0.0112753
            50     -0.404937     -0.443685     0.0110757
            51     -0.463294      -0.44407     0.0108632
            52     -0.303871     -0.441373     0.0109882
            53     -0.528455     -0.443016     0.0109034
            54     -0.303495     -0.440433     0.0110071
            55     -0.437056     -0.440371     0.0108053
            56     -0.367743     -0.439074     0.0106895
            57     -0.388004     -0.438178     0.0105385
            58     -0.527994     -0.439727     0.0104703
            59     -0.355906     -0.438306     0.0103889
            60     -0.511418     -0.439525     0.0102867
            61     -0.395895      -0.43881      0.010142
            62     -0.401312     -0.438205    0.00999535
            63     -0.485596     -0.438957    0.00986414
            64      -0.47116      -0.43946    0.00972182
            65    -0.0107343     -0.432864     0.0116237
            66     -0.576127     -0.435035     0.0116502
            67     -0.404857     -0.434585     0.0114838
            68     -0.459396     -0.434949     0.0113196
            69     -0.404073     -0.434502     0.0111633
            70     -0.551587     -0.436175     0.0111291
            71     -0.458252     -0.436486     0.0109756
            72     -0.416701     -0.436211     0.0108256
            73     -0.531224     -0.437512     0.0107553
            74     -0.501193     -0.438373     0.0106438
            75     -0.425319     -0.438199     0.0105024
            76     -0.522292     -0.439305     0.0104222
            77     -0.408796     -0.438909     0.0102936
            78     -0.409771     -0.438536     0.0101676
            79     -0.470741     -0.438943     0.0100464
            80     -0.294294     -0.437135     0.0100834
            81     -0.468971     -0.437528     0.0099659
            82     -0.376182      -0.43678      0.009872
            83      -0.34473     -0.435671    0.00981519
            84     -0.333874     -0.434459    0.00977307
            85     -0.556277     -0.435892    0.00976317
            86     -0.539851     -0.437101     0.0097244
            87     -0.459563     -0.437359    0.00961544
            88     -0.539869     -0.438524    0.00957666
            89     -0.313366     -0.437118    0.00957231
            90     -0.469432     -0.437477    0.00947216
            91     -0.410231     -0.437178    0.00937228
            92     -0.428117     -0.437079    0.00927037
            93     -0.424089     -0.436939    0.00917121
            94     -0.413723     -0.436692    0.00907648
            95     -0.485385     -0.437205    0.00899504
            96     -0.450066     -0.437339    0.00890186
            97      -0.47632     -0.437741    0.00881877
            98     -0.449141     -0.437857    0.00872909
            99     -0.616392      -0.43966    0.00882666
           100     -0.417873     -0.439443    0.00874066
