             1      -0.31835      -0.31835             0
             2        -0.522     -0.420175      0.101825
             3     -0.485338     -0.441896     0.0626731
             4     -0.481234     -0.451731     0.0453947
             5     -0.431307     -0.447646      0.035399
             6     -0.380656     -0.436481     0.0309847
             7     -0.517121     -0.448001     0.0286088
             8     -0.556235      -0.46153     0.0282292
             9     -0.550114     -0.471373     0.0267709
            10     -0.385625     -0.462798     0.0254337
            11      -0.37705     -0.455003     0.0242904
            12     -0.658124      -0.47193     0.0278963
            13     -0.331711     -0.461144     0.0278355
            14     -0.400634     -0.456821     0.0261306
            15     -0.454979     -0.456699     0.0243266
            16     -0.480873      -0.45821     0.0228056
            17     -0.356976     -0.452255     0.0222344
            18     -0.531029     -0.456631     0.0214147
            19     -0.466216     -0.457135     0.0202626
            20     -0.522098     -0.460384     0.0194952
            21     -0.400362     -0.457525     0.0187627
            22     -0.447569     -0.457073     0.0178952
            23     -0.433608     -0.456053     0.0171299
            24     -0.384884     -0.453087     0.0166665
            25     -0.482348     -0.454258     0.0160288
            26     -0.491618     -0.455695     0.0154668
            27      -0.37747     -0.452797     0.0151623
            28     -0.319221     -0.448027     0.0153699
            29     -0.512651     -0.450255     0.0149969
            30     -0.428449     -0.449528     0.0145066
            31     -0.449557     -0.449529     0.0140309
            32     -0.448444     -0.449495     0.0135854
            33      -0.53019     -0.451941     0.0133924
            34     -0.582739     -0.455788     0.0135501
            35      -0.45569     -0.455785     0.0131573
            36     -0.486665     -0.456643     0.0128153
            37     -0.312291     -0.452741     0.0130605
            38     -0.481646     -0.453502     0.0127349
            39     -0.516049     -0.455106     0.0125073
            40      -0.50635     -0.456387     0.0122577
            41     -0.480603     -0.456977     0.0119696
            42     -0.314861     -0.453594     0.0121613
            43     -0.490471     -0.454451     0.0119061
            44     -0.495287     -0.455379     0.0116693
            45      -0.40968     -0.454364     0.0114522
            46     -0.329359     -0.451646     0.0115254
            47     -0.359761     -0.449691     0.0114457
            48     -0.461293     -0.449933     0.0112073
            49     -0.422502     -0.449373     0.0109905
            50     -0.429271     -0.448971     0.0107759
            51     -0.395421     -0.447921     0.0106146
            52     -0.474839     -0.448439     0.0104213
            53     -0.286756     -0.445388     0.0106683
            54     -0.459268     -0.445645      0.010472
            55     -0.418277     -0.445148     0.0102919
            56     -0.525975     -0.446591      0.010209
            57     -0.354532     -0.444976     0.0101575
            58     -0.591992     -0.447511     0.0102977
            59     -0.425546     -0.447138     0.0101285
            60     -0.499871     -0.448017    0.00999693
            61      -0.50428      -0.44894    0.00987485
            62      -0.47644     -0.449383    0.00972439
            63     -0.547218     -0.450936    0.00969399
            64     -0.350681      -0.44937    0.00966905
            65     -0.431717     -0.449098    0.00952301
            66     -0.365916     -0.447838    0.00946192
            67     -0.583189     -0.449858    0.00953607
            68     -0.461705     -0.450032     0.0093964
            69     -0.419714     -0.449593    0.00926964
            70     -0.567778     -0.451281    0.00929095
            71     -0.484362     -0.451747      0.009171
            72     -0.415929      -0.45125     0.0090564
            73      -0.40065     -0.450556    0.00895834
            74      -0.38916     -0.449727    0.00887532
            75     -0.503219      -0.45044    0.00878518
            76     -0.414521     -0.449967    0.00868169
            77     -0.462509      -0.45013    0.00856974
            78     -0.429976     -0.449872    0.00846311
            79     -0.449856     -0.449872    0.00835529
            80     -0.417026     -0.449461     0.0082604
            81     -0.436496     -0.449301    0.00815935
            82     -0.467255      -0.44952    0.00806221
            83     -0.443813     -0.449451    0.00796478
            84     -0.471132     -0.449709    0.00787362
            85     -0.370027     -0.448772    0.00783671
            86     -0.587541     -0.450385    0.00791135
            87     -0.428115     -0.450129    0.00782407
            88     -0.424837     -0.449842    0.00773999
            89     -0.595626      -0.45148    0.00782587
            90      -0.35012     -0.450354    0.00781995
            91     -0.305058     -0.448757    0.00789665
            92     -0.387721     -0.448094    0.00783847
            93     -0.430352     -0.447903    0.00775607
            94     -0.387238     -0.447258    0.00770021
            95     -0.457429     -0.447365    0.00761948
            96     -0.366549     -0.446523    0.00758654
            97     -0.377623     -0.445813    0.00754145
            98      -0.42336     -0.445583    0.00746761
            99     -0.474449     -0.445875    0.00739754
           100     -0.445225     -0.445868     0.0073232
