             1     -0.470215     -0.470215             0
             2     -0.469577     -0.469896   0.000318803
             3     -0.386186     -0.441993     0.0279042
             4     -0.471753     -0.449433     0.0210874
             5     -0.512747     -0.462096     0.0206677
             6     -0.456553     -0.461172     0.0169003
             7       -0.3845     -0.450219     0.0179996
             8     -0.495066     -0.455825     0.0165655
             9     -0.460083     -0.456298     0.0146171
            10     -0.424776     -0.453146     0.0134486
            11     -0.347107     -0.443506     0.0155212
            12     -0.442334     -0.443408     0.0141692
            13     -0.476869     -0.445982     0.0132854
            14     -0.357082     -0.439632     0.0138424
            15     -0.387651     -0.436167     0.0133444
            16       -0.4665     -0.438062     0.0126256
            17     -0.539482     -0.444028     0.0132757
            18     -0.397388     -0.441437     0.0127819
            19     -0.430743     -0.440874     0.0121035
            20     -0.497973     -0.443729      0.011832
            21      -0.54818     -0.448703     0.0123046
            22     -0.389083     -0.445993     0.0120409
            23       -0.5004     -0.448359     0.0117461
            24     -0.485645     -0.449912     0.0113528
            25     -0.292707     -0.443624     0.0125745
            26     -0.443675     -0.443626     0.0120812
            27     -0.369384     -0.440876     0.0119459
            28     -0.375598     -0.438545     0.0117451
            29     -0.509578     -0.440994     0.0115945
            30     -0.409468     -0.439943     0.0112505
            31     -0.440858     -0.439973     0.0108816
            32     -0.394822     -0.438562     0.0106301
            33     -0.470638     -0.439534     0.0103487
            34     -0.478526     -0.440681      0.010105
            35     -0.393668     -0.439338    0.00990358
            36     -0.376923     -0.437604    0.00977946
            37     -0.446535     -0.437845    0.00951454
            38     -0.465625     -0.438576    0.00928958
            39     -0.468848     -0.439352    0.00908149
            40     -0.374895     -0.437741    0.00899702
            41      -0.50006     -0.439261    0.00890551
            42     -0.452077     -0.439566    0.00869625
            43     -0.432735     -0.439407    0.00849309
            44     -0.406884     -0.438668    0.00833067
            45     -0.588593        -0.442    0.00879861
            46     -0.396848     -0.441018    0.00866102
            47     -0.348641     -0.439053    0.00869967
            48     -0.545674     -0.441274    0.00880141
            49     -0.376326     -0.439949    0.00872123
            50     -0.443218     -0.440014    0.00854527
            51     -0.440959     -0.440032    0.00837606
            52     -0.490334        -0.441    0.00827017
            53     -0.439339     -0.440968    0.00811269
            54     -0.366527      -0.43959    0.00807951
            55     -0.519728     -0.441047    0.00806398
            56      -0.49105      -0.44194    0.00796886
            57     -0.595326     -0.444631    0.00827743
            58     -0.402589     -0.443906     0.0081657
            59      -0.42643      -0.44361    0.00803157
            60     -0.449484     -0.443708    0.00789719
            61     -0.404473     -0.443064    0.00779323
            62     -0.500854     -0.443997    0.00772296
            63      -0.46461     -0.444324    0.00760642
            64      -0.46694     -0.444677    0.00749496
            65     -0.398555     -0.443968    0.00741279
            66     -0.451439     -0.444081    0.00730049
            67      -0.54435     -0.445577    0.00734479
            68     -0.477068      -0.44604    0.00725077
            69     -0.506283     -0.446914    0.00719806
            70      -0.42214      -0.44656    0.00710331
            71     -0.495616     -0.447251    0.00703656
            72     -0.516221     -0.448208    0.00700395
            73     -0.559868     -0.449738    0.00707467
            74     -0.327626     -0.448088    0.00717086
            75     -0.542306     -0.449344    0.00718528
            76     -0.454178     -0.449408    0.00709039
            77     -0.422861     -0.449063    0.00700619
            78     -0.436032     -0.448896     0.0069178
            79     -0.507314     -0.449635    0.00686959
            80     -0.367749     -0.448612    0.00685997
            81     -0.362006     -0.447543     0.0068586
            82     -0.445648      -0.44752    0.00677448
            83     -0.429526     -0.447303    0.00669587
            84     -0.465166     -0.447515     0.0066191
            85     -0.281652     -0.445564    0.00682563
            86     -0.395752     -0.444985    0.00677062
            87     -0.258382      -0.44284    0.00702765
            88     -0.395871     -0.442306    0.00696781
            89     -0.525852     -0.443245    0.00695273
            90     -0.475255     -0.443601    0.00688424
            91     -0.445252     -0.443619    0.00680819
            92     -0.551634     -0.444793    0.00683537
            93     -0.510944     -0.445504    0.00679879
            94     -0.483579     -0.445909    0.00673825
            95     -0.344886     -0.444846    0.00675122
            96     -0.459483     -0.444998    0.00668227
            97     -0.509677     -0.445665    0.00664655
            98     -0.469068     -0.445904    0.00658271
            99     -0.429179     -0.445735    0.00651807
           100     -0.498128     -0.446259     0.0064738
