             1      -0.41521      -0.41521             0
             2     -0.483736     -0.449473     0.0342631
             3      -0.36443     -0.421126     0.0345674
             4     -0.478409     -0.435446     0.0283291
             5     -0.415227     -0.431402     0.0223131
             6     -0.413294     -0.428384     0.0184669
             7     -0.470449     -0.434394     0.0167243
             8      -0.45574     -0.437062     0.0147274
             9     -0.511136     -0.445292     0.0153765
            10     -0.482952     -0.449058     0.0142595
            11     -0.455345      -0.44963     0.0129108
            12     -0.454643     -0.450048     0.0117933
            13     -0.514649     -0.455017     0.0119323
            14     -0.476773     -0.456571     0.0111559
            15     -0.497882     -0.459325     0.0107446
            16     -0.545661     -0.464721     0.0114075
            17     -0.482769     -0.465783      0.010768
            18       -0.4766     -0.466384     0.0101699
            19     -0.469519     -0.466549    0.00962119
            20     -0.396941     -0.463068    0.00976851
            21     -0.443773      -0.46215    0.00933702
            22     -0.534526     -0.465439    0.00949092
            23     -0.545685     -0.468928    0.00971686
            24     -0.416607     -0.466748    0.00955521
            25     -0.491543      -0.46774    0.00921854
            26     -0.452849     -0.467167    0.00887539
            27     -0.426291     -0.465653    0.00867349
            28     -0.331153      -0.46085    0.00964004
            29     -0.498536     -0.462149    0.00939203
            30     -0.576668     -0.465967    0.00984384
            31     -0.286499     -0.460177     0.0111429
            32     -0.361789     -0.457103     0.0112186
            33     -0.437755     -0.456516     0.0108892
            34     -0.561329     -0.459599     0.0110046
            35     -0.343923     -0.456294      0.011185
            36     -0.506863     -0.457699     0.0109603
            37     -0.433632     -0.457048     0.0106798
            38     -0.442221     -0.456658     0.0104023
            39     -0.434877       -0.4561     0.0101474
            40     -0.527128     -0.457875     0.0100486
            41     -0.455272     -0.457812    0.00980067
            42     -0.457362     -0.457801    0.00956448
            43     -0.354304     -0.455394    0.00964456
            44     -0.482377     -0.456008    0.00944275
            45     -0.437521     -0.455597    0.00923967
            46     -0.385699     -0.454077    0.00916344
            47      -0.49221     -0.454889    0.00900298
            48      -0.40032     -0.453752    0.00888644
            49     -0.351756      -0.45167    0.00894866
            50     -0.482451     -0.452286    0.00878945
            51      -0.38458     -0.450958    0.00871706
            52     -0.426199     -0.450482    0.00856104
            53     -0.428606     -0.450069    0.00840809
            54     -0.416355     -0.449445     0.0082745
            55     -0.513442     -0.450609    0.00820558
            56     -0.447458     -0.450552    0.00805792
            57     -0.303779     -0.447977     0.0083236
            58     -0.456881     -0.448131    0.00818027
            59     -0.450296     -0.448168    0.00804051
            60     -0.590731     -0.450544    0.00825473
            61     -0.467885     -0.450828    0.00812325
            62     -0.462421     -0.451015    0.00799334
            63     -0.483417     -0.451529    0.00788224
            64     -0.427351     -0.451151    0.00776729
            65     -0.356558     -0.449696    0.00778411
            66     -0.453076     -0.449747    0.00766543
            67     -0.375358     -0.448637    0.00763136
            68     -0.455046     -0.448731    0.00751888
            69     -0.405414     -0.448103    0.00743566
            70     -0.414266      -0.44762    0.00734459
            71     -0.531378       -0.4488    0.00733589
            72     -0.318899     -0.446996    0.00745489
            73     -0.490261     -0.447588    0.00737591
            74     -0.433937     -0.447404    0.00727789
            75     -0.499695     -0.448101    0.00721397
            76     -0.457415     -0.448224    0.00711947
            77      -0.52031      -0.44916    0.00708849
            78     -0.493734     -0.449731    0.00702032
            79     -0.404607      -0.44916    0.00695439
            80     -0.599448     -0.451039    0.00711924
            81     -0.438996      -0.45089    0.00703237
            82      -0.41196     -0.450415    0.00696228
            83      -0.32891     -0.448951    0.00703196
            84      -0.50265     -0.449591    0.00697709
            85     -0.459807     -0.449711    0.00689556
            86      -0.49019     -0.450181    0.00683114
            87     -0.586126     -0.451744    0.00693062
            88     -0.481981     -0.452088    0.00686002
            89     -0.483065     -0.452436    0.00679143
            90     -0.462509     -0.452548    0.00671647
            91     -0.526562     -0.453361    0.00669187
            92     -0.454651     -0.453375    0.00661874
            93     -0.434798     -0.453175    0.00655024
            94     -0.397451     -0.452582    0.00650724
            95     -0.389701      -0.45192    0.00647231
            96     -0.492689     -0.452345     0.0064186
            97     -0.489904     -0.452732    0.00636387
            98     -0.477254     -0.452983    0.00630357
            99      -0.44275     -0.452879    0.00624043
           100     -0.410288     -0.452453    0.00619237
