             1      -0.42456      -0.42456             0
             2     -0.490128     -0.457344     0.0327837
             3     -0.273761      -0.39615     0.0640548
             4     -0.463446     -0.412974     0.0483172
             5     -0.476196     -0.425618     0.0395046
             6     -0.400511     -0.421433     0.0325257
             7      -0.35293     -0.411647     0.0291792
             8     -0.405117     -0.410831     0.0252831
             9     -0.422716     -0.412152     0.0223367
            10     -0.481587     -0.419095     0.0211508
            11     -0.446846     -0.421618     0.0192972
            12     -0.305963      -0.41198       0.02008
            13     -0.510669     -0.419571     0.0199701
            14     -0.355409     -0.414988     0.0190483
            15     -0.449025     -0.417258     0.0178776
            16     -0.501126     -0.422499     0.0175252
            17     -0.496616     -0.426859     0.0170296
            18     -0.526071     -0.432371     0.0169754
            19     -0.404459     -0.430902     0.0161242
            20     -0.532254     -0.435969     0.0161143
            21     -0.443186     -0.436313     0.0153316
            22      -0.50409     -0.439394     0.0149392
            23     -0.375739     -0.436626     0.0145407
            24     -0.381002     -0.434309     0.0141133
            25     -0.404062     -0.433099      0.013591
            26     -0.357704     -0.430199     0.0133759
            27     -0.443125     -0.430678     0.0128799
            28     -0.415687     -0.430142     0.0124229
            29     -0.614637     -0.436504     0.0135705
            30     -0.272332     -0.431032     0.0142066
            31     -0.424428     -0.430819     0.0137424
            32     -0.441874     -0.431164     0.0133105
            33     -0.438301     -0.431381     0.0129026
            34     -0.494447     -0.433235     0.0126541
            35     -0.419376     -0.432839     0.0122936
            36     -0.457143     -0.433515     0.0119663
            37     -0.540833     -0.436415     0.0119944
            38     -0.512031     -0.438405     0.0118428
            39      -0.46554     -0.439101     0.0115561
            40     -0.497767     -0.440567     0.0113586
            41     -0.405656     -0.439716     0.0111108
            42     -0.301032     -0.436414     0.0113346
            43      -0.45004     -0.436731     0.0110724
            44     -0.414612     -0.436228     0.0108295
            45     -0.506796     -0.437796     0.0107017
            46     -0.508684     -0.439337     0.0105793
            47     -0.496641     -0.440556     0.0104233
            48     -0.409363     -0.439907     0.0102245
            49     -0.268187     -0.436402     0.0106092
            50     -0.521869     -0.438111     0.0105344
            51     -0.343312     -0.436253     0.0104918
            52     -0.438284     -0.436292     0.0102881
            53     -0.537539     -0.438202     0.0102714
            54     -0.494172     -0.439239     0.0101325
            55      -0.36396      -0.43787     0.0100403
            56     -0.417678     -0.437509    0.00986597
            57      -0.36397     -0.436219    0.00977684
            58     -0.532233     -0.437874    0.00974838
            59      -0.60158     -0.440649    0.00997538
            60     -0.542604     -0.442348    0.00995383
            61     -0.396232     -0.441592    0.00981844
            62     -0.493872     -0.442436    0.00969552
            63     -0.444492     -0.442468    0.00954044
            64     -0.476795     -0.443005    0.00940549
            65     -0.361435      -0.44175    0.00934431
            66     -0.450601     -0.441884    0.00920262
            67     -0.339738     -0.440359    0.00919154
            68     -0.527416     -0.441639    0.00914542
            69     -0.481269     -0.442214    0.00903018
            70     -0.461161     -0.442485    0.00890436
            71     -0.444262      -0.44251    0.00877809
            72      -0.45027     -0.442617    0.00865598
            73     -0.498046     -0.443377    0.00857028
            74     -0.506637     -0.444231    0.00849679
            75     -0.473365      -0.44462    0.00839173
            76     -0.542836     -0.445912    0.00838081
            77       -0.3804     -0.445061     0.0083149
            78      -0.38475     -0.444288    0.00824395
            79      0.213401     -0.435963     0.0116426
            80     -0.367301     -0.435105     0.0115282
            81     -0.416758     -0.434878     0.0113872
            82     -0.421304     -0.434713     0.0112487
            83     -0.485573     -0.435325     0.0111292
            84     -0.455556     -0.435566     0.0109986
            85     -0.477759     -0.436063     0.0108797
            86     -0.512023     -0.436946     0.0107887
            87     -0.459091     -0.437201      0.010667
            88     -0.350104     -0.436211     0.0105914
            89     -0.465533      -0.43654     0.0104769
            90     -0.540088     -0.437691     0.0104236
            91     -0.570012     -0.439145     0.0104104
            92     -0.474918     -0.439534      0.010304
            93     -0.517469     -0.440372      0.010227
            94     -0.525054     -0.441273     0.0101576
            95     -0.523551     -0.442139     0.0100874
            96     -0.309741      -0.44076     0.0100766
            97     -0.563298     -0.442023     0.0100519
            98     -0.536633     -0.442988     0.0099955
            99     -0.363143     -0.442182    0.00992684
           100     -0.528653     -0.443046    0.00986504
