             1     -0.465061     -0.465061             0
             2     -0.450415     -0.457738    0.00732322
             3     -0.434621     -0.450032    0.00878954
             4     -0.428804     -0.444725    0.00817278
             5     -0.435982     -0.442977    0.00656767
             6     -0.379265     -0.432358     0.0118959
             7     -0.463661      -0.43683     0.0110035
             8     -0.457595     -0.439426    0.00987651
             9     -0.469751     -0.442795    0.00933928
            10      -0.46546     -0.445062    0.00865532
            11     -0.445094     -0.445065    0.00782903
            12     -0.396644     -0.441029     0.0082073
            13     -0.445048     -0.441339    0.00755594
            14     -0.467673      -0.44322    0.00724392
            15     -0.474999     -0.445338    0.00706869
            16     -0.503387     -0.448966     0.0075421
            17     -0.467408     -0.450051    0.00716715
            18     -0.519061     -0.453885    0.00776911
            19     -0.506524     -0.456655    0.00785372
            20     -0.555216     -0.461583      0.008933
            21      -0.47452     -0.462199    0.00851928
            22     -0.431111     -0.460786    0.00824481
            23      -0.61138     -0.467334     0.0102439
            24     -0.297948     -0.460276     0.0120832
            25     -0.448124      -0.45979        0.0116
            26     -0.359893     -0.455948     0.0117886
            27     -0.540622     -0.459084     0.0117691
            28     -0.525578     -0.461459      0.011587
            29     -0.461234     -0.461451     0.0111803
            30     -0.423647     -0.460191     0.0108744
            31     -0.417715     -0.458821     0.0106067
            32     -0.527532     -0.460968     0.0104919
            33     -0.404684     -0.459262     0.0103111
            34     -0.470234     -0.459585     0.0100084
            35     -0.527935     -0.461538    0.00991252
            36     -0.560496     -0.464287     0.0100178
            37     -0.469861     -0.464437    0.00974441
            38     -0.416821     -0.463184    0.00956693
            39      -0.45321     -0.462929     0.0093219
            40     -0.404677     -0.461472    0.00920183
            41     -0.453641     -0.461281    0.00897662
            42      -0.47737     -0.461664    0.00876866
            43     -0.433949      -0.46102    0.00858653
            44     -0.458698     -0.460967    0.00838928
            45     -0.450224     -0.460728    0.00820421
            46     -0.151233        -0.454     0.0104714
            47     -0.352442     -0.451839     0.0104716
            48     -0.480259     -0.452431     0.0102682
            49     -0.517203     -0.453753     0.0101429
            50     -0.501674     -0.454712    0.00998412
            51      -0.42985     -0.454224    0.00979853
            52     -0.539183     -0.455858    0.00974617
            53     -0.477036     -0.456258    0.00956886
            54     -0.452033     -0.456179    0.00939031
            55     -0.520119     -0.457342    0.00929102
            56     -0.455993     -0.457318    0.00912363
            57     -0.369368     -0.455775    0.00909399
            58     -0.432231     -0.455369    0.00894504
            59     -0.387949     -0.454226    0.00886607
            60     -0.576828      -0.45627    0.00895334
            61     -0.548661     -0.457784    0.00893465
            62     -0.549602     -0.459265    0.00891325
            63     -0.509272     -0.460059    0.00880648
            64     -0.403703     -0.459178     0.0087124
            65     -0.411271     -0.458441    0.00860892
            66      -0.48093     -0.458782    0.00848432
            67     -0.443536     -0.458555    0.00835983
            68     -0.329109     -0.456651    0.00845311
            69     -0.451092      -0.45657    0.00833009
            70     -0.484691     -0.456972    0.00822004
            71     -0.519677     -0.457855    0.00815143
            72     -0.491001     -0.458316    0.00805059
            73     -0.644718     -0.460869    0.00834005
            74     -0.475889     -0.461072    0.00822908
            75     -0.514335     -0.461782    0.00814962
            76     -0.354514     -0.460371    0.00816459
            77     -0.259294     -0.457759    0.00847045
            78     -0.332105     -0.456148    0.00851492
            79     -0.404172     -0.455491    0.00843216
            80     -0.458509     -0.455528    0.00832617
            81      -0.39499     -0.454781    0.00825663
            82     -0.562248     -0.456091    0.00825996
            83     -0.421486     -0.455674    0.00817048
            84     -0.433625     -0.455412    0.00807689
            85     -0.386137     -0.454597     0.0080228
            86     -0.491767     -0.455029    0.00794074
            87     -0.434997     -0.454799    0.00785231
            88     -0.375013     -0.453892    0.00781534
            89     -0.413985     -0.453444    0.00774002
            90      -0.57595     -0.454805    0.00777364
            91     -0.473444      -0.45501    0.00769047
            92     -0.403335     -0.454448    0.00762713
            93     -0.565493     -0.455642    0.00763857
            94     -0.306729     -0.454058    0.00772114
            95     -0.542406     -0.454988    0.00769583
            96      -0.54284     -0.455903    0.00767003
            97     -0.439583     -0.455735    0.00759241
            98     -0.355116     -0.454708    0.00758435
            99     -0.391721     -0.454072    0.00753427
           100     -0.411974     -0.453651    0.00747041
