           1     22.7347     22.7347           0
           2     17.7008     20.2178     2.51693
           3     19.2919     19.9092     1.48556
           4     20.2802     20.0019     1.05454
           5     20.1446     20.0304     0.81734
           6     17.9439     19.6827    0.752532
           7     18.6899     19.5409    0.651627
           8     20.8087     19.6993    0.586156
           9     17.5441     19.4599    0.569713
          10     19.4321     19.4571    0.509574
          11     20.2779     19.5317    0.466929
          12     22.2957      19.762    0.484498
          13     17.1128     19.5582    0.490054
          14     18.1946     19.4608     0.46404
          15     20.0481        19.5    0.433768
          16     17.3545     19.3659    0.427336
          17     19.6146     19.3805    0.401679
          18     24.1648     19.6463    0.462671
          19     17.8045     19.5494     0.44825
          20     17.8435     19.4641    0.433718
          21     20.2125     19.4997    0.414084
          22      18.768     19.4665    0.396213
          23     17.7397     19.3914    0.385967
          24     16.2172     19.2591     0.39249
          25     19.1576     19.2551    0.376485
          26     20.2338     19.2927    0.363669
          27     18.3286      19.257    0.351757
          28     16.3481     19.1531    0.354525
          29      17.457     19.0946    0.347046
          30       19.01     19.0918     0.33529
          31     19.4992     19.1049     0.32456
          32     20.8372     19.1591    0.318882
          33     20.4114      19.197    0.311389
          34     23.6431     19.3278     0.32918
          35     15.9278     19.2307    0.334073
          36     19.1395     19.2281     0.32467
          37      17.894     19.1921    0.317825
          38     20.6161     19.2295     0.31161
          39     18.9105     19.2214    0.303625
          40     18.9203     19.2138    0.296033
          41     18.7644     19.2029     0.28893
          42     17.4906     19.1621    0.284899
          43     18.2939     19.1419    0.278926
          44     19.2156     19.1436    0.272519
          45     18.3075      19.125    0.267041
          46     15.8418     19.0536    0.270748
          47      16.009     18.9889     0.27273
          48     19.6576     19.0028    0.267351
          49     18.6437     18.9955    0.261941
          50     22.3179     19.0619    0.265111
          51      18.071     19.0425    0.260586
          52      16.255     18.9889    0.261088
          53     21.0885     19.0285     0.25916
          54     19.9002     19.0446    0.254827
          55       19.15     19.0465    0.250158
          56     18.4493     19.0359    0.245882
          57     15.3773     18.9717    0.249913
          58     20.6468     19.0006    0.247259
          59     18.7218     18.9959    0.243077
          60     15.3474      18.935    0.246606
          61     18.2327     18.9235    0.242803
          62     18.8984     18.9231    0.238855
          63     16.0918     18.8782    0.239291
          64     21.1805     18.9142    0.238254
          65     20.2448     18.9346    0.235452
          66     15.9152     18.8889    0.236327
          67     22.1212     18.9371     0.23772
          68     20.0065     18.9528    0.234726
          69     18.7096     18.9493    0.231326
          70     19.2546     18.9537    0.228039
          71     17.8158     18.9377    0.225375
          72      17.643     18.9197    0.222949
          73     20.3744     18.9396    0.220775
          74     18.9912     18.9403    0.217772
          75       19.05     18.9418    0.214854
          76     18.5872     18.9371    0.212059
          77     19.9736     18.9506    0.209719
          78     19.1278     18.9528    0.207026
          79     18.5794     18.9481    0.204443
          80      17.865     18.9346    0.202325
          81      17.952     18.9224    0.200179
          82     23.4011     18.9771    0.205128
          83     20.0553       18.99    0.203057
          84     17.8488     18.9765    0.201085
          85     23.1913      19.026    0.204799
          86     18.2365     19.0169    0.202612
          87     16.2429      18.985    0.202791
          88     20.0175     18.9967    0.200817
          89     14.9592     18.9513    0.203664
          90     14.0165     18.8965     0.20872
          91     17.4291     18.8804    0.207042
          92     21.5235     18.9091    0.206785
          93     19.0355     18.9105    0.204554
          94     20.2121     18.9243    0.202839
          95     21.4863     18.9513    0.202496
          96     19.4242     18.9562    0.200437
          97     20.1972      18.969    0.198772
          98     19.8848     18.9784    0.196955
          99     19.3448     18.9821     0.19499
         100     18.1476     18.9737    0.193211
