           1     0.45672     0.45672           0
           2    0.441149    0.448934  0.00778557
           3    0.411306    0.436392   0.0133238
           4    0.458493    0.441917    0.010922
           5    0.425461    0.438626  0.00907774
           6    0.460104    0.442205  0.00823109
           7    0.472489    0.446532  0.00819208
           8     0.43606    0.445223   0.0072143
           9    0.414151     0.44177  0.00723877
          10    0.449102    0.442503  0.00651593
          11    0.421436    0.440588  0.00619724
          12    0.426117    0.439382  0.00578438
          13    0.416749    0.437641  0.00559845
          14    0.429532    0.437062  0.00521542
          15    0.441915    0.437386  0.00486606
          16     0.41981    0.436287  0.00468245
          17    0.458956    0.437621  0.00459609
          18    0.462273     0.43899  0.00454451
          19    0.440348    0.439062  0.00429927
          20    0.393488    0.436783  0.00467203
          21    0.409499    0.435484  0.00463001
          22    0.441528    0.435758  0.00442308
          23    0.430348    0.435523  0.00423294
          24    0.412169     0.43455  0.00416792
          25    0.418727    0.433917  0.00404752
          26    0.450147    0.434541  0.00393851
          27    0.445214    0.434937  0.00381039
          28    0.392672    0.433427  0.00396994
          29    0.409164     0.43259  0.00392091
          30    0.470378     0.43385  0.00399188
          31    0.427025     0.43363  0.00386724
          32    0.454499    0.434282  0.00380081
          33    0.454762    0.434903  0.00373574
          34    0.447413    0.435271  0.00364283
          35    0.418114     0.43478  0.00357102
          36    0.439435     0.43491  0.00347282
          37    0.425044    0.434643  0.00338816
          38    0.443727    0.434882  0.00330645
          39    0.423245    0.434584  0.00323435
          40    0.425339    0.434353  0.00316091
          41    0.432326    0.434303  0.00308325
          42    0.431563    0.434238  0.00300965
          43    0.448185    0.434562  0.00295667
          44    0.445119    0.434802  0.00289864
          45    0.466286    0.435502  0.00291859
          46    0.410988    0.434969  0.00290376
          47    0.381002    0.433821  0.00306454
          48    0.441906    0.433989  0.00300475
          49    0.413123    0.433563  0.00297344
          50    0.451417     0.43392  0.00293516
          51    0.409108    0.433434  0.00291788
          52    0.413664    0.433054  0.00288636
          53    0.453508     0.43344  0.00285756
          54    0.457821    0.433891  0.00284026
          55    0.435069    0.433913  0.00278822
          56    0.435717    0.433945  0.00273817
          57    0.390541    0.433183  0.00279541
          58     0.47286    0.433867   0.0028307
          59    0.452112    0.434177  0.00279944
          60    0.399565      0.4336  0.00281219
          61    0.436533    0.433648  0.00276612
          62    0.384467    0.432855   0.0028344
          63     0.41208    0.432525  0.00280848
          64    0.479319    0.433256  0.00285931
          65    0.439761    0.433356  0.00281675
          66    0.411612    0.433027  0.00279324
          67    0.462964    0.433473  0.00278728
          68    0.445511     0.43365  0.00275169
          69    0.460904    0.434045  0.00274013
          70    0.448524    0.434252  0.00270861
          71    0.416174    0.433998   0.0026823
          72    0.375718    0.433188  0.00276588
          73    0.440055    0.433282  0.00272935
          74    0.427427    0.433203  0.00269338
          75    0.421978    0.433053  0.00266144
          76    0.457146    0.433371  0.00264525
          77    0.389847    0.432805  0.00267116
          78    0.455875    0.433101  0.00265323
          79    0.413454    0.432852  0.00263121
          80    0.429607    0.432812  0.00259842
          81    0.372143    0.432063  0.00267322
          82    0.479955    0.432647  0.00270424
          83    0.451298    0.432872  0.00268089
          84    0.441138     0.43297  0.00265061
          85    0.472548    0.433436  0.00266031
          86      0.4479    0.433604  0.00263457
          87    0.431588    0.433581  0.00260421
          88    0.429475    0.433534  0.00257487
          89     0.41374    0.433312  0.00255547
          90    0.389062     0.43282  0.00257431
          91    0.460768    0.433127  0.00256432
          92    0.434622    0.433143  0.00253634
          93    0.420893    0.433012  0.00251238
          94    0.425674    0.432933  0.00248673
          95    0.468569    0.433309  0.00248885
          96     0.45292    0.433513  0.00247124
          97     0.46023    0.433788  0.00246109
          98    0.432803    0.433778  0.00243587
          99    0.409088    0.433529  0.00242401
         100    0.408484    0.433278  0.00241268
