           1   -0.872768   -0.872768           0
           2   -0.867416   -0.870092    0.002676
           3   -0.870072   -0.870085    0.001545
           4    -0.87328   -0.870884  0.00135329
           5   -0.869656   -0.870638  0.00107664
           6    -0.86944   -0.870439 0.000901477
           7    -0.87012   -0.870393 0.000763246
           8    -0.87336   -0.870764  0.00075792
           9    -0.86408   -0.870021 0.000999171
          10   -0.871856   -0.870205 0.000912324
          11   -0.873704   -0.870523 0.000884418
          12   -0.878096   -0.871154  0.00102475
          13   -0.868288   -0.870934 0.000968067
          14   -0.867616   -0.870697 0.000927053
          15   -0.869032   -0.870586 0.000870145
          16   -0.863712   -0.870156 0.000920361
          17   -0.869136   -0.870096 0.000866608
          18   -0.879728   -0.870631 0.000976682
          19   -0.870088   -0.870603 0.000924291
          20   -0.871872   -0.870666 0.000879154
          21   -0.873512   -0.870802 0.000847152
          22   -0.870112    -0.87077 0.000808336
          23   -0.864752   -0.870509 0.000815509
          24    -0.86576   -0.870311 0.000805469
          25   -0.870216   -0.870307 0.000772588
          26   -0.871792   -0.870364 0.000744473
          27   -0.869448    -0.87033 0.000717172
          28    -0.86928   -0.870293 0.000692102
          29   -0.861728   -0.869997 0.000730198
          30   -0.866432   -0.869878 0.000715379
          31    -0.87564   -0.870064 0.000716445
          32   -0.877632   -0.870301 0.000732899
          33   -0.873112   -0.870386 0.000715433
          34    -0.87708   -0.870583 0.000721456
          35   -0.864688   -0.870414 0.000720501
          36   -0.867464   -0.870332 0.000704982
          37    -0.86812   -0.870273 0.000688266
          38   -0.875328   -0.870406 0.000682991
          39   -0.872928    -0.87047 0.000668384
          40   -0.868152   -0.870412 0.000654033
          41   -0.868728   -0.870371 0.000639203
          42   -0.868464   -0.870326 0.000625449
          43   -0.868304   -0.870279 0.000612538
          44   -0.872176   -0.870322 0.000600006
          45   -0.864704   -0.870197 0.000599661
          46    -0.86552   -0.870095 0.000595229
          47   -0.865496   -0.869998 0.000590591
          48   -0.871016   -0.870019 0.000578545
          49   -0.873904   -0.870098 0.000572136
          50   -0.873168    -0.87016 0.000563929
          51   -0.870856   -0.870173 0.000552929
          52    -0.86528   -0.870079 0.000550297
          53   -0.876232   -0.870195 0.000552156
          54   -0.871672   -0.870223 0.000542525
          55   -0.869808   -0.870215 0.000532622
          56   -0.867896   -0.870174 0.000524662
          57   -0.864632   -0.870076 0.000524465
          58     -0.8704   -0.870082 0.000515373
          59   -0.867232   -0.870034  0.00050886
          60   -0.862176   -0.869903 0.000517164
          61     -0.8698   -0.869901 0.000508618
          62   -0.872504   -0.869943 0.000502105
          63    -0.86524   -0.869868 0.000499679
          64   -0.873096   -0.869919 0.000494388
          65   -0.870608   -0.869929 0.000486838
          66   -0.862136   -0.869811 0.000493733
          67   -0.878408    -0.86994  0.00050295
          68   -0.869304    -0.86993 0.000495587
          69   -0.868968   -0.869916 0.000488551
          70   -0.867056   -0.869875 0.000483252
          71   -0.874432    -0.86994   0.0004807
          72   -0.872344   -0.869973 0.000475152
          73   -0.870312   -0.869978  0.00046862
          74   -0.872384    -0.87001 0.000463387
          75   -0.871904   -0.870035 0.000457863
          76   -0.868128    -0.87001 0.000452495
          77   -0.873344   -0.870054 0.000448674
          78   -0.867136   -0.870016 0.000444461
          79   -0.866512   -0.869972 0.000441035
          80   -0.868072   -0.869948 0.000436134
          81   -0.871368   -0.869966 0.000431073
          82   -0.874616   -0.870022 0.000429544
          83   -0.869416   -0.870015   0.0004244
          84   -0.868984   -0.870003 0.000419496
          85   -0.875656   -0.870069 0.000419833
          86   -0.866312   -0.870026 0.000417217
          87   -0.864664   -0.869964 0.000416972
          88   -0.873568   -0.870005 0.000414236
          89    -0.86132   -0.869907 0.000421021
          90   -0.860096   -0.869798 0.000430353
          91     -0.8666   -0.869763 0.000427046
          92   -0.871304    -0.86978 0.000422711
          93   -0.870688    -0.86979 0.000418255
          94   -0.869648   -0.869788 0.000413784
          95   -0.873832   -0.869831 0.000411612
          96    -0.87012   -0.869834 0.000407313
          97   -0.870808   -0.869844 0.000403217
          98   -0.870944   -0.869855 0.000399239
          99   -0.872712   -0.869884 0.000396238
         100   -0.872512    -0.86991 0.000393135
