53.6791
51.4194
46.8997
42.1012
38.7519
36.0441
35.3596
34.2361
31.6203
30.9009
29.3101
28.3881
28.1804
26.9291
25.6439
24.42
24.2761
23.1771
22.5301
21.3923
20.7393
20.2559
19.7548
19.4314
18.9039
18.5592
18.106
17.4447
16.6969
15.955
15.3131
14.7655
13.8253
12.8345
12.1506
11.9014
11.5226
11.2384
10.8377
10.6185
10.4185
10.1135
9.67577
9.4829
9.27549
9.08466
8.97772
9.05346
9.06324
8.94307
8.90736
8.64526
8.60513
8.50158
8.45423
8.46436
8.34417
8.27706
8.29586
8.22824
8.20953
8.20945
8.20938
8.20148
8.13867
8.00426
7.86585
7.70655
7.5035
7.36438
7.41813
7.30739
7.2717
7.26031
7.264
7.25251
7.23993
7.22656
7.21098
7.19992
7.167
7.14765
7.12897
7.09752
7.07254
7.05296
7.02155
6.96432
6.92438
6.89866
6.85839
6.78494
6.67538
6.64401
6.52356
6.38335
6.27389
6.10492
5.93481
5.83783
5.82277
5.72871
5.73971
5.7072
5.62281
5.59808
5.56694
5.5464
5.4851
5.41373
5.35511
5.32768
5.28663
5.25262
5.24667
5.16911
5.0658
5.03891
4.98794
4.86556
4.78276
4.718
4.72906
4.64739
4.56781
4.54271
4.54271
4.54271
4.54271
4.54271
4.54271
4.54271
4.54271
4.54271
4.54271
4.54271
4.54271
4.54267
4.54262
4.54231
4.54178
4.54098
4.54047
4.53905
4.53673
4.53447
4.53166
4.52887
4.52516
4.52377
4.52142
4.52065
4.51993
4.51916
4.5184
4.5184
4.5184
4.51587
4.51079
4.49292
4.46445
4.43264
4.41235
4.34291
4.34126
4.3071
4.19943
4.17284
4.15437
4.12928
4.0937
4.08463
4.08602
4.09899
4.35246
4.49224
4.6724
5.06358
5.21521
4.97136
5.02478
4.34629
4.24479
4.00041
3.84358
3.83492
3.82878
3.82731
3.82145
3.83056
3.78562
3.81958
3.7612
3.74446
3.72899
3.72765
3.70538
3.68243
3.67762
3.67735
3.67679
3.6765
3.6757
3.67545
3.67436
3.67439
3.70172
4.06464
4.16119
4.50887
5.10434
5.90961
6.12013
6.20397
6.10729
5.73828
6.00512
5.36207
5.19883
5.19541
5.00996
4.71956
4.43
4.0869
3.97997
3.78675
3.69866
3.66537
3.6509
3.6509
3.66632
3.6509
3.6509
3.6517
3.6509
3.6509
3.6509
3.6509
3.6509
3.6509
3.6509
3.6509
3.6509
3.6509
3.6509
3.6509
3.6509
3.6509
3.6509
3.6509
3.6509
3.6509
3.6509
3.6509
3.6509
3.6509
3.6509
3.6509
3.6509
3.6509
3.6509
3.6509
3.6509
3.6509
3.6509
3.6509
3.6509
3.6509
3.6509
3.6509
3.6509
3.6509
3.6509
3.6509
3.6509
3.6509
3.6509
3.6509
3.6509
3.6509
3.6509
3.6509
3.6509
3.6509
3.6509
3.6509
3.6509
3.6509
3.6509
3.6509
3.6509
3.6509
3.6509
3.6509
3.6509
3.6509
3.6509
3.6509
3.6509
3.6509
