37.5295
36.5258
34.2976
29.9791
29.2091
28.1558
27.2058
26.7598
24.9772
24.8278
23.3799
23.1969
20.8621
20.8621
20.8621
20.8621
19.4707
17.5971
17.5971
17.5971
16.5183
16.5183
16.4618
16.5183
16.004
15.9177
15.9177
13.8704
12.2408
12.2408
12.2408
11.5115
11.5115
11.2375
10.2234
10.2234
9.25683
9.07549
8.96745
8.96745
8.96745
8.96745
8.96745
8.87508
8.33009
8.20953
8.20953
8.20953
8.20953
8.20953
8.20953
8.20953
8.20953
8.20953
8.20953
8.20953
8.20953
8.20953
8.20953
8.20953
8.20953
8.20072
8.20072
7.32793
7.32793
7.31912
7.31912
7.31912
7.24262
7.24262
7.24262
7.24262
7.21377
7.21377
7.21377
7.21377
7.21377
7.06917
7.06917
7.06917
7.06917
7.06917
7.05237
7.05237
6.7915
6.7915
6.78663
6.78663
6.78663
6.78663
6.16443
6.10101
6.10101
6.10101
5.68224
5.68224
5.61882
5.61882
5.61882
5.60588
5.60588
5.60588
5.60588
5.52907
5.46565
5.46565
5.38076
5.29152
5.24423
5.24423
5.2005
5.08333
5.08333
4.92174
4.92174
4.92174
4.54271
4.54271
4.54271
4.54271
4.54271
4.54271
4.54271
4.54271
4.54271
4.54271
4.54271
4.54271
4.54271
4.54271
4.54271
4.54271
4.54271
4.54271
4.54271
4.54271
4.54271
4.53762
4.53762
4.53762
4.53762
4.53762
4.52393
4.52393
4.52393
4.52393
4.5184
4.5184
4.5184
4.5184
4.5184
4.5184
4.5184
4.5184
4.5184
4.5184
4.5184
4.22669
4.22669
4.22669
4.22669
4.22669
4.22669
4.22669
4.05
4.05
4.05
4.05
4.02656
4.02656
4.02656
4.02656
3.907
3.907
3.82951
3.82951
3.82951
3.82951
3.82951
3.82951
3.82951
3.82951
3.82951
3.82951
3.82951
3.82951
3.74518
3.74518
3.74518
3.67777
3.67777
3.67777
3.67777
3.67777
3.67777
3.67777
3.67777
3.67435
3.67435
3.67435
3.67435
3.67435
3.67435
3.6509
3.6509
3.6509
3.6509
3.6509
3.6509
3.6509
3.6509
3.6509
3.6509
3.6509
3.6509
3.6509
3.6509
3.6509
3.6509
3.6509
3.6509
3.6509
3.6509
3.6509
3.6509
3.6509
3.6509
3.6509
3.6509
3.6509
3.6509
3.6509
3.6509
3.6509
3.6509
3.6509
3.6509
3.6509
3.6509
3.6509
3.6509
3.6509
3.6509
3.6509
3.6509
3.6509
3.6509
3.6509
3.6509
3.6509
3.6509
3.6509
3.6509
3.6509
3.6509
3.6509
3.6509
3.6509
3.6509
3.6509
3.6509
3.6509
3.6509
3.6509
3.6509
3.6509
3.6509
3.6509
3.6509
3.6509
3.6509
3.6509
3.6509
3.6509
3.6509
3.6509
3.6509
3.6509
3.6509
3.6509
3.6509
3.6509
3.6509
3.6509
3.6509
3.6509
3.6509
3.6509
3.6509
3.6509
3.6509
3.6509
3.6509
3.6509
3.6509
3.6509
3.6509
3.6509
3.6509
3.6509
