32.4888
31.0855
30.5437
29.9589
29.1113
27.9114
26.6911
25.5984
24.9148
24.0121
23.9536
23.6671
23.5289
23.2909
23.1799
22.8375
22.4048
22.1968
22.1689
21.9869
21.6932
21.509
21.1732
20.8841
20.5936
20.2996
20.2659
20.1498
20.0874
20.0367
19.9994
19.9264
19.8086
19.5937
19.4297
19.3853
19.281
19.1945
19.0799
18.9844
18.9105
18.8757
18.8074
18.7519
18.6747
18.6316
18.6281
18.5542
18.4578
18.4755
18.4038
18.3692
18.3205
18.2856
18.3035
18.2067
18.0982
18.0373
18.0067
17.8988
17.8283
17.738
17.7671
17.6536
17.6654
17.5021
17.294
17.2102
16.8695
16.6589
16.4502
16.4218
16.3158
16.1492
15.9544
15.8047
15.726
15.5862
15.5199
15.2863
15.135
15.0052
15.0612
15.0428
14.8459
14.6931
14.5482
14.4454
14.3203
14.2405
14.1889
14.211
14.2089
14.4821
14.7817
14.5892
14.492
14.2891
14.2685
14.4102
14.5531
14.5427
14.6699
14.7846
14.5928
14.4432
14.4795
14.4712
14.5237
14.473
14.4715
14.4975
14.2886
14.1048
13.9007
13.6776
13.6792
13.5914
13.5324
13.5239
13.4766
13.5009
13.4736
13.5449
13.525
13.6031
13.7728
13.6619
13.5632
13.6966
13.5209
13.4844
13.2615
13.1762
13.1939
13.1312
13.1008
13.0844
13.0864
12.992
12.9237
12.8586
12.8223
12.7635
12.7741
12.7466
12.7352
12.658
12.5924
12.4625
12.2906
12.0923
11.9692
11.9382
11.8489
11.7739
11.7169
11.6876
11.6661
11.6771
11.6162
11.5942
11.5747
11.5608
11.5357
11.533
11.5187
11.4978
11.4827
11.4712
11.4671
11.4463
11.4348
11.4271
11.4271
11.4202
11.4141
11.4057
11.3942
11.3905
11.3905
11.3905
11.3905
11.3905
11.3905
11.3905
11.3905
11.3905
11.3905
11.3905
11.3905
11.3905
11.3905
11.3905
11.3905
11.3905
11.3905
11.3905
11.3905
11.3905
11.3905
11.3905
11.3905
11.3905
11.3905
11.3905
11.3905
11.3905
11.3905
11.3905
11.3905
11.3905
11.3905
11.3905
11.3905
11.3905
11.3905
11.3905
11.3905
11.3905
11.3905
11.3905
11.3905
11.3905
11.3905
11.389
11.3875
11.3853
11.3808
11.3697
11.3541
11.3437
11.34
11.3222
11.3193
11.3158
11.3036
11.2864
11.264
11.2411
11.2332
11.1988
11.1952
11.1947
11.1947
11.1947
11.1947
11.2086
11.1961
11.2188
11.207
11.1939
11.1923
11.1892
11.1753
11.1621
11.1435
11.1296
11.1249
11.1249
11.1249
11.1249
11.1249
11.1249
11.1249
11.1249
11.124
11.1212
11.1129
11.0918
11.0679
11.0541
11.0421
11.0421
11.0421
11.0421
11.0421
11.0416
11.0388
11.0374
11.0289
11.0158
11.0094
11.0074
10.99
10.974
10.963
10.9601
10.9599
10.9566
10.9523
10.9484
10.9435
10.9355
10.9259
10.904
10.8765
10.8429
10.8085
10.7933
10.734
10.7105
10.6912
10.654
10.6282
10.5973
10.5875
10.5875
10.5875
10.5875
10.5875
10.5875
10.5875
10.5875
10.5875
10.5875
10.5875
10.5875
10.5875
10.5875
10.5875
10.5875
10.5875
10.5861
10.5832
10.5761
10.5618
10.5347
10.5047
10.4919
10.489
10.4804
10.4762
10.459
10.459
10.459
10.459
10.459
10.459
10.4589
10.4584
10.457
10.4563
10.4532
10.4524
10.4503
10.4492
10.449
10.4473
10.4468
10.4468
10.4468
10.4468
10.4468
10.4468
10.4468
10.4468
10.4479
10.4544
10.467
10.5014
10.5112
10.4547
10.4468
10.4468
10.4468
10.4468
10.4468
10.4468
10.4468
10.4468
10.4468
10.4468
10.4468
10.4468
10.4468
10.4468
10.4468
10.4468
10.4468
10.4468
10.4468
10.4468
10.4468
10.4468
10.4491
10.4468
10.4468
10.4468
10.4468
10.4468
10.4468
10.4468
10.4468
10.4468
10.4468
10.4468
10.4468
10.4833
10.5134
10.5091
10.4686
10.4468
10.4468
10.4468
10.4468
10.4468
10.4468
10.4468
10.4468
10.4468
10.4468
10.4468
10.4468
10.4468
10.4468
10.4468
10.4432
10.4253
10.4001
10.3355
10.2387
10.1894
10.1599
10.1353
10.1238
10.1238
10.1238
10.1238
10.1238
10.1238
10.1238
10.1238
10.1238
10.1238
10.1238
10.1238
10.1336
10.1402
10.1238
10.1238
10.1238
10.1238
10.1238
10.1238
10.1238
10.1238
10.1238
10.1238
10.1238
10.1238
10.1238
10.1238
10.1238
10.1238
10.1238
10.1238
10.1238
10.1238
10.1238
10.1238
10.1238
10.1238
10.1238
10.1238
10.1238
10.1238
10.1238
10.1238
10.1238
10.1238
10.1238
10.1238
10.1238
10.1238
10.1238
10.1238
10.1235
10.1217
10.1193
10.1141
10.1131
10.1055
10.0961
10.0927
10.0927
10.0927
10.0927
10.0927
10.0927
10.0927
10.0927
10.0927
10.0927
10.0927
10.0927
10.0927
10.1159
10.0927
10.0927
