27.3949
27.301
23.676
23.676
23.2888
22.678
23.384
23.384
23.384
23.384
22.8885
22.861
22.5965
21.6694
21.6694
21.6419
21.6419
21.1637
21.1637
20.8854
20.5932
20.4175
20.0456
20.0456
20.0456
19.9689
19.9689
19.9689
19.9689
19.9008
19.306
19.306
19.245
19.245
18.8369
18.8369
18.7758
18.7758
18.7758
18.7758
18.4993
18.4993
18.4993
18.3536
18.3536
18.3536
18.3536
18.3536
18.3508
18.3508
18.2713
18.0833
18.0833
17.4945
17.4945
17.4945
17.4945
17.4945
17.4945
17.4945
17.2126
17.0413
16.7576
16.4757
16.4757
16.1846
16.1846
15.9632
15.9632
15.9632
15.7165
15.6476
15.6476
15.106
15.106
15.1031
14.7375
14.7375
14.7375
14.7375
14.193
14.193
14.193
14.193
14.193
14.193
14.193
14.193
14.193
14.0704
14.0704
14.0704
14.0704
14.0687
14.0687
14.0687
14.0687
14.0687
13.8952
13.8952
13.8952
13.8952
13.8952
13.8952
13.8853
13.5535
13.5535
13.5535
13.5535
13.5535
13.5535
13.5337
13.4611
13.4611
13.4611
13.4611
13.4611
13.3354
13.3354
13.3354
12.9434
12.9434
12.9434
12.9434
12.9434
12.9434
12.9434
12.9434
12.9434
12.9434
12.9434
12.7988
12.7988
12.7988
12.7988
12.7988
12.7988
12.7988
12.6976
12.6976
12.6976
12.6976
12.6976
12.6976
12.6976
12.3094
12.3094
11.9749
11.9749
11.9163
11.6327
11.6327
11.6327
11.6327
11.6327
11.6327
11.6327
11.5502
11.5502
11.5502
11.5502
11.5502
11.4955
11.4592
11.4592
11.4592
11.4592
11.4592
11.4592
11.3905
11.3905
11.3905
11.3905
11.3905
11.3905
11.3905
11.3905
11.3905
11.3905
11.3905
11.3905
11.3905
11.3905
11.3905
11.3905
11.3905
11.3905
11.3905
11.3905
11.3905
11.3905
11.3905
11.3905
11.3905
11.3905
11.3905
11.3905
11.3905
11.3905
11.3905
11.3905
11.3905
11.3905
11.3905
11.3905
11.3905
11.3905
11.3905
11.3905
11.3905
11.3905
11.3905
11.3905
11.3905
11.3905
11.3905
11.3905
11.3905
11.3905
11.3905
11.3905
11.3905
11.3905
11.3905
11.3905
11.3236
11.3236
11.3236
11.3236
11.3236
11.3236
11.3236
11.3236
11.1947
11.1947
11.1947
11.1947
11.1947
11.1947
11.1947
11.1947
11.1947
11.1947
11.1947
11.1947
11.1947
11.1947
11.1947
11.1947
11.1947
11.1947
11.1249
11.1249
11.1249
11.1249
11.1249
11.1249
11.1249
11.1249
11.1249
11.1249
11.1249
11.1249
11.1249
11.1249
11.1249
11.0421
11.0421
11.0421
11.0421
11.0421
11.0421
11.0421
11.0421
11.0421
11.0421
11.0421
10.9931
10.9931
10.9604
10.9604
10.9604
10.9604
10.9604
10.9604
10.9604
10.9604
10.9341
10.9341
10.9341
10.9341
10.9341
10.9341
10.8245
10.7393
10.7086
10.7086
10.7086
10.7086
10.7086
10.5875
10.5875
10.5875
10.5875
10.5875
10.5875
10.5875
10.5875
10.5875
10.5875
10.5875
10.5875
10.5875
10.5875
10.5875
10.5875
10.5875
10.5875
10.5875
10.5875
10.5875
10.5875
10.5875
10.459
10.459
10.459
10.459
10.459
10.459
10.459
10.459
10.459
10.459
10.459
10.459
10.459
10.459
10.459
10.459
10.4468
10.4468
10.4468
10.4468
10.4468
10.4468
10.4468
10.4468
10.4468
10.4468
10.4468
10.4468
10.4468
10.4468
10.4468
10.4468
10.4468
10.4468
10.4468
10.4468
10.4468
10.4468
10.4468
10.4468
10.4468
10.4468
10.4468
10.4468
10.4468
10.4468
10.4468
10.4468
10.4468
10.4468
10.4468
10.4468
10.4468
10.4468
10.4468
10.4468
10.4468
10.4468
10.4468
10.4468
10.4468
10.4468
10.4468
10.4468
10.4468
10.4468
10.4468
10.4468
10.4468
10.4468
10.4468
10.4468
10.4468
10.4468
10.4468
10.4468
10.4468
10.4468
10.4468
10.4468
10.4468
10.4468
10.4468
10.4468
10.4468
10.4468
10.4468
10.4468
10.4468
10.4468
10.4468
10.4468
10.4468
10.4468
10.1238
10.1238
10.1238
10.1238
10.1238
10.1238
10.1238
10.1238
10.1238
10.1238
10.1238
10.1238
10.1238
10.1238
10.1238
10.1238
10.1238
10.1238
10.1238
10.1238
10.1238
10.1238
10.1238
10.1238
10.1238
10.1238
10.1238
10.1238
10.1238
10.1238
10.1238
10.1238
10.1238
10.1238
10.1238
10.1238
10.1238
10.1238
10.1238
10.1238
10.1238
10.1238
10.1238
10.1238
10.1238
10.1238
10.1238
10.1238
10.1238
10.1238
10.1238
10.1238
10.1238
10.1238
10.1238
10.1238
10.1238
10.1238
10.1238
10.1238
10.0927
10.0927
10.0927
10.0927
10.0927
10.0927
10.0927
10.0927
10.0927
10.0927
10.0927
10.0927
10.0927
10.0927
10.0927
10.0927
10.0927
10.0927
10.0927
10.0927
10.0927
10.0927
10.0927
