           1    0.214492    0.214492           0
           2    0.214408     0.21445 4.21722e-05
           3     0.21997     0.21629  0.00184025
           4    0.213797    0.215667  0.00144285
           5    0.214462    0.215426  0.00114332
           6    0.212209    0.214889  0.00107649
           7    0.215937    0.215039 0.000922019
           8    0.206729       0.214  0.00131021
           9    0.210612    0.213624  0.00121528
          10    0.210638    0.213325  0.00112724
          11    0.209495    0.212977  0.00107744
          12    0.218704    0.213454  0.00109322
          13    0.214414    0.213528  0.00100832
          14    0.208279    0.213153  0.00100601
          15    0.209322    0.212898  0.00097074
          16    0.222878    0.213522  0.00110164
          17    0.215974    0.213666  0.00104481
          18    0.214116    0.213691 0.000985377
          19    0.215203     0.21377 0.000935464
          20    0.208591    0.213511 0.000924472
          21    0.212521    0.213464 0.000880611
          22    0.212268     0.21341 0.000841388
          23    0.214212    0.213445 0.000804729
          24    0.208116    0.213223 0.000801826
          25    0.214107    0.213258 0.000769897
          26    0.216623    0.213387 0.000750928
          27    0.211682    0.213324 0.000725337
          28     0.21198    0.213276 0.000700599
          29    0.212496    0.213249 0.000676545
          30    0.219283     0.21345 0.000683847
          31    0.215154    0.213505 0.000663699
          32    0.210476    0.213411 0.000649562
          33    0.214282    0.213437 0.000630123
          34    0.211012    0.213366 0.000615458
          35    0.215848    0.213437 0.000601809
          36    0.214426    0.213464 0.000585499
          37    0.208417    0.213328 0.000585567
          38    0.211141     0.21327 0.000572847
          39    0.208413    0.213146 0.000571697
          40    0.212792    0.213137 0.000557291
          41    0.208049    0.213013 0.000557517
          42    0.212362    0.212997 0.000544301
          43    0.212191    0.212979 0.000531823
          44    0.218468    0.213103 0.000534366
          45    0.208805    0.213008 0.000531018
          46    0.211965    0.212985 0.000519841
          47    0.207778    0.212874 0.000520586
          48    0.212467    0.212866 0.000509696
          49    0.212238    0.212853  0.00049935
          50     0.21566    0.212909 0.000492471
          51    0.210286    0.212858 0.000485452
          52    0.207822    0.212761 0.000485775
          53    0.215782    0.212818 0.000479918
          54    0.213813    0.212836 0.000471307
          55    0.210485    0.212794  0.00046463
          56    0.220109    0.212924 0.000474589
          57    0.207798    0.212834 0.000474785
          58    0.215005    0.212872 0.000468026
          59    0.212417    0.212864  0.00046009
          60    0.213435    0.212874 0.000452457
          61    0.212534    0.212868 0.000445012
          62    0.212036    0.212855 0.000437982
          63    0.213841     0.21287 0.000431258
          64    0.211653    0.212851 0.000424892
          65    0.216331    0.212905 0.000421716
          66    0.209263     0.21285 0.000418927
          67    0.212503    0.212844 0.000412659
          68    0.204572    0.212723 0.000424358
          69    0.209971    0.212683 0.000420059
          70    0.210022    0.212645 0.000415756
          71    0.207303     0.21257 0.000416706
          72    0.210295    0.212538  0.00041209
          73    0.206215    0.212451 0.000415534
          74    0.213314    0.212463 0.000410046
          75    0.212324    0.212461 0.000404546
          76    0.203774    0.212347 0.000415231
          77    0.219254    0.212437 0.000419506
          78    0.211904     0.21243  0.00041415
          79    0.211788    0.212422 0.000408954
          80    0.212609    0.212424 0.000403817
          81    0.210258    0.212397 0.000399696
          82    0.217865    0.212464 0.000400382
          83    0.210887    0.212445 0.000395985
          84    0.221623    0.212554 0.000406213
          85    0.212993    0.212559 0.000401438
          86     0.21616    0.212601 0.000398946
          87    0.211839    0.212592 0.000394431
          88    0.207086     0.21253 0.000394912
          89    0.216228    0.212571 0.000392654
          90    0.207741    0.212518 0.000391959
          91     0.21134    0.212505 0.000387844
          92    0.207965    0.212455 0.000386766
          93    0.211273    0.212443 0.000382796
          94    0.214953    0.212469 0.000379642
          95    0.209272    0.212436 0.000377129
          96    0.215998    0.212473  0.00037502
          97    0.214057    0.212489 0.000371493
          98    0.210913    0.212473 0.000368034
          99    0.211841    0.212467 0.000364353
         100    0.215299    0.212495 0.000361802
