           1     1.46023     1.46023           0
           2     1.54408     1.50216   0.0419263
           3     1.51224     1.50552   0.0244385
           4     1.48648     1.50076    0.017924
           5     1.52966     1.50654   0.0150388
           6     1.49557     1.50471   0.0124146
           7     1.51808     1.50662   0.0106645
           8      1.4341     1.49756   0.0129411
           9     1.42517     1.48951   0.0139619
          10     1.50905     1.49147   0.0126399
          11     1.52322     1.49435   0.0117919
          12     1.44967     1.49063   0.0113903
          13     1.53101     1.49374   0.0109283
          14     1.50771     1.49473   0.0101668
          15     1.51861     1.49633  0.00959769
          16      1.4834     1.49552  0.00901408
          17     1.51696     1.49678  0.00856067
          18     1.49418     1.49664  0.00807237
          19     1.51955     1.49784  0.00773031
          20     1.46723     1.49631   0.0074916
          21     1.46007     1.49459  0.00733196
          22      1.5002     1.49484  0.00699541
          23     1.52029     1.49595  0.00677531
          24     1.49248      1.4958  0.00648847
          25     1.43264     1.49328  0.00671681
          26     1.46478     1.49218  0.00654572
          27     1.54029     1.49396  0.00654581
          28     1.49189     1.49389  0.00630814
          29     1.48825     1.49369  0.00608984
          30     1.53999     1.49524  0.00608238
          31      1.4512     1.49382  0.00605198
          32     1.54271     1.49534  0.00605575
          33     1.49178     1.49524  0.00587037
          34     1.45891     1.49417  0.00579447
          35     1.61539     1.49763  0.00660697
          36     1.48538     1.49729  0.00642984
          37     1.43782     1.49568   0.0064569
          38     1.53072     1.49661  0.00635198
          39     1.53159      1.4975  0.00625166
          40     1.45922     1.49655  0.00616808
          41     1.52383     1.49721  0.00605246
          42     1.45523     1.49621  0.00599056
          43     1.43163     1.49471  0.00603934
          44     1.56603     1.49633  0.00611908
          45     1.62216     1.49913   0.0066029
          46     1.52292     1.49964  0.00647844
          47     1.36512     1.49678  0.00695532
          48     1.57993     1.49851  0.00702577
          49     1.55333     1.49963  0.00697124
          50      1.4975     1.49959  0.00683052
          51     1.49799     1.49956  0.00669533
          52     1.55879      1.5007  0.00666338
          53     1.59524     1.50248  0.00677547
          54     1.47835     1.50203  0.00666381
          55     1.53277     1.50259  0.00656535
          56     1.49344     1.50243  0.00644912
          57     1.53115     1.50293  0.00635498
          58     1.48872     1.50269  0.00624926
          59     1.51376     1.50288  0.00614529
          60     1.56752     1.50395  0.00613731
          61     1.48804     1.50369  0.00604149
          62     1.48404     1.50338   0.0059517
          63     1.50289     1.50337  0.00585647
          64     1.51241     1.50351  0.00576597
          65     1.50986     1.50361  0.00567741
          66     1.50267     1.50359  0.00559074
          67     1.44347      1.5027   0.0055793
          68     1.57733     1.50379  0.00560515
          69     1.60456     1.50525  0.00571314
          70     1.52563     1.50554  0.00563845
          71     1.54606     1.50612  0.00558768
          72     1.59413     1.50734  0.00564351
          73      1.4372     1.50638    0.005648
          74     1.57005     1.50724   0.0056372
          75     1.42888     1.50619  0.00565881
          76     1.44429     1.50538  0.00564295
          77     1.52193     1.50559  0.00557333
          78     1.54233     1.50606  0.00552153
          79     1.54181     1.50652  0.00546994
          80     1.59348      1.5076  0.00550943
          81     1.50813     1.50761  0.00544099
          82     1.56279     1.50828  0.00541619
          83     1.45176      1.5076   0.0053937
          84     1.48719     1.50736  0.00533464
          85     1.53654      1.5077  0.00528267
          86      1.4369     1.50688   0.0052854
          87      1.5312     1.50716  0.00523176
          88     1.49044     1.50697  0.00517546
          89      1.5689     1.50766  0.00516407
          90     1.51891     1.50779   0.0051079
          91     1.52463     1.50797  0.00505484
          92     1.56813     1.50863  0.00504217
          93     1.52184     1.50877  0.00498969
          94     1.60246     1.50977  0.00503593
          95     1.49179     1.50958  0.00498623
          96     1.49387     1.50941  0.00493673
          97     1.49365     1.50925  0.00488827
          98     1.47786     1.50893  0.00484873
          99     1.58225     1.50967   0.0048563
         100     1.55259      1.5101  0.00482662
