           1    -0.48172    -0.48172           0
           2   -0.483008   -0.482364    0.000644
           3   -0.480632   -0.481787 0.000686702
           4   -0.480832   -0.481548 0.000541056
           5   -0.482536   -0.481746 0.000463347
           6   -0.485552    -0.48238 0.000738641
           7    -0.48464   -0.482703 0.000702812
           8   -0.482024   -0.482618  0.00061454
           9   -0.483424   -0.482708 0.000549322
          10   -0.484624   -0.482899 0.000527382
          11   -0.482808   -0.482891 0.000477107
          12   -0.482192   -0.482833 0.000439414
          13   -0.482176   -0.482782 0.000407346
          14   -0.483536   -0.482836 0.000380954
          15    -0.48224   -0.482796 0.000356868
          16   -0.483632   -0.482849 0.000337881
          17    -0.48096   -0.482737 0.000336263
          18   -0.483104   -0.482758 0.000317686
          19    -0.48304   -0.482773 0.000300867
          20   -0.478336   -0.482551 0.000361495
          21   -0.481368   -0.482494 0.000348432
          22   -0.480976   -0.482425 0.000339312
          23   -0.486312   -0.482594 0.000365616
          24   -0.485056   -0.482697 0.000364767
          25   -0.482784     -0.4827  0.00034989
          26     -0.4828   -0.482704 0.000336185
          27   -0.481528   -0.482661 0.000326415
          28   -0.479944   -0.482564 0.000329166
          29    -0.48224   -0.482553 0.000317809
          30   -0.483408   -0.482581 0.000308354
          31   -0.481584   -0.482549  0.00029997
          32   -0.483368   -0.482575 0.000291571
          33   -0.482016   -0.482558 0.000283103
          34   -0.481832   -0.482536 0.000275479
          35    -0.48552   -0.482621 0.000280748
          36   -0.479888   -0.482546 0.000283207
          37   -0.482528   -0.482545 0.000275447
          38   -0.483064   -0.482559 0.000268448
          39    -0.48168   -0.482536 0.000262443
          40   -0.480488   -0.482485 0.000260872
          41    -0.48404   -0.482523 0.000257241
          42   -0.483088   -0.482536 0.000251402
          43   -0.482792   -0.482542 0.000245558
          44   -0.480128   -0.482487 0.000246107
          45    -0.48164   -0.482469 0.000241312
          46   -0.483896     -0.4825 0.000238039
          47   -0.481968   -0.482488 0.000233194
          48   -0.483104   -0.482501 0.000228644
          49   -0.482384   -0.482499 0.000223942
          50   -0.484296   -0.482535 0.000222342
          51   -0.482672   -0.482537 0.000217955
          52   -0.482128    -0.48253 0.000213868
          53   -0.481416   -0.482509 0.000210843
          54   -0.480864   -0.482478 0.000209131
          55   -0.483456   -0.482496 0.000206062
          56   -0.480792   -0.482465 0.000204623
          57   -0.485048   -0.482511 0.000206045
          58    -0.48236   -0.482508 0.000202478
          59   -0.481312   -0.482488 0.000200046
          60   -0.481936   -0.482479 0.000196899
          61     -0.4842   -0.482507 0.000195689
          62   -0.483896   -0.482529 0.000193807
          63     -0.4802   -0.482492 0.000194257
          64   -0.483656   -0.482511  0.00019206
          65    -0.48432   -0.482538  0.00019112
          66   -0.480576   -0.482509 0.000190536
          67   -0.478216   -0.482445 0.000198306
          68   -0.484648   -0.482477 0.000198037
          69   -0.484568   -0.482507 0.000197485
          70    -0.48136   -0.482491 0.000195332
          71    -0.48248   -0.482491 0.000192561
          72   -0.482536   -0.482491 0.000189869
          73   -0.480496   -0.482464 0.000189234
          74   -0.480968   -0.482444 0.000187751
          75   -0.484016   -0.482465 0.000186413
          76   -0.481552   -0.482453 0.000184336
          77   -0.481856   -0.482445 0.000182091
          78     -0.4838   -0.482462 0.000180579
          79    -0.48436   -0.482486 0.000179889
          80    -0.48212   -0.482482 0.000177686
          81     -0.4812   -0.482466  0.00017619
          82   -0.483216   -0.482475 0.000174269
          83   -0.482696   -0.482478 0.000172177
          84   -0.481176   -0.482462 0.000170819
          85   -0.482496   -0.482463 0.000168798
          86    -0.48344   -0.482474  0.00016721
          87   -0.482512   -0.482474 0.000165278
          88    -0.48032    -0.48245 0.000165213
          89    -0.48444   -0.482472 0.000164869
          90   -0.482792   -0.482476 0.000163066
          91   -0.482296   -0.482474 0.000161276
          92   -0.481384   -0.482462 0.000159953
          93   -0.483176    -0.48247  0.00015841
          94   -0.484968   -0.482496 0.000158953
          95   -0.486472   -0.482538 0.000162744
          96   -0.480704   -0.482519 0.000162169
          97   -0.481056   -0.482504 0.000161195
          98   -0.481672   -0.482496 0.000159768
          99   -0.481528   -0.482486 0.000158448
         100    -0.48272   -0.482488 0.000156873
