           1    0.369708    0.369708           0
           2    0.372471     0.37109  0.00138133
           3      0.3664    0.369526  0.00175502
           4    0.369493    0.369518  0.00124102
           5    0.371079     0.36983  0.00101073
           6    0.373474    0.370437  0.00102459
           7    0.366231    0.369837    0.001054
           8    0.363849    0.369088  0.00118042
           9    0.372005    0.369412  0.00109032
          10    0.373756    0.369847  0.00106756
          11    0.370693    0.369923 0.000968707
          12    0.368403    0.369797 0.000893338
          13    0.366074     0.36951 0.000870214
          14    0.380828    0.370319  0.00114132
          15    0.375708    0.370678   0.0011216
          16    0.369698    0.370617  0.00105095
          17    0.361931    0.370106  0.00111156
          18     0.36925    0.370058  0.00104907
          19    0.378405    0.370498   0.0010852
          20    0.374345     0.37069  0.00104733
          21    0.369824    0.370649 0.000997064
          22    0.375705    0.370879 0.000978055
          23    0.373765    0.371004 0.000942952
          24     0.36973    0.370951 0.000904366
          25    0.361222    0.370562 0.000950736
          26    0.378725    0.370876 0.000965889
          27    0.370897    0.370877 0.000929427
          28    0.386183    0.371423  0.00104926
          29    0.387093    0.371964  0.00114761
          30    0.370096    0.371901  0.00111044
          31     0.36168    0.371572  0.00112349
          32      0.3708    0.371548  0.00108808
          33    0.366076    0.371382  0.00106755
          34    0.375632    0.371507  0.00104319
          35    0.375798    0.371629  0.00102034
          36    0.377592    0.371795  0.00100533
          37    0.362432    0.371542  0.00100999
          38    0.364003    0.371344  0.00100287
          39    0.370063    0.371311 0.000977373
          40    0.369519    0.371266 0.000953678
          41    0.383245    0.371558 0.000974934
          42    0.367861     0.37147 0.000955501
          43    0.373608     0.37152 0.000934339
          44    0.372917    0.371552 0.000913409
          45    0.377456    0.371683  0.00090247
          46    0.364851    0.371534  0.00089504
          47    0.378304    0.371678 0.000887554
          48    0.379825    0.371848 0.000885287
          49    0.383678    0.372089 0.000900017
          50    0.379602     0.37224 0.000894542
          51    0.369054    0.372177 0.000879049
          52    0.394079    0.372598  0.00095938
          53    0.370927    0.372567 0.000941633
          54    0.382113    0.372744  0.00094079
          55    0.374404    0.372774  0.00092402
          56    0.364419    0.372625 0.000919552
          57    0.366035    0.372509 0.000910644
          58    0.375464     0.37256 0.000896255
          59    0.371573    0.372543 0.000881092
          60    0.377811    0.372631  0.00087072
          61    0.362157    0.372459 0.000873371
          62    0.376463    0.372524 0.000861593
          63    0.370458    0.372491 0.000848441
          64     0.36629    0.372394 0.000840681
          65    0.366239      0.3723 0.000833046
          66     0.36273    0.372155 0.000833043
          67     0.36038    0.371979 0.000839123
          68    0.376847     0.37205 0.000829785
          69    0.371239    0.372039 0.000817756
          70    0.377291    0.372114 0.000809474
          71    0.370274    0.372088 0.000798411
          72    0.361253    0.371937 0.000801499
          73    0.371126    0.371926 0.000790521
          74    0.366163    0.371848 0.000783646
          75    0.377243     0.37192 0.000776466
          76    0.372627     0.37193 0.000766237
          77    0.383357    0.372078 0.000770646
          78     0.37531    0.372119 0.000761829
          79    0.366299    0.372046 0.000755724
          80    0.359574     0.37189 0.000762329
          81    0.363954    0.371792 0.000759207
          82    0.374672    0.371827 0.000750714
          83    0.364256    0.371736 0.000747202
          84    0.381462    0.371851 0.000747278
          85    0.373466     0.37187 0.000738678
          86    0.373449    0.371889 0.000730269
          87    0.367589    0.371839 0.000723516
          88    0.359953    0.371704  0.00072789
          89     0.37904    0.371787 0.000724369
          90    0.369544    0.371762 0.000716708
          91    0.373055    0.371776 0.000708931
          92    0.362425    0.371674 0.000708512
          93    0.381088    0.371776 0.000708124
          94    0.371032    0.371768 0.000700594
          95    0.372183    0.371772 0.000693194
          96     0.36299    0.371681 0.000692009
          97    0.381113    0.371778 0.000691707
          98    0.379433    0.371856 0.000689055
          99    0.371874    0.371856 0.000682059
         100    0.378562    0.371923 0.000678526
