           1     1.48784     1.48784           0
           2     1.48431     1.48608  0.00176082
           3     1.48978     1.48731  0.00160074
           4      1.4461     1.47701   0.0103659
           5      1.4746     1.47653  0.00804378
           6     1.49302     1.47928  0.00711979
           7     1.53838     1.48772   0.0103685
           8     1.48131     1.48692  0.00901506
           9     1.52995      1.4917  0.00927771
          10     1.50209     1.49274  0.00836297
          11     1.46837     1.49052  0.00788232
          12     1.48015     1.48966  0.00724724
          13     1.49696     1.49022  0.00669007
          14     1.53171     1.49318  0.00686627
          15     1.52792      1.4955  0.00679878
          16     1.48013     1.49454  0.00643182
          17     1.43244     1.49089  0.00706021
          18     1.49046     1.49086  0.00665647
          19     1.53789     1.49334  0.00676539
          20     1.49175     1.49326   0.0064187
          21     1.49825      1.4935  0.00611002
          22      1.5242     1.49489  0.00599053
          23     1.56101     1.49777  0.00640549
          24     1.49671     1.49772  0.00613295
          25     1.46243     1.49631  0.00604952
          26      1.5027     1.49656  0.00581739
          27     1.50536     1.49688  0.00560727
          28     1.53443     1.49822  0.00556719
          29     1.55505     1.50018  0.00571807
          30     1.46993     1.49917  0.00561549
          31     1.46749     1.49815  0.00552665
          32      1.4843     1.49772  0.00536865
          33     1.50422     1.49792  0.00520714
          34      1.5449      1.4993  0.00523731
          35     1.47171     1.49851  0.00514619
          36     1.53629     1.49956  0.00511009
          37     1.45211     1.49828  0.00513283
          38     1.49642     1.49823  0.00499617
          39     1.54888     1.49953  0.00503669
          40     1.45336     1.49837  0.00504303
          41      1.5313     1.49918  0.00498361
          42     1.45215     1.49806  0.00499074
          43     1.51241     1.49839  0.00488471
          44     1.52056     1.49889  0.00479893
          45     1.51994     1.49936  0.00471434
          46     1.47153     1.49876  0.00465025
          47     1.55877     1.50003  0.00472598
          48     1.48444     1.49971  0.00463787
          49     1.49264     1.49956  0.00454452
          50     1.52568     1.50009  0.00448324
          51     1.52659     1.50061  0.00442506
          52     1.55897     1.50173  0.00448194
          53     1.44089     1.50058  0.00454396
          54     1.57392     1.50194  0.00466129
          55     1.51621      1.5022   0.0045831
          56     1.42561     1.50083  0.00470373
          57     1.46309     1.50017  0.00466767
          58     1.49935     1.50015  0.00458651
          59     1.50106     1.50017  0.00450813
          60     1.53367     1.50073  0.00446738
          61     1.49403     1.50062   0.0043949
          62     1.51288     1.50082  0.00432796
          63     1.48592     1.50058  0.00426526
          64      1.4145     1.49923  0.00440829
          65       1.522     1.49958  0.00435405
          66     1.47973     1.49928  0.00429811
          67     1.44034      1.4984  0.00432393
          68     1.52511      1.4988  0.00427793
          69     1.50197     1.49884  0.00421572
          70     1.51658      1.4991  0.00416278
          71     1.56842     1.50007   0.0042183
          72     1.47771     1.49976  0.00417088
          73     1.53076     1.50019  0.00413521
          74     1.46062     1.49965  0.00411384
          75     1.49777     1.49963   0.0040587
          76     1.61246     1.50111  0.00427127
          77       1.425     1.50012  0.00432977
          78      1.5209     1.50039   0.0042822
          79     1.43581     1.49957  0.00430595
          80      1.4637     1.49912  0.00427537
          81     1.49583     1.49908  0.00422245
          82     1.50573     1.49916  0.00417143
          83     1.46542     1.49876  0.00414087
          84     1.52331     1.49905   0.0041017
          85     1.58912     1.50011  0.00418938
          86     1.48148     1.49989  0.00414604
          87     1.45201     1.49934   0.0041349
          88     1.45553     1.49884  0.00411784
          89     1.43807     1.49816  0.00412819
          90     1.46972     1.49785  0.00409427
          91     1.50707     1.49795   0.0040503
          92     1.46204     1.49756    0.004025
          93     1.51779     1.49777  0.00398743
          94     1.47418     1.49752  0.00395276
          95     1.46191     1.49715  0.00392885
          96     1.44694     1.49663  0.00392274
          97     1.51907     1.49686  0.00388897
          98     1.46764     1.49656  0.00386062
          99     1.51092      1.4967  0.00382417
         100     1.51696     1.49691  0.00379115
