           1   -0.617045   -0.617045           0
           2   -0.624549   -0.620797    0.003752
           3   -0.617089   -0.619561  0.00249403
           4   -0.614079    -0.61819   0.0022334
           5   -0.617958   -0.618144  0.00173061
           6    -0.62847   -0.619865  0.00222672
           7   -0.628654    -0.62112  0.00226229
           8   -0.619709   -0.620944  0.00196713
           9   -0.626241   -0.621533  0.00183196
          10   -0.617294   -0.621109  0.00169248
          11   -0.622438    -0.62123  0.00153566
          12   -0.625241   -0.621564  0.00144116
          13   -0.625804    -0.62189  0.00136521
          14   -0.627246   -0.622273  0.00132056
          15   -0.619937   -0.622117   0.0012392
          16    -0.61864     -0.6219  0.00117936
          17   -0.617887   -0.621663  0.00113268
          18   -0.617694   -0.621443  0.00109043
          19   -0.619246   -0.621327   0.0010379
          20   -0.624536   -0.621488 0.000997626
          21   -0.621622   -0.621494 0.000948953
          22    -0.62456   -0.621634  0.00091546
          23   -0.619833   -0.621555 0.000878249
          24   -0.625431   -0.621717 0.000856228
          25   -0.619899   -0.621644 0.000824477
          26   -0.619176   -0.621549 0.000797799
          27   -0.622059   -0.621568 0.000767915
          28   -0.622261   -0.621593 0.000740395
          29   -0.622882   -0.621637 0.000715791
          30   -0.623801   -0.621709  0.00069527
          31   -0.622214   -0.621726 0.000672665
          32   -0.623794    -0.62179 0.000654503
          33   -0.626858   -0.621944 0.000652681
          34   -0.615381   -0.621751 0.000661962
          35   -0.626281    -0.62188 0.000655672
          36    -0.61995   -0.621827 0.000639452
          37   -0.620711   -0.621796 0.000622659
          38   -0.618333   -0.621705 0.000612868
          39   -0.618014   -0.621611 0.000604402
          40   -0.621438   -0.621606 0.000589113
          41   -0.627053   -0.621739 0.000589722
          42   -0.622372   -0.621754 0.000575707
          43    -0.62511   -0.621832 0.000567549
          44   -0.623906   -0.621879   0.0005565
          45   -0.618571   -0.621806 0.000548938
          46   -0.623918   -0.621852 0.000538832
          47   -0.618998   -0.621791 0.000530727
          48   -0.625657   -0.621872 0.000525757
          49   -0.622139   -0.621877 0.000514945
          50   -0.626081   -0.621961 0.000511498
          51   -0.620537   -0.621933 0.000502145
          52   -0.622955   -0.621953 0.000492786
          53   -0.623318   -0.621979 0.000484084
          54   -0.620548   -0.621952 0.000475773
          55   -0.624038    -0.62199 0.000468579
          56   -0.627231   -0.622084 0.000469558
          57   -0.624645   -0.622129  0.00046343
          58   -0.622307   -0.622132  0.00045538
          59    -0.62223   -0.622133 0.000447598
          60   -0.616814   -0.622045 0.000448917
          61   -0.624666   -0.622088 0.000443583
          62   -0.622615   -0.622096 0.000436452
          63   -0.622107   -0.622096 0.000429469
          64   -0.621646   -0.622089 0.000422764
          65   -0.621202   -0.622076 0.000416432
          66   -0.615886   -0.621982  0.00042066
          67    -0.61814   -0.621925 0.000418283
          68   -0.627242   -0.622003 0.000419439
          69   -0.618832   -0.621957 0.000415862
          70   -0.616951   -0.621885 0.000416069
          71   -0.622073   -0.621888 0.000410175
          72   -0.620035   -0.621862 0.000405256
          73   -0.623538   -0.621885 0.000400325
          74   -0.622909   -0.621899  0.00039512
          75   -0.620603   -0.621882 0.000390199
          76   -0.625386   -0.621928 0.000387781
          77   -0.628019   -0.622007 0.000390802
          78   -0.628268   -0.622087 0.000394023
          79   -0.619198   -0.622051 0.000390719
          80   -0.620446   -0.622031 0.000386325
          81   -0.623676   -0.622051 0.000382066
          82   -0.621996    -0.62205 0.000377378
          83   -0.624501    -0.62208 0.000373971
          84   -0.618195   -0.622033 0.000372375
          85   -0.621397   -0.622026 0.000368044
          86   -0.621271   -0.622017 0.000363845
          87   -0.626443   -0.622068 0.000363219
          88   -0.620216   -0.622047 0.000359684
          89   -0.623259   -0.622061 0.000355881
          90   -0.620979   -0.622049 0.000352109
          91   -0.617436   -0.621998 0.000351888
          92   -0.625083   -0.622031 0.000349654
          93   -0.612892   -0.621933 0.000359565
          94   -0.619162   -0.621904 0.000356938
          95   -0.619691    -0.62188 0.000353928
          96   -0.618006    -0.62184 0.000352539
          97   -0.623332   -0.621855 0.000349225
          98   -0.626682   -0.621905 0.000349133
          99   -0.624375    -0.62193 0.000346489
         100   -0.623358   -0.621944 0.000343303
