           1    0.325904    0.325904           0
           2    0.343104    0.334504      0.0086
           3    0.332004    0.333671  0.00503466
           4    0.331876    0.333222   0.0035882
           5    0.339752    0.334528  0.00307095
           6    0.347108    0.336625  0.00326851
           7    0.347188    0.338134  0.00314771
           8    0.333904    0.337605  0.00277679
           9    0.340324    0.337907  0.00246747
          10    0.331192    0.337236  0.00230687
          11    0.340828    0.337562  0.00211204
          12    0.345604    0.338232  0.00204117
          13      0.3425    0.338561  0.00190609
          14    0.342548    0.338845  0.00178753
          15    0.337324    0.338744  0.00166719
          16     0.33504    0.338512   0.0015766
          17    0.330116    0.338019  0.00156115
          18    0.330992    0.337628  0.00152275
          19    0.335388     0.33751   0.0014452
          20      0.3444    0.337855  0.00141365
          21    0.336072     0.33777  0.00134733
          22      0.3428    0.337999  0.00130481
          23    0.334084    0.337828  0.00125835
          24    0.340476    0.337939  0.00120982
          25    0.335936    0.337859  0.00116318
          26     0.33224    0.337642  0.00113825
          27    0.339136    0.337698  0.00109668
          28    0.340104    0.337784  0.00106027
          29    0.343052    0.337965  0.00103906
          30    0.344484    0.338183  0.00102708
          31    0.340188    0.338247 0.000995499
          32    0.341408    0.338346 0.000968935
          33    0.344048    0.338519 0.000954878
          34    0.329584    0.338256  0.00096292
          35    0.349044    0.338564 0.000984497
          36    0.331748    0.338375 0.000975315
          37    0.336596    0.338327 0.000949807
          38    0.332904    0.338184 0.000935424
          39    0.330992       0.338 0.000929599
          40    0.340632    0.338066 0.000908447
          41    0.346824    0.338279 0.000911401
          42     0.33966    0.338312 0.000890044
          43    0.340908    0.338372 0.000871193
          44    0.344332    0.338508 0.000861872
          45    0.331936    0.338362 0.000855066
          46    0.341112    0.338422 0.000838405
          47    0.330672    0.338257 0.000836779
          48    0.345364    0.338405 0.000832435
          49    0.341696    0.338472 0.000818032
          50    0.348884     0.33868 0.000828114
          51    0.337364    0.338654 0.000812124
          52    0.346856    0.338812 0.000811822
          53    0.342268    0.338877 0.000799022
          54     0.33902     0.33888  0.00078409
          55    0.340788    0.338915 0.000770484
          56    0.350716    0.339125   0.0007854
          57    0.343184    0.339197 0.000774777
          58    0.343296    0.339267 0.000764576
          59    0.337072     0.33923 0.000752426
          60    0.333828     0.33914 0.000745238
          61    0.343208    0.339207 0.000735946
          62    0.337796    0.339184 0.000724336
          63    0.341656    0.339223 0.000713826
          64    0.342348    0.339272 0.000704278
          65    0.342412     0.33932 0.000695039
          66    0.328512    0.339157 0.000703746
          67     0.33406    0.339081 0.000697324
          68    0.348208    0.339215 0.000699983
          69     0.33152    0.339103 0.000698721
          70    0.325556     0.33891 0.000715344
          71    0.330124    0.338786 0.000715971
          72    0.332176    0.338694 0.000711901
          73    0.340968    0.338725 0.000702772
          74    0.340104    0.338744  0.00069346
          75    0.337256    0.338724 0.000684439
          76    0.341288    0.338758 0.000676215
          77    0.355216    0.338972 0.000700768
          78     0.34814    0.339089 0.000701642
          79    0.336988    0.339063 0.000693213
          80    0.335072    0.339013 0.000686309
          81     0.33978    0.339022 0.000677849
          82     0.34214     0.33906  0.00067061
          83    0.344984    0.339132 0.000666315
          84    0.338016    0.339118 0.000658469
          85    0.334224    0.339061 0.000653218
          86    0.340396    0.339076 0.000645765
          87    0.345456     0.33915 0.000642498
          88     0.33772    0.339133 0.000635362
          89    0.344256    0.339191 0.000630814
          90    0.340536    0.339206 0.000623945
          91      0.3309    0.339115 0.000623764
          92    0.344976    0.339178 0.000620228
          93     0.32594    0.339036 0.000629819
          94    0.335812    0.339002 0.000624026
          95    0.335056     0.33896 0.000618818
          96    0.336112     0.33893 0.000613056
          97     0.34358    0.338978 0.000608594
          98    0.345408    0.339044 0.000605914
          99    0.347516    0.339129 0.000605837
         100    0.336388    0.339102 0.000600374
