40.4568
38.0146
36.5195
35.3556
34.6149
34.2383
31.8674
30.3522
29.3774
28.1729
26.8438
25.8844
25.0091
24.8488
23.7346
23.1209
22.7456
21.8248
21.4414
20.6961
20.3291
19.9304
19.5509
18.3471
17.8289
17.2914
17.1044
17.0121
16.7142
16.7876
16.8407
16.6857
16.2557
15.6121
15.4335
14.9887
14.5465
14.0474
13.5837
13.1771
12.7489
12.4528
12.1744
11.9838
11.7897
11.7368
11.6236
11.5656
11.6331
11.5484
11.2904
11.2587
11.1175
10.9616
10.7225
10.4954
10.326
10.1872
10.0795
10.1899
10.1123
10.1234
9.87702
9.8469
9.6073
9.61286
9.4058
9.15846
8.97131
8.90226
8.71545
8.55382
8.46244
8.31792
8.25709
8.16829
8.02954
7.98196
7.95568
7.92538
7.86153
7.77681
7.718
7.70822
7.62483
7.55003
7.42529
7.29161
7.13816
7.04992
7.08701
7.03228
6.91223
6.80865
6.75166
6.7006
6.60534
6.59434
6.55169
6.54332
6.52993
6.52063
6.4932
6.43864
6.43134
6.39066
6.38592
6.36544
6.35078
6.35016
6.34768
6.33974
6.33469
6.32417
6.31612
6.30488
6.2957
6.29363
6.28741
6.25649
6.1906
6.30626
6.15575
6.21103
6.28595
6.45166
6.59611
6.8372
6.58511
6.00813
6.12636
6.10511
6.28247
6.1605
6.25767
6.07801
5.95095
5.88231
5.95946
5.80968
5.9565
5.93426
5.87384
5.98768
5.91762
6.09879
6.29232
6.20109
5.92554
6.04103
6.11857
5.98524
5.87484
5.73948
5.66466
5.64202
5.68722
5.60961
5.60211
5.58579
5.5718
5.56718
5.56544
5.55173
5.53708
5.52812
5.51266
5.50533
5.49638
5.49312
5.49312
5.49312
5.49312
5.49312
5.49312
5.49312
5.49312
5.49312
5.49312
5.49312
5.49312
5.49312
5.49312
5.49312
5.49312
5.49312
5.49312
5.49312
5.49312
5.49312
5.49312
5.49312
5.49312
5.49312
5.49312
5.49312
5.49312
5.49312
5.49312
5.49312
5.49312
5.49312
5.49312
5.49312
5.49312
5.49312
5.49312
5.49312
5.49312
5.4926
5.49208
5.49025
5.48503
5.47929
5.4759
5.47303
5.47016
5.47225
5.47068
5.4699
5.50636
5.54359
5.46964
5.46964
5.46964
5.46964
5.46964
5.46964
5.46964
5.46964
5.46964
5.46964
5.46964
5.46964
5.46964
5.46964
5.46964
5.46964
5.46964
5.46779
5.46317
5.45895
5.48779
5.47904
5.49992
5.69617
5.52893
5.60585
5.72377
5.73767
5.78713
5.83905
5.77434
5.66569
5.74563
5.43623
5.42446
5.39007
5.38918
5.38652
5.38652
5.38652
5.38652
5.38652
5.38652
5.38652
5.38652
5.38652
5.38652
5.38652
5.38652
5.38652
5.38652
5.38652
5.38652
5.38626
5.3847
5.38209
5.37713
5.37217
5.3693
5.36409
5.36304
5.36304
5.36304
5.36304
5.36304
5.36304
5.36304
5.36304
5.36304
5.36304
5.36304
5.36304
5.36304
5.36304
5.36304
5.36304
5.36304
5.36162
5.35808
5.35382
5.34956
5.34247
5.37604
5.53814
5.62
6.0623
5.81283
5.60939
5.57891
5.66945
5.59069
5.52037
5.31494
5.37984
5.3512
5.30131
5.2992
5.2992
5.2992
5.2992
5.2992
5.2992
5.2992
5.2992
5.2992
5.2992
5.2992
5.2992
5.2992
5.2992
5.2992
5.2992
5.2992
5.2992
5.2992
5.2992
5.2992
5.2992
5.2992
5.2992
5.2992
5.2992
5.2992
5.2992
5.2992
5.2992
5.2992
5.2992
5.2992
5.2992
5.2992
5.2992
5.2992
5.2992
5.2992
5.2992
5.2992
5.2992
5.2992
5.2992
5.2992
5.2992
5.2992
5.2992
5.2992
5.2992
5.2992
5.2992
5.2992
5.2992
5.2992
5.2992
5.2992
5.2992
5.2992
5.2992
5.2992
5.2992
5.2992
5.2992
5.2992
5.2992
5.2992
5.2992
5.2992
5.2992
5.2992
5.2992
5.2992
5.2992
5.2992
5.2992
5.2992
5.2992
5.2992
5.2992
5.2992
5.2992
5.2992
5.2992
5.2992
5.2992
5.2992
5.2992
5.2992
5.2992
5.2992
5.2992
5.2992
5.2992
5.2992
5.2992
5.2992
5.2992
5.2992
5.2992
5.2992
5.2992
5.2992
5.2992
5.2992
5.2992
5.2992
5.2992
5.2992
5.2992
5.2992
5.2992
5.2992
5.2992
5.2992
5.2992
5.2992
5.2992
5.2992
5.2992
5.2992
5.2992
5.2992
5.2992
5.2992
5.2992
5.2992
5.2992
5.2992
5.2992
5.2992
5.29846
5.297
5.29187
5.28366
5.27959
5.27268
5.26688
5.26625
5.26625
5.26625
5.26625
5.26625
5.26625
5.26625
5.26625
5.26625
5.26625
5.26625
5.26625
5.26625
5.26625
5.26625
5.26625
5.26625
5.26625
5.26974
5.26625
5.26625
5.26625
5.26625
5.26694
5.29125
5.26083
5.24918
5.32231
5.27902
5.24641
5.23782
5.26029
5.3452
5.29086
5.29518
5.23734
5.22961
5.22878
5.27738
5.22878
5.22878
5.22878
5.22878
5.22878
