30.6447
30.6447
30.3919
30.3919
29.0394
28.8033
25.2927
22.387
22.387
22.387
22.249
21.8183
21.8183
21.2353
20.2387
19.4401
19.4401
19.173
19.173
17.8283
16.6449
16.6449
16.6449
15.9758
15.9758
15.3069
15.3069
15.3069
15.1265
13.388
13.388
13.388
13.388
12.2327
12.2327
12.2327
12.2327
12.2212
11.6522
11.6522
11.6522
11.6522
11.6407
11.5471
11.4641
11.4641
11.4246
10.5951
10.5951
10.5556
10.5556
10.5556
10.407
10.407
9.96656
9.81797
9.48875
9.47438
9.47438
9.47438
9.43489
9.43489
9.43489
8.95572
8.95572
8.95572
8.35563
8.35563
8.35563
8.35563
8.35563
8.0066
8.0066
8.0066
7.90611
7.90611
7.90611
7.69783
7.69783
7.59734
7.3425
7.3425
7.02786
7.02786
6.84493
6.84493
6.84493
6.84493
6.84493
6.68185
6.55225
6.55225
6.55225
6.55225
6.55225
6.55225
6.3514
6.3514
6.3514
6.3514
6.3514
6.3514
6.3514
6.3514
6.3514
6.3514
6.3514
6.3514
6.2957
6.2957
6.2957
6.2957
6.2957
6.2957
6.2957
6.2957
6.2957
6.10921
6.10921
5.7436
5.7436
5.7436
5.7436
5.7436
5.7436
5.7436
5.7436
5.7436
5.7436
5.7436
5.7436
5.7436
5.7436
5.7436
5.68459
5.68459
5.68459
5.68459
5.68459
5.68459
5.6826
5.6826
5.6826
5.6826
5.6826
5.6826
5.6826
5.6826
5.6826
5.56638
5.56638
5.56638
5.56638
5.56638
5.56638
5.56638
5.56638
5.56638
5.56638
5.56638
5.49312
5.49312
5.49312
5.49312
5.49312
5.49312
5.49312
5.49312
5.49312
5.49312
5.49312
5.49312
5.49312
5.49312
5.49312
5.49312
5.49312
5.49312
5.49312
5.49312
5.49312
5.49312
5.49312
5.49312
5.49312
5.49312
5.49312
5.49312
5.49312
5.49312
5.49312
5.49312
5.49312
5.49312
5.49312
5.49312
5.49312
5.49312
5.49312
5.49312
5.49312
5.49312
5.49312
5.49312
5.49312
5.49312
5.49312
5.49312
5.49312
5.46964
5.46964
5.46964
5.46964
5.46964
5.46964
5.46964
5.46964
5.46964
5.46964
5.46964
5.46964
5.46964
5.46964
5.46964
5.46964
5.46964
5.46964
5.46964
5.46964
5.46964
5.46964
5.46964
5.46964
5.46964
5.46964
5.46964
5.46964
5.46964
5.46964
5.38652
5.38652
5.38652
5.38652
5.38652
5.38652
5.38652
5.38652
5.38652
5.38652
5.38652
5.38652
5.38652
5.38652
5.38652
5.38652
5.38652
5.38652
5.38652
5.38652
5.38652
5.38652
5.38652
5.38652
5.38652
5.38652
5.38652
5.38652
5.38652
5.38652
5.38652
5.38652
5.38652
5.38652
5.38652
5.38652
5.36304
5.36304
5.36304
5.36304
5.36304
5.36304
5.36304
5.36304
5.36304
5.36304
5.36304
5.36304
5.36304
5.36304
5.36304
5.36304
5.36304
5.36304
5.36304
5.36304
5.36304
5.36304
5.36304
5.36304
5.2992
5.2992
5.2992
5.2992
5.2992
5.2992
5.2992
5.2992
5.2992
5.2992
5.2992
5.2992
5.2992
5.2992
5.2992
5.2992
5.2992
5.2992
5.2992
5.2992
5.2992
5.2992
5.2992
5.2992
5.2992
5.2992
5.2992
5.2992
5.2992
5.2992
5.2992
5.2992
5.2992
5.2992
5.2992
5.2992
5.2992
5.2992
5.2992
5.2992
5.2992
5.2992
5.2992
5.2992
5.2992
5.2992
5.2992
5.2992
5.2992
5.2992
5.2992
5.2992
5.2992
5.2992
5.2992
5.2992
5.2992
5.2992
5.2992
5.2992
5.2992
5.2992
5.2992
5.2992
5.2992
5.2992
5.2992
5.2992
5.2992
5.2992
5.2992
5.2992
5.2992
5.2992
5.2992
5.2992
5.2992
5.2992
5.2992
5.2992
5.2992
5.2992
5.2992
5.2992
5.2992
5.2992
5.2992
5.2992
5.2992
5.2992
5.2992
5.2992
5.2992
5.2992
5.2992
5.2992
5.2992
5.2992
5.2992
5.2992
5.2992
5.2992
5.2992
5.2992
5.2992
5.2992
5.2992
5.2992
5.2992
5.2992
5.2992
5.2992
5.2992
5.2992
5.2992
5.2992
5.2992
5.2992
5.2992
5.2992
5.2992
5.2992
5.2992
5.2992
5.2992
5.2992
5.2992
5.2992
5.2992
5.2992
5.2992
5.2992
5.2992
5.2992
5.2992
5.2992
5.2992
5.2992
5.2992
5.2992
5.2992
5.2992
5.2992
5.2992
5.2992
5.2992
5.2992
5.2992
5.2992
5.2992
5.26625
5.26625
5.26625
5.26625
5.26625
5.26625
5.26625
5.26625
5.26625
5.26625
5.26625
5.26625
5.26625
5.26625
5.26625
5.26625
5.26625
5.26625
5.26625
5.26625
5.26625
5.26625
5.26625
5.26625
5.26625
5.26625
5.26625
5.26625
5.26625
5.26625
5.22878
5.22878
5.22878
5.22878
5.22878
5.22878
5.22878
5.22878
5.22878
5.22878
5.22878
5.22878
5.22878
5.22878
5.22878
5.22878
5.22878
5.22878
5.22878
5.22878
5.22878
