           1     0.30015     0.30015           0
           2    0.302086    0.301118 0.000968039
           3      0.3102    0.304145  0.00307847
           4    0.306759    0.304799  0.00227275
           5    0.307801    0.305399  0.00186003
           6    0.304239    0.305206  0.00153096
           7    0.303122    0.304908  0.00132771
           8    0.308165    0.305315  0.00121978
           9    0.310103    0.305847  0.00120011
          10    0.299818    0.305244  0.00123115
          11    0.299247    0.304699  0.00123993
          12    0.301705     0.30445  0.00115907
          13    0.305213    0.304508   0.0010678
          14    0.301906    0.304322  0.00100592
          15    0.302237    0.304183 0.000946718
          16    0.319956    0.305169  0.00132513
          17    0.303341    0.305062  0.00124938
          18    0.316397    0.305691  0.00133571
          19    0.300191    0.305402  0.00129619
          20    0.304933    0.305378   0.0012299
          21    0.303745    0.305301  0.00117245
          22    0.302564    0.305176  0.00112479
          23    0.299239    0.304918  0.00110533
          24    0.305221    0.304931  0.00105835
          25      0.3022    0.304822  0.00102099
          26    0.302987    0.304751 0.000983472
          27    0.314473    0.305111  0.00101253
          28    0.296504    0.304804  0.00102298
          29    0.315312    0.305166  0.00105149
          30    0.304448    0.305142  0.00101611
          31    0.314008    0.305428  0.00102356
          32    0.306887    0.305474 0.000992102
          33    0.306014     0.30549 0.000961708
          34    0.302751     0.30541 0.000936465
          35    0.312846    0.305622 0.000933807
          36    0.296392    0.305366 0.000943019
          37    0.312171     0.30555 0.000935441
          38    0.302178    0.305461 0.000914805
          39    0.302808    0.305393 0.000893633
          40    0.302897     0.30533 0.000873238
          41    0.302018     0.30525 0.000855496
          42    0.317359    0.305538 0.000883265
          43    0.303552    0.305492 0.000863715
          44    0.307505    0.305537 0.000845097
          45     0.30664    0.305562 0.000826466
          46    0.301973    0.305484 0.000812058
          47    0.300196    0.305371 0.000802517
          48     0.29461    0.305147 0.000816986
          49    0.306615    0.305177   0.0008007
          50    0.316281    0.305399 0.000815349
          51    0.314276    0.305573 0.000817935
          52    0.308419    0.305628 0.000803915
          53    0.305186     0.30562 0.000788645
          54    0.304752    0.305604  0.00077407
          55    0.305726    0.305606 0.000759869
          56    0.309428    0.305674 0.000749291
          57    0.307968    0.305714 0.000737128
          58    0.304563    0.305694 0.000724579
          59    0.301263    0.305619 0.000716142
          60     0.30927     0.30568 0.000706729
          61    0.308722     0.30573 0.000696833
          62    0.305533    0.305727 0.000685509
          63    0.315106    0.305876 0.000690773
          64     0.31004    0.305941 0.000683001
          65    0.311178    0.306021 0.000677221
          66    0.302833    0.305973 0.000668628
          67    0.304275    0.305948 0.000659061
          68    0.307432     0.30597 0.000649663
          69    0.293419    0.305788 0.000665519
          70    0.307504    0.305812 0.000656401
          71    0.295978    0.305674 0.000661748
          72    0.305267    0.305668 0.000652517
          73    0.296293     0.30554 0.000656205
          74    0.307891    0.305571 0.000648056
          75    0.301954    0.305523 0.000641173
          76    0.298035    0.305425 0.000640307
          77    0.311987     0.30551 0.000637657
          78    0.316554    0.305651 0.000645158
          79    0.297868    0.305553 0.000644515
          80    0.308448    0.305589 0.000637435
          81    0.301858    0.305543 0.000631199
          82    0.308221    0.305576 0.000624309
          83    0.314162    0.305679 0.000625358
          84    0.310594    0.305738 0.000620633
          85    0.297776    0.305644 0.000620399
          86    0.306977     0.30566 0.000613339
          87    0.305679     0.30566 0.000606248
          88    0.304844     0.30565 0.000599391
          89    0.314001    0.305744      0.0006
          90     0.29834    0.305662 0.000598973
          91     0.30059    0.305606 0.000594971
          92     0.29917    0.305536 0.000592612
          93    0.308851    0.305572 0.000587288
          94    0.305156    0.305568 0.000581023
          95    0.296126    0.305468 0.000583403
          96    0.299506    0.305406 0.000580625
          97    0.304845      0.3054 0.000574637
          98    0.299277    0.305338 0.000572165
          99    0.304368    0.305328 0.000566441
         100    0.298969    0.305264 0.000564342
