           1     2.68361     2.68361           0
           2     2.71972     2.70167   0.0180552
           3     2.81875      2.7407   0.0403962
           4     2.73943     2.74038   0.0285662
           5     2.63183     2.71867   0.0309991
           6     2.60567     2.69984    0.031549
           7     2.73712     2.70516   0.0271906
           8     2.69864     2.70435   0.0235619
           9     2.78114     2.71288   0.0224631
          10     2.84455     2.72605   0.0240216
          11     2.76122     2.72924   0.0219625
          12     2.79193     2.73447   0.0207184
          13     2.85371     2.74364   0.0211506
          14     2.87678     2.75315   0.0217687
          15     2.83501     2.75861   0.0209875
          16     2.82063     2.76248    0.020011
          17     2.66328     2.75665   0.0196821
          18     2.80105     2.75911   0.0187197
          19     2.70158     2.75609   0.0179641
          20     2.60636      2.7486   0.0186141
          21     2.66221     2.74449   0.0181771
          22     2.73728     2.74416   0.0173343
          23     2.70678     2.74253    0.016643
          24     2.66222     2.73919   0.0162821
          25     2.54501     2.73142   0.0174421
          26     2.61662       2.727   0.0173297
          27     2.75703     2.72812   0.0167125
          28     2.61356     2.72403   0.0166162
          29     2.76165     2.72532   0.0160854
          30     2.76979      2.7268   0.0156105
          31     2.55277     2.72119   0.0161085
          32     2.82004     2.72428   0.0158999
          33     2.76648     2.72556   0.0154636
          34     2.69263     2.72459   0.0150331
          35     2.70034      2.7239   0.0146137
          36     2.82671     2.72675   0.0144862
          37     2.44081     2.71902   0.0160697
          38     2.74595     2.71973   0.0156571
          39      2.6684     2.71842   0.0153071
          40     2.68484     2.71758   0.0149431
          41     2.66584     2.71632   0.0146286
          42     2.69788     2.71588   0.0142828
          43      2.6786     2.71501   0.0139736
          44     2.86478     2.71841   0.0140703
          45     2.76621     2.71948    0.013795
          46     2.69594     2.71896   0.0135014
          47     2.52337      2.7148    0.013851
          48     2.66825     2.71383    0.013594
          49     2.88169     2.71726   0.0137474
          50     2.72521     2.71742   0.0134706
          51     2.71896     2.71745   0.0132038
          52     2.77439     2.71854   0.0129936
          53     2.86937     2.72139     0.01306
          54     2.59919     2.71913   0.0130141
          55      2.8402     2.72133   0.0129635
          56     2.76793     2.72216   0.0127571
          57     2.51908      2.7186   0.0130279
          58     2.70518     2.71837   0.0128034
          59     2.57266      2.7159   0.0128246
          60     2.70037     2.71564   0.0126117
          61     2.62583     2.71416   0.0124903
          62     2.78294     2.71527   0.0123371
          63     2.79104     2.71648   0.0121992
          64     2.68027     2.71591   0.0120204
          65     2.61267     2.71432   0.0119401
          66     2.56406     2.71205   0.0119762
          67     2.63322     2.71087   0.0118546
          68     2.75837     2.71157   0.0116999
          69      2.8899     2.71415   0.0118152
          70     2.76872     2.71493   0.0116713
          71     2.79265     2.71603   0.0115576
          72     2.91825     2.71884    0.011737
          73     2.74777     2.71923   0.0115819
          74     2.85793     2.72111    0.011577
          75     2.52689     2.71852   0.0117115
          76     2.61597     2.71717   0.0116349
          77     2.78967     2.71811   0.0115213
          78     2.73782     2.71836   0.0113755
          79     2.62792     2.71722   0.0112888
          80     2.86509     2.71906    0.011299
          81     2.72706     2.71916    0.011159
          82     2.80023     2.72015   0.0110664
          83     2.86935     2.72195    0.011079
          84     2.63469     2.72091   0.0109955
          85     2.88943     2.72289   0.0110448
          86     2.71648     2.72282   0.0109158
          87     2.87495     2.72457   0.0109304
          88     2.76882     2.72507   0.0108172
          89     2.92284     2.72729   0.0109234
          90     2.68562     2.72683   0.0108112
          91     2.73411     2.72691   0.0106921
          92     2.84306     2.72817   0.0106503
          93     2.68545     2.72771   0.0105452
          94     2.75932     2.72805   0.0104378
          95     2.75746     2.72836    0.010332
          96     2.68994     2.72796   0.0102316
          97     2.74181      2.7281   0.0101266
          98     2.72188     2.72804   0.0100229
          99     2.90585     2.72983   0.0100825
         100     2.90649      2.7316   0.0101363
