           1    -0.59688    -0.59688           0
           2   -0.599952   -0.598416    0.001536
           3   -0.597752   -0.598195 0.000914013
           4   -0.595768   -0.597588 0.000886428
           5   -0.597168   -0.597504 0.000691743
           6   -0.600576   -0.598016 0.000762332
           7   -0.598048   -0.598021 0.000644304
           8   -0.596944   -0.597886 0.000573982
           9   -0.600392   -0.598164 0.000577732
          10   -0.600104   -0.598358  0.00055194
          11     -0.5978   -0.598308 0.000501823
          12   -0.598608   -0.598333 0.000458783
          13   -0.599408   -0.598415 0.000430049
          14   -0.599272   -0.598477 0.000402822
          15   -0.596416   -0.598339 0.000399376
          16   -0.598416   -0.598344 0.000373613
          17     -0.5974   -0.598288 0.000355314
          18   -0.596024   -0.598163 0.000357837
          19   -0.598304    -0.59817 0.000338562
          20   -0.595696   -0.598046 0.000344187
          21   -0.600024   -0.598141 0.000340662
          22   -0.596032   -0.598045 0.000338654
          23   -0.598392    -0.59806 0.000323947
          24   -0.600064   -0.598143 0.000321201
          25    -0.59656    -0.59808 0.000314528
          26   -0.597768   -0.598068 0.000302426
          27   -0.594744   -0.597945  0.00031598
          28   -0.594528   -0.597823 0.000328029
          29     -0.5944   -0.597705 0.000337807
          30   -0.597768   -0.597707 0.000326359
          31   -0.598688   -0.597739 0.000317238
          32   -0.598488   -0.597762 0.000308056
          33   -0.597896   -0.597766 0.000298603
          34    -0.59756    -0.59776 0.000289751
          35   -0.600184   -0.597829 0.000289749
          36   -0.597216   -0.597812   0.0002821
          37   -0.596968   -0.597789 0.000275317
          38   -0.597008   -0.597769 0.000268762
          39   -0.596944   -0.597748 0.000262633
          40   -0.591544   -0.597593 0.000299301
          41   -0.600544   -0.597665 0.000300654
          42    -0.60056   -0.597734 0.000301398
          43   -0.598264   -0.597746 0.000294564
          44   -0.596904   -0.597727 0.000288427
          45   -0.598656   -0.597747   0.0002827
          46   -0.597176   -0.597735 0.000276765
          47   -0.597096   -0.597721 0.000271153
          48    -0.59532   -0.597671 0.000270117
          49   -0.600544    -0.59773 0.000270965
          50   -0.596392   -0.597703 0.000266836
          51   -0.601408   -0.597776 0.000271452
          52   -0.598632   -0.597792 0.000266689
          53   -0.597832   -0.597793  0.00026161
          54   -0.596264   -0.597765 0.000258277
          55   -0.601096   -0.597825 0.000260672
          56   -0.594088   -0.597759 0.000264531
          57    -0.59728    -0.59775 0.000259985
          58   -0.597088   -0.597739 0.000255718
          59   -0.599776   -0.597773 0.000253707
          60   -0.597008   -0.597761 0.000249769
          61   -0.598616   -0.597775  0.00024604
          62    -0.59796   -0.597778 0.000242057
          63   -0.596648    -0.59776 0.000238858
          64   -0.598144   -0.597766 0.000235173
          65    -0.59936    -0.59779 0.000232822
          66   -0.593264   -0.597722 0.000239304
          67   -0.594056   -0.597667 0.000241972
          68   -0.595712   -0.597638 0.000240114
          69   -0.598128   -0.597645 0.000236715
          70     -0.5968   -0.597633 0.000233621
          71   -0.597192   -0.597627 0.000230391
          72   -0.600072   -0.597661 0.000229693
          73    -0.59684    -0.59765 0.000226803
          74   -0.598704   -0.597664 0.000224171
          75   -0.598272   -0.597672  0.00022131
          76   -0.594504    -0.59763 0.000222322
          77   -0.597808   -0.597633 0.000219427
          78    -0.59948   -0.597656 0.000217887
          79   -0.598576   -0.597668 0.000215426
          80   -0.599984   -0.597697 0.000214677
          81   -0.595136   -0.597665 0.000214355
          82   -0.596616   -0.597652 0.000212111
          83   -0.597952   -0.597656 0.000209571
          84   -0.595768   -0.597634 0.000208277
          85   -0.598824   -0.597648 0.000206288
          86    -0.59936   -0.597668 0.000204846
          87   -0.598048   -0.597672 0.000202525
          88   -0.597136   -0.597666 0.000200302
          89   -0.602416   -0.597719 0.000205105
          90   -0.595832   -0.597698 0.000203895
          91   -0.600448   -0.597728 0.000203893
          92   -0.596744   -0.597718 0.000201948
          93    -0.59796    -0.59772 0.000199782
          94   -0.599568    -0.59774  0.00019862
          95   -0.600632    -0.59777 0.000198862
          96    -0.59588   -0.597751 0.000197763
          97   -0.598672    -0.59776 0.000195944
          98    -0.59872    -0.59777 0.000194181
          99   -0.596416   -0.597756 0.000192696
         100    -0.59928   -0.597772 0.000191366
