0.479431   -0.492336   0.494828
-0.316076   -0.319842   0.476212
-0.484982   -0.32962   -0.333349
-0.332972   -0.490952   -0.346375
-0.160059   0.486431   0.492559
-0.00129917   -0.334614   -0.495617
-0.179493   -0.333291   -0.334469
-0.00989733   -0.490545   -0.318399
0.147191   0.498928   0.499224
0.309239   -0.335536   0.492737
0.165143   -0.340879   -0.331976
0.325137   -0.489825   -0.336408
-0.469361   -0.173344   0.485168
-0.346162   0.023882   -0.488166
0.492078   0.0272578   -0.32957
-0.328185   -0.15393   -0.336974
-0.191811   -0.144918   0.493717
0.0156478   -0.0260236   -0.494916
-0.16268   0.00514118   -0.310234
0.00227776   -0.169012   -0.326973
0.176298   -0.16661   0.496246
0.342021   -0.0131046   -0.480925
0.180117   -0.00666593   -0.333674
0.337562   -0.171952   -0.318686
0.476528   0.17076   0.493085
-0.346914   0.312951   -0.479518
-0.488531   0.327712   -0.33043
-0.338869   0.16789   -0.312694
-0.158053   0.147871   -0.490402
0.00748008   0.324194   -0.497002
-0.178352   0.335717   -0.332082
-0.0111678   0.170304   -0.330439
0.170957   0.148645   0.496604
0.32188   0.340885   -0.497087
0.169094   0.340208   -0.331504
0.332541   0.173876   -0.322116
-0.491373   0.499739   -0.169085
-0.34408   -0.343109   -0.153467
-0.495704   -0.342028   0.00821831
-0.339907   -0.489718   0.0264433
-0.16999   0.499637   -0.168081
0.0035372   -0.340134   -0.17506
-0.165461   -0.339035   -0.0125031
0.00806145   0.498261   -0.0115448
0.172174   -0.494642   -0.167272
0.342593   -0.325337   -0.170882
0.158974   -0.334032   -0.0182936
0.310411   -0.492827   0.0106484
-0.488661   -0.168491   -0.155862
-0.320958   -0.00215293   -0.159691
-0.481533   -0.0184934   0.00565368
-0.329318   -0.178387   0.0203677
-0.177181   -0.179532   -0.163492
0.0230994   0.0056924   -0.159833
-0.142722   -0.00643516   -0.00283008
-0.00254995   -0.175576   -0.0156451
0.166214   -0.161967   -0.174289
0.324269   -0.00411718   -0.165864
0.171799   -0.00700297   -0.000115278
0.341223   -0.170835   -0.0139131
-0.495493   0.152787   -0.160523
-0.333209   0.35328   -0.180596
0.484018   0.337917   -0.0114684
-0.315048   0.180399   -0.0100333
-0.150695   0.16411   -0.159577
-0.0122811   0.33658   -0.180534
-0.163444   0.345392   0.000922043
0.0119899   0.169118   0.0122871
0.176437   0.174702   -0.170526
0.33676   0.352258   -0.167042
0.169034   0.323965   -0.0161206
0.335449   0.156056   0.0110993
0.489571   0.490069   0.189204
-0.323159   -0.350309   0.175072
0.479011   -0.31365   0.311938
-0.331215   0.486403   0.346123
-0.175435   0.485001   0.178408
0.0097752   -0.357256   0.16072
-0.154154   -0.334199   0.317119
0.00075861   0.48076   0.328673
0.155031   0.4986   0.15477
0.320343   -0.327093   0.162859
0.148534   -0.344197   0.334383
0.316123   -0.490311   0.323995
0.486085   -0.166881   0.15546
-0.322191   0.0146245   0.151296
-0.494881   -0.000998107   0.329927
-0.335435   -0.168183   0.298598
-0.152282   -0.173684   0.161871
0.0137959   0.00657189   0.151594
-0.153895   0.00160912   0.304299
0.000679732   -0.168565   0.328638
0.166256   -0.152416   0.184204
0.335671   0.0124592   0.173857
0.179081   0.00818234   0.350093
0.329332   -0.156604   0.335183
-0.498954   0.186946   0.151891
-0.325177   0.32291   0.169713
0.494398   0.343988   0.348852
-0.363809   0.173194   0.347457
-0.15505   0.173779   0.167293
9.68595e-06   0.338435   0.172154
-0.200495   0.313715   0.355133
0.0093084   0.164067   0.340051
0.173259   0.174689   0.16902
0.327875   0.340409   0.161502
0.161321   0.325475   0.349725
0.338151   0.1693   0.331542
