           1   0.0216982   0.0216982           0
           2   0.0367258    0.029212  0.00751382
           3   0.0569756   0.0384665   0.0102208
           4   0.0581351   0.0433837  0.00874134
           5   0.0244234   0.0395916  0.00776056
           6   0.0188741   0.0361387  0.00721619
           7   0.0490421    0.037982  0.00637128
           8   0.0212355   0.0358887  0.00590143
           9   0.0265054   0.0348461  0.00530798
          10   0.0353421   0.0348957  0.00474786
          11   0.0482472   0.0361095  0.00446282
          12   0.0300323   0.0356031  0.00410534
          13   0.0156171   0.0340657  0.00407731
          14   0.0189078    0.032983  0.00392706
          15   0.0329197   0.0329788  0.00365589
          16   0.0275097   0.0326369  0.00343682
          17   0.0213551   0.0319733  0.00329583
          18    0.025929   0.0316375  0.00312543
          19   0.0179291    0.030916  0.00304313
          20   0.0359113   0.0311658  0.00289775
          21   0.0287139    0.031049  0.00275878
          22    0.021946   0.0306352  0.00266274
          23   0.0468941   0.0313422  0.00264071
          24   0.0229651   0.0309931  0.00255227
          25   0.0490277   0.0317145  0.00255213
          26   0.0730121   0.0333029  0.00292151
          27   0.0151448   0.0326303  0.00289055
          28   0.0324105   0.0326225  0.00278542
          29   0.0257568   0.0323857  0.00269806
          30   0.0469991   0.0328729   0.0026517
          31     0.03219   0.0328508  0.00256483
          32   0.0439235   0.0331968  0.00250737
          33   0.0271661   0.0330141  0.00243707
          34    0.027835   0.0328618   0.0023692
          35   0.0408667   0.0330905  0.00231186
          36   0.0360668   0.0331732  0.00224824
          37   0.0222263   0.0328773  0.00220656
          38   0.0215784     0.03258  0.00216819
          39   0.0162869   0.0321622  0.00215279
          40   0.0457839   0.0325027  0.00212574
          41   0.0214804   0.0322339   0.0020906
          42   0.0185148   0.0319072   0.0020662
          43   0.0399192   0.0320936  0.00202616
          44    0.025312   0.0319394  0.00198557
          45   0.0435888   0.0321983  0.00195813
          46   0.0247366   0.0320361  0.00192195
          47   0.0251459   0.0318895  0.00188631
          48   0.0278585   0.0318055  0.00184851
          49   0.0142592   0.0314474  0.00184546
          50   0.0285111   0.0313887  0.00180913
          51   0.0180764   0.0311277  0.00179241
          52    0.027194    0.031052  0.00175923
          53   0.0246073   0.0309304     0.00173
          54   0.0251844    0.030824  0.00170099
          55   0.0184528   0.0305991  0.00168486
          56   0.0245869   0.0304917  0.00165798
          57   0.0144305     0.03021  0.00165283
          58     0.02639   0.0301441  0.00162541
          59   0.0351483   0.0302289  0.00159988
          60   0.0197588   0.0300544  0.00158264
          61    0.020333   0.0298951  0.00156461
          62    0.030847   0.0299104  0.00153925
          63   0.0228631   0.0297985  0.00151874
          64   0.0243187   0.0297129  0.00149727
          65   0.0254753   0.0296477   0.0014755
          66   0.0146307   0.0294202  0.00147068
          67   0.0281188   0.0294008  0.00144869
          68    0.023077   0.0293078  0.00143026
          69   0.0265131   0.0292673  0.00140996
          70   0.0181909    0.029109  0.00139865
          71   0.0292044   0.0291104  0.00137881
          72   0.0144756   0.0289071  0.00137464
          73   0.0214947   0.0288056  0.00135947
          74   0.0353338   0.0288938  0.00134387
          75   0.0165517   0.0287292  0.00133601
          76    0.016448   0.0285676  0.00132818
          77   0.0415342    0.028736  0.00132159
          78    0.014067    0.028548  0.00131802
          79   0.0256282    0.028511  0.00130175
          80   0.0211698   0.0284193  0.00128865
          81   0.0114085   0.0282092  0.00128985
          82   0.0167342   0.0280693  0.00128169
          83   0.0264071   0.0280493  0.00126631
          84   0.0135126   0.0278762  0.00126306
          85   0.0282936   0.0278811  0.00124812
          86   0.0143537   0.0277238  0.00124351
          87   0.0444965   0.0279166  0.00124416
          88   0.0454488   0.0281159  0.00124597
          89   0.0397483   0.0282466  0.00123881
          90   0.0241354   0.0282009  0.00122582
          91   0.0168783   0.0280765  0.00121864
          92   0.0236317   0.0280281  0.00120629
          93   0.0163255   0.0279023  0.00119986
          94   0.0213782   0.0278329  0.00118906
          95   0.0177744    0.027727  0.00118123
          96   0.0231371   0.0276792  0.00116984
          97   0.0281225   0.0276838  0.00115772
          98   0.0224835   0.0276307  0.00114708
          99   0.0229463   0.0275834  0.00113642
         100   0.0720431    0.028028  0.00120966
