           1     -1.1971     -1.1971           0
           2    -1.19669     -1.1969   0.0002076
           3    -1.19603    -1.19661 0.000313054
           4     -1.1957    -1.19638  0.00031635
           5    -1.19655    -1.19642 0.000247413
           6    -1.19745    -1.19659 0.000265905
           7    -1.19597     -1.1965 0.000241695
           8    -1.19711    -1.19658 0.000222714
           9    -1.19668    -1.19659 0.000196764
          10    -1.19605    -1.19653  0.00018397
          11      -1.196    -1.19648 0.000173372
          12    -1.19673    -1.19651 0.000159626
          13    -1.19788    -1.19661 0.000180789
          14    -1.19659    -1.19661 0.000167383
          15    -1.19615    -1.19658 0.000158797
          16    -1.19635    -1.19656 0.000149247
          17    -1.19733    -1.19661  0.00014725
          18    -1.19667    -1.19661 0.000138871
          19    -1.19709    -1.19664 0.000133699
          20    -1.19639    -1.19663 0.000127445
          21    -1.19656    -1.19662  0.00012127
          22    -1.19687    -1.19663 0.000116182
          23    -1.19605    -1.19661 0.000113891
          24    -1.19714    -1.19663 0.000111257
          25    -1.19639    -1.19662 0.000107162
          26    -1.19556    -1.19658 0.000110767
          27    -1.19746    -1.19661 0.000111452
          28    -1.19613     -1.1966 0.000108763
          29    -1.19725    -1.19662 0.000107363
          30    -1.19626    -1.19661  0.00010439
          31    -1.19621    -1.19659  0.00010177
          32     -1.1964    -1.19659 9.87292e-05
          33    -1.19702     -1.1966 9.65661e-05
          34    -1.19686    -1.19661 9.39981e-05
          35    -1.19672    -1.19661 9.13262e-05
          36    -1.19618     -1.1966 8.95743e-05
          37    -1.19665     -1.1966 8.71327e-05
          38    -1.19688    -1.19661 8.51387e-05
          39    -1.19757    -1.19663 8.64933e-05
          40    -1.19593    -1.19661 8.61348e-05
          41    -1.19696    -1.19662 8.44192e-05
          42    -1.19748    -1.19664 8.48695e-05
          43     -1.1969    -1.19665 8.30923e-05
          44    -1.19733    -1.19666 8.26508e-05
          45    -1.19677    -1.19667 8.08262e-05
          46    -1.19732    -1.19668 8.03132e-05
          47    -1.19675    -1.19668 7.85995e-05
          48    -1.19639    -1.19668 7.71869e-05
          49    -1.19783     -1.1967 7.91571e-05
          50    -1.19643    -1.19669 7.77421e-05
          51    -1.19723    -1.19671 7.69224e-05
          52    -1.19651     -1.1967 7.55203e-05
          53     -1.1967     -1.1967 7.40818e-05
          54     -1.1972    -1.19671 7.32843e-05
          55     -1.1975    -1.19673 7.33621e-05
          56    -1.19647    -1.19672 7.21846e-05
          57    -1.19736    -1.19673  7.1793e-05
          58    -1.19696    -1.19674 7.06538e-05
          59    -1.19604    -1.19672 7.04494e-05
          60    -1.19709    -1.19673  6.9527e-05
          61    -1.19683    -1.19673 6.83969e-05
          62    -1.19675    -1.19673 6.72852e-05
          63     -1.1971    -1.19674 6.64681e-05
          64    -1.19668    -1.19674 6.54282e-05
          65    -1.19708    -1.19674 6.46318e-05
          66     -1.1973    -1.19675 6.41944e-05
          67    -1.19687    -1.19675 6.32527e-05
          68    -1.19707    -1.19676 6.24954e-05
          69    -1.19732    -1.19677 6.21289e-05
          70    -1.19709    -1.19677 6.14153e-05
          71    -1.19668    -1.19677 6.05567e-05
          72     -1.1976    -1.19678 6.08053e-05
          73     -1.1968    -1.19678 5.99671e-05
          74    -1.19661    -1.19678 5.91958e-05
          75     -1.1976    -1.19679 5.94225e-05
          76    -1.19735     -1.1968 5.90987e-05
          77    -1.19636    -1.19679 5.85979e-05
          78    -1.19758     -1.1968 5.87236e-05
          79    -1.19686     -1.1968 5.79803e-05
          80    -1.19688     -1.1968 5.72597e-05
          81    -1.19779    -1.19681 5.78461e-05
          82    -1.19762    -1.19682 5.79771e-05
          83    -1.19694    -1.19683 5.72919e-05
          84    -1.19752    -1.19683 5.72107e-05
          85    -1.19695    -1.19684 5.65504e-05
          86    -1.19731    -1.19684 5.61616e-05
          87     -1.1963    -1.19684 5.58559e-05
          88    -1.19638    -1.19683 5.54609e-05
          89    -1.19696    -1.19683 5.48549e-05
          90    -1.19654    -1.19683 5.43418e-05
          91    -1.19744    -1.19683 5.41646e-05
          92    -1.19681    -1.19683 5.35732e-05
          93    -1.19741    -1.19684 5.33554e-05
          94    -1.19724    -1.19685 5.29559e-05
          95    -1.19733    -1.19685 5.26415e-05
          96    -1.19679    -1.19685 5.20943e-05
          97    -1.19706    -1.19685 5.16007e-05
          98    -1.19698    -1.19685 5.10876e-05
          99    -1.19675    -1.19685 5.05792e-05
         100    -1.19619    -1.19685  5.0503e-05
