           1   0.0477213   0.0477213           0
           2   0.0534933   0.0506073  0.00288598
           3   0.0657411   0.0556519  0.00531265
           4   0.0695582   0.0591285  0.00511847
           5   0.0533648   0.0579757  0.00412893
           6   0.0402494   0.0550213  0.00448261
           7   0.0706135   0.0572488   0.0043948
           8   0.0464674   0.0559011  0.00403757
           9    0.052433   0.0555158  0.00358159
          10    0.062161   0.0561803  0.00327167
          11   0.0663907   0.0571085  0.00310149
          12   0.0542125   0.0568672  0.00284153
          13    0.032757   0.0550125  0.00320495
          14   0.0515206   0.0547631  0.00297768
          15   0.0608417   0.0551684  0.00280153
          16   0.0574193    0.055309  0.00262436
          17   0.0425293   0.0545573  0.00257724
          18   0.0523992   0.0544374   0.0024328
          19   0.0460965   0.0539984   0.0023427
          20    0.057778   0.0541874   0.0022305
          21   0.0551222   0.0542319  0.00212209
          22   0.0481081   0.0539535  0.00204239
          23   0.0641096   0.0543951  0.00200091
          24   0.0464095   0.0540624   0.0019444
          25   0.0610219   0.0543408  0.00188567
          26   0.0744172   0.0551129  0.00196938
          27   0.0390488    0.054518  0.00198624
          28   0.0615577   0.0547694  0.00193043
          29   0.0444563   0.0544138  0.00189632
          30    0.060523   0.0546174  0.00184331
          31   0.0600554   0.0547928  0.00179146
          32   0.0601678   0.0549608  0.00174269
          33   0.0472362   0.0547267   0.0017052
          34   0.0497571   0.0545805  0.00166073
          35   0.0529113   0.0545329  0.00161329
          36   0.0603411   0.0546942  0.00157611
          37   0.0514952   0.0546077  0.00153536
          38   0.0484323   0.0544452  0.00150322
          39   0.0376559   0.0540147  0.00152614
          40   0.0651183   0.0542923  0.00151318
          41   0.0470354   0.0541153  0.00148639
          42   0.0393776   0.0537644   0.0014924
          43   0.0531851   0.0537509  0.00145735
          44   0.0426513   0.0534987  0.00144601
          45   0.0580714   0.0536003  0.00141716
          46   0.0428744   0.0533671  0.00140549
          47   0.0516655   0.0533309  0.00137574
          48    0.055931   0.0533851  0.00134786
          49   0.0345688   0.0530011  0.00137479
          50    0.056617   0.0530734  0.00134895
          51   0.0424743   0.0528656  0.00133847
          52   0.0544995    0.052897  0.00131285
          53   0.0550382   0.0529374  0.00128848
          54   0.0455748   0.0528011  0.00127172
          55   0.0419498   0.0526038  0.00126388
          56   0.0549972   0.0526465  0.00124184
          57   0.0408397   0.0524394  0.00123732
          58   0.0481005   0.0523646   0.0012181
          59   0.0642875   0.0525666  0.00121421
          60   0.0444529   0.0524314  0.00120144
          61    0.048281   0.0523634  0.00118353
          62   0.0538645   0.0523876  0.00116454
          63   0.0454817    0.052278  0.00115114
          64   0.0523535   0.0522791  0.00113301
          65   0.0487619    0.052225  0.00111675
          66   0.0414951   0.0520625  0.00111165
          67   0.0498932   0.0520301  0.00109542
          68   0.0459781   0.0519411  0.00108285
          69    0.043391   0.0518172  0.00107421
          70   0.0441133   0.0517071  0.00106446
          71    0.054834   0.0517512  0.00105028
          72   0.0371433   0.0515483  0.00105528
          73   0.0497956   0.0515243    0.001041
          74    0.053728    0.051554  0.00102727
          75    0.037109   0.0513614  0.00103162
          76   0.0409167    0.051224  0.00102719
          77   0.0597384   0.0513346  0.00101977
          78   0.0374809    0.051157  0.00102216
          79   0.0523218   0.0511717  0.00100925
          80   0.0509361   0.0511688 0.000996559
          81   0.0338889   0.0509554  0.00100703
          82   0.0367996   0.0507828  0.00100955
          83   0.0491448   0.0507631 0.000997505
          84   0.0384523   0.0506165 0.000996396
          85   0.0478917   0.0505845 0.000985125
          86   0.0409382   0.0504723 0.000980043
          87   0.0613127   0.0505969 0.000976693
          88    0.059307   0.0506959 0.000970591
          89   0.0502276   0.0506906 0.000959637
          90   0.0549313   0.0507377 0.000950084
          91   0.0393759   0.0506129 0.000947845
          92   0.0489542   0.0505948 0.000937659
          93   0.0394778   0.0504753 0.000935193
          94    0.042982   0.0503956 0.000928619
          95   0.0408674   0.0502953  0.00092425
          96   0.0511566   0.0503043 0.000914615
          97   0.0459974   0.0502599 0.000906226
          98   0.0474665   0.0502314 0.000897384
          99   0.0505099   0.0502342 0.000888277
         100   0.0652464   0.0503843 0.000892072
