           1      0.9978      0.9978           0
           2    0.997004    0.997402    0.000398
           3    0.996144    0.996983 0.000478165
           4    0.995956    0.996726 0.000424498
           5     0.99732    0.996845 0.000349618
           6    0.998024    0.997041 0.000346574
           7    0.996348    0.996942 0.000309202
           8      0.9977    0.997037 0.000284034
           9    0.997324    0.997069 0.000252516
          10    0.996696    0.997032 0.000228915
          11    0.996312    0.996966 0.000217149
          12    0.997192    0.996985 0.000199121
          13    0.998384    0.997093 0.000212439
          14    0.997564    0.997126 0.000199541
          15    0.996756    0.997102 0.000187396
          16    0.997096    0.997101 0.000175293
          17    0.997852    0.997145 0.000170479
          18    0.997396    0.997159  0.00016133
          19    0.997832    0.997195 0.000156656
          20    0.996748    0.997172 0.000150286
          21     0.99726    0.997177 0.000143012
          22     0.99756    0.997194 0.000137466
          23    0.996444    0.997161  0.00013534
          24    0.997732    0.997185 0.000131741
          25    0.996528    0.997159 0.000129067
          26    0.995432    0.997092 0.000140671
          27    0.998176    0.997133 0.000141184
          28    0.996856    0.997123 0.000136407
          29     0.99766    0.997141 0.000132917
          30     0.99636    0.997115 0.000131024
          31    0.996852    0.997107 0.000127011
          32    0.996744    0.997095 0.000123499
          33    0.997556    0.997109 0.000120509
          34    0.997428    0.997119 0.000117286
          35    0.997104    0.997118 0.000113887
          36    0.996716    0.997107 0.000111241
          37    0.997472    0.997117 0.000108641
          38    0.997584    0.997129 0.000106455
          39    0.998112    0.997154 0.000106707
          40    0.996348    0.997134 0.000105942
          41     0.99766    0.997147 0.000104118
          42    0.998036    0.997168 0.000103789
          43    0.997156    0.997168 0.000101347
          44     0.99778    0.997182 9.99893e-05
          45    0.997164    0.997182 9.77429e-05
          46     0.99776    0.997194 9.64181e-05
          47    0.997432    0.997199   9.448e-05
          48    0.997068    0.997196 9.25311e-05
          49    0.998416    0.997221 9.39788e-05
          50    0.997204    0.997221 9.20807e-05
          51    0.997912    0.997235 9.12686e-05
          52     0.99716    0.997233 8.95077e-05
          53      0.9974    0.997236 8.78591e-05
          54    0.997648    0.997244 8.65533e-05
          55    0.998108     0.99726 8.64055e-05
          56    0.997268     0.99726 8.48486e-05
          57    0.998128    0.997275 8.47274e-05
          58     0.99748    0.997278 8.33288e-05
          59    0.996664    0.997268 8.25638e-05
          60    0.997788    0.997277 8.16373e-05
          61    0.997664    0.997283 8.05384e-05
          62    0.997136    0.997281 7.92643e-05
          63    0.997628    0.997286 7.81905e-05
          64    0.997344    0.997287 7.69644e-05
          65    0.997648    0.997293 7.59742e-05
          66    0.998076    0.997305 7.57498e-05
          67    0.997292    0.997304 7.46109e-05
          68    0.997652    0.997309  7.3683e-05
          69     0.99766    0.997315 7.27848e-05
          70    0.997832    0.997322 7.21174e-05
          71    0.997252    0.997321 7.11012e-05
          72     0.99822    0.997333   7.121e-05
          73    0.997592    0.997337  7.0317e-05
          74    0.997012    0.997333 6.94992e-05
          75    0.998164    0.997344 6.94566e-05
          76    0.997992    0.997352 6.90655e-05
          77    0.996812    0.997345 6.85227e-05
          78    0.998308    0.997358 6.87556e-05
          79      0.9975    0.997359 6.79036e-05
          80    0.997648    0.997363 6.71465e-05
          81    0.998468    0.997377 6.77012e-05
          82    0.998188    0.997386 6.75986e-05
          83    0.997392    0.997387 6.67792e-05
          84    0.998256    0.997397 6.67864e-05
          85    0.997476    0.997398 6.60025e-05
          86    0.998116    0.997406 6.57629e-05
          87    0.996516    0.997396  6.5803e-05
          88    0.996692    0.997388  6.5541e-05
          89     0.99722    0.997386 6.48278e-05
          90    0.997356    0.997386 6.41043e-05
          91    0.998056    0.997393 6.38224e-05
          92     0.99746    0.997394 6.31291e-05
          93    0.998056    0.997401 6.28512e-05
          94    0.997764    0.997405 6.22988e-05
          95     0.99796    0.997411  6.1916e-05
          96     0.99746    0.997411 6.12698e-05
          97    0.997548    0.997413 6.06512e-05
          98    0.997728    0.997416 6.01154e-05
          99     0.99752    0.997417 5.95144e-05
         100    0.995804    0.997401  6.1084e-05
