           1   -0.482984   -0.482984           0
           2   -0.484464   -0.483724     0.00074
           3   -0.482376   -0.483275 0.000620027
           4   -0.479936    -0.48244 0.000942807
           5   -0.480704   -0.482093 0.000808628
           6   -0.485096   -0.482593 0.000828525
           7   -0.484632   -0.482885 0.000758382
           8   -0.482808   -0.482875 0.000656848
           9    -0.48524   -0.483138   0.0006361
          10   -0.481408   -0.482965  0.00059466
          11   -0.482552   -0.482927 0.000539197
          12   -0.480608   -0.482734 0.000528803
          13   -0.487296   -0.483085 0.000599799
          14    -0.48372    -0.48313 0.000557156
          15   -0.482744   -0.483105 0.000519323
          16   -0.481944   -0.483032 0.000491167
          17   -0.480744   -0.482897 0.000480601
          18   -0.482208   -0.482859 0.000454731
          19    -0.48216   -0.482822 0.000431703
          20   -0.480592   -0.482711 0.000424461
          21    -0.48508   -0.482824 0.000419209
          22   -0.479576   -0.482676 0.000426089
          23     -0.4836   -0.482716 0.000409119
          24   -0.485128   -0.482817 0.000404387
          25   -0.481288   -0.482756 0.000392665
          26   -0.482432   -0.482743 0.000377465
          27   -0.482672    -0.48274 0.000363226
          28   -0.483728   -0.482776 0.000351786
          29   -0.479808   -0.482673 0.000354529
          30   -0.482056   -0.482653 0.000343125
          31   -0.481072   -0.482602 0.000335767
          32    -0.48392   -0.482643 0.000327704
          33   -0.483808   -0.482678 0.000319575
          34   -0.480048   -0.482601 0.000319539
          35   -0.481232   -0.482562 0.000312731
          36   -0.483616   -0.482591 0.000305327
          37   -0.483152   -0.482606 0.000297347
          38   -0.483232   -0.482623 0.000289884
          39   -0.481544   -0.482595 0.000283705
          40   -0.482936   -0.482604 0.000276653
          41   -0.483608   -0.482628 0.000270931
          42     -0.4844    -0.48267 0.000267746
          43   -0.484568   -0.482714 0.000265144
          44   -0.483056   -0.482722 0.000259164
          45   -0.479376   -0.482648 0.000264027
          46   -0.482472   -0.482644 0.000258252
          47   -0.481768   -0.482625 0.000253384
          48   -0.483336    -0.48264  0.00024849
          49   -0.481032   -0.482607 0.000245569
          50   -0.482096   -0.482597 0.000240825
          51    -0.48016   -0.482549 0.000240844
          52   -0.481816   -0.482535 0.000236588
          53   -0.483536   -0.482554 0.000232848
          54   -0.480072   -0.482508 0.000233072
          55   -0.480376   -0.482469 0.000232056
          56   -0.483696   -0.482491 0.000228925
          57   -0.485464   -0.482543 0.000230842
          58   -0.482512   -0.482543 0.000226827
          59   -0.480896   -0.482515  0.00022469
          60   -0.479872   -0.482471 0.000225263
          61   -0.481872   -0.482461 0.000221756
          62   -0.483584   -0.482479 0.000218901
          63   -0.484112   -0.482505 0.000216952
          64   -0.481296   -0.482486 0.000214369
          65   -0.482712    -0.48249 0.000211074
          66    -0.48448    -0.48252 0.000210028
          67    -0.48156   -0.482506 0.000207365
          68   -0.482536   -0.482506 0.000204293
          69   -0.481608   -0.482493  0.00020173
          70   -0.485008   -0.482529 0.000202048
          71   -0.484248   -0.482553 0.000200648
          72   -0.482256   -0.482549 0.000197885
          73   -0.484072    -0.48257 0.000196267
          74    -0.48084   -0.482546 0.000195003
          75   -0.480704   -0.482522 0.000193947
          76   -0.484384   -0.482546 0.000192941
          77   -0.483024   -0.482553 0.000190519
          78   -0.486472   -0.482603 0.000194658
          79   -0.480976   -0.482582 0.000193279
          80    -0.48232   -0.482579 0.000190875
          81   -0.483128   -0.482586 0.000188626
          82    -0.48544   -0.482621 0.000189535
          83   -0.483976   -0.482637 0.000187948
          84   -0.484088   -0.482654 0.000186499
          85   -0.485008   -0.482682 0.000186361
          86    -0.48356   -0.482692 0.000184464
          87   -0.483328   -0.482699 0.000182478
          88   -0.482056   -0.482692  0.00018054
          89     -0.4828   -0.482693 0.000178504
          90   -0.479952   -0.482663 0.000179119
          91   -0.480512   -0.482639 0.000178709
          92   -0.483208   -0.482645 0.000176864
          93     -0.4812    -0.48263 0.000175641
          94   -0.483904   -0.482643  0.00017429
          95   -0.482336    -0.48264 0.000172476
          96    -0.48012   -0.482614 0.000172677
          97   -0.482608   -0.482614 0.000170888
          98   -0.484528   -0.482633 0.000170259
          99   -0.481648   -0.482623 0.000168824
         100   -0.483616   -0.482633 0.000167422
