           1      1.5429      1.5429           0
           2     1.48144     1.51217   0.0307284
           3     1.46037      1.4949    0.024755
           4     1.44981     1.48363   0.0208199
           5     1.49992     1.48689   0.0164526
           6     1.51134     1.49096    0.014038
           7     1.61268     1.50835   0.0210503
           8     1.50581     1.50803   0.0182329
           9     1.51799     1.50914   0.0161179
          10     1.48294     1.50652   0.0146524
          11     1.46666      1.5029   0.0137401
          12     1.45196     1.49865   0.0132416
          13       1.576      1.5046   0.0135559
          14     1.48925      1.5035   0.0125982
          15     1.49768     1.50312   0.0117347
          16     1.52746     1.50464   0.0110817
          17      1.5212     1.50561   0.0104549
          18      1.5374     1.50738   0.0100139
          19     1.50835     1.50743  0.00947236
          20     1.47697     1.50591  0.00911441
          21     1.53347     1.50722  0.00876833
          22     1.48204     1.50607  0.00843824
          23     1.53339     1.50726  0.00814998
          24     1.53871     1.50857  0.00791226
          25     1.57012     1.51103  0.00797849
          26     1.49971      1.5106  0.00767786
          27     1.56377     1.51257  0.00764602
          28     1.53029      1.5132  0.00739501
          29     1.45687     1.51126   0.0073951
          30     1.47794     1.51015  0.00723014
          31     1.49106     1.50953  0.00702007
          32     1.54205     1.51055  0.00687272
          33     1.48037     1.50963  0.00672368
          34     1.49366     1.50916  0.00653982
          35     1.48638     1.50851   0.0063835
          36     1.49713      1.5082   0.0062117
          37      1.5179     1.50846  0.00604718
          38     1.54488     1.50942   0.0059634
          39     1.46581      1.5083  0.00591512
          40     1.51424     1.50845  0.00576726
          41     1.48242     1.50781  0.00566054
          42     1.47639     1.50706  0.00557455
          43     1.52853     1.50756  0.00546621
          44      1.4673     1.50665  0.00541836
          45     1.49863     1.50647  0.00529958
          46     1.45542     1.50536  0.00530058
          47     1.46416     1.50448  0.00526012
          48     1.52519     1.50492  0.00516741
          49       1.544     1.50571  0.00512331
          50     1.49507      1.5055  0.00502431
          51     1.49234     1.50524  0.00493156
          52      1.4863     1.50488   0.0048495
          53     1.48541     1.50451  0.00477128
          54      1.5658     1.50565  0.00481768
          55     1.47529     1.50509  0.00476137
          56     1.45747     1.50424   0.0047523
          57     1.53722     1.50482  0.00470389
          58     1.46601     1.50415  0.00467026
          59     1.46868     1.50355  0.00462963
          60     1.54371     1.50422  0.00460075
          61     1.51796     1.50445   0.0045303
          62     1.51593     1.50463  0.00446048
          63     1.49654      1.5045  0.00439099
          64     1.44287     1.50354  0.00442784
          65      1.4655     1.50295  0.00439829
          66     1.51643     1.50316  0.00433595
          67     1.52798     1.50353  0.00428678
          68     1.49717     1.50344   0.0042243
          69     1.40954     1.50207  0.00437943
          70     1.55628     1.50285  0.00438532
          71     1.46081     1.50226  0.00436347
          72     1.50905     1.50235  0.00430347
          73     1.51462     1.50252  0.00424743
          74     1.53302     1.50293  0.00420987
          75     1.43366     1.50201   0.0042548
          76     1.49192     1.50187  0.00420054
          77     1.53816     1.50235  0.00417233
          78     1.51214     1.50247   0.0041204
          79     1.54826     1.50305    0.004109
          80     1.50589     1.50309  0.00405747
          81     1.50442      1.5031  0.00400709
          82     1.47962     1.50282  0.00396827
          83     1.57059     1.50363  0.00400432
          84     1.53467       1.504  0.00397357
          85       1.522     1.50421  0.00393225
          86     1.49904     1.50415  0.00388672
          87     1.51997     1.50434  0.00384609
          88     1.48312      1.5041  0.00380976
          89      1.6006     1.50518  0.00391967
          90     1.51016     1.50523  0.00387627
          91     1.47848     1.50494  0.00384469
          92      1.4767     1.50463  0.00381504
          93     1.50422     1.50463   0.0037738
          94     1.54082     1.50501  0.00375324
          95        1.49     1.50486  0.00371689
          96      1.5014     1.50482  0.00367814
          97     1.52176       1.505  0.00364421
          98     1.53493      1.5053  0.00361974
          99     1.50542      1.5053    0.003583
         100     1.50108     1.50526  0.00354724
