           1    0.216023    0.216023           0
           2    0.215959    0.215991 3.20155e-05
           3    0.213852    0.215278 0.000713211
           4    0.208984    0.213704  0.00165236
           5    0.216547    0.214273  0.00140051
           6    0.213677    0.214174  0.00114782
           7    0.215814    0.214408 0.000997973
           8    0.204584     0.21318   0.0015016
           9    0.211777    0.213024  0.00133343
          10    0.215286     0.21325   0.0012139
          11    0.206234    0.212612  0.00126981
          12     0.20967    0.212367  0.00118482
          13    0.217607     0.21277  0.00116203
          14    0.214022     0.21286  0.00107954
          15    0.213259    0.212886  0.00100535
          16    0.214215    0.212969 0.000944075
          17    0.211742    0.212897 0.000889738
          18    0.212941      0.2129 0.000838857
          19    0.215993    0.213062  0.00081001
          20    0.217489    0.213284 0.000799679
          21     0.21586    0.213406 0.000770474
          22    0.212226    0.213353 0.000736576
          23    0.213999    0.213381 0.000704383
          24    0.215676    0.213476  0.00068114
          25    0.207826     0.21325 0.000691313
          26    0.216082    0.213359 0.000673062
          27    0.215852    0.213452 0.000654203
          28    0.213578    0.213456 0.000630422
          29    0.219142    0.213652  0.00063911
          30    0.210911    0.213561 0.000624164
          31    0.211202    0.213485 0.000608471
          32    0.209214    0.213351 0.000604075
          33    0.207063    0.213161 0.000615709
          34    0.216306    0.213253 0.000604445
          35    0.208041    0.213104  0.00060552
          36    0.213749    0.213122 0.000588732
          37    0.214449    0.213158  0.00057372
          38    0.207102    0.212999 0.000580716
          39    0.213223    0.213005 0.000565659
          40     0.21257    0.212994 0.000551444
          41    0.204637     0.21279 0.000575148
          42    0.210365    0.212732 0.000564249
          43    0.213907    0.212759 0.000551648
          44    0.213393    0.212774 0.000539157
          45    0.209138    0.212693 0.000533197
          46    0.215104    0.212745 0.000524105
          47    0.212646    0.212743 0.000512837
          48    0.214272    0.212775 0.000503048
          49    0.213862    0.212797 0.000493174
          50    0.206087    0.212663 0.000501504
          51    0.208062    0.212573 0.000499784
          52    0.214062    0.212602 0.000490914
          53    0.210743    0.212566 0.000482837
          54    0.207246    0.212468 0.000483946
          55    0.212971    0.212477 0.000475153
          56    0.212234    0.212473 0.000466611
          57    0.213304    0.212487 0.000458584
          58    0.212939    0.212495 0.000450675
          59    0.208406    0.212426 0.000448361
          60    0.213398    0.212442 0.000441123
          61    0.209574    0.212395 0.000436372
          62    0.209781    0.212353 0.000431341
          63    0.213661    0.212374 0.000424947
          64    0.209688    0.212332 0.000420355
          65    0.203794      0.2122 0.000434182
          66    0.211365    0.212188  0.00042774
          67    0.213028      0.2122 0.000421494
          68    0.214621    0.212236 0.000416772
          69    0.215685    0.212286 0.000413719
          70    0.212377    0.212287 0.000407768
          71    0.209514    0.212248 0.000403877
          72     0.21308     0.21226 0.000398395
          73    0.209658    0.212224 0.000394512
          74    0.214913     0.21226 0.000390838
          75    0.211459     0.21225 0.000385739
          76    0.205881    0.212166 0.000389744
          77    0.213963    0.212189 0.000385357
          78    0.210478    0.212167 0.000381017
          79    0.214041    0.212191  0.00037691
          80     0.20953    0.212158 0.000373652
          81    0.210586    0.212138  0.00036952
          82    0.212208    0.212139 0.000364987
          83    0.212062    0.212138 0.000360564
          84    0.213894    0.212159 0.000356858
          85    0.209062    0.212123 0.000354512
          86    0.214996    0.212156 0.000351955
          87    0.210852    0.212141 0.000348209
          88    0.207099    0.212084 0.000348964
          89    0.214992    0.212116 0.000346565
          90    0.212849    0.212125 0.000342789
          91    0.210221    0.212104 0.000339646
          92    0.218255    0.212171 0.000342523
          93    0.213715    0.212187 0.000339227
          94    0.214659    0.212213 0.000336627
          95    0.208483    0.212174 0.000335372
          96    0.209852     0.21215  0.00033274
          97    0.215662    0.212186 0.000331277
          98    0.213824    0.212203 0.000328304
          99    0.216215    0.212243 0.000327488
         100    0.211214    0.212233  0.00032436
