           1       6.178       6.178           0
           2     6.63605     6.40702    0.229025
           3     6.55656     6.45687     0.14131
           4     6.63798     6.50214    0.109702
           5     6.34713     6.47114   0.0904536
           6     6.65874     6.50241   0.0802004
           7     6.35547     6.48142   0.0709575
           8     6.59082     6.49509   0.0629542
           9      6.4427     6.48927   0.0558247
          10     6.27045     6.46739   0.0545157
          11     6.21365     6.44432   0.0544401
          12      6.3364     6.43533    0.050504
          13     6.49803     6.44015   0.0467067
          14     7.04405     6.48329   0.0610784
          15     6.08781     6.45692    0.062676
          16     6.48034     6.45839   0.0586463
          17     6.00421     6.43167    0.061225
          18     6.48016     6.43436   0.0577863
          19     6.79725     6.45346   0.0579011
          20      6.6311     6.46234   0.0556433
          21      6.7464     6.47587   0.0546284
          22     6.33579      6.4695   0.0524739
          23     6.82385     6.48491   0.0524541
          24     6.29682     6.47707   0.0508288
          25     6.68431     6.48536    0.049453
          26     6.14744     6.47237   0.0492584
          27     6.43841     6.47111   0.0474156
          28     5.74564      6.4452   0.0525258
          29     6.70709     6.45423   0.0514805
          30      6.3618     6.45115   0.0498302
          31     6.37941     6.44883   0.0482515
          32     6.77732      6.4591   0.0478338
          33     6.30814     6.45452   0.0465868
          34     6.29663     6.44988   0.0454337
          35      6.3287     6.44642   0.0442522
          36     6.36251     6.44409   0.0430685
          37     6.27724     6.43958   0.0421304
          38     6.62069     6.44434   0.0412827
          39     6.48939      6.4455   0.0402269
          40     7.38275     6.46893   0.0456762
          41      6.7032     6.47464   0.0449132
          42     6.54566     6.47634   0.0438634
          43     6.61019     6.47945   0.0429441
          44     6.21603     6.47346   0.0423817
          45     6.34304     6.47056   0.0415305
          46      6.4853     6.47088   0.0406189
          47     6.56267     6.47284   0.0397932
          48     6.04758     6.46398   0.0399501
          49     6.30021     6.46063   0.0392688
          50     6.40338     6.45949   0.0384924
          51     6.00389     6.45056   0.0387733
          52     6.55075     6.45248   0.0380691
          53      6.4525     6.45248   0.0373439
          54     6.12981     6.44651   0.0371298
          55     6.30071     6.44386   0.0365448
          56     6.39912     6.44306   0.0358951
          57     6.58734     6.44559   0.0353505
          58     6.69175     6.44983    0.034994
          59     7.05706     6.46013   0.0359026
          60     5.98165     6.45215   0.0361887
          61     6.50308     6.45299   0.0356003
          62     6.28916     6.45034   0.0351209
          63     6.58729     6.45252   0.0346272
          64     6.35266     6.45096   0.0341176
          65     6.76589      6.4558   0.0339362
          66     6.46737     6.45598   0.0334186
          67     6.56998     6.45768     0.03296
          68     6.80373     6.46277    0.032868
          69     6.43803     6.46241   0.0323901
          70     6.50683     6.46304   0.0319304
          71     6.66985     6.46596   0.0316119
          72     6.20181     6.46229   0.0313849
          73     6.28431     6.45985   0.0310479
          74     6.37358     6.45868   0.0306476
          75     6.38974     6.45776   0.0302502
          76     6.08154     6.45281   0.0302572
          77     6.13199     6.44865   0.0301509
          78      6.0585     6.44365   0.0301793
          79     6.54654     6.44495   0.0298233
          80     5.98707     6.43922   0.0299992
          81     6.64155     6.44172   0.0297316
          82     6.35913     6.44072    0.029384
          83     6.01983     6.43564   0.0294675
          84     6.31125     6.43416   0.0291522
          85     6.44656     6.43431   0.0288075
          86     6.58972     6.43612   0.0285279
          87     6.57848     6.43775   0.0282455
          88     6.38542     6.43716    0.027929
          89     6.81597     6.44141   0.0279395
          90     6.53253     6.44243   0.0276459
          91     6.34794     6.44139   0.0273601
          92     6.35255     6.44042   0.0270783
          93     6.07019     6.43644   0.0270798
          94     6.57864     6.43795   0.0268328
          95     6.01009     6.43345   0.0269282
          96     6.15989      6.4306   0.0267982
          97     6.58346     6.43218   0.0265672
          98     7.14194     6.43942   0.0272739
          99     6.78632     6.44292   0.0272235
         100     6.53007     6.44379   0.0269639
