           1    0.421633    0.421633           0
           2    0.417467     0.41955  0.00208283
           3     0.39422    0.411106  0.00852866
           4    0.417322     0.41266  0.00622761
           5    0.405442    0.411217   0.0050353
           6    0.394437     0.40842  0.00497229
           7    0.416145    0.409524  0.00434484
           8    0.405182    0.408981  0.00380167
           9    0.404476     0.40848  0.00338991
          10    0.409247    0.408557    0.003033
          11    0.409868    0.408676  0.00274604
          12    0.402742    0.408182   0.0025551
          13    0.403995     0.40786  0.00237231
          14    0.408907    0.407934  0.00219761
          15    0.394317    0.407027  0.00223825
          16     0.41323    0.407414  0.00212929
          17    0.414583    0.407836  0.00204408
          18    0.425703    0.408829  0.00216778
          19    0.414636    0.409134  0.00207317
          20     0.40446    0.408901  0.00198062
          21    0.408216    0.408868  0.00188422
          22    0.400631    0.408494  0.00183513
          23    0.418725    0.408938  0.00180908
          24    0.414655    0.409177  0.00174837
          25    0.398801    0.408762  0.00172756
          26    0.411284    0.408859  0.00166262
          27    0.419403    0.409249  0.00164684
          28     0.40535     0.40911  0.00159303
          29    0.414634      0.4093  0.00154888
          30    0.416145    0.409529  0.00151365
          31    0.404906    0.409379  0.00147159
          32    0.415516    0.409571   0.0014377
          33    0.408601    0.409542  0.00139377
          34    0.420397    0.409861  0.00138933
          35    0.413552    0.409967  0.00135317
          36    0.413934    0.410077  0.00131965
          37    0.415004     0.41021  0.00129038
          38    0.407424    0.410137   0.0012581
          39    0.432883     0.41072  0.00135714
          40    0.434985    0.411326  0.00145524
          41    0.405481    0.411184  0.00142644
          42    0.403894     0.41101  0.00140284
          43    0.410198    0.410991  0.00136996
          44    0.411048    0.410993  0.00133846
          45    0.412433    0.411025  0.00130877
          46    0.421919    0.411262  0.00130173
          47    0.413373    0.411306  0.00127453
          48    0.404788    0.411171  0.00125506
          49    0.415681    0.411263  0.00123262
          50    0.416763    0.411373  0.00121272
          51    0.387929    0.410913  0.00127448
          52    0.420466    0.411097  0.00126316
          53    0.421579    0.411295  0.00125479
          54    0.419493    0.411446  0.00124066
          55    0.409092    0.411404  0.00121864
          56    0.410347    0.411385  0.00119683
          57    0.410884    0.411376  0.00117568
          58    0.418908    0.411506  0.00116251
          59    0.425256    0.411739  0.00116616
          60    0.397873    0.411508  0.00116961
          61    0.424151    0.411715   0.0011688
          62    0.426989    0.411961  0.00117589
          63    0.403119    0.411821  0.00116556
          64    0.408586     0.41177  0.00114832
          65     0.43712     0.41216  0.00119589
          66    0.398521    0.411954  0.00119563
          67    0.402145    0.411807  0.00118671
          68    0.409214    0.411769  0.00116975
          69    0.411687    0.411768  0.00115268
          70    0.400573    0.411608  0.00114729
          71    0.410107    0.411587  0.00113122
          72     0.42847    0.411821  0.00113977
          73    0.407808    0.411766   0.0011254
          74    0.406991    0.411702  0.00111196
          75    0.396752    0.411503  0.00111499
          76    0.398804    0.411335  0.00111284
          77    0.399475    0.411181  0.00110904
          78      0.3941    0.410962  0.00111642
          79    0.421272    0.411093   0.0011099
          80    0.408287    0.411058   0.0010965
          81    0.410157    0.411047  0.00108293
          82    0.407567    0.411004  0.00107049
          83    0.406101    0.410945  0.00105916
          84    0.405983    0.410886  0.00104814
          85    0.423147     0.41103  0.00104573
          86    0.402734    0.410934  0.00103799
          87    0.415356    0.410985  0.00102725
          88    0.411424     0.41099  0.00101552
          89    0.415378    0.411039  0.00100526
          90    0.402958    0.410949 0.000998071
          91    0.403659    0.410869 0.000990288
          92    0.400722    0.410759 0.000985655
          93    0.409479    0.410745 0.000975096
          94    0.404234    0.410676 0.000967151
          95    0.408108    0.410649 0.000957298
          96    0.404213    0.410582 0.000949643
          97    0.413409    0.410611 0.000940254
          98    0.418156    0.410688  0.00093379
          99    0.407716    0.410658 0.000924797
         100    0.398251    0.410534 0.000923871
