           1   -0.738752   -0.738752           0
           2   -0.741952   -0.740352      0.0016
           3   -0.743432   -0.741379  0.00138108
           4   -0.737888   -0.740506  0.00130967
           5   -0.740416   -0.740488  0.00101463
           6    -0.74232   -0.740793 0.000882915
           7   -0.739928    -0.74067  0.00075637
           8   -0.744056   -0.741093 0.000779899
           9   -0.740992   -0.741082 0.000687898
          10    -0.74368   -0.741342 0.000667885
          11   -0.738256   -0.741061 0.000666072
          12   -0.742688   -0.741197 0.000622969
          13   -0.741808   -0.741244 0.000574975
          14   -0.743784   -0.741425 0.000562399
          15     -0.7354   -0.741023 0.000659897
          16    -0.73948   -0.740927 0.000624769
          17   -0.739272    -0.74083 0.000594888
          18    -0.73912   -0.740735 0.000568852
          19   -0.739992   -0.740696 0.000539498
          20   -0.741152   -0.740718 0.000512321
          21   -0.742736   -0.740814 0.000496695
          22   -0.738504   -0.740709 0.000485085
          23   -0.744048   -0.740855 0.000485712
          24    -0.74092   -0.740857 0.000465041
          25   -0.744736   -0.741012 0.000472264
          26   -0.740552   -0.740995 0.000454082
          27   -0.737088    -0.74085 0.000460276
          28    -0.73904   -0.740785 0.000448219
          29   -0.743304   -0.740872 0.000441121
          30   -0.738736   -0.740801 0.000432071
          31   -0.737848   -0.740706 0.000428621
          32   -0.747784   -0.740927 0.000470277
          33    -0.73832   -0.740848 0.000462599
          34   -0.738864    -0.74079 0.000452565
          35   -0.740456    -0.74078 0.000439547
          36   -0.740344   -0.740768 0.000427335
          37   -0.742568   -0.740817 0.000418462
          38   -0.739448   -0.740781 0.000408891
          39    -0.74176   -0.740806 0.000399059
          40   -0.742704   -0.740853 0.000391839
          41    -0.73852   -0.740796 0.000386376
          42   -0.745128   -0.740899 0.000390915
          43   -0.743912   -0.740969 0.000388092
          44   -0.743544   -0.741028 0.000383657
          45   -0.738424    -0.74097 0.000379473
          46   -0.739392   -0.740936 0.000372714
          47   -0.739952   -0.740915 0.000365298
          48   -0.739096   -0.740877 0.000359609
          49    -0.74456   -0.740952 0.000360125
          50    -0.74236    -0.74098  0.00035397
          51   -0.741296   -0.740987 0.000347015
          52   -0.740296   -0.740973 0.000340536
          53   -0.737696   -0.740911 0.000339723
          54   -0.738472   -0.740866  0.00033642
          55   -0.740976   -0.740868 0.000330252
          56      -0.742   -0.740888  0.00032493
          57   -0.741552     -0.7409 0.000319391
          58    -0.73892   -0.740866 0.000315688
          59   -0.742208   -0.740889 0.000311123
          60   -0.740112   -0.740876 0.000306168
          61   -0.742064   -0.740895 0.000301736
          62   -0.740752   -0.740893 0.000296839
          63    -0.74356   -0.740935 0.000295141
          64   -0.741688   -0.740947 0.000290731
          65   -0.741464   -0.740955 0.000286334
          66   -0.743016   -0.740986 0.000283686
          67   -0.742696   -0.741012 0.000280583
          68   -0.741928   -0.741025 0.000276754
          69   -0.741016   -0.741025 0.000272714
          70   -0.740096   -0.741012 0.000269117
          71   -0.742832   -0.741037 0.000266535
          72   -0.734792   -0.740951 0.000276752
          73   -0.740392   -0.740943 0.000273042
          74   -0.741104   -0.740945 0.000269336
          75   -0.741176   -0.740948 0.000265738
          76   -0.742824   -0.740973 0.000263377
          77   -0.741568   -0.740981 0.000260049
          78    -0.74008   -0.740969 0.000256953
          79   -0.739528   -0.740951 0.000254335
          80   -0.741544   -0.740958 0.000251245
          81   -0.743904   -0.740995 0.000250775
          82   -0.738728   -0.740967 0.000249235
          83     -0.7418   -0.740977 0.000246418
          84   -0.740624   -0.740973 0.000243503
          85   -0.739584   -0.740957 0.000241176
          86   -0.739176   -0.740936 0.000239252
          87    -0.74296   -0.740959 0.000237628
          88   -0.738016   -0.740926 0.000237281
          89   -0.742584   -0.740944 0.000235339
          90   -0.739544   -0.740929 0.000233229
          91   -0.738464   -0.740902 0.000232236
          92   -0.741672    -0.74091 0.000229851
          93   -0.737784   -0.740876 0.000229837
          94    -0.74136   -0.740882 0.000227437
          95   -0.740944   -0.740882 0.000225031
          96   -0.736032   -0.740832 0.000228334
          97   -0.738672   -0.740809 0.000227062
          98    -0.74364   -0.740838 0.000226582
          99   -0.746008   -0.740891  0.00023028
         100   -0.739872    -0.74088 0.000228193
