           1    0.393088    0.393088           0
           2    0.391172     0.39213 0.000958276
           3    0.381357    0.388539  0.00363328
           4     0.40343    0.392262  0.00452316
           5     0.38408    0.390625  0.00386693
           6    0.379403    0.388755  0.00366979
           7    0.395643    0.389739   0.0032539
           8    0.390947     0.38989    0.002822
           9    0.389397    0.389835  0.00248938
          10    0.383689    0.389221  0.00230984
          11    0.388347    0.389141  0.00209083
          12    0.393014    0.389464  0.00193576
          13    0.389034    0.389431  0.00178094
          14    0.374332    0.388352  0.00197024
          15    0.373069    0.387333   0.0020982
          16    0.394936    0.387809  0.00201938
          17    0.367734    0.386628  0.00223441
          18    0.393449    0.387007  0.00214043
          19    0.383985    0.386848  0.00203088
          20     0.37043    0.386027  0.00209424
          21    0.365594    0.385054  0.00221696
          22    0.378317    0.384748  0.00213585
          23    0.394478    0.385171  0.00208426
          24    0.368602     0.38448  0.00211157
          25    0.375485     0.38412  0.00205706
          26    0.382986    0.384077  0.00197685
          27    0.394767    0.384473  0.00194299
          28    0.380529    0.384332   0.0018776
          29      0.3931    0.384634  0.00183676
          30    0.377702    0.384403  0.00178946
          31    0.388969    0.384551  0.00173703
          32    0.381781    0.384464  0.00168409
          33    0.388815    0.384596  0.00163758
          34    0.378191    0.384407  0.00159982
          35    0.370962    0.384023  0.00160023
          36    0.393837    0.384296  0.00157885
          37    0.386129    0.384345  0.00153639
          38    0.401464    0.384796  0.00156179
          39    0.379316    0.384655  0.00152769
          40    0.391173    0.384818   0.0014979
          41    0.380508    0.384713  0.00146469
          42    0.390866     0.38486  0.00143687
          43    0.379304     0.38473    0.001409
          44    0.391766     0.38489  0.00138586
          45    0.391375    0.385034  0.00136235
          46    0.381618     0.38496  0.00133448
          47    0.374413    0.384736  0.00132492
          48    0.378904    0.384614   0.0013027
          49     0.37209    0.384359  0.00130118
          50    0.387169    0.384415  0.00127613
          51     0.37647    0.384259  0.00126052
          52    0.384998    0.384273  0.00123613
          53    0.382671    0.384243  0.00121296
          54     0.38487    0.384255  0.00119034
          55    0.387418    0.384312  0.00116991
          56    0.387269    0.384365  0.00115004
          57    0.384967    0.384376  0.00112974
          58    0.373268    0.384184  0.00112648
          59    0.391278    0.384304  0.00111374
          60    0.370467    0.384074  0.00111904
          61    0.385736    0.384101  0.00110088
          62    0.387289    0.384152   0.0010842
          63    0.387666    0.384208  0.00106831
          64    0.382378     0.38418  0.00105187
          65    0.382449    0.384153   0.0010359
          66    0.377685    0.384055  0.00102478
          67    0.387248    0.384103   0.0010105
          68    0.372221    0.383928  0.00101075
          69    0.378005    0.383842 0.000999682
          70    0.380974    0.383801 0.000986148
          71    0.394021    0.383945 0.000982759
          72    0.380682      0.3839 0.000970072
          73    0.376081    0.383793 0.000962667
          74    0.370966    0.383619  0.00096526
          75    0.382934     0.38361 0.000952347
          76    0.383963    0.383615 0.000939744
          77    0.369731    0.383434 0.000944823
          78    0.390958    0.383531 0.000937606
          79    0.373651    0.383406 0.000934071
          80    0.384611    0.383421 0.000922444
          81    0.372583    0.383287 0.000920758
          82    0.389786    0.383366 0.000912906
          83    0.392344    0.383475 0.000908303
          84    0.387114    0.383518  0.00089847
          85    0.378664    0.383461 0.000889672
          86    0.379626    0.383416 0.000880396
          87     0.38495    0.383434 0.000870396
          88    0.396265     0.38358 0.000872715
          89    0.384669    0.383592  0.00086294
          90    0.381469    0.383568 0.000853624
          91    0.378866    0.383517 0.000845772
          92     0.37725    0.383448 0.000839296
          93     0.38446    0.383459 0.000830294
          94    0.392915     0.38356  0.00082755
          95    0.370419    0.383422 0.000830395
          96    0.381895    0.383406 0.000821853
          97    0.381063    0.383382 0.000813695
          98    0.391503    0.383464 0.000809602
          99    0.400631    0.383638 0.000819929
         100    0.375743    0.383559 0.000815518
