           1    -0.70276    -0.70276           0
           2    -0.70552    -0.70414     0.00138
           3    -0.70068   -0.702987  0.00140178
           4        -0.7    -0.70224  0.00124097
           5    -0.70036   -0.701864  0.00103217
           6     -0.7056   -0.702487  0.00104784
           7    -0.70328     -0.7026 0.000892807
           8   -0.704224   -0.702803 0.000799398
           9   -0.703704   -0.702903 0.000712075
          10   -0.701464   -0.702759 0.000652956
          11   -0.705416   -0.703001 0.000638098
          12   -0.698512   -0.702627 0.000692263
          13   -0.702112   -0.702587 0.000638019
          14   -0.700608   -0.702446 0.000607371
          15    -0.69792   -0.702144 0.000640893
          16   -0.701272   -0.702089 0.000601973
          17    -0.70144   -0.702051 0.000566744
          18   -0.700024   -0.701939 0.000546073
          19   -0.700264   -0.701851 0.000523999
          20    -0.69928   -0.701722 0.000513455
          21   -0.701992   -0.701735 0.000488563
          22   -0.702312   -0.701761 0.000466564
          23   -0.700784   -0.701719 0.000447837
          24   -0.703136   -0.701778  0.00043282
          25   -0.701864   -0.701781  0.00041516
          26    -0.70148    -0.70177 0.000399041
          27   -0.700984    -0.70174 0.000385078
          28   -0.701248   -0.701723 0.000371487
          29   -0.698896   -0.701625 0.000371466
          30   -0.700432   -0.701586 0.000361069
          31   -0.700296   -0.701544 0.000351696
          32    -0.70296   -0.701588 0.000343391
          33   -0.703048   -0.701632  0.00033575
          34    -0.70024   -0.701592  0.00032829
          35   -0.703864   -0.701656 0.000325317
          36   -0.701592   -0.701655 0.000316156
          37   -0.701136   -0.701641 0.000307812
          38     -0.7028   -0.701671 0.000301152
          39   -0.701976   -0.701679 0.000293433
          40   -0.699176   -0.701616 0.000292768
          41    -0.70356   -0.701664 0.000289446
          42      -0.702   -0.701672 0.000282584
          43    -0.70424   -0.701732 0.000282324
          44   -0.700192   -0.701697 0.000278043
          45   -0.704712   -0.701764 0.000279933
          46   -0.701368   -0.701755 0.000273915
          47   -0.701824   -0.701756 0.000268027
          48   -0.698024   -0.701679 0.000273664
          49    -0.70364   -0.701719 0.000270993
          50   -0.698728   -0.701659 0.000272172
          51   -0.700352   -0.701633  0.00026801
          52   -0.701744   -0.701635 0.000262814
          53   -0.701776   -0.701638 0.000257821
          54   -0.701272   -0.701631 0.000253092
          55   -0.705584   -0.701703 0.000258634
          56    -0.69876   -0.701651 0.000259354
          57   -0.702472   -0.701665  0.00025517
          58    -0.70588   -0.701738 0.000261052
          59   -0.701912   -0.701741 0.000256606
          60   -0.700448   -0.701719 0.000253211
          61     -0.7028   -0.701737 0.000249655
          62   -0.701512   -0.701733 0.000245622
          63   -0.700072   -0.701707 0.000243126
          64   -0.700816   -0.701693 0.000239702
          65   -0.701896   -0.701696 0.000236006
          66    -0.69596   -0.701609 0.000248121
          67   -0.700408   -0.701591 0.000245046
          68   -0.697136   -0.701526 0.000250148
          69   -0.700704   -0.701514 0.000246784
          70   -0.702272   -0.701525 0.000243474
          71   -0.700736   -0.701513 0.000240277
          72   -0.701016   -0.701507 0.000237017
          73   -0.702744   -0.701524 0.000234361
          74   -0.702792   -0.701541 0.000231807
          75     -0.7006   -0.701528 0.000229039
          76   -0.700576   -0.701516 0.000226352
          77    -0.69964   -0.701491 0.000224718
          78    -0.70096   -0.701484 0.000221922
          79    -0.70104   -0.701479 0.000219167
          80   -0.702496   -0.701492 0.000216784
          81   -0.699544   -0.701467 0.000215436
          82   -0.700752   -0.701459 0.000212972
          83   -0.698968   -0.701429  0.00021252
          84   -0.703736   -0.701456 0.000211763
          85   -0.700168   -0.701441 0.000209805
          86   -0.701328    -0.70144 0.000207355
          87   -0.701328   -0.701438 0.000204962
          88   -0.701808   -0.701443 0.000202663
          89    -0.70352   -0.701466 0.000201728
          90   -0.699376   -0.701443 0.000200821
          91   -0.702144    -0.70145 0.000198752
          92   -0.701952   -0.701456 0.000196655
          93   -0.699936    -0.70144 0.000195214
          94   -0.702048   -0.701446 0.000193235
          95   -0.702232   -0.701454 0.000191369
          96   -0.700032    -0.70144 0.000189944
          97   -0.702928   -0.701455   0.0001886
          98    -0.70148   -0.701455 0.000186666
          99   -0.699688   -0.701437 0.000185631
         100   -0.705352   -0.701476 0.000187889
