           1     5.18264     5.18264           0
           2     4.71057     4.94661    0.236031
           3     5.43384     5.10902     0.21201
           4     5.10437     5.10786    0.149918
           5     5.11546     5.10938    0.116136
           6     5.33994      5.1478    0.102315
           7      5.0095     5.12804   0.0887005
           8     4.93731      5.1042   0.0804315
           9     4.80738     5.07122   0.0782261
          10     4.84451     5.04855    0.073549
          11     5.11798     5.05486   0.0668263
          12     4.86705     5.03921   0.0629796
          13     5.19409     5.05113   0.0591452
          14     4.75636     5.03007   0.0586661
          15     4.68591     5.00713   0.0592388
          16     5.05126     5.00989   0.0554814
          17     4.82811     4.99919   0.0532013
          18     5.14381     5.00723    0.050798
          19     5.00194     5.00695   0.0480509
          20     4.22431     4.96782   0.0600777
          21     4.62209     4.95135   0.0594694
          22     4.90093     4.94906   0.0567482
          23     4.85612     4.94502   0.0543751
          24     4.77828     4.93807   0.0525217
          25     4.66653     4.92721   0.0515347
          26     4.57946     4.91384   0.0512877
          27     5.00049     4.91705   0.0494559
          28     4.89959     4.91642   0.0476609
          29     5.03942     4.92066   0.0461833
          30     4.97485     4.92247   0.0446538
          31     4.80087     4.91855   0.0433671
          32     4.90563     4.91814    0.041992
          33     5.23415     4.92772    0.041811
          34     4.82625     4.92473   0.0406722
          35     4.68577     4.91791   0.0400789
          36     5.20508     4.92588   0.0397582
          37      5.1042      4.9307   0.0389679
          38      5.2042      4.9379   0.0386054
          39     4.76906     4.93357   0.0378509
          40     4.49271     4.92255   0.0385036
          41     4.90358     4.92209   0.0375556
          42     4.98546      4.9236   0.0366816
          43      5.1245     4.92827   0.0361218
          44     4.98698      4.9296   0.0353165
          45     5.68208     4.94632   0.0383593
          46     4.70554     4.94109   0.0378796
          47     4.81857     4.93848   0.0371564
          48     4.69597     4.93343   0.0367233
          49       5.013     4.93505   0.0360027
          50     4.56387     4.92763    0.036048
          51     5.06526     4.93033    0.035437
          52     5.07009     4.93302   0.0348526
          53     4.66134     4.92789   0.0345708
          54     4.45677     4.91917   0.0350285
          55      5.2583     4.92533   0.0349342
          56     5.00352     4.92673   0.0343331
          57     4.82331     4.92491   0.0337741
          58      4.6926     4.92091   0.0334275
          59     4.78566     4.91862    0.032936
          60      4.8347     4.91722   0.0324126
          61     5.27016       4.923   0.0323976
          62     5.02699     4.92468   0.0319149
          63      5.0058     4.92597   0.0314306
          64      5.0854     4.92846   0.0310357
          65      4.6118     4.92359   0.0309405
          66     4.56597     4.91817   0.0309461
          67     4.93601     4.91844   0.0304819
          68     4.88852       4.918   0.0300335
          69     5.02714     4.91958   0.0296373
          70     5.35857     4.92585   0.0298765
          71     4.92165     4.92579   0.0294527
          72     5.11046     4.92836   0.0291538
          73     4.71463     4.92543   0.0289004
          74     5.13958     4.92832   0.0286537
          75     4.81962     4.92687   0.0283062
          76     4.97261     4.92747   0.0279377
          77      4.6223     4.92351   0.0278559
          78      5.0488     4.92512   0.0275433
          79     5.25728     4.92932   0.0275156
          80     5.15096     4.93209   0.0273103
          81     5.13368     4.93458   0.0270857
          82     5.27157     4.93869   0.0270671
          83      4.9355     4.93865    0.026739
          84     5.14957     4.94116   0.0265378
          85     5.39704     4.94653   0.0267666
          86     4.79695     4.94479   0.0265107
          87     5.01107     4.94555   0.0262152
          88     4.91656     4.94522   0.0259177
          89     5.19159     4.94799   0.0257739
          90     4.74839     4.94577   0.0255823
          91     4.82682     4.94446   0.0253333
          92     5.08378     4.94598   0.0251022
          93     4.81316     4.94455   0.0248718
          94     4.94021      4.9445   0.0246059
          95     4.70254     4.94196   0.0244783
          96     4.75688     4.94003   0.0242986
          97      5.0065     4.94071   0.0240566
          98     4.90827     4.94038   0.0238121
          99     5.17781     4.94278   0.0236921
         100     5.66503        4.95   0.0245408
