           1    0.665856    0.665856           0
           2     0.66098    0.663418    0.002438
           3     0.66562    0.664152  0.00158746
           4     0.67264    0.666274   0.0024006
           5    0.656832    0.664386  0.00265024
           6    0.676396    0.666387  0.00294779
           7    0.667492    0.666545  0.00249633
           8    0.677856    0.667959  0.00258317
           9     0.66182    0.667277  0.00237806
          10    0.650564    0.665606  0.00270506
          11      0.6592    0.665023  0.00251516
          12    0.672608    0.665655  0.00238143
          13     0.66272     0.66543   0.0022022
          14    0.663728    0.665308  0.00204246
          15    0.647884    0.664146  0.00222817
          16    0.660892    0.663943  0.00209416
          17    0.669588    0.664275  0.00199495
          18    0.660216     0.66405  0.00189433
          19    0.648836    0.663249  0.00196262
          20     0.66274    0.663223  0.00186208
          21    0.648896    0.662541  0.00189805
          22     0.65246    0.662083  0.00186683
          23    0.663796    0.662157  0.00178538
          24     0.65808    0.661987  0.00171779
          25    0.660608    0.661932  0.00164857
          26    0.658444    0.661798  0.00158957
          27    0.659264    0.661704  0.00153244
          28    0.662884    0.661746   0.0014773
          29    0.671188    0.662072  0.00146215
          30     0.67262    0.662424  0.00145567
          31    0.654396    0.662165  0.00143155
          32    0.675868    0.662593  0.00145073
          33    0.669636    0.662806  0.00142219
          34     0.65128    0.662467  0.00142077
          35     0.65272    0.662189  0.00140741
          36    0.658952    0.662099   0.0013707
          37    0.670444    0.662324  0.00135209
          38    0.664048     0.66237  0.00131681
          39    0.662792    0.662381  0.00128264
          40    0.655512    0.662209   0.0012619
          41    0.662468    0.662215  0.00123076
          42     0.66494     0.66228  0.00120285
          43    0.662652    0.662289  0.00117457
          44    0.670276     0.66247  0.00116184
          45     0.65362    0.662274  0.00115263
          46    0.660448    0.662234  0.00112799
          47     0.66398    0.662271  0.00110435
          48    0.655756    0.662135  0.00108959
          49     0.65474    0.661984  0.00107774
          50    0.659468    0.661934  0.00105717
          51    0.665132    0.661997  0.00103812
          52    0.670472     0.66216  0.00103093
          53    0.654296    0.662011  0.00102212
          54    0.655964    0.661899  0.00100924
          55     0.66326    0.661924 0.000991033
          56     0.66614    0.661999 0.000976083
          57    0.660484    0.661973 0.000959174
          58    0.661844    0.661971 0.000942494
          59    0.666172    0.662042 0.000929115
          60    0.648392    0.661814   0.0009414
          61    0.665676    0.661878    0.000928
          62    0.669128    0.661995 0.000920369
          63     0.65552    0.661892 0.000911455
          64    0.668936    0.662002 0.000903827
          65    0.664728    0.662044 0.000890801
          66     0.65368    0.661917 0.000886307
          67    0.673116    0.662084 0.000888836
          68    0.670704    0.662211 0.000884795
          69    0.656636     0.66213 0.000875613
          70    0.651928    0.661984 0.000875234
          71    0.662284    0.661989 0.000862829
          72    0.662876    0.662001  0.00085085
          73    0.657972    0.661946 0.000840927
          74    0.664744    0.661984 0.000830346
          75    0.673996    0.662144 0.000834711
          76     0.66302    0.662155 0.000823735
          77    0.675472    0.662328 0.000831159
          78    0.661376    0.662316 0.000820525
          79      0.6555     0.66223 0.000814653
          80    0.661988    0.662227 0.000804411
          81    0.676688    0.662405 0.000814233
          82    0.654608     0.66231 0.000809844
          83     0.66104    0.662295 0.000800173
          84    0.665368    0.662331 0.000791436
          85    0.663408    0.662344 0.000782172
          86     0.65654    0.662277 0.000775964
          87    0.663252    0.662288 0.000767075
          88    0.652292    0.662174 0.000766769
          89    0.674324    0.662311 0.000770297
          90    0.660936    0.662296 0.000761844
          91    0.672124    0.662404 0.000761127
          92    0.656388    0.662338 0.000755643
          93    0.659328    0.662306 0.000748174
          94     0.66156    0.662298 0.000740214
          95    0.663112    0.662306 0.000732431
          96    0.649428    0.662172 0.000737072
          97    0.667524    0.662227 0.000731518
          98    0.676804    0.662376 0.000739135
          99    0.654836      0.6623 0.000735585
         100     0.67234      0.6624 0.000735081
