           1    0.693715    0.693715           0
           2    0.677605     0.68566  0.00805512
           3      0.6783    0.683207   0.0052581
           4    0.690634    0.685064   0.0041559
           5    0.711979    0.690447  0.00627217
           6    0.661432    0.685611  0.00704355
           7    0.703032      0.6881  0.00645215
           8    0.652602    0.683663  0.00713521
           9    0.704188    0.685943   0.0066932
          10    0.690164    0.686365  0.00600145
          11    0.693212    0.686988  0.00546408
          12    0.675763    0.686052  0.00507495
          13    0.679387     0.68554  0.00469635
          14    0.708653    0.687191  0.00465087
          15      0.6782    0.686591  0.00437101
          16    0.696976     0.68724   0.0041399
          17    0.688647    0.687323  0.00388964
          18     0.65795    0.685691  0.00401387
          19    0.692669    0.686058  0.00381446
          20    0.677918    0.685651  0.00364153
          21    0.696575    0.686172  0.00350263
          22    0.674278    0.685631   0.0033831
          23     0.69231    0.685921  0.00324569
          24    0.692545    0.686197  0.00311974
          25    0.669663    0.685536  0.00306456
          26    0.690714    0.685735  0.00295106
          27    0.684359    0.685684  0.00284012
          28    0.686074    0.685698  0.00273684
          29    0.669318    0.685133  0.00270051
          30    0.673162    0.684734  0.00263928
          31    0.682904    0.684675  0.00255341
          32    0.657073    0.683813  0.00261847
          33    0.699804    0.684297  0.00258373
          34    0.685627    0.684336   0.0025069
          35    0.696418    0.684681  0.00245857
          36    0.693574    0.684928  0.00240203
          37    0.685353     0.68494  0.00233624
          38    0.665941     0.68444  0.00232825
          39    0.671213    0.684101  0.00229298
          40    0.685847    0.684144  0.00223535
          41    0.689629    0.684278  0.00218425
          42    0.676458    0.684092  0.00213972
          43    0.673046    0.683835   0.0021051
          44    0.659622    0.683285  0.00212905
          45    0.704283    0.683751  0.00213287
          46    0.678113    0.683629  0.00208959
          47     0.68446    0.683647  0.00204472
          48    0.671446    0.683392  0.00201774
          49    0.681592    0.683356  0.00197648
          50    0.665182    0.682992  0.00197036
          51    0.694071    0.683209  0.00194352
          52    0.706478    0.683657   0.0019576
          53    0.703453     0.68403   0.0019563
          54    0.677165    0.683903  0.00192393
          55     0.69088     0.68403  0.00189288
          56    0.674506     0.68386  0.00186654
          57    0.693153    0.684023  0.00184074
          58    0.702086    0.684335  0.00183534
          59    0.676812    0.684207  0.00180846
          60    0.711483    0.684662  0.00183526
          61    0.683877    0.684649  0.00180497
          62    0.688288    0.684707  0.00177659
          63    0.683306    0.684685   0.0017483
          64    0.676708    0.684561  0.00172528
          65    0.649215    0.684017  0.00178345
          66    0.667122    0.683761  0.00177477
          67     0.66103    0.683422   0.0017807
          68    0.666962     0.68318  0.00177094
          69    0.662653    0.682882  0.00177026
          70    0.678129    0.682814  0.00174611
          71    0.701144    0.683072  0.00174059
          72    0.681882    0.683056  0.00171633
          73     0.69238    0.683184  0.00169746
          74    0.657296    0.682834  0.00171052
          75    0.661291    0.682546  0.00171183
          76    0.677557    0.682481  0.00169043
          77    0.683697    0.682497  0.00166841
          78     0.67204    0.682363  0.00165233
          79    0.689689    0.682455  0.00163391
          80    0.678701    0.682408  0.00161404
          81    0.653393     0.68205  0.00163375
          82    0.721916    0.682536  0.00168535
          83    0.684951    0.682565  0.00166517
          84    0.703105     0.68281   0.0016633
          85     0.68685    0.682857   0.0016443
          86     0.67496    0.682766  0.00162766
          87    0.684122    0.682781  0.00160892
          88    0.667359    0.682606  0.00160016
          89     0.71916    0.683017  0.00163452
          90    0.682454     0.68301  0.00161627
          91    0.670851    0.682877  0.00160399
          92    0.670936    0.682747  0.00159176
          93    0.692807    0.682855  0.00157826
          94    0.690709    0.682939  0.00156361
          95      0.6925    0.683039  0.00155034
          96    0.663806    0.682839  0.00154713
          97    0.668324    0.682689  0.00153839
          98    0.652783    0.682384  0.00155289
          99     0.68701    0.682431  0.00153784
         100    0.676142    0.682368  0.00152368
