           1   -0.909667   -0.909667           0
           2   -0.907948   -0.908808   0.0008596
           3   -0.911876    -0.90983  0.00113685
           4     -0.9106   -0.910023 0.000826577
           5   -0.908054   -0.909629 0.000751613
           6   -0.915551   -0.910616  0.00116224
           7   -0.911466   -0.910738 0.000989757
           8   -0.917595   -0.911595  0.00121223
           9    -0.90962   -0.911375  0.00109137
          10   -0.905433   -0.910781  0.00114281
          11    -0.90552   -0.910303    0.001139
          12    -0.91717   -0.910875  0.00118682
          13   -0.908416   -0.910686  0.00110798
          14   -0.910986   -0.910707  0.00102602
          15   -0.900153   -0.910004  0.00118636
          16    -0.90773   -0.909862   0.0011188
          17    -0.91171    -0.90997  0.00105653
          18   -0.908443   -0.909885 0.000999715
          19   -0.904903   -0.909623  0.00098132
          20   -0.910004   -0.909642 0.000931157
          21   -0.905251   -0.909433 0.000910054
          22   -0.906236   -0.909288 0.000879788
          23   -0.908231   -0.909242 0.000841921
          24   -0.908368   -0.909205   0.0008069
          25    -0.90909   -0.909201 0.000773966
          26   -0.908537   -0.909175 0.000744041
          27   -0.906829   -0.909088 0.000721209
          28   -0.909721   -0.909111 0.000695341
          29   -0.915902   -0.909345 0.000710623
          30    -0.91306   -0.909469 0.000697605
          31   -0.906159   -0.909362 0.000683121
          32   -0.916934   -0.909599 0.000702475
          33   -0.914671   -0.909753  0.00069799
          34   -0.904472   -0.909597 0.000694732
          35   -0.905928   -0.909492 0.000682688
          36   -0.906398   -0.909406 0.000668997
          37   -0.914297   -0.909539 0.000663953
          38   -0.910474   -0.909563 0.000646713
          39   -0.906806   -0.909493 0.000633866
          40    -0.90647   -0.909417 0.000622419
          41   -0.909286   -0.909414 0.000607057
          42   -0.911212   -0.909457 0.000593972
          43   -0.907546   -0.909412 0.000581693
          44   -0.912183   -0.909475 0.000571798
          45   -0.904644   -0.909368 0.000569164
          46    -0.90617   -0.909298 0.000560978
          47   -0.909916   -0.909311  0.00054907
          48   -0.909095   -0.909307 0.000537528
          49   -0.906756   -0.909255 0.000529012
          50    -0.90739   -0.909218 0.000519664
          51    -0.91181   -0.909268 0.000511904
          52   -0.913742   -0.909354 0.000509283
          53   -0.906931   -0.909309 0.000501669
          54   -0.906385   -0.909255  0.00049526
          55   -0.911548   -0.909296 0.000487957
          56   -0.910476   -0.909317 0.000479627
          57   -0.910073   -0.909331 0.000471324
          58   -0.907473   -0.909299 0.000464233
          59   -0.912138   -0.909347 0.000458828
          60   -0.902966    -0.90924  0.00046348
          61   -0.910039   -0.909253 0.000456007
          62   -0.912882   -0.909312 0.000452392
          63   -0.906784   -0.909272 0.000446958
          64   -0.913067   -0.909331 0.000443898
          65   -0.910674   -0.909352 0.000437504
          66   -0.907912    -0.90933 0.000431376
          67   -0.914167   -0.909402 0.000430979
          68   -0.913757   -0.909466 0.000429396
          69   -0.904079   -0.909388 0.000430269
          70    -0.90321     -0.9093 0.000433166
          71   -0.907641   -0.909276  0.00042766
          72   -0.906999   -0.909245 0.000422863
          73   -0.908034   -0.909228  0.00041736
          74   -0.909229   -0.909228 0.000411681
          75   -0.915431   -0.909311  0.00041449
          76   -0.910772    -0.90933 0.000409452
          77   -0.917046    -0.90943 0.000416339
          78   -0.906675   -0.909395 0.000412482
          79   -0.904996   -0.909339 0.000411017
          80   -0.908262   -0.909326  0.00040607
          81   -0.916458   -0.909414 0.000410577
          82    -0.90589   -0.909371  0.00040781
          83   -0.909592   -0.909374 0.000402876
          84   -0.911706   -0.909401 0.000399018
          85    -0.90733   -0.909377 0.000395048
          86    -0.90622    -0.90934 0.000392149
          87   -0.910202    -0.90935 0.000387742
          88   -0.903458   -0.909283 0.000389114
          89   -0.913737   -0.909333 0.000387958
          90   -0.908939   -0.909329 0.000383648
          91   -0.912905   -0.909368 0.000381438
          92   -0.905246   -0.909323 0.000379921
          93   -0.908162   -0.909311 0.000376022
          94   -0.906312   -0.909279 0.000373365
          95   -0.909822   -0.909285 0.000369459
          96   -0.901646   -0.909205  0.00037415
          97   -0.909865   -0.909212 0.000370335
          98   -0.916041   -0.909282 0.000373101
          99   -0.907103    -0.90926 0.000369968
         100     -0.9149   -0.909316 0.000370568
