           1     1.87224     1.87224           0
           2     1.84699     1.85961   0.0126256
           3     1.90907      1.8761   0.0180258
           4     1.76334     1.84791   0.0309366
           5     2.04237      1.8868   0.0456817
           6      1.7286     1.86043   0.0456775
           7     1.95774     1.87434   0.0410311
           8      1.7274     1.85597   0.0400003
           9     1.96552     1.86814   0.0373178
          10     2.02964     1.88429   0.0370798
          11     1.85955     1.88204   0.0336153
          12     1.89036     1.88273   0.0306942
          13     1.81656     1.87764   0.0286898
          14     1.93742     1.88191   0.0269026
          15     1.99486     1.88944   0.0261523
          16     1.95647     1.89363   0.0248194
          17     1.80649     1.88851   0.0238706
          18     1.85041     1.88639   0.0226048
          19     2.04671     1.89483   0.0229867
          20     1.92182     1.89618   0.0218488
          21      2.0945     1.90562   0.0228276
          22      1.9876     1.90935   0.0220819
          23      1.9026     1.90905   0.0211021
          24     2.00539     1.91307   0.0205986
          25     1.86297     1.91106   0.0198588
          26      2.0043     1.91465   0.0194138
          27     1.93019     1.91523   0.0186898
          28     1.85277       1.913   0.0181476
          29     1.85116     1.91086   0.0176399
          30     1.75748     1.90575   0.0177922
          31     1.88744     1.90516   0.0172188
          32     1.78863     1.90152   0.0170651
          33      1.9389     1.90265   0.0165787
          34     1.99522     1.90537   0.0163125
          35     2.01966     1.90864   0.0161726
          36     1.87499      1.9077   0.0157447
          37     1.83951     1.90586   0.0154238
          38      1.7869     1.90273   0.0153353
          39     1.79344     1.89993   0.0151976
          40     1.93595     1.90083   0.0148401
          41     1.87487      1.9002   0.0144875
          42      1.8604     1.89925   0.0141701
          43     1.80599     1.89708   0.0140055
          44     1.79659      1.8948   0.0138728
          45     2.01372     1.89744   0.0138161
          46     1.88519     1.89717   0.0135151
          47      1.8355     1.89586   0.0132893
          48      1.9774     1.89756     0.01312
          49      1.8945      1.8975   0.0128496
          50     1.83583     1.89626   0.0126502
          51     1.97385     1.89778   0.0124927
          52     1.86047     1.89707   0.0122711
          53     1.99452     1.89891    0.012177
          54     1.94963     1.89984   0.0119862
          55      1.8884     1.89964   0.0117681
          56     1.81666     1.89815   0.0116506
          57     1.98836     1.89974   0.0115533
          58     1.93396     1.90033   0.0113677
          59     1.91395     1.90056   0.0111758
          60     1.98249     1.90192   0.0110725
          61     1.86359      1.9013   0.0109075
          62     1.77965     1.89933   0.0109081
          63     2.04323     1.90162   0.0109739
          64     1.80931     1.90018   0.0108969
          65     1.81836     1.89892   0.0108015
          66     1.96022     1.89985   0.0106771
          67     1.73113     1.89733   0.0108138
          68     1.80624     1.89599   0.0107375
          69     1.78138     1.89433   0.0107103
          70     1.90986     1.89455   0.0105585
          71     1.85668     1.89402   0.0104224
          72      1.8456     1.89334   0.0102986
          73     1.95204     1.89415   0.0101883
          74     1.70256     1.89156   0.0103779
          75     1.74518     1.88961   0.0104229
          76     1.88186      1.8895   0.0102853
          77      1.8968      1.8896   0.0101513
          78     1.82891     1.88882   0.0100505
          79     1.92037     1.88922   0.0099305
          80     1.87866     1.88909  0.00980647
          81     1.75329     1.88741  0.00982869
          82     2.03984     1.88927  0.00988446
          83     1.93986     1.88988  0.00978365
          84     2.00239     1.89122  0.00975882
          85     1.88853     1.89119  0.00964338
          86     1.97333     1.89214  0.00957833
          87     1.93101     1.89259  0.00947813
          88     1.84406     1.89204  0.00938602
          89     1.83224     1.89137  0.00930425
          90     1.89675     1.89143  0.00920049
          91      1.7669     1.89006  0.00920114
          92     1.82962      1.8894  0.00912426
          93     1.95886     1.89015  0.00905647
          94     1.80827     1.88928  0.00900185
          95     1.97626     1.89019  0.00895353
          96     1.82004     1.88946  0.00888986
          97     1.85413      1.8891  0.00880527
          98     1.71155     1.88729  0.00890127
          99     2.01301     1.88856  0.00890195
         100     1.78976     1.88757  0.00886768
