           1    0.329153    0.329153           0
           2    0.330117    0.329635 0.000482193
           3    0.329283    0.329518 0.000302143
           4    0.337006     0.33139  0.00188433
           5    0.336525    0.332417  0.00178471
           6    0.328388    0.331745   0.0016045
           7    0.324893    0.330766  0.00167245
           8    0.338372    0.331717  0.00173253
           9    0.325524    0.331029  0.00167577
          10    0.325151    0.330441     0.00161
          11    0.321127    0.329594  0.00168457
          12    0.321431    0.328914  0.00168154
          13    0.331605    0.329121  0.00156058
          14    0.342299    0.330062  0.00172439
          15    0.331611    0.330166  0.00160864
          16    0.340268    0.330797  0.00163183
          17    0.343006    0.331515  0.00169274
          18    0.328146    0.331328  0.00160687
          19    0.329573    0.331236  0.00152275
          20    0.318885    0.330618  0.00157105
          21    0.334353    0.330796  0.00150492
          22    0.333197    0.330905  0.00143903
          23    0.331059    0.330912  0.00137505
          24    0.329411    0.330849    0.001318
          25    0.328333    0.330749  0.00126818
          26    0.338028    0.331029  0.00125018
          27    0.335074    0.331178  0.00121228
          28    0.326148    0.330999  0.00118192
          29     0.34143    0.331359  0.00119582
          30    0.326693    0.331203  0.00116569
          31    0.329348    0.331143  0.00112905
          32    0.323734    0.330912  0.00111745
          33    0.330127    0.330888  0.00108332
          34    0.334131    0.330983  0.00105529
          35    0.328955    0.330925  0.00102633
          36    0.330077    0.330902 0.000997695
          37     0.32646    0.330782 0.000977752
          38     0.31822    0.330451  0.00100746
          39    0.333361    0.330526 0.000984118
          40    0.335991    0.330662 0.000968882
          41    0.333978    0.330743  0.00094841
          42      0.3283    0.330685 0.000927381
          43    0.329926    0.330667 0.000905729
          44    0.333619    0.330734 0.000887444
          45    0.339321    0.330925 0.000888238
          46    0.340882    0.331142 0.000895272
          47    0.335112    0.331226 0.000880081
          48    0.337205    0.331351 0.000870508
          49    0.330411    0.331332 0.000852773
          50    0.351026    0.331725 0.000923733
          51    0.333667    0.331764 0.000906239
          52    0.333838    0.331803 0.000889535
          53    0.332663     0.33182 0.000872741
          54    0.322649     0.33165 0.000873102
          55    0.330936    0.331637 0.000857179
          56    0.341676    0.331816  0.00086061
          57    0.333682    0.331849  0.00084601
          58     0.33601    0.331921 0.000834385
          59    0.328762    0.331867 0.000821866
          60    0.339463    0.331994  0.00081791
          61    0.330161    0.331964 0.000804951
          62    0.329738    0.331928 0.000792675
          63    0.329008    0.331881 0.000781367
          64    0.327023    0.331805 0.000772799
          65    0.321714     0.33165 0.000776494
          66    0.329779    0.331622 0.000765164
          67    0.319936    0.331447 0.000773575
          68    0.338449     0.33155 0.000769039
          69    0.332962    0.331571 0.000758088
          70    0.328251    0.331523 0.000748683
          71    0.335189    0.331575 0.000739866
          72    0.344249    0.331751 0.000750454
          73    0.325699    0.331668 0.000744731
          74    0.320634    0.331519 0.000749578
          75    0.329551    0.331493 0.000739982
          76    0.321303    0.331359 0.000742388
          77    0.332242     0.33137 0.000732773
          78    0.329322    0.331344 0.000723794
          79    0.339191    0.331443 0.000721444
          80    0.331356    0.331442  0.00071237
          81    0.337648    0.331519  0.00070768
          82    0.330952    0.331512 0.000699031
          83    0.334559    0.331549 0.000691533
          84    0.323336    0.331451  0.00069021
          85    0.333317    0.331473 0.000682395
          86    0.321489    0.331357 0.000684333
          87    0.332204    0.331366 0.000676492
          88    0.335869    0.331418 0.000670714
          89    0.333568    0.331442 0.000663576
          90    0.311623    0.331222 0.000692128
          91    0.319863    0.331097 0.000695767
          92    0.337367    0.331165 0.000691529
          93     0.33466    0.331203 0.000685085
          94    0.341469    0.331312 0.000686502
          95    0.323826    0.331233 0.000683792
          96    0.334352    0.331265 0.000677411
          97    0.340294    0.331359 0.000676822
          98    0.341224    0.331459 0.000677401
          99    0.325737    0.331401 0.000673011
         100    0.331475    0.331402 0.000666247
