           1     3.32523     3.32523           0
           2     3.31368     3.31945  0.00577185
           3      3.1974     3.27877   0.0408197
           4     3.18287      3.2548   0.0375228
           5     3.45908     3.29565   0.0501407
           6      3.2214     3.28328   0.0427693
           7     3.16297     3.26609   0.0400246
           8     3.12601     3.24858   0.0388337
           9     3.46632     3.27277   0.0419313
          10     3.15873     3.26137   0.0392002
          11     3.38474     3.27258   0.0371894
          12      3.2839     3.27353   0.0339622
          13     3.29846     3.27545   0.0312995
          14     3.40181     3.28447   0.0303509
          15     3.25575     3.28256   0.0283199
          16      3.2851     3.28272   0.0264913
          17     3.21928     3.27898   0.0251625
          18     3.10167     3.26913   0.0256874
          19     3.22101      3.2666   0.0244295
          20     3.31688     3.26911   0.0233118
          21     3.31697     3.27139   0.0222907
          22     3.17188     3.26687   0.0217294
          23     3.43708     3.27427   0.0220427
          24     3.38724     3.27898   0.0216228
          25     3.19556     3.27564   0.0210066
          26     3.16988     3.27157   0.0205883
          27     3.37402     3.27537   0.0201712
          28     3.24927     3.27444   0.0194598
          29     3.21706     3.27246   0.0188807
          30     3.20142     3.27009   0.0183935
          31     3.10146     3.26465   0.0186034
          32     3.21482     3.26309   0.0180798
          33     3.27725     3.26352   0.0175286
          34     3.15941     3.26046   0.0172788
          35     3.36854     3.26355   0.0170596
          36     3.13603     3.26001   0.0169532
          37     3.26648     3.26018   0.0164895
          38     3.20764      3.2588   0.0161092
          39     3.32497     3.26049   0.0157822
          40     3.38194     3.26353   0.0156793
          41     3.15005     3.26076   0.0155406
          42     3.34979     3.26288   0.0153135
          43     3.40889     3.26628   0.0153338
          44     3.16575     3.26399   0.0151544
          45     3.09306     3.26019   0.0152931
          46     3.32369     3.26158   0.0150205
          47     3.22216     3.26074   0.0147213
          48     3.07922     3.25695   0.0148992
          49     3.44775     3.26085   0.0151026
          50     3.38238     3.26328   0.0149957
          51     3.21637     3.26236   0.0147275
          52     3.35759     3.26419   0.0145571
          53     3.25231     3.26397   0.0142816
          54      3.2286     3.26331   0.0140299
          55     3.34717     3.26484   0.0138566
          56     3.11559     3.26217   0.0138655
          57     3.32725     3.26331   0.0136678
          58     3.29625     3.26388   0.0134421
          59     3.28215     3.26419   0.0132159
          60     3.33986     3.26545   0.0130549
          61     3.15185     3.26359   0.0129734
          62     3.18441     3.26231   0.0128262
          63     3.23672     3.26191   0.0126275
          64     3.17212      3.2605   0.0125075
          65      3.2366     3.26014   0.0123191
          66     3.31242     3.26093   0.0121569
          67     3.03145      3.2575   0.0124543
          68     3.32877     3.25855   0.0123144
          69      3.0795     3.25596    0.012409
          70     3.26535     3.25609   0.0122312
          71     3.31481     3.25692    0.012086
          72     3.10679     3.25483    0.012098
          73     3.29113     3.25533   0.0119415
          74     3.34872     3.25659   0.0118464
          75     3.12357     3.25482   0.0118212
          76     3.25493     3.25482   0.0116647
          77     3.17207     3.25374   0.0115622
          78      3.3892     3.25548   0.0115444
          79     3.32174     3.25632   0.0114281
          80     3.18398     3.25542   0.0113206
          81     3.38107     3.25697    0.011287
          82     3.30802     3.25759   0.0111659
          83     3.33413     3.25851    0.011069
          84     3.21842     3.25803   0.0109469
          85     3.09138     3.25607   0.0109936
          86     3.16433     3.25501   0.0109172
          87     3.24088     3.25484   0.0107922
          88     3.16121     3.25378   0.0107218
          89     3.28223      3.2541   0.0106055
          90     3.28714     3.25447   0.0104934
          91     3.06936     3.25243    0.010575
          92      3.4605     3.25469   0.0107011
          93     3.17175      3.2538   0.0106229
          94     3.26159     3.25389   0.0105096
          95     3.27928     3.25415   0.0104018
          96     3.24051     3.25401   0.0102939
          97     3.30671     3.25455   0.0102017
          98     3.39675       3.256   0.0102008
          99     3.39105     3.25737    0.010189
         100     3.23198     3.25712   0.0100898
