           1   -0.630544   -0.630544           0
           2   -0.630992   -0.630768    0.000224
           3   -0.627912   -0.629816 0.000960744
           4   -0.627856   -0.629326 0.000837624
           5   -0.631464   -0.629754 0.000777052
           6    -0.63416   -0.630488 0.000970507
           7    -0.63292   -0.630835 0.000890775
           8   -0.628896   -0.630593  0.00080863
           9   -0.630864   -0.630623  0.00071378
          10   -0.625832   -0.630144 0.000798206
          11    -0.62872   -0.630015 0.000733518
          12   -0.630688   -0.630071 0.000671955
          13   -0.628856   -0.629977 0.000625131
          14   -0.632712   -0.630173 0.000610835
          15   -0.629456   -0.630125  0.00057066
          16   -0.628008   -0.629992 0.000549954
          17   -0.627848   -0.629866 0.000531771
          18      -0.629   -0.629818 0.000503663
          19   -0.632336   -0.629951 0.000494504
          20   -0.629616   -0.629934 0.000469426
          21   -0.631704   -0.630018 0.000454399
          22   -0.628424   -0.629946 0.000439271
          23   -0.629352    -0.62992 0.000420531
          24   -0.630104   -0.629928 0.000402701
          25   -0.628232    -0.62986 0.000392167
          26   -0.630064   -0.629868 0.000376864
          27   -0.625768   -0.629716 0.000393143
          28   -0.628328   -0.629666 0.000382071
          29   -0.629616   -0.629665 0.000368665
          30   -0.629392   -0.629655  0.00035628
          31   -0.625992   -0.629537 0.000364296
          32   -0.631008   -0.629583  0.00035571
          33   -0.629624   -0.629584 0.000344764
          34   -0.628624   -0.629556 0.000335661
          35   -0.631648   -0.629616 0.000331364
          36    -0.63084    -0.62965 0.000323818
          37     -0.6286   -0.629622  0.00031622
          38    -0.62724   -0.629559 0.000314103
          39   -0.626376   -0.629477 0.000316642
          40     -0.6292    -0.62947 0.000308702
          41    -0.63064   -0.629499 0.000302427
          42   -0.634104   -0.629609 0.000314847
          43   -0.631176   -0.629645 0.000309591
          44   -0.628992    -0.62963 0.000302837
          45   -0.625856   -0.629546 0.000307683
          46    -0.63132   -0.629585  0.00030338
          47   -0.629808    -0.62959 0.000296893
          48   -0.630632   -0.629611 0.000291452
          49   -0.632664   -0.629674 0.000292161
          50   -0.632328   -0.629727 0.000291139
          51   -0.629248   -0.629717 0.000285528
          52   -0.629064   -0.629705 0.000280265
          53   -0.629824   -0.629707 0.000274935
          54   -0.625776   -0.629634 0.000279445
          55    -0.63168   -0.629671 0.000276827
          56   -0.630056   -0.629678 0.000271925
          57   -0.630816   -0.629698 0.000267857
          58    -0.63036    -0.62971 0.000263445
          59   -0.630536   -0.629724  0.00025932
          60   -0.629928   -0.629727 0.000254984
          61   -0.628848   -0.629713 0.000251183
          62   -0.629496   -0.629709 0.000247123
          63   -0.632328   -0.629751 0.000246696
          64   -0.630704   -0.629766 0.000243268
          65   -0.628648   -0.629748 0.000240112
          66   -0.625688   -0.629687 0.000244319
          67   -0.629368   -0.629682 0.000240692
          68   -0.628736   -0.629668 0.000237534
          69   -0.629984   -0.629673 0.000234111
          70     -0.6286   -0.629657  0.00023125
          71   -0.629632   -0.629657  0.00022797
          72   -0.626472   -0.629613 0.000229093
          73   -0.632144   -0.629648 0.000228578
          74   -0.629064    -0.62964 0.000225606
          75    -0.62784   -0.629616 0.000223868
          76    -0.63044   -0.629627 0.000221168
          77    -0.63008   -0.629632 0.000218357
          78   -0.629752   -0.629634 0.000215544
          79   -0.630136    -0.62964 0.000212893
          80      -0.626   -0.629595 0.000215084
          81   -0.630744   -0.629609 0.000212885
          82    -0.62732   -0.629581 0.000212118
          83   -0.628032   -0.629562 0.000210376
          84   -0.629912   -0.629567 0.000207898
          85   -0.625856   -0.629523 0.000210025
          86    -0.62868   -0.629513 0.000207799
          87   -0.631312   -0.629534 0.000206435
          88   -0.628264   -0.629519 0.000204585
          89   -0.630392   -0.629529 0.000202511
          90   -0.627552   -0.629507  0.00020145
          91   -0.628608   -0.629497 0.000199469
          92   -0.632248   -0.629527 0.000199541
          93   -0.629568   -0.629528 0.000197384
          94     -0.6316    -0.62955 0.000196514
          95   -0.630232   -0.629557 0.000194567
          96   -0.626152   -0.629521 0.000195769
          97   -0.627576   -0.629501 0.000194776
          98     -0.6332   -0.629539 0.000196438
          99   -0.632744   -0.629571  0.00019712
         100   -0.630968   -0.629585 0.000195638
