           1     10.0363     10.0363           0
           2      10.861     10.4486    0.412338
           3     10.4835     10.4602    0.238347
           4     10.6082     10.4972    0.172548
           5     11.1378     10.6253    0.185148
           6     9.76308     10.4816    0.208581
           7     9.68674     10.3681    0.209692
           8     9.22356      10.225    0.231184
           9     11.1943     10.3327    0.230581
          10     10.4678     10.3462     0.20668
          11     10.0369     10.3181    0.189053
          12     10.8812      10.365    0.178848
          13     9.15587      10.272    0.188989
          14      10.805     10.3101    0.179064
          15     10.7978     10.3426    0.169841
          16     10.6431     10.3614    0.159978
          17     11.0954     10.4046    0.156354
          18     10.2022     10.3933     0.14784
          19     10.2834     10.3875    0.139962
          20     9.66173     10.3512     0.13765
          21     11.1114     10.3874    0.135842
          22     10.1881     10.3784    0.129837
          23     10.7341     10.3938    0.125024
          24     10.1904     10.3854    0.120001
          25     10.6587     10.3963    0.115619
          26     10.7668     10.4105    0.111993
          27     11.0427      10.434     0.11028
          28     9.69588     10.4076    0.109489
          29     9.16494     10.3648    0.114005
          30     9.94336     10.3507    0.111032
          31      9.5896     10.3262    0.110161
          32     10.0186     10.3165    0.107095
          33     9.54611     10.2932    0.106392
          34      11.003     10.3141    0.105306
          35     10.4351     10.3175    0.102311
          36     10.6956      10.328   0.0999816
          37     10.6116     10.3357   0.0975434
          38     11.1978     10.3584   0.0976149
          39      10.733      10.368   0.0955629
          40     11.4142     10.3941   0.0967457
          41     10.8413      10.405   0.0949848
          42     9.24269     10.3774   0.0967388
          43     9.85895     10.3653   0.0952285
          44     9.89107     10.3545   0.0936613
          45     9.31415     10.3314   0.0944303
          46      9.7592      10.319   0.0931887
          47     10.4924     10.3227    0.091259
          48     9.00736     10.2953   0.0934456
          49     10.2401     10.2941   0.0915256
          50     10.5521     10.2993   0.0898247
          51     10.7604     10.3083   0.0885088
          52      10.133      10.305   0.0868555
          53     10.5267     10.3092   0.0853036
          54     10.1243     10.3057   0.0837789
          55     10.8113     10.3149   0.0827537
          56      10.464     10.3176    0.081306
          57     10.0794     10.3134   0.0799761
          58     9.77659     10.3042   0.0791283
          59     9.33204     10.2877   0.0795016
          60     10.2514     10.2871   0.0781677
          61      10.013     10.2826   0.0770068
          62      10.519     10.2864   0.0758505
          63     10.2016      10.285   0.0746489
          64     10.3732     10.2864   0.0734862
          65     9.70388     10.2775   0.0728998
          66     10.1332     10.2753     0.07182
          67     10.3043     10.2757   0.0707413
          68     10.2863     10.2759   0.0696934
          69     9.82819     10.2694   0.0689817
          70     9.62472     10.2602     0.06861
          71     10.4312     10.2626   0.0676796
          72      11.509     10.2799   0.0689419
          73     9.77197     10.2729    0.068346
          74     10.2758      10.273   0.0674161
          75      9.7683     10.2662   0.0668506
          76     10.7027      10.272   0.0662146
          77     9.95682     10.2679   0.0654771
          78     10.6211     10.2724   0.0647906
          79      10.553      10.276   0.0640638
          80     9.34378     10.2643   0.0643222
          81     10.7142     10.2699   0.0637654
          82      10.934      10.278   0.0635016
          83     9.41759     10.2676   0.0635825
          84     9.97668     10.2641   0.0629164
          85     9.90008     10.2599   0.0623192
          86     10.2327     10.2595   0.0615911
          87     11.5006     10.2738   0.0625279
          88     8.37976     10.2523   0.0654532
          89     10.7809     10.2582   0.0649856
          90     9.78101     10.2529   0.0644779
          91     9.97571     10.2499   0.0638381
          92     10.8275     10.2562   0.0634518
          93     9.88213     10.2521   0.0628945
          94       10.44     10.2541   0.0622539
          95     10.0441     10.2519   0.0616348
          96     9.75044     10.2467   0.0612127
          97     10.8049     10.2524    0.060851
          98     10.5638     10.2556   0.0603107
          99     11.3292     10.2665   0.0606754
         100     10.1691     10.2655   0.0600734
