           1   -0.804328   -0.804328           0
           2   -0.805432    -0.80488    0.000552
           3   -0.806616   -0.805459 0.000660623
           4    -0.80136   -0.804434  0.00112612
           5    -0.80548   -0.804643 0.000897027
           6   -0.804568   -0.804631 0.000732526
           7   -0.803648    -0.80449 0.000634814
           8    -0.80588   -0.804664 0.000576557
           9   -0.802736    -0.80445  0.00055176
          10   -0.804176   -0.804422 0.000494268
          11   -0.801792   -0.804183 0.000507015
          12    -0.81196   -0.804831 0.000796368
          13   -0.800936   -0.804532 0.000791466
          14    -0.80932   -0.804874 0.000808646
          15   -0.801344   -0.804638 0.000788729
          16   -0.805984   -0.804723 0.000742566
          17   -0.805464   -0.804766 0.000698882
          18   -0.801424    -0.80458 0.000684573
          19     -0.8052   -0.804613 0.000648362
          20   -0.807736   -0.804769   0.0006346
          21    -0.80504   -0.804782 0.000603763
          22     -0.7998   -0.804556 0.000618607
          23     -0.8074   -0.804679 0.000603897
          24   -0.807464   -0.804795 0.000589715
          25    -0.80588   -0.804839 0.000567296
          26   -0.808032   -0.804962 0.000558707
          27   -0.808192   -0.805081 0.000550769
          28     -0.7992   -0.804871 0.000570786
          29   -0.805152   -0.804881 0.000550837
          30   -0.804224   -0.804859  0.00053261
          31   -0.800512   -0.804719 0.000533886
          32   -0.811488    -0.80493 0.000558542
          33   -0.802992   -0.804872 0.000544529
          34   -0.803184   -0.804822 0.000530597
          35    -0.80292   -0.804768 0.000518072
          36   -0.805288   -0.804782 0.000503683
          37   -0.805552   -0.804803 0.000490322
          38   -0.806664   -0.804852 0.000479751
          39   -0.804104   -0.804833 0.000467681
          40   -0.804384   -0.804821 0.000455977
          41   -0.805752   -0.804844 0.000445296
          42   -0.799272   -0.804711 0.000454364
          43   -0.807032   -0.804765 0.000446942
          44    -0.80556   -0.804783  0.00043704
          45   -0.800304   -0.804684 0.000438661
          46   -0.803256   -0.804653  0.00043014
          47   -0.806696   -0.804696 0.000423128
          48   -0.800512   -0.804609 0.000423293
          49   -0.807376   -0.804666 0.000418392
          50    -0.80536    -0.80468 0.000410174
          51   -0.805672   -0.804699 0.000402521
          52   -0.804712   -0.804699 0.000394705
          53    -0.80276   -0.804663 0.000388911
          54   -0.804368   -0.804657  0.00038168
          55    -0.80484   -0.804661 0.000374691
          56   -0.805888   -0.804682 0.000368591
          57     -0.8048   -0.804684 0.000362073
          58   -0.800864   -0.804619 0.000361822
          59    -0.80404   -0.804609 0.000355772
          60   -0.804008   -0.804599 0.000349935
          61   -0.802504   -0.804564  0.00034586
          62   -0.804648   -0.804566 0.000340238
          63   -0.800848   -0.804507 0.000339956
          64    -0.81008   -0.804594 0.000345748
          65   -0.800008   -0.804523 0.000347622
          66   -0.805232   -0.804534 0.000342482
          67   -0.803656   -0.804521 0.000337586
          68   -0.800648   -0.804464 0.000337426
          69   -0.800392   -0.804405 0.000337697
          70   -0.802584   -0.804379 0.000333853
          71   -0.805408   -0.804393 0.000329436
          72   -0.804904   -0.804401 0.000324906
          73   -0.804704   -0.804405 0.000320451
          74    -0.80528   -0.804417 0.000316312
          75    -0.80216   -0.804386 0.000313513
          76   -0.809624   -0.804455 0.000316943
          77   -0.801408   -0.804416 0.000315294
          78   -0.806432   -0.804442 0.000312297
          79   -0.803688   -0.804432 0.000308466
          80   -0.801688   -0.804398 0.000306511
          81   -0.811536   -0.804486 0.000315271
          82   -0.803632   -0.804476 0.000311576
          83   -0.802376    -0.80445 0.000308837
          84    -0.80072   -0.804406 0.000308353
          85   -0.799744   -0.804351   0.0003096
          86    -0.80052   -0.804306 0.000309204
          87      -0.811   -0.804383 0.000315165
          88    -0.79684   -0.804298  0.00032314
          89   -0.803592    -0.80429 0.000319587
          90    -0.80044   -0.804247 0.000318898
          91   -0.807984   -0.804288 0.000318036
          92   -0.808552   -0.804334 0.000317957
          93    -0.80196   -0.804309 0.000315554
          94   -0.804528   -0.804311 0.000312187
          95   -0.804208    -0.80431 0.000308885
          96   -0.803728   -0.804304 0.000305711
          97   -0.806512   -0.804327 0.000303398
          98   -0.802984   -0.804313 0.000300599
          99   -0.807048   -0.804341 0.000298827
         100   -0.805328   -0.804351 0.000295988
