           1    0.429619    0.429619           0
           2    0.453922     0.44177   0.0121514
           3    0.423728    0.435756  0.00924067
           4    0.463846    0.442779  0.00959223
           5    0.450571    0.444337  0.00759179
           6    0.428302    0.441665  0.00675025
           7    0.452156    0.443163   0.0058986
           8    0.414814     0.43962  0.00621714
           9    0.455202    0.441351  0.00574987
          10    0.444869    0.441703  0.00515486
          11    0.430814    0.440713  0.00476666
          12     0.43917    0.440584  0.00435325
          13    0.397062    0.437237  0.00521954
          14    0.432367    0.436889  0.00484486
          15    0.434535    0.436732  0.00451305
          16    0.447923    0.437431  0.00427912
          17    0.450345    0.438191  0.00409068
          18    0.438946    0.438233  0.00385696
          19    0.429501    0.437773  0.00367715
          20    0.430479    0.437409  0.00350746
          21       0.465    0.438722  0.00358565
          22    0.449104    0.439194   0.0034512
          23    0.431188    0.438846  0.00331606
          24    0.407188    0.437527    0.003438
          25    0.446103     0.43787  0.00331541
          26    0.421578    0.437244  0.00324639
          27    0.450257    0.437726  0.00316081
          28    0.441481     0.43786  0.00304878
          29    0.417996    0.437175  0.00302046
          30    0.440973    0.437301  0.00292079
          31    0.449485    0.437694  0.00285221
          32    0.423814    0.437261   0.0027955
          33    0.423665    0.436849   0.0027406
          34    0.448875    0.437202   0.0026822
          35    0.439335    0.437263  0.00260516
          36    0.456466    0.437797  0.00258734
          37    0.442779    0.437931  0.00252004
          38    0.439807    0.437981  0.00245332
          39    0.437084    0.437958   0.0023897
          40    0.460009    0.438509  0.00239354
          41    0.442402    0.438604  0.00233636
          42    0.429478    0.438387  0.00229039
          43    0.442656    0.438486  0.00223869
          44    0.448067    0.438704  0.00219803
          45    0.438908    0.438708  0.00214864
          46    0.433518    0.438595  0.00210443
          47    0.434171    0.438501  0.00206132
          48    0.428547    0.438294  0.00202855
          49    0.435002    0.438227  0.00198786
          50    0.447254    0.438407  0.00195604
          51    0.448859    0.438612  0.00192823
          52    0.420555    0.438265   0.0019224
          53    0.443026    0.438355  0.00188792
          54    0.454723    0.438658  0.00187726
          55    0.420085     0.43832   0.0018735
          56    0.421524     0.43802  0.00186403
          57    0.441205    0.438076  0.00183189
          58    0.446769    0.438226  0.00180625
          59    0.435615    0.438182  0.00177593
          60    0.456253    0.438483  0.00177186
          61    0.448561    0.438648  0.00175039
          62    0.439002    0.438654  0.00172194
          63    0.443531    0.438731  0.00169615
          64    0.422133    0.438472  0.00168946
          65    0.469096    0.438943  0.00172871
          66    0.429718    0.438803  0.00170804
          67    0.463372     0.43917  0.00172186
          68    0.431302    0.439054  0.00170029
          69     0.44001    0.439068  0.00167552
          70    0.427282      0.4389  0.00165998
          71    0.439953    0.438915   0.0016365
          72    0.459394    0.439199  0.00163849
          73    0.436125    0.439157  0.00161643
          74    0.420995    0.438912  0.00161322
          75    0.453796     0.43911  0.00160389
          76    0.427823    0.438961   0.0015896
          77    0.447008    0.439066  0.00157229
          78    0.435412    0.439019  0.00155271
          79    0.438864    0.439017  0.00153293
          80    0.430125    0.438906  0.00151773
          81    0.431647    0.438816  0.00150155
          82    0.442919    0.438866  0.00148397
          83    0.424659    0.438695  0.00147594
          84     0.43904    0.438699  0.00145827
          85    0.446732    0.438794  0.00144411
          86    0.455173    0.438984  0.00143987
          87    0.441084    0.439008  0.00142343
          88    0.430001    0.438906  0.00141087
          89     0.45068    0.439038  0.00140119
          90    0.450832    0.439169  0.00139172
          91    0.424707     0.43901  0.00138549
          92    0.418438    0.438787  0.00138847
          93    0.421294    0.438599  0.00138628
          94    0.420818     0.43841  0.00138443
          95    0.420912    0.438225  0.00138211
          96    0.407952     0.43791  0.00140352
          97    0.434163    0.437871  0.00138952
          98    0.437653    0.437869  0.00137527
          99    0.445408    0.437945  0.00136343
         100    0.423018    0.437796  0.00135796
