           1     1.73595     1.73595           0
           2     1.92513     1.83054   0.0945889
           3     1.85899     1.84002    0.055428
           4     1.77704     1.82428   0.0422381
           5     1.75072     1.80957   0.0358733
           6     2.02218       1.845   0.0459744
           7     1.88037     1.85005   0.0391825
           8     1.80538     1.84447   0.0343895
           9     1.74038      1.8329   0.0324593
          10     1.83158     1.83277   0.0290327
          11     1.80204     1.82998   0.0264093
          12     1.95214     1.84016   0.0261695
          13     2.02386     1.85429   0.0279136
          14     1.85202     1.85413   0.0258435
          15     1.62915     1.83913    0.028351
          16     2.01024     1.84982   0.0285952
          17     1.87774     1.85147   0.0269106
          18     1.88503     1.85333     0.02544
          19     1.89423     1.85548     0.02416
          20     1.89742     1.85758   0.0230159
          21     1.79395     1.85455   0.0221012
          22      1.9646     1.85955   0.0216582
          23     1.85289     1.85926   0.0206971
          24     1.81776     1.85753   0.0198913
          25      1.9549     1.86143   0.0194725
          26     1.93274     1.86417   0.0189086
          27     1.78355     1.86119   0.0184382
          28      2.0105     1.86652   0.0185505
          29     1.92629     1.86858   0.0180176
          30     1.91021     1.86997   0.0174619
          31     1.88053     1.87031   0.0168927
          32     1.87803     1.87055    0.016358
          33     1.80306      1.8685    0.015986
          34     1.95778     1.87113   0.0157294
          35     1.83984     1.87024   0.0152995
          36     1.94494     1.87231   0.0150126
          37     1.85448     1.87183   0.0146091
          38     1.84971     1.87125   0.0142314
          39     1.87341      1.8713   0.0138618
          40     2.05758     1.87596   0.0142909
          41     2.00726     1.87916   0.0143011
          42      1.7958     1.87718   0.0140969
          43     1.85385     1.87663   0.0137758
          44     2.04451     1.88045   0.0139895
          45      1.9246     1.88143   0.0137102
          46     1.78929     1.87943   0.0135576
          47     1.87654     1.87937   0.0132662
          48      1.7707      1.8771   0.0131827
          49     1.73959      1.8743   0.0132123
          50     1.90389     1.87489   0.0129589
          51     1.87769     1.87494   0.0127024
          52     1.98771     1.87711   0.0126431
          53     1.92628     1.87804   0.0124369
          54      1.9606     1.87957   0.0122998
          55     1.93483     1.88057   0.0121159
          56     1.75207     1.87828   0.0121168
          57     1.92193     1.87904    0.011927
          58     1.75771     1.87695   0.0119048
          59     1.85422     1.87657   0.0117076
          60     1.91747     1.87725    0.011531
          61     1.81516     1.87623    0.011386
          62      1.9063     1.87672   0.0112113
          63     1.89163     1.87695   0.0110344
          64     1.94745     1.87805   0.0109164
          65     1.90682      1.8785   0.0107562
          66     1.90454     1.87889   0.0105994
          67     1.98779     1.88052   0.0105657
          68     1.87062     1.88037   0.0104102
          69     1.91954     1.88094   0.0102739
          70     1.90474     1.88128   0.0101318
          71     1.86769     1.88109   0.0099899
          72     1.93662     1.88186  0.00988033
          73      1.8526     1.88146  0.00975228
          74     1.86483     1.88123  0.00962221
          75     1.97113     1.88243  0.00956842
          76     1.99809     1.88395  0.00956355
          77     1.93474     1.88461  0.00946155
          78     1.85218      1.8842  0.00934871
          79     1.77958     1.88287  0.00932413
          80     1.89751     1.88306  0.00920866
          81     1.92596     1.88359  0.00910967
          82     1.76522     1.88214  0.00911295
          83     1.92655     1.88268  0.00901836
          84     2.06844     1.88489  0.00918068
          85      1.9724     1.88592  0.00913026
          86     1.81563      1.8851  0.00906041
          87     1.84208     1.88461   0.0089693
          88     1.77785     1.88339  0.00894939
          89     1.81141     1.88258  0.00888516
          90     1.81835     1.88187  0.00881482
          91     1.98287     1.88298  0.00878778
          92     1.87632     1.88291  0.00869204
          93     1.80819      1.8821  0.00863552
          94     1.87352     1.88201  0.00854365
          95     1.76739     1.88081  0.00853891
          96     1.76004     1.87955  0.00854263
          97     1.94219     1.88019  0.00847873
          98     1.85384     1.87993  0.00839608
          99     1.73183     1.87843  0.00844439
         100     2.06217     1.88027  0.00855907
