           1    0.650325    0.650325           0
           2    0.663079    0.656702  0.00637703
           3    0.667545    0.660316  0.00515929
           4    0.670732     0.66292  0.00448205
           5    0.710465    0.672429   0.0101229
           6    0.694213     0.67606  0.00902758
           7    0.686018    0.677482  0.00776119
           8    0.681205    0.677948  0.00673748
           9    0.652419    0.675111  0.00658421
          10    0.687452    0.676345    0.006017
          11    0.667928     0.67558  0.00549611
          12    0.715995    0.678948   0.0060428
          13    0.681043    0.679109   0.0055609
          14    0.674717    0.678795  0.00515794
          15    0.647431    0.676704  0.00523729
          16    0.708007    0.678661  0.00527523
          17    0.690972    0.679385  0.00500785
          18    0.659385    0.678274  0.00485042
          19    0.680692    0.678401   0.0045898
          20    0.690221    0.678992  0.00439419
          21     0.65389    0.677797  0.00434728
          22    0.683034    0.678035  0.00415179
          23    0.673634    0.677844  0.00397179
          24     0.66609    0.677354   0.0038341
          25    0.685069    0.677662  0.00369047
          26    0.676337    0.677612  0.00354605
          27    0.696234    0.678301   0.0034812
          28    0.690969    0.678754  0.00338494
          29    0.680836    0.678825  0.00326692
          30     0.67081    0.678558  0.00316744
          31    0.687086    0.678833  0.00307588
          32    0.677786    0.678801  0.00297839
          33    0.671914    0.678592  0.00289426
          34     0.69472    0.679066  0.00284763
          35    0.694784    0.679515   0.0028013
          36    0.693601    0.679907  0.00275035
          37    0.698056    0.680397  0.00271959
          38     0.68007    0.680389  0.00264707
          39      0.6577    0.679807  0.00264312
          40    0.705556    0.680451   0.0026554
          41    0.685725    0.680579  0.00259302
          42    0.666831    0.680252  0.00255161
          43    0.698475    0.680676  0.00252735
          44    0.669154    0.680414  0.00248309
          45    0.690953    0.680648  0.00243856
          46    0.653018    0.680047  0.00245943
          47    0.685165    0.680156  0.00240899
          48    0.670777    0.679961  0.00236635
          49      0.6462    0.679272  0.00241781
          50    0.685778    0.679402  0.00237253
          51    0.682244    0.679458  0.00232621
          52    0.687747    0.679617   0.0022866
          53    0.676225    0.679553  0.00224395
          54    0.690446    0.679755  0.00221123
          55     0.67464    0.679662  0.00217264
          56    0.668102    0.679455  0.00214346
          57    0.661465     0.67914  0.00212904
          58     0.65949    0.678801  0.00211927
          59    0.672298    0.678691  0.00208595
          60     0.68858    0.678856   0.0020575
          61     0.67205    0.678744  0.00202657
          62    0.701928    0.679118  0.00202838
          63     0.68162    0.679158  0.00199632
          64    0.695835    0.679418  0.00198208
          65    0.699189    0.679722  0.00197491
          66    0.681158    0.679744  0.00194488
          67    0.708484    0.680173  0.00196307
          68    0.675135    0.680099  0.00193541
          69     0.66512    0.679882  0.00191947
          70    0.672752     0.67978  0.00189459
          71     0.69278    0.679963  0.00187667
          72    0.716741    0.680474  0.00191963
          73    0.673202    0.680374  0.00189577
          74    0.654391    0.680023  0.00190265
          75    0.687769    0.680126  0.00187995
          76    0.708594    0.680501  0.00189249
          77     0.71892       0.681  0.00193325
          78    0.684198    0.681041  0.00190874
          79    0.671878    0.680925  0.00188799
          80    0.689137    0.681028  0.00186707
          81    0.677648    0.680986  0.00184434
          82      0.6738    0.680898  0.00182382
          83    0.678311    0.680867  0.00180198
          84     0.70947    0.681208  0.00181267
          85    0.689306    0.681303  0.00179375
          86    0.671912    0.681194  0.00177613
          87    0.684971    0.681237  0.00175613
          88    0.684415    0.681273  0.00173644
          89    0.667091    0.681114  0.00172419
          90    0.682845    0.681133  0.00170504
          91    0.691607    0.681248  0.00169012
          92    0.666284    0.681086  0.00167954
          93    0.687873    0.681159  0.00166299
          94     0.68322    0.681181  0.00164535
          95    0.666971    0.681031  0.00163479
          96    0.669904    0.680915  0.00162182
          97    0.686099    0.680968   0.0016059
          98    0.695579    0.681118  0.00159641
          99    0.666167    0.680967   0.0015874
         100    0.694067    0.681098   0.0015769
