           1      0.6652      0.6652           0
           2    0.658596    0.661898    0.003302
           3     0.66466    0.662819  0.00211708
           4    0.675604    0.666015  0.00352953
           5    0.685564    0.669925  0.00477086
           6    0.659356    0.668163  0.00427514
           7    0.667596    0.668082  0.00361406
           8    0.667496    0.668009  0.00313073
           9     0.67794    0.669112  0.00297337
          10     0.66446    0.668647  0.00269985
          11    0.674184    0.669151  0.00249344
          12    0.668492    0.669096  0.00227685
          13    0.656688    0.668141  0.00230162
          14     0.66754    0.668098  0.00213132
          15    0.682108    0.669032  0.00219298
          16    0.647688    0.667698  0.00244696
          17    0.662972     0.66742  0.00231527
          18    0.663776    0.667218  0.00219223
          19    0.663028    0.666997  0.00208533
          20    0.666676    0.666981  0.00197839
          21    0.659872    0.666643  0.00191203
          22    0.653848    0.666061  0.00191357
          23    0.660296     0.66581  0.00184558
          24    0.660528     0.66559  0.00178066
          25    0.660372    0.665382  0.00172066
          26    0.655604    0.665006  0.00169539
          27    0.675696    0.665401  0.00167875
          28    0.665052    0.665389  0.00161773
          29    0.654164    0.665002  0.00160822
          30     0.64938    0.664481  0.00163863
          31    0.665368     0.66451  0.00158515
          32    0.657884    0.664303  0.00154872
          33    0.661188    0.664208  0.00150402
          34    0.659632    0.664074  0.00146531
          35     0.68372    0.664635  0.00152955
          36      0.6645    0.664631  0.00148646
          37    0.661308    0.664542  0.00144851
          38    0.663416    0.664512  0.00141019
          39     0.66362    0.664489  0.00137375
          40    0.648484    0.664089  0.00139747
          41    0.656972    0.663915  0.00137397
          42    0.665764    0.663959  0.00134158
          43    0.673248    0.664175   0.0013277
          44    0.636244    0.663541  0.00144417
          45    0.673184    0.663755  0.00142789
          46    0.671012    0.663913  0.00140538
          47    0.663328      0.6639  0.00137521
          48    0.669096    0.664008   0.0013506
          49    0.673216    0.664196  0.00133603
          50    0.655936    0.664031  0.00131942
          51    0.649844    0.663753  0.00132287
          52    0.657364     0.66363  0.00130299
          53     0.66702    0.663694  0.00127977
          54     0.66194    0.663662  0.00125626
          55    0.652784    0.663464  0.00124897
          56    0.676532    0.663697  0.00124847
          57     0.64932    0.663445  0.00125204
          58    0.679132    0.663715  0.00125964
          59    0.659504    0.663644  0.00124016
          60     0.65834    0.663556  0.00122252
          61    0.659968    0.663497  0.00120375
          62    0.656772    0.663388  0.00118913
          63    0.663288    0.663387   0.0011701
          64    0.659596    0.663328   0.0011532
          65     0.66838    0.663405  0.00113798
          66    0.664264    0.663418  0.00112068
          67    0.664072    0.663428  0.00110387
          68    0.661348    0.663397  0.00108794
          69    0.656148    0.663292   0.0010772
          70    0.670396    0.663394  0.00106653
          71    0.670156    0.663489  0.00105571
          72    0.667488    0.663545  0.00104243
          73    0.656768    0.663452  0.00103223
          74      0.6535    0.663317  0.00102703
          75    0.646804    0.663097  0.00103689
          76    0.656852    0.663015  0.00102645
          77    0.662088    0.663003   0.0010131
          78    0.663176    0.663005  0.00100003
          79    0.676448    0.663175  0.00100185
          80    0.669464    0.663254 0.000992364
          81    0.660964    0.663226 0.000980443
          82    0.676244    0.663384  0.00098134
          83      0.6576    0.663315 0.000971947
          84    0.649552    0.663151 0.000974183
          85    0.649552    0.662991 0.000975857
          86    0.672032    0.663096 0.000970156
          87    0.671088    0.663188  0.00096333
          88      0.6743    0.663314 0.000960656
          89    0.667644    0.663363 0.000951045
          90    0.671684    0.663455 0.000944953
          91    0.657672    0.663392  0.00093667
          92    0.652236     0.66327 0.000934334
          93    0.666708    0.663307 0.000924972
          94    0.654152     0.66321 0.000920248
          95     0.67502    0.663334 0.000918957
          96    0.667156    0.663374 0.000910205
          97    0.671324    0.663456 0.000904493
          98    0.662608    0.663447 0.000895258
          99    0.664924    0.663462 0.000886294
         100    0.659376    0.663421 0.000878338
