           1   -0.910528   -0.910528           0
           2   -0.909071     -0.9098   0.0007284
           3     -0.9111   -0.910233 0.000603944
           4   -0.914841   -0.911385  0.00122855
           5   -0.917441   -0.912596  0.00154029
           6   -0.911223   -0.912367  0.00127829
           7   -0.909071   -0.911896  0.00117851
           8   -0.910699   -0.911747  0.00103153
           9    -0.91754    -0.91239  0.00111442
          10     -0.9085   -0.912001  0.00107001
          11   -0.913557   -0.912143  0.00097813
          12   -0.909346    -0.91191 0.000922815
          13   -0.908426   -0.911642 0.000890172
          14   -0.913652   -0.911785 0.000836554
          15   -0.916182   -0.912078 0.000832112
          16   -0.904418     -0.9116 0.000913844
          17   -0.911346   -0.911585 0.000858537
          18   -0.908891   -0.911435 0.000823152
          19   -0.909774   -0.911348 0.000783519
          20   -0.910119   -0.911286 0.000745845
          21   -0.906886   -0.911077 0.000739731
          22   -0.904234   -0.910766  0.00077085
          23   -0.907595   -0.910628  0.00074936
          24    -0.90453   -0.910374 0.000761124
          25   -0.908626   -0.910304 0.000733382
          26   -0.906009   -0.910139 0.000723716
          27   -0.914723   -0.910308 0.000716798
          28   -0.911962   -0.910368 0.000693245
          29   -0.907049   -0.910253 0.000678632
          30    -0.90282   -0.910005 0.000700876
          31   -0.909442   -0.909987 0.000678134
          32   -0.908113   -0.909929 0.000659208
          33    -0.90951   -0.909916 0.000639046
          34   -0.906774   -0.909823 0.000626813
          35   -0.917952   -0.910056 0.000651445
          36   -0.911964   -0.910109 0.000635306
          37    -0.90807   -0.910054  0.00062035
          38   -0.909971   -0.910051 0.000603808
          39   -0.910044   -0.910051 0.000588122
          40   -0.902249   -0.909856  0.00060551
          41   -0.907962    -0.90981  0.00059236
          42   -0.908993   -0.909791 0.000578412
          43    -0.91585   -0.909931 0.000582112
          44   -0.896273   -0.909621 0.000647931
          45   -0.914685   -0.909734 0.000643288
          46    -0.91353   -0.909816 0.000634539
          47   -0.909218   -0.909803 0.000621022
          48   -0.908907   -0.909785 0.000608233
          49   -0.914939    -0.90989 0.000604908
          50   -0.905667   -0.909805 0.000598673
          51   -0.902257   -0.909657 0.000605195
          52   -0.908393   -0.909633 0.000593941
          53   -0.914092   -0.909717  0.00058867
          54   -0.910036   -0.909723 0.000577696
          55   -0.904517   -0.909628 0.000574941
          56    -0.91229   -0.909676 0.000566578
          57   -0.903632    -0.90957 0.000566561
          58   -0.917914   -0.909714 0.000574996
          59   -0.906157   -0.909654 0.000568373
          60   -0.906988   -0.909609 0.000560583
          61   -0.906898   -0.909565 0.000553106
          62   -0.905586   -0.909501 0.000547882
          63    -0.90993   -0.909507 0.000539158
          64   -0.907143    -0.90947 0.000531951
          65   -0.913228   -0.909528 0.000526884
          66   -0.910589   -0.909544 0.000519089
          67   -0.909678   -0.909546 0.000511286
          68   -0.907126   -0.909511 0.000504968
          69   -0.906966   -0.909474 0.000498961
          70   -0.912239   -0.909513 0.000493365
          71   -0.912583   -0.909557 0.000488285
          72   -0.908378    -0.90954 0.000481734
          73   -0.905322   -0.909482 0.000478591
          74    -0.90514   -0.909424 0.000475712
          75   -0.900409   -0.909303 0.000484474
          76   -0.907018   -0.909273 0.000479001
          77   -0.907746   -0.909254 0.000473156
          78   -0.909779    -0.90926 0.000467099
          79   -0.917034   -0.909359 0.000471529
          80   -0.912613   -0.909399 0.000467371
          81   -0.907737   -0.909379 0.000462021
          82   -0.914185   -0.909437   0.0004601
          83   -0.907096   -0.909409 0.000455397
          84   -0.902198   -0.909323 0.000458059
          85    -0.90023   -0.909216 0.000465108
          86   -0.913998   -0.909272 0.000463019
          87   -0.913618   -0.909322 0.000460383
          88    -0.91442    -0.90938 0.000458794
          89   -0.911753   -0.909407 0.000454392
          90   -0.914177    -0.90946  0.00045243
          91   -0.908622    -0.90945 0.000447526
          92   -0.903431   -0.909385 0.000447444
          93   -0.909862    -0.90939 0.000442636
          94   -0.903982   -0.909333 0.000441664
          95   -0.915172   -0.909394 0.000441293
          96   -0.908727   -0.909387 0.000436727
          97   -0.914849   -0.909443 0.000435853
          98   -0.906858   -0.909417 0.000432189
          99   -0.908017   -0.909403 0.000428035
         100   -0.908027   -0.909389 0.000423956
