           1    -1.19694    -1.19694           0
           2    -1.19699    -1.19697     2.4e-05
           3    -1.19657    -1.19683 0.000134847
           4    -1.19678    -1.19682 9.61628e-05
           5    -1.19696    -1.19685 7.91484e-05
           6    -1.19593     -1.1967 0.000165683
           7    -1.19741     -1.1968 0.000173105
           8    -1.19694    -1.19682 0.000151029
           9    -1.19672    -1.19681 0.000133619
          10    -1.19634    -1.19676 0.000128242
          11    -1.19694    -1.19678 0.000117187
          12     -1.1973    -1.19682 0.000115672
          13    -1.19638    -1.19679 0.000111526
          14    -1.19629    -1.19675  0.00010913
          15     -1.1965    -1.19673 0.000102974
          16    -1.19707    -1.19675 9.86177e-05
          17    -1.19713    -1.19678 9.52445e-05
          18      -1.197    -1.19679 9.06853e-05
          19     -1.1966    -1.19678  8.6363e-05
          20    -1.19752    -1.19682 8.98413e-05
          21    -1.19662    -1.19681 8.59624e-05
          22    -1.19619    -1.19678 8.65764e-05
          23    -1.19643    -1.19676 8.40742e-05
          24    -1.19718    -1.19678 8.23169e-05
          25    -1.19644    -1.19677  8.0112e-05
          26    -1.19698    -1.19678   7.741e-05
          27    -1.19739     -1.1968 7.78845e-05
          28    -1.19699    -1.19681 7.53675e-05
          29     -1.1969    -1.19681  7.2801e-05
          30    -1.19708    -1.19682 7.09162e-05
          31    -1.19745    -1.19684 7.15134e-05
          32    -1.19686    -1.19684 6.92447e-05
          33    -1.19742    -1.19686 6.93964e-05
          34    -1.19674    -1.19685 6.74095e-05
          35    -1.19653    -1.19684 6.60959e-05
          36    -1.19667    -1.19684 6.44197e-05
          37    -1.19684    -1.19684 6.26546e-05
          38    -1.19703    -1.19684 6.11921e-05
          39    -1.19732    -1.19686 6.08328e-05
          40    -1.19726    -1.19687  6.0134e-05
          41    -1.19692    -1.19687 5.86643e-05
          42    -1.19744    -1.19688 5.88306e-05
          43    -1.19755     -1.1969 5.95149e-05
          44    -1.19649    -1.19689 5.88737e-05
          45    -1.19711    -1.19689 5.77551e-05
          46    -1.19681    -1.19689 5.65145e-05
          47    -1.19699    -1.19689 5.53408e-05
          48    -1.19716     -1.1969 5.44569e-05
          49    -1.19711     -1.1969 5.35049e-05
          50    -1.19654     -1.1969 5.29151e-05
          51    -1.19704     -1.1969 5.19487e-05
          52    -1.19734    -1.19691 5.16525e-05
          53     -1.1967     -1.1969 5.08214e-05
          54    -1.19651     -1.1969 5.04033e-05
          55    -1.19644    -1.19689 5.01702e-05
          56    -1.19722    -1.19689 4.96294e-05
          57    -1.19646    -1.19689 4.93343e-05
          58    -1.19735    -1.19689 4.91263e-05
          59    -1.19739     -1.1969 4.90234e-05
          60    -1.19655     -1.1969 4.85488e-05
          61    -1.19694     -1.1969 4.77512e-05
          62    -1.19769    -1.19691 4.86955e-05
          63    -1.19723    -1.19692 4.81825e-05
          64    -1.19697    -1.19692 4.74302e-05
          65    -1.19667    -1.19691 4.68445e-05
          66    -1.19715    -1.19692 4.62664e-05
          67    -1.19721    -1.19692 4.57766e-05
          68    -1.19721    -1.19692 4.52933e-05
          69    -1.19751    -1.19693 4.54244e-05
          70    -1.19687    -1.19693 4.47794e-05
          71    -1.19765    -1.19694 4.52943e-05
          72    -1.19754    -1.19695 4.54305e-05
          73    -1.19689    -1.19695 4.48105e-05
          74    -1.19676    -1.19695 4.42763e-05
          75    -1.19723    -1.19695 4.38488e-05
          76    -1.19749    -1.19696 4.38449e-05
          77    -1.19697    -1.19696 4.32719e-05
          78    -1.19676    -1.19696  4.2792e-05
          79    -1.19712    -1.19696 4.22986e-05
          80    -1.19689    -1.19696 4.17746e-05
          81    -1.19706    -1.19696 4.12756e-05
          82    -1.19703    -1.19696 4.07787e-05
          83    -1.19672    -1.19696 4.03851e-05
          84     -1.1974    -1.19696 4.02511e-05
          85    -1.19646    -1.19696 4.02139e-05
          86    -1.19716    -1.19696 3.98119e-05
          87    -1.19726    -1.19696 3.95063e-05
          88     -1.1975    -1.19697 3.95388e-05
          89     -1.1966    -1.19696 3.93132e-05
          90    -1.19666    -1.19696 3.90228e-05
          91    -1.19701    -1.19696 3.85955e-05
          92    -1.19734    -1.19696 3.83951e-05
          93    -1.19785    -1.19697 3.91439e-05
          94    -1.19597    -1.19696   4.017e-05
          95    -1.19775    -1.19697 4.05907e-05
          96     -1.1962    -1.19696 4.09684e-05
          97    -1.19673    -1.19696 4.06155e-05
          98    -1.19694    -1.19696 4.01995e-05
          99    -1.19719    -1.19696 3.98561e-05
         100    -1.19694    -1.19696 3.94562e-05
