           1   0.0467832   0.0467832           0
           2   0.0475718   0.0471775 0.000394303
           3   0.0543355   0.0495635  0.00239682
           4   0.0505229   0.0498034   0.0017117
           5   0.0499596   0.0498346  0.00132624
           6   0.0669189    0.052682  0.00304635
           7   0.0399891   0.0508687  0.00314907
           8   0.0480971   0.0505223   0.0027491
           9   0.0542752   0.0509393  0.00246007
          10   0.0578771    0.051633  0.00230714
          11    0.049363   0.0514267  0.00209707
          12     0.04146   0.0505961  0.00208676
          13    0.055902   0.0510043  0.00196245
          14   0.0599535   0.0516435  0.00192605
          15    0.055714   0.0519149  0.00181347
          16   0.0469966   0.0516075  0.00172397
          17   0.0462155   0.0512903  0.00165016
          18   0.0471698   0.0510614  0.00157254
          19   0.0546654   0.0512511  0.00149952
          20   0.0379943   0.0505882  0.00156941
          21   0.0522259   0.0506662  0.00149484
          22   0.0633845   0.0512443  0.00153805
          23   0.0598326   0.0516177  0.00151636
          24   0.0444375   0.0513185  0.00148231
          25    0.057062   0.0515483  0.00144022
          26   0.0490094   0.0514506  0.00138716
          27   0.0411419   0.0510688  0.00138833
          28   0.0465605   0.0509078  0.00134748
          29   0.0479062   0.0508043   0.0013043
          30   0.0477696   0.0507032  0.00126413
          31   0.0410991   0.0503933  0.00126131
          32   0.0520458    0.050445  0.00122235
          33   0.0394814   0.0501128  0.00123043
          34    0.051894   0.0501651  0.00119484
          35   0.0546907   0.0502944  0.00116738
          36   0.0538597   0.0503935  0.00113881
          37   0.0493366   0.0503649  0.00110797
          38   0.0476624   0.0502938  0.00108076
          39   0.0416519   0.0500722  0.00107575
          40   0.0436817   0.0499124  0.00106062
          41   0.0473169   0.0498491  0.00103636
          42   0.0405511   0.0496278  0.00103533
          43   0.0369766   0.0493335  0.00105291
          44    0.056955   0.0495068  0.00104318
          45   0.0466837    0.049444  0.00102166
          46   0.0495451   0.0494462 0.000999208
          47   0.0478469   0.0494122 0.000978309
          48   0.0440112   0.0492997 0.000964298
          49   0.0440153   0.0491918 0.000950551
          50   0.0564214   0.0493364 0.000942504
          51   0.0476136   0.0493026 0.000924456
          52    0.040793    0.049139 0.000921156
          53   0.0512548   0.0491789  0.00090449
          54   0.0546185   0.0492796  0.00089328
          55   0.0593093    0.049462 0.000895649
          56   0.0443898   0.0493714 0.000884162
          57   0.0612164   0.0495792 0.000893026
          58   0.0406512   0.0494253 0.000890893
          59   0.0412631    0.049287 0.000886524
          60   0.0544541   0.0493731 0.000875867
          61   0.0480755   0.0493518 0.000861652
          62   0.0359101    0.049135 0.000874927
          63   0.0439411   0.0490526 0.000864866
          64   0.0484711   0.0490435 0.000851293
          65   0.0557882   0.0491472 0.000844493
          66   0.0467003   0.0491102 0.000832426
          67   0.0451138   0.0490505 0.000822074
          68   0.0443143   0.0489809 0.000812884
          69   0.0385979   0.0488304 0.000815028
          70   0.0495978   0.0488414 0.000803375
          71    0.035628   0.0486553 0.000813551
          72   0.0379014   0.0485059 0.000815959
          73    0.048855   0.0485107 0.000804718
          74   0.0505548   0.0485383 0.000794249
          75   0.0443157    0.048482 0.000785608
          76   0.0391101   0.0483587 0.000784949
          77   0.0461475     0.04833  0.00077522
          78   0.0506189   0.0483593 0.000765779
          79   0.0462511   0.0483326 0.000756494
          80   0.0491665    0.048343 0.000747051
          81   0.0473284   0.0483305 0.000737877
          82   0.0458305      0.0483  0.00072946
          83   0.0514205   0.0483376 0.000721598
          84   0.0400369   0.0482388 0.000719771
          85   0.0581134    0.048355 0.000720678
          86   0.0449642   0.0483156 0.000713339
          87   0.0434558   0.0482597 0.000707301
          88   0.0377426   0.0481402 0.000709358
          89   0.0551377   0.0482188 0.000705735
          90   0.0516026   0.0482564 0.000698862
          91   0.0483718   0.0482577 0.000691141
          92   0.0398173   0.0481659 0.000689716
          93   0.0331846   0.0480048 0.000701019
          94   0.0665429   0.0482021 0.000721017
          95   0.0374727   0.0480891 0.000722271
          96    0.065354    0.048269 0.000736988
          97   0.0521402   0.0483089 0.000730442
          98   0.0482657   0.0483084  0.00072295
          99   0.0461375   0.0482865 0.000715946
         100   0.0466683   0.0482703 0.000708935
