           1   0.0202234   0.0202234           0
           2   0.0268079   0.0235156  0.00329222
           3   0.0330443   0.0266919  0.00370152
           4   0.0229463   0.0257555  0.00277983
           5    0.033333    0.027271   0.0026331
           6   0.0416593    0.029669  0.00322068
           7   0.0167121    0.027818   0.0032917
           8   0.0193965   0.0267654  0.00303885
           9   0.0245388    0.026518  0.00269141
          10   0.0272564   0.0265918   0.0024084
          11   0.0211056   0.0260931  0.00223485
          12   0.0169439   0.0253306  0.00217794
          13   0.0312858   0.0257887  0.00205512
          14   0.0389442   0.0267284  0.00212206
          15   0.0323956   0.0271062  0.00201133
          16   0.0317824   0.0273985    0.001904
          17   0.0235756   0.0271736  0.00180257
          18    0.024953   0.0270502  0.00170396
          19   0.0347142   0.0274536  0.00166149
          20   0.0148275   0.0268223  0.00169795
          21   0.0280122    0.026879  0.00161607
          22   0.0590215     0.02834   0.0021234
          23     0.03966   0.0288322  0.00208782
          24    0.018969   0.0284212  0.00204075
          25   0.0377982   0.0287963  0.00199303
          26   0.0341162   0.0290009  0.00192574
          27   0.0182079   0.0286011  0.00189567
          28   0.0237555   0.0284281  0.00183489
          29   0.0222255   0.0282142  0.00178336
          30   0.0300882   0.0282767  0.00172402
          31   0.0215954   0.0280611  0.00168135
          32   0.0331311   0.0282196  0.00163565
          33   0.0165618   0.0278663   0.0016242
          34   0.0280487   0.0278717  0.00157571
          35   0.0332573   0.0280256  0.00153775
          36   0.0285192   0.0280393  0.00149449
          37   0.0260731   0.0279861   0.0014545
          38   0.0264097   0.0279446  0.00141632
          39   0.0204917   0.0277535   0.0013927
          40   0.0220635   0.0276113  0.00136487
          41   0.0208617   0.0274467   0.0013413
          42   0.0168229   0.0271937  0.00133319
          43   0.0135758    0.026877  0.00133979
          44    0.029567   0.0269382  0.00131041
          45   0.0198978   0.0267817  0.00129048
          46   0.0236407   0.0267134  0.00126396
          47   0.0208052   0.0265877  0.00124314
          48   0.0171455    0.026391  0.00123277
          49   0.0172718   0.0262049  0.00122161
          50   0.0435483   0.0265518  0.00124617
          51   0.0267226   0.0265551   0.0012215
          52      0.0146   0.0263252  0.00121964
          53   0.0223373     0.02625  0.00119877
          54   0.0282912   0.0262878  0.00117697
          55   0.0462003   0.0266498  0.00121077
          56    0.018907   0.0265115  0.00119696
          57    0.065122   0.0271889  0.00135694
          58   0.0169091   0.0270117  0.00134507
          59    0.018941   0.0268749  0.00132913
          60   0.0334187    0.026984  0.00131134
          61   0.0223325   0.0269077  0.00129191
          62   0.0156969   0.0267269   0.0012837
          63   0.0247839    0.026696  0.00126354
          64    0.017302   0.0265493  0.00125227
          65   0.0279403   0.0265707  0.00123304
          66    0.025636   0.0265565   0.0012143
          67   0.0186151    0.026438   0.0012019
          68   0.0195286   0.0263364  0.00118844
          69    0.019104   0.0262315  0.00117577
          70   0.0223661   0.0261763  0.00116017
          71   0.0134245   0.0259967  0.00115773
          72    0.014727   0.0258402  0.00115221
          73   0.0214667   0.0257803   0.0011379
          74   0.0251371   0.0257716  0.00112245
          75   0.0286871   0.0258105  0.00110807
          76   0.0147772   0.0256653  0.00110298
          77   0.0156044   0.0255346  0.00109638
          78   0.0211953    0.025479  0.00108366
          79   0.0227582   0.0254446  0.00107041
          80   0.0222778    0.025405  0.00105769
          81     0.02867   0.0254453  0.00104532
          82   0.0205151   0.0253852  0.00103425
          83   0.0247831   0.0253779  0.00102174
          84   0.0160008   0.0252663  0.00101565
          85   0.0400796   0.0254405  0.00101865
          86   0.0275258   0.0254648  0.00100703
          87   0.0252824   0.0254627 0.000995388
          88   0.0129965    0.025321 0.000994157
          89   0.0256956   0.0253252 0.000982932
          90    0.019926   0.0252653 0.000973799
          91   0.0359916   0.0253831 0.000970225
          92   0.0131666   0.0252503 0.000968765
          93   0.0162729   0.0251538 0.000963141
          94   0.0447551   0.0253623  0.00097539
          95   0.0168422   0.0252726 0.000969227
          96   0.0659038   0.0256959  0.00104831
          97   0.0270066   0.0257094  0.00103754
          98   0.0272299   0.0257249  0.00102701
          99   0.0301998   0.0257701  0.00101759
         100   0.0201886   0.0257143  0.00100891
