           1     0.99768     0.99768           0
           2     0.99744     0.99756     0.00012
           3    0.997028    0.997383 0.000190387
           4     0.99752    0.997417 0.000138933
           5    0.997336    0.997401 0.000108829
           6    0.996424    0.997238 0.000185472
           7     0.99808    0.997358 0.000197585
           8     0.99772    0.997403 0.000176987
           9     0.99744    0.997408  0.00015614
          10     0.99714    0.997381 0.000142196
          11    0.997668    0.997407 0.000131244
          12    0.998036    0.997459 0.000130777
          13    0.997004    0.997424 0.000125292
          14    0.996736    0.997375 0.000125987
          15    0.997012    0.997351  0.00011976
          16     0.99744    0.997356 0.000112163
          17    0.997696    0.997376 0.000107235
          18    0.997584    0.997388 0.000101758
          19    0.996996    0.997367 9.84394e-05
          20    0.998184    0.997408 0.000101924
          21    0.997224    0.997399 9.73451e-05
          22    0.996328    0.997351 0.000104816
          23    0.996892    0.997331 0.000102122
          24    0.997888    0.997354 0.000100493
          25    0.996892    0.997336  9.8145e-05
          26    0.997272    0.997333 9.43263e-05
          27    0.998032    0.997359 9.43847e-05
          28     0.99764    0.997369 9.15035e-05
          29      0.9976    0.997377 8.86505e-05
          30    0.997488    0.997381 8.57244e-05
          31    0.997948    0.997399 8.49087e-05
          32     0.99728    0.997395 8.22966e-05
          33    0.998108    0.997417 8.26363e-05
          34    0.997268    0.997412 8.02884e-05
          35      0.9971    0.997404 7.84702e-05
          36     0.99722    0.997398 7.64296e-05
          37    0.997424    0.997399 7.43384e-05
          38    0.997556    0.997403 7.24734e-05
          39    0.997876    0.997415 7.16238e-05
          40    0.997768    0.997424 7.03646e-05
          41    0.997608    0.997429 6.87732e-05
          42    0.998064    0.997444 6.87993e-05
          43    0.998272    0.997463 6.98866e-05
          44    0.997136    0.997456 6.86833e-05
          45    0.997772    0.997463 6.75067e-05
          46    0.997448    0.997462 6.60236e-05
          47     0.99768    0.997467 6.47694e-05
          48    0.997912    0.997476 6.40799e-05
          49      0.9979    0.997485 6.33515e-05
          50    0.996676    0.997469 6.41452e-05
          51     0.99754     0.99747 6.28904e-05
          52    0.998156    0.997483 6.30639e-05
          53    0.997492    0.997483 6.18628e-05
          54    0.997144    0.997477  6.1031e-05
          55    0.996636    0.997462 6.18325e-05
          56    0.997916     0.99747 6.12574e-05
          57    0.996272    0.997449 6.37381e-05
          58     0.99802    0.997459 6.33986e-05
          59    0.997968    0.997467 6.29095e-05
          60    0.997048     0.99746  6.2246e-05
          61    0.997612    0.997463 6.12674e-05
          62    0.998264    0.997476 6.16404e-05
          63    0.997664    0.997479 6.07276e-05
          64    0.997828    0.997484 6.00196e-05
          65    0.997284    0.997481 5.91693e-05
          66    0.997616    0.997483 5.83017e-05
          67    0.997952     0.99749 5.78495e-05
          68    0.997868    0.997496 5.72625e-05
          69    0.998016    0.997503 5.69279e-05
          70    0.997556    0.997504 5.61138e-05
          71      0.9983    0.997515 5.64421e-05
          72    0.998188    0.997525 5.64314e-05
          73    0.997628    0.997526  5.5671e-05
          74    0.997352    0.997524 5.49639e-05
          75    0.997608    0.997525 5.42378e-05
          76    0.998208    0.997534  5.4269e-05
          77    0.997876    0.997538 5.37435e-05
          78     0.99754    0.997538 5.30501e-05
          79    0.997724    0.997541  5.2427e-05
          80     0.99762    0.997542  5.1777e-05
          81    0.997504    0.997541 5.11359e-05
          82    0.997752    0.997544 5.05738e-05
          83    0.997372    0.997542 5.00036e-05
          84    0.998084    0.997548 4.98248e-05
          85    0.996888     0.99754 4.98439e-05
          86     0.99758    0.997541 4.92631e-05
          87    0.997708    0.997543 4.87314e-05
          88     0.99828    0.997551 4.88975e-05
          89    0.997304    0.997548 4.84246e-05
          90    0.997564    0.997549 4.78839e-05
          91    0.997212    0.997545  4.7499e-05
          92    0.998176    0.997552 4.74781e-05
          93    0.998388    0.997561  4.7818e-05
          94    0.996332    0.997548 4.90792e-05
          95    0.998252    0.997555 4.91226e-05
          96    0.996224    0.997541 5.05469e-05
          97    0.997368    0.997539  5.0055e-05
          98    0.997536    0.997539 4.95416e-05
          99    0.997608     0.99754 4.90435e-05
         100    0.997736    0.997542 4.85901e-05
