1    0.999783    0
2    0.999914    0.000130231
3    0.999959    8.7769e-05
4    0.999979    6.52064e-05
5    0.999977    5.05322e-05
6    0.999994    4.43618e-05
7    0.999978    4.05868e-05
8    0.999969    3.6329e-05
9    0.99998    3.37722e-05
10    0.999975    3.0546e-05
11    0.999968    2.84971e-05
12    0.999965    2.61844e-05
13    0.99998    2.84094e-05
14    0.99998    2.63043e-05
15    0.99998    2.44882e-05
16    0.999985    2.3586e-05
17    0.999982    2.23836e-05
18    0.999981    2.11214e-05
19    0.999987    2.06493e-05
20    0.99999    1.98511e-05
21    0.999991    1.89576e-05
22    0.999991    1.80755e-05
23    0.999994    1.74764e-05
24    0.999994    1.67329e-05
25    0.999995    1.60693e-05
26    0.999995    1.54389e-05
27    0.999995    1.48567e-05
28    0.999993    1.44958e-05
29    0.999994    1.40652e-05
30    0.999993    1.36263e-05
31    0.999993    1.31889e-05
32    0.999992    1.27842e-05
33    0.99999    1.25278e-05
34    0.999989    1.22305e-05
35    0.999991    1.20366e-05
36    0.999989    1.17542e-05
37    0.99999    1.14353e-05
38    0.999989    1.1153e-05
39    0.999987    1.10081e-05
40    0.999989    1.09171e-05
41    0.999991    1.08629e-05
42    0.999991    1.06084e-05
43    0.999992    1.0455e-05
44    0.999993    1.0264e-05
45    0.999994    1.00429e-05
46    0.999994    9.8246e-06
47    0.999992    9.7532e-06
48    0.999991    9.57582e-06
49    0.999993    9.55668e-06
50    0.999993    9.36684e-06
51    0.999994    9.22171e-06
52    0.999994    9.04355e-06
53    0.999995    8.9178e-06
54    0.999997    8.86712e-06
55    0.999997    8.70787e-06
56    0.999996    8.62762e-06
57    0.999996    8.49714e-06
58    0.999995    8.40602e-06
59    0.999994    8.32541e-06
60    0.999995    8.22404e-06
61    0.999994    8.1824e-06
62    0.999995    8.06727e-06
63    0.999994    7.9985e-06
64    0.999995    7.94648e-06
65    0.999994    7.84926e-06
66    0.999995    7.76671e-06
67    0.999996    7.78433e-06
68    0.999997    7.68222e-06
69    0.999998    7.61881e-06
70    0.999998    7.51306e-06
71    0.999998    7.40854e-06
72    0.999998    7.32138e-06
73    0.999998    7.22043e-06
74    0.999997    7.15496e-06
75    0.999997    7.07028e-06
76    0.999998    7.09295e-06
77    0.999998    7.02361e-06
78    0.999998    6.93347e-06
79    0.999998    6.84828e-06
80    0.999998    6.76538e-06
81    0.999997    6.68677e-06
82    0.999996    6.77611e-06
83    0.999996    6.70003e-06
84    0.999995    6.6366e-06
85    0.999995    6.57212e-06
86    0.999996    6.50862e-06
87    0.999997    6.46972e-06
88    0.999997    6.44879e-06
89    0.999998    6.38269e-06
90    0.999997    6.37853e-06
91    0.999997    6.31245e-06
92    0.999997    6.25576e-06
93    0.999997    6.18894e-06
94    0.999997    6.12291e-06
95    0.999997    6.06239e-06
96    0.999996    6.03455e-06
97    0.999996    5.97237e-06
98    0.999996    5.92409e-06
99    0.999997    5.86655e-06
100    0.999997    5.8505e-06
