1    1.00027    0
2    0.999975    0.000291282
3    1.00015    0.000239557
4    1.00009    0.00017906
5    1.00001    0.000161533
6    0.999957    0.000140316
7    0.999927    0.000122256
8    0.999906    0.000107996
9    0.999889    9.68464e-05
10    0.99994    0.000100576
11    0.99993    9.14654e-05
12    0.999957    8.77568e-05
13    0.99997    8.16857e-05
14    0.999969    7.56296e-05
15    0.999935    7.80245e-05
16    0.999964    7.82986e-05
17    0.999971    7.3922e-05
18    0.999968    6.97592e-05
19    0.999978    6.67679e-05
20    0.999983    6.35343e-05
21    0.999984    6.0438e-05
22    0.99999    5.79064e-05
23    0.999982    5.59256e-05
24    0.999979    5.36173e-05
25    0.999987    5.2083e-05
26    0.999992    5.03111e-05
27    1    4.96515e-05
28    0.999986    5.09314e-05
29    0.999993    4.96182e-05
30    0.999985    4.85516e-05
31    0.999969    4.95696e-05
32    0.999961    4.86175e-05
33    0.999947    4.92647e-05
34    0.999951    4.79813e-05
35    0.999941    4.76276e-05
36    0.999935    4.66796e-05
37    0.99994    4.56275e-05
38    0.999937    4.44765e-05
39    0.999945    4.39599e-05
40    0.99995    4.32031e-05
41    0.999953    4.22028e-05
42    0.999956    4.12966e-05
43    0.999951    4.06078e-05
44    0.999946    4.00243e-05
45    0.999944    3.91489e-05
46    0.999949    3.86018e-05
47    0.999952    3.78468e-05
48    0.999949    3.71888e-05
49    0.999953    3.66601e-05
50    0.99995    3.60238e-05
51    0.999946    3.54992e-05
52    0.999953    3.54983e-05
53    0.999956    3.4908e-05
54    0.999958    3.43233e-05
55    0.999957    3.36959e-05
56    0.999958    3.30988e-05
57    0.999959    3.25149e-05
58    0.999965    3.25325e-05
59    0.99997    3.23909e-05
60    0.99997    3.18487e-05
61    0.999973    3.14046e-05
62    0.999972    3.09036e-05
63    0.999972    3.04092e-05
64    0.999977    3.03328e-05
65    0.999979    2.9929e-05
66    0.999977    2.94984e-05
67    0.999977    2.90611e-05
68    0.999977    2.86305e-05
69    0.999977    2.82129e-05
70    0.999978    2.78303e-05
71    0.999982    2.76991e-05
72    0.999984    2.74049e-05
73    0.999984    2.70276e-05
74    0.999985    2.66808e-05
75    0.999984    2.63478e-05
76    0.999983    2.60094e-05
77    0.999979    2.59897e-05
78    0.999981    2.57596e-05
79    0.999985    2.56319e-05
80    0.999992    2.63162e-05
81    0.999989    2.61274e-05
82    0.999989    2.58069e-05
83    0.999994    2.59136e-05
84    0.999992    2.5647e-05
85    0.999996    2.55661e-05
86    0.999993    2.54327e-05
87    0.999993    2.51405e-05
88    0.999994    2.49057e-05
89    0.999992    2.47543e-05
90    0.999991    2.44809e-05
91    0.999991    2.42152e-05
92    0.999987    2.41933e-05
93    0.999991    2.42139e-05
94    0.999991    2.3955e-05
95    0.999993    2.37666e-05
96    0.999996    2.37254e-05
97    0.999997    2.35098e-05
98    1    2.35285e-05
99    1    2.336e-05
100    0.999999    2.33565e-05
