0    0    0
1    1    0
2    1.99884    0.00395122
3    2.99218    0.00678204
4    3.9935    0.00955072
5    4.99592    0.0134669
6    5.99434    0.0166981
7    7.00674    0.0193268
8    8.01798    0.0214058
9    9.0359    0.0242956
10    10.022    0.0287935
11    11.0356    0.0329107
12    12.0399    0.0371248
13    13.0421    0.0389663
14    14.058    0.0419786
15    15.0471    0.0432215
16    16.0474    0.0461978
17    17.0377    0.0476935
18    18.0552    0.0487231
19    19.0511    0.0489333
20    20.0414    0.0518856
21    21.0165    0.0551727
22    22.0235    0.0566801
23    23.0119    0.0591981
24    24.0442    0.0613946
25    25.0509    0.0634245
26    26.0537    0.0629169
27    27.0645    0.0659102
28    28.0706    0.0671344
29    29.0745    0.0719953
30    30.0726    0.07515
31    31.1136    0.0801042
32    32.0988    0.0828292
33    33.0938    0.0869577
34    34.0938    0.0903792
35    35.096    0.0885538
36    36.1169    0.0903376
37    37.1345    0.093295
38    38.1075    0.0965436
39    39.0725    0.0960837
40    40.0835    0.0983018
41    41.0856    0.103044
42    42.0547    0.108568
43    43.0622    0.107805
44    44.0701    0.10787
45    45.0666    0.111508
46    46.0463    0.114592
47    47.0027    0.120676
48    48.009    0.120161
49    48.9901    0.119601
50    49.9658    0.122872
51    50.9531    0.122244
52    51.946    0.127423
53    52.9216    0.131982
54    53.8966    0.129147
55    54.9421    0.133091
56    55.9399    0.13189
57    56.9349    0.133379
58    57.9356    0.141281
59    58.9351    0.14162
60    59.9195    0.143157
61    60.9573    0.145923
62    61.9515    0.153363
63    62.9095    0.156098
64    63.9449    0.160228
65    64.9773    0.163117
66    65.983    0.168599
67    67.0243    0.178559
68    68.0581    0.176612
69    69.0218    0.178348
70    69.9879    0.179955
71    71.0177    0.181038
72    72.0013    0.179976
73    72.9773    0.180132
74    74.0035    0.180466
75    74.9708    0.183972
76    75.9984    0.184555
77    76.9928    0.189787
78    77.9321    0.191472
79    78.8863    0.190221
80    79.8893    0.194275
81    80.8596    0.196527
82    81.7988    0.200148
83    82.7786    0.207498
84    83.7627    0.210949
85    84.7786    0.217654
86    85.7284    0.22287
87    86.7662    0.227636
88    87.7953    0.234815
89    88.7663    0.235021
90    89.7594    0.239137
91    90.7828    0.244174
92    91.8901    0.244081
93    92.9098    0.247196
94    93.8798    0.248678
95    94.8479    0.257953
96    95.8603    0.253702
97    96.8327    0.255475
98    97.835    0.25226
99    98.8257    0.249921
100    99.8711    0.246207
