0    0    0
1    1    0
2    1.99972    0.00365262
3    3.00008    0.00647413
4    4.00014    0.00926953
5    5.00108    0.0117902
6    6.0022    0.0150374
7    6.9833    0.0180273
8    7.9704    0.0207686
9    8.97336    0.0229863
10    9.97572    0.0256687
11    10.9546    0.0279529
12    11.9514    0.0292297
13    12.9652    0.0327242
14    13.9754    0.0372694
15    14.9755    0.0401148
16    15.9909    0.0416245
17    17.0042    0.0451191
18    18.0144    0.0445636
19    19.0187    0.0463705
20    20.0433    0.049466
21    21.0653    0.0492616
22    22.065    0.0516686
23    23.0675    0.0605379
24    24.0578    0.0597237
25    25.0663    0.0614344
26    26.046    0.0623401
27    27.0213    0.0617414
28    28.0326    0.0666618
29    29.0172    0.0693958
30    30.0003    0.0733057
31    30.9628    0.0782363
32    31.9664    0.0819861
33    32.9536    0.0864525
34    33.9518    0.0909996
35    34.946    0.0959184
36    35.9499    0.0990795
37    36.9826    0.101072
38    37.961    0.102337
39    38.9616    0.107747
40    39.9752    0.113738
41    40.9927    0.11666
42    41.9909    0.116021
43    42.9774    0.114798
44    43.9767    0.117666
45    44.9663    0.117815
46    45.967    0.119868
47    46.9176    0.123303
48    47.9326    0.125494
49    48.9396    0.127127
50    49.9499    0.128125
51    50.959    0.126952
52    51.9768    0.135458
53    53.0074    0.134929
54    53.9847    0.134534
55    54.9598    0.137404
56    55.973    0.144595
57    57.021    0.152697
58    57.9976    0.155271
59    58.9544    0.160011
60    59.9253    0.160658
61    60.9157    0.161886
62    61.9635    0.165114
63    62.9804    0.165789
64    64.0115    0.170358
65    64.9852    0.17382
66    66.0104    0.174873
67    67.0323    0.178826
68    67.9854    0.182441
69    68.9916    0.185779
70    69.9929    0.190878
71    70.9858    0.190027
72    71.8944    0.192026
73    72.855    0.197023
74    73.8184    0.204634
75    74.7687    0.208228
76    75.7962    0.209811
77    76.7963    0.210524
78    77.8261    0.217138
79    78.7881    0.220478
80    79.7734    0.224679
81    80.7167    0.223449
82    81.7077    0.225386
83    82.6666    0.231735
84    83.5729    0.230244
85    84.5433    0.232782
86    85.5209    0.236613
87    86.5327    0.236576
88    87.4886    0.236282
89    88.486    0.236479
90    89.4563    0.23853
91    90.5072    0.237844
92    91.5092    0.240703
93    92.5319    0.245004
94    93.5498    0.248726
95    94.4848    0.250825
96    95.4452    0.258548
97    96.4684    0.260234
98    97.4659    0.259796
99    98.4792    0.265872
100    99.4884    0.274795
