           1      1.7799      1.7799           0
           2     1.95323     1.86656   0.0866648
           3     1.94132     1.89148   0.0558978
           4     1.94259     1.90426   0.0415398
           5     1.85183     1.89377   0.0338419
           6     1.94189     1.90179   0.0287718
           7     1.88833     1.89987   0.0243925
           8     1.93287     1.90399   0.0215235
           9     1.85697     1.89877   0.0196879
          10     2.06544     1.91544   0.0242462
          11     1.69564     1.89545   0.0296693
          12     1.95335     1.90028   0.0275106
          13     1.93935     1.90328   0.0254839
          14     1.95099     1.90669   0.0238383
          15     1.78444     1.89854   0.0236415
          16     1.96962     1.90298   0.0225564
          17     1.92986     1.90457    0.021247
          18     1.85964     1.90207   0.0201867
          19     1.92698     1.90338   0.0191397
          20     1.93056     1.90474   0.0182082
          21     1.95628     1.90719   0.0174925
          22     1.82372      1.9034   0.0171046
          23     1.89192      1.9029   0.0163517
          24     1.85412     1.90087   0.0157869
          25     1.85528     1.89904   0.0152517
          26     1.90245     1.89918   0.0146539
          27     1.88873     1.89879   0.0141061
          28     1.98294     1.90179   0.0139213
          29     1.90617     1.90195   0.0134335
          30     1.89468      1.9017   0.0129803
          31     1.76375     1.89725     0.01332
          32     2.00256     1.90054   0.0133103
          33     1.89992     1.90052   0.0129006
          34     1.95737      1.9022   0.0126266
          35     1.90339     1.90223   0.0122606
          36     1.91739     1.90265   0.0119226
          37     1.81014     1.90015   0.0118624
          38     1.91736      1.9006   0.0115549
          39     1.81915     1.89852   0.0114468
          40      1.8945     1.89842   0.0111574
          41      1.9244     1.89905   0.0109003
          42     1.87577      1.8985   0.0106521
          43     2.00142     1.90089   0.0106733
          44     2.02171     1.90363   0.0107833
          45     1.90493     1.90366    0.010541
          46     1.85478      1.9026   0.0103639
          47     1.83967     1.90126   0.0102291
          48     1.91969     1.90165    0.010021
          49     1.87042     1.90101  0.00983506
          50     1.94274     1.90184  0.00967243
          51     1.86006     1.90102  0.00951621
          52     1.99052     1.90274  0.00948881
          53     1.80682     1.90094  0.00948238
          54     1.87968     1.90054  0.00931344
          55     2.01819     1.90268  0.00938944
          56     2.01391     1.90467  0.00943177
          57     1.83987     1.90353   0.0093343
          58      1.8245     1.90217  0.00927261
          59     1.82308     1.90083  0.00921215
          60     1.89106     1.90066  0.00905877
          61     1.98219       1.902  0.00900872
          62     1.83997       1.901  0.00891852
          63     1.90283     1.90103  0.00877587
          64     1.81981     1.89976  0.00873037
          65     1.94383     1.90044  0.00862171
          66     1.83517     1.89945  0.00854748
          67     1.96665     1.90045  0.00847847
          68      1.8704     1.90001  0.00836454
          69     1.92257     1.90034   0.0082489
          70     1.81974     1.89919  0.00821132
          71     1.75817      1.8972  0.00833493
          72     1.86151      1.8967  0.00823328
          73     2.01304      1.8983  0.00827462
          74     2.05886     1.90047  0.00844552
          75     1.96082     1.90127  0.00837092
          76     1.91202     1.90141  0.00826125
          77     1.95858     1.90216  0.00818699
          78     1.96566     1.90297  0.00812225
          79      1.8169     1.90188  0.00809245
          80     1.95415     1.90253  0.00801733
          81     1.94096     1.90301  0.00793193
          82     1.81613     1.90195  0.00790591
          83      1.9098     1.90204  0.00781065
          84      2.0156      1.9034  0.00783462
          85     1.96999     1.90418  0.00778144
          86     1.93154      1.9045    0.007697
          87     1.79951     1.90329  0.00770312
          88     1.84759     1.90266  0.00764135
          89     1.82299     1.90176  0.00760785
          90     1.90591     1.90181  0.00752299
          91     1.79145      1.9006  0.00753804
          92     1.84118     1.89995  0.00748358
          93     1.90827     1.90004  0.00740321
          94     1.91296     1.90018  0.00732532
          95     1.83276     1.89947  0.00728246
          96     1.80997     1.89854  0.00726625
          97     1.87272     1.89827  0.00719587
          98     2.05224     1.89984   0.0072933
          99     1.94153     1.90026  0.00723153
         100     2.18608     1.90312  0.00770834
