           1    0.527452    0.527452           0
           2    0.508308     0.51788    0.009572
           3    0.507344    0.514368  0.00654792
           4    0.520924    0.516007  0.00491161
           5    0.532028    0.519211  0.00497406
           6    0.501268    0.516221  0.00504356
           7    0.513764     0.51587  0.00427701
           8    0.516236    0.515915  0.00370428
           9    0.523096    0.516713  0.00336288
          10    0.509484     0.51599  0.00309351
          11    0.526496    0.516945  0.00295668
          12     0.50958    0.516332  0.00276798
          13    0.505312    0.515484  0.00268356
          14    0.510788    0.515149  0.00250704
          15    0.532228    0.516287  0.00259686
          16    0.511652    0.515997  0.00244635
          17    0.504524    0.515323  0.00239501
          18    0.508984     0.51497  0.00228533
          19    0.506556    0.514528  0.00220661
          20    0.510556    0.514329  0.00210277
          21    0.505228    0.513896  0.00204654
          22    0.517552    0.514062  0.00195837
          23    0.510896    0.513924  0.00187634
          24    0.503068    0.513472  0.00185253
          25    0.519236    0.513702  0.00179178
          26    0.511596    0.513621   0.0017234
          27    0.529208    0.514199  0.00175594
          28    0.513652    0.514179  0.00169218
          29    0.502168    0.513765   0.0016845
          30    0.507812    0.513567  0.00163944
          31    0.525128    0.513939  0.00162894
          32    0.508496    0.513769  0.00158636
          33     0.51162    0.513704  0.00153892
          34    0.511088    0.513627  0.00149495
          35    0.530212    0.514101  0.00152699
          36     0.51612    0.514157  0.00148503
          37    0.509284    0.514026  0.00145033
          38     0.51018    0.513924  0.00141527
          39     0.52418    0.514187  0.00140336
          40    0.499268    0.513814  0.00141777
          41     0.49952    0.513466  0.00142603
          42    0.511496    0.513419  0.00139245
          43    0.504152    0.513203  0.00137666
          44    0.493128    0.512747  0.00142028
          45    0.518796    0.512881  0.00139486
          46    0.525648    0.513159  0.00139214
          47     0.51658    0.513232  0.00136414
          48    0.510544    0.513176  0.00133659
          49    0.517264    0.513259  0.00131169
          50    0.511552    0.513225  0.00128564
          51    0.505496    0.513073  0.00126926
          52    0.512016    0.513053  0.00124478
          53    0.519284    0.513171  0.00122671
          54    0.510612    0.513123  0.00120471
          55     0.49512    0.512796  0.00122707
          56     0.50934    0.512734  0.00120654
          57    0.512384    0.512728   0.0011852
          58    0.519784     0.51285  0.00117092
          59    0.521404    0.512995     0.00116
          60    0.509472    0.512936  0.00114201
          61    0.505948    0.512822  0.00112896
          62    0.513704    0.512836   0.0011107
          63    0.517364    0.512908  0.00109529
          64    0.510944    0.512877  0.00107847
          65    0.516284    0.512929  0.00106304
          66    0.510308     0.51289  0.00104757
          67     0.51456    0.512915  0.00103211
          68    0.516264    0.512964  0.00101801
          69    0.506504     0.51287  0.00100751
          70    0.524712    0.513039  0.00100732
          71    0.522132    0.513167  0.00100126
          72     0.51672    0.513217 0.000988484
          73    0.486244    0.512847  0.00104252
          74    0.506284    0.512759  0.00103216
          75    0.501412    0.512607  0.00102948
          76    0.519076    0.512692   0.0010194
          77     0.51402     0.51271  0.00100622
          78     0.50348    0.512591  0.00100026
          79    0.526028    0.512761  0.00100206
          80    0.518036    0.512827 0.000991649
          81     0.51182    0.512815 0.000979409
          82    0.515568    0.512848 0.000967973
          83    0.518072    0.512911 0.000958309
          84     0.50242    0.512787 0.000955034
          85     0.51134     0.51277 0.000943884
          86    0.504628    0.512675 0.000937636
          87    0.527092    0.512841 0.000941494
          88    0.523524    0.512962 0.000938619
          89    0.529008    0.513142 0.000945364
          90    0.513464    0.513146 0.000934807
          91    0.518708    0.513207 0.000926496
          92    0.511072    0.513184 0.000916664
          93    0.512296    0.513174 0.000906804
          94    0.507284    0.513112 0.000899291
          95    0.525488    0.513242 0.000899261
          96    0.520312    0.513315 0.000892887
          97    0.520976    0.513394 0.000887156
          98    0.507288    0.513332 0.000880265
          99    0.508228    0.513281 0.000872852
         100    0.508668    0.513234  0.00086531
