           1    0.553361    0.553361           0
           2     0.56273    0.558045   0.0046847
           3    0.576532    0.564208  0.00672983
           4    0.559467    0.563023  0.00490407
           5    0.589994    0.568417  0.00659756
           6     0.56371    0.567632  0.00544371
           7    0.567773    0.567652  0.00460082
           8     0.55464    0.566026  0.00430362
           9    0.572006     0.56669  0.00385317
          10    0.579778    0.567999   0.0036865
          11     0.55569     0.56688  0.00351731
          12     0.57276     0.56737  0.00324803
          13     0.54922    0.565974  0.00329788
          14    0.550309    0.564855   0.0032518
          15    0.570138    0.565207  0.00304768
          16    0.576542    0.565916  0.00293755
          17    0.579201    0.566697  0.00286787
          18    0.540908    0.565264  0.00305998
          19    0.554425    0.564694  0.00295014
          20    0.572029    0.565061  0.00282268
          21    0.563236    0.564974  0.00268631
          22    0.547657    0.564187  0.00267951
          23    0.577466    0.564764  0.00262465
          24    0.540527    0.563754  0.00270825
          25    0.541788    0.562876  0.00274223
          26    0.560128     0.56277  0.00263677
          27    0.584558    0.563577  0.00266247
          28    0.584348    0.564319  0.00267072
          29    0.549349    0.563802  0.00262817
          30    0.560238    0.563684  0.00254183
          31    0.564313    0.563704  0.00245855
          32    0.563173    0.563687  0.00238054
          33    0.568756    0.563841  0.00231238
          34    0.588902    0.564578  0.00236133
          35    0.590863    0.565329  0.00241273
          36    0.580583    0.565753  0.00238273
          37     0.56684    0.565782  0.00231762
          38    0.563408     0.56572  0.00225667
          39    0.541705    0.565104  0.00228267
          40    0.561564    0.565015  0.00222663
          41    0.554813    0.564767  0.00218586
          42    0.557149    0.564585  0.00214087
          43    0.587159     0.56511   0.0021554
          44    0.556819    0.564922  0.00211426
          45    0.572622    0.565093  0.00207381
          46    0.567582    0.565147  0.00202895
          47    0.563352    0.565109  0.00198568
          48     0.56185    0.565041  0.00194506
          49    0.553739     0.56481  0.00191886
          50    0.569641    0.564907  0.00188257
          51     0.56158    0.564842  0.00184645
          52    0.575917    0.565055  0.00182307
          53    0.549317    0.564758  0.00181283
          54    0.572639    0.564904  0.00178492
          55    0.561677    0.564845  0.00175315
          56     0.57653    0.565054  0.00173415
          57    0.565817    0.565067  0.00170351
          58    0.543636    0.564698  0.00171418
          59    0.559641    0.564612  0.00168706
          60    0.568935    0.564684  0.00166026
          61     0.57362     0.56483  0.00163938
          62    0.561466    0.564776  0.00161363
          63    0.573367    0.564912  0.00159366
          64    0.545273    0.564606   0.0015983
          65    0.584138    0.564906  0.00160195
          66    0.556863    0.564784  0.00158219
          67    0.573306    0.564911  0.00156358
          68    0.558448    0.564816  0.00154334
          69    0.554291    0.564664  0.00152844
          70     0.54496    0.564382  0.00153252
          71    0.541209    0.564056  0.00154564
          72    0.582476    0.564312  0.00154534
          73     0.57892    0.564512  0.00153711
          74    0.573712    0.564636  0.00152128
          75    0.592475    0.565007  0.00154608
          76    0.571164    0.565088  0.00152775
          77    0.594598    0.565472  0.00155572
          78    0.579024    0.565645  0.00154545
          79     0.56741    0.565668  0.00152592
          80    0.568108    0.565698  0.00150703
          81     0.58496    0.565936  0.00150719
          82    0.555433    0.565808   0.0014942
          83     0.58154    0.565997  0.00148821
          84     0.58495    0.566223  0.00148759
          85    0.583882    0.566431  0.00148459
          86    0.561865    0.566378  0.00146819
          87    0.551626    0.566208  0.00146109
          88    0.573548    0.566292   0.0014468
          89      0.5543    0.566157  0.00143678
          90     0.57019    0.566202  0.00142143
          91    0.558178    0.566114  0.00140849
          92    0.565545    0.566107  0.00139311
          93    0.579082    0.566247  0.00138509
          94    0.574834    0.566338  0.00137332
          95    0.574621    0.566425  0.00136158
          96    0.560493    0.566364  0.00134874
          97    0.565735    0.566357  0.00133478
          98    0.597248    0.566672  0.00135817
          99    0.579451    0.566801  0.00135056
         100     0.58589    0.566992  0.00135055
