           1   -0.791754   -0.791754           0
           2    -0.78159   -0.786672   0.0050824
           3   -0.780653   -0.784666   0.0035547
           4   -0.786729   -0.785181  0.00256593
           5   -0.788206   -0.785786  0.00207755
           6   -0.781494   -0.785071  0.00184102
           7   -0.781361   -0.784541  0.00164373
           8   -0.788023   -0.784976  0.00148858
           9   -0.790243   -0.785561  0.00143734
          10   -0.783105   -0.785316  0.00130886
          11   -0.787539   -0.785518  0.00120104
          12   -0.780132   -0.785069   0.0011847
          13   -0.780366   -0.784707  0.00114824
          14    -0.78483   -0.784716   0.0010631
          15    -0.79147   -0.785166  0.00108729
          16    -0.78761   -0.785319  0.00102848
          17   -0.781073   -0.785069 0.000997851
          18   -0.781037   -0.784845 0.000967088
          19   -0.781095   -0.784648 0.000935824
          20   -0.778911   -0.784361 0.000932985
          21   -0.782462   -0.784271 0.000892043
          22   -0.784222   -0.784268 0.000850533
          23   -0.783251   -0.784224 0.000813914
          24   -0.781118   -0.784095 0.000789941
          25   -0.789591   -0.784315 0.000788939
          26   -0.783583   -0.784286  0.00075851
          27   -0.790938   -0.784533 0.000770326
          28   -0.782082   -0.784445 0.000747446
          29   -0.778938   -0.784255 0.000745798
          30   -0.778954   -0.784079  0.00074186
          31    -0.78789   -0.784202 0.000727985
          32   -0.784019   -0.784196 0.000704892
          33   -0.782628   -0.784148 0.000684847
          34   -0.780258   -0.784034 0.000674182
          35   -0.790858   -0.784229 0.000683058
          36   -0.784752   -0.784243 0.000663972
          37   -0.782673   -0.784201 0.000647171
          38   -0.784404   -0.784206 0.000629933
          39   -0.787612   -0.784294 0.000619751
          40   -0.775694   -0.784079 0.000641181
          41   -0.779144   -0.783958 0.000636824
          42   -0.780707   -0.783881 0.000626278
          43   -0.782742   -0.783854 0.000612113
          44   -0.773978    -0.78363  0.00063878
          45   -0.785295   -0.783667 0.000625519
          46   -0.790762   -0.783821 0.000630912
          47   -0.785196    -0.78385 0.000618035
          48   -0.780253   -0.783775 0.000609647
          49   -0.784621   -0.783793 0.000597325
          50   -0.783398   -0.783785 0.000585309
          51   -0.780307   -0.783717 0.000577756
          52   -0.784219   -0.783726 0.000566619
          53   -0.786545    -0.78378 0.000558363
          54   -0.783642   -0.783777 0.000547932
          55   -0.778904   -0.783688 0.000545125
          56    -0.78074   -0.783636 0.000537885
          57   -0.786101   -0.783679 0.000530131
          58   -0.788365    -0.78376 0.000527139
          59   -0.785321   -0.783786 0.000518802
          60   -0.779678   -0.783718 0.000514656
          61   -0.780726   -0.783669  0.00050852
          62   -0.784957   -0.783689 0.000500682
          63   -0.784193   -0.783697 0.000492736
          64   -0.782389   -0.783677 0.000485406
          65   -0.786873   -0.783726 0.000480403
          66   -0.781582   -0.783694 0.000474183
          67   -0.783744   -0.783694 0.000467052
          68   -0.785325   -0.783718 0.000460757
          69   -0.781053    -0.78368 0.000455671
          70    -0.78611   -0.783715 0.000450454
          71   -0.786954    -0.78376 0.000446403
          72   -0.781152   -0.783724 0.000441647
          73   -0.770841   -0.783547 0.000469951
          74   -0.784465    -0.78356 0.000463723
          75   -0.776378   -0.783464 0.000467411
          76   -0.786463   -0.783504 0.000462905
          77   -0.783868   -0.783508 0.000456878
          78   -0.779312   -0.783454  0.00045418
          79   -0.791102   -0.783551 0.000458724
          80   -0.788063   -0.783608 0.000456451
          81    -0.78098   -0.783575 0.000451946
          82    -0.78329   -0.783572 0.000446414
          83   -0.787166   -0.783615 0.000443125
          84   -0.778012   -0.783548  0.00044287
          85    -0.77898   -0.783495 0.000440916
          86   -0.778982   -0.783442 0.000438908
          87   -0.790674   -0.783525 0.000441726
          88   -0.787161   -0.783567 0.000438627
          89   -0.793602   -0.783679 0.000448089
          90   -0.783445   -0.783677  0.00044309
          91    -0.78639   -0.783707 0.000439207
          92   -0.780966   -0.783677 0.000435426
          93   -0.781939   -0.783658 0.000431124
          94   -0.781769   -0.783638 0.000426986
          95   -0.789674   -0.783701 0.000427218
          96   -0.785686   -0.783722  0.00042325
          97   -0.786635   -0.783752 0.000419939
          98   -0.782962   -0.783744  0.00041571
          99    -0.78015   -0.783708 0.000413088
         100   -0.781782   -0.783689  0.00040939
