         0.5     0.99899 2.90797e-05
        0.55    0.997542 4.85901e-05
         0.6    0.994414  8.3331e-05
        0.65    0.989111  0.00012451
         0.7    0.980787 0.000178908
        0.75    0.968129 0.000234525
         0.8    0.951072 0.000290096
        0.85    0.928602 0.000360794
         0.9    0.900186 0.000446668
        0.95    0.867155 0.000551226
           1    0.829891 0.000641062
        1.05    0.789627  0.00070371
         1.1    0.747396 0.000690918
        1.15    0.705121  0.00074391
         1.2      0.6624 0.000735081
        1.25    0.622319 0.000734062
         1.3    0.583663 0.000652337
        1.35    0.546737  0.00064477
         1.4    0.512816 0.000675187
        1.45     0.48101 0.000717828
         1.5    0.452248 0.000644899
        1.55    0.425713 0.000581065
         1.6    0.401299  0.00062153
        1.65    0.379262 0.000637819
         1.7     0.35863  0.00061643
        1.75    0.339102 0.000600374
         1.8    0.321107 0.000523667
        1.85    0.304538 0.000521433
         1.9    0.289238 0.000524882
        1.95    0.275359 0.000506943
           2    0.262817  0.00047685
