         0.5   0.0111126 0.000606223
        0.55   0.0257143  0.00100891
         0.6   0.0587587  0.00169833
        0.65    0.113665  0.00292349
         0.7    0.193039   0.0036294
        0.75    0.311588  0.00410728
         0.8    0.461126  0.00499383
        0.85    0.653208  0.00658132
         0.9    0.871337  0.00752198
        0.95     1.09726  0.00919816
           1     1.32046   0.0100905
        1.05     1.50895   0.0100717
         1.1     1.67101   0.0097763
        1.15     1.79973  0.00949741
         1.2     1.88757  0.00886768
        1.25     1.93797   0.0084069
         1.3     1.94208  0.00750812
        1.35     1.92799  0.00683166
         1.4     1.90257  0.00674209
        1.45     1.86337  0.00612441
         1.5     1.81225  0.00547763
        1.55     1.74959  0.00495249
         1.6     1.69722  0.00482714
        1.65     1.62699  0.00434671
         1.7     1.56128  0.00396303
        1.75     1.49691  0.00379115
         1.8     1.43956  0.00300642
        1.85     1.38661  0.00278906
         1.9     1.33375  0.00301419
        1.95      1.2788   0.0028339
           2     1.22906  0.00268858
