         0.5   0.0247535 0.000543259
        0.55   0.0482703 0.000708935
         0.6     0.08779  0.00100706
        0.65    0.140358  0.00123672
         0.7    0.206085  0.00151194
        0.75    0.284737  0.00172013
         0.8    0.365017   0.0017697
        0.85    0.450694  0.00208771
         0.9    0.531901   0.0021287
        0.95    0.600191  0.00219941
           1    0.653076  0.00227885
        1.05    0.681766  0.00214346
         1.1    0.696624  0.00213272
        1.15    0.696278  0.00174552
         1.2    0.682368  0.00152368
        1.25    0.660652  0.00148889
         1.3    0.631013   0.0015036
        1.35    0.599645  0.00137484
         1.4    0.568254  0.00117595
        1.45     0.53633  0.00095398
         1.5    0.505214 0.000965015
        1.55    0.474294 0.000996997
         1.6    0.447703 0.000821306
        1.65    0.420718  0.00085603
         1.7    0.395542  0.00078132
        1.75    0.371923 0.000678526
         1.8    0.351664 0.000618481
        1.85    0.331711   0.0005576
         1.9    0.313804 0.000541896
        1.95    0.297203 0.000514707
           2    0.281648 0.000504418
