         0.5    -1.19871 2.63434e-05
        0.55    -1.19696 3.94562e-05
         0.6     -1.1935 6.55508e-05
        0.65    -1.18789 9.29604e-05
         0.7    -1.17937 0.000129294
        0.75     -1.1671 0.000166413
         0.8    -1.15112 0.000191662
        0.85    -1.13085 0.000228145
         0.9    -1.10598 0.000288368
        0.95    -1.07771 0.000321185
           1    -1.04653 0.000349463
        1.05    -1.01311 0.000378013
         1.1   -0.978523 0.000369646
        1.15   -0.943987 0.000383595
         1.2   -0.909316 0.000370568
        1.25   -0.876125 0.000363896
         1.3   -0.843899 0.000339545
        1.35   -0.812857 0.000345235
         1.4   -0.783644 0.000378084
        1.45   -0.755866 0.000385034
         1.5   -0.729788 0.000362718
        1.55   -0.705618 0.000310846
         1.6   -0.682806 0.000336294
        1.65   -0.661579 0.000355246
         1.7   -0.641219  0.00035745
        1.75   -0.621944 0.000343303
         1.8   -0.603632 0.000324864
        1.85   -0.586624 0.000308724
         1.9   -0.570283 0.000306572
        1.95   -0.554861  0.00026161
           2   -0.540547 0.000249933
