           1    0.629561    0.629561           0
           2    0.658256    0.643909   0.0143475
           3     0.65823    0.648682   0.0095607
           4    0.649685    0.648933  0.00676508
           5    0.650188    0.649184  0.00524622
           6    0.650112    0.649339  0.00428631
           7    0.641026    0.648151  0.00381226
           8    0.660498    0.649695  0.00364441
           9    0.635758    0.648146  0.00356764
          10    0.639396    0.647271  0.00330879
          11    0.631425    0.645831  0.00332154
          12    0.645721    0.645821  0.00303215
          13    0.641309    0.645474  0.00281069
          14    0.645017    0.645442   0.0026024
          15    0.646191    0.645492  0.00242322
          16     0.62457    0.644184  0.00261682
          17    0.643868    0.644165  0.00245814
          18    0.608648    0.642192  0.00304378
          19    0.663076    0.643291  0.00308179
          20    0.643199    0.643287  0.00292365
          21    0.625247    0.642428   0.0029106
          22    0.662574    0.643343  0.00292233
          23    0.627212    0.642642  0.00287912
          24    0.660181    0.643373  0.00285177
          25    0.640376    0.643253  0.00273795
          26    0.625918    0.642586  0.00271371
          27    0.620817     0.64178  0.00273291
          28    0.641544    0.641772  0.00263351
          29    0.656241    0.642271   0.0025896
          30    0.646312    0.642405  0.00250542
          31    0.646085    0.642524  0.00242615
          32    0.655736    0.642937  0.00238512
          33    0.635452     0.64271  0.00232281
          34    0.646419    0.642819   0.0022561
          35    0.654685    0.643158  0.00221677
          36    0.655801    0.643509  0.00218275
          37     0.65512    0.643823    0.002146
          38    0.606117    0.642831  0.00231248
          39    0.675618    0.643672  0.00240419
          40    0.623864    0.643176  0.00239506
          41    0.638607    0.643065  0.00233857
          42    0.659993    0.643468  0.00231752
          43    0.628834    0.643128  0.00228844
          44    0.649039    0.643262  0.00223985
          45    0.648556     0.64338  0.00219267
          46    0.635006    0.643198  0.00215219
          47    0.663994     0.64364  0.00215188
          48    0.632013    0.643398  0.00212045
          49    0.627348     0.64307   0.0021024
          50    0.649971    0.643208  0.00206454
          51    0.665812    0.643652  0.00207162
          52    0.631915    0.643426  0.00204389
          53    0.634594    0.643259  0.00201187
          54    0.623467    0.642893    0.002008
          55     0.61427    0.642372  0.00203869
          56    0.662247    0.642727  0.00203317
          57    0.668591    0.643181  0.00204807
          58     0.61188    0.642641  0.00208356
          59    0.641362     0.64262  0.00204806
          60    0.618574    0.642219  0.00205312
          61    0.645984    0.642281  0.00202013
          62    0.683823    0.642951   0.0020972
          63    0.696214    0.643796  0.00223011
          64    0.694068    0.644582  0.00233131
          65    0.653425    0.644718  0.00229919
          66    0.629634    0.644489  0.00227559
          67    0.679283    0.645008  0.00230074
          68    0.649546    0.645075  0.00226764
          69    0.667969    0.645407  0.00225903
          70    0.652438    0.645507  0.00222879
          71    0.630621    0.645298  0.00220716
          72    0.634488    0.645148  0.00218146
          73    0.656351    0.645301  0.00215683
          74    0.604612    0.644751   0.0021974
          75    0.647786    0.644792  0.00216828
          76    0.670777    0.645134   0.0021667
          77    0.639735    0.645063  0.00213953
          78    0.689994    0.645639  0.00218907
          79    0.610631    0.645196  0.00220615
          80    0.630931    0.645018  0.00218568
          81    0.624303    0.644762  0.00217363
          82    0.634407    0.644636  0.00215067
          83    0.634408    0.644513  0.00212817
          84    0.724242    0.645462  0.00230698
          85     0.65767    0.645606   0.0022842
          86    0.619362      0.6453  0.00227801
          87    0.686115    0.645769  0.00230003
          88    0.655809    0.645884   0.0022766
          89    0.635208    0.645764  0.00225407
          90      0.6266    0.645551  0.00223903
          91    0.658848    0.645697  0.00221911
          92    0.661896    0.645873   0.0022019
          93    0.633652    0.645741  0.00218206
          94    0.647465     0.64576   0.0021588
          95    0.625635    0.645548  0.00214643
          96    0.664267    0.645743  0.00213289
          97    0.618914    0.645466  0.00212883
          98    0.652585    0.645539  0.00210825
          99    0.632722     0.64541  0.00209085
         100     0.64386    0.645394   0.0020699
