           1    0.821768    0.821768           0
           2    0.821404    0.821586    0.000182
           3      0.8286    0.823924  0.00234036
           4    0.824384    0.824039  0.00165888
           5    0.839452    0.827122  0.00333969
           6    0.828488    0.827349  0.00273634
           7    0.839148    0.829035  0.00286169
           8    0.823448    0.828336  0.00257481
           9    0.829852    0.828505    0.002277
          10    0.834296    0.829084  0.00211735
          11    0.835804    0.829695  0.00201029
          12    0.825236    0.829323  0.00187237
          13    0.832304    0.829553  0.00173753
          14    0.829368    0.829539  0.00160869
          15    0.827364    0.829394  0.00150462
          16     0.82076    0.828855  0.00150735
          17    0.835628    0.829253   0.0014709
          18    0.836156    0.829637  0.00143882
          19    0.833552    0.829843   0.0013765
          20    0.835388     0.83012  0.00133498
          21    0.830192    0.830123  0.00126982
          22    0.818704    0.829604   0.0013173
          23    0.831476    0.829686  0.00126135
          24     0.82946    0.829676  0.00120769
          25    0.822352    0.829383  0.00119485
          26    0.820604    0.829046  0.00119661
          27    0.835912      0.8293  0.00117918
          28    0.838744    0.829637  0.00118529
          29    0.819648    0.829293  0.00119444
          30    0.819564    0.828969  0.00119864
          31    0.826948    0.828903  0.00116116
          32    0.831188    0.828975  0.00112655
          33    0.830572    0.829023  0.00109295
          34     0.83156    0.829098  0.00106294
          35    0.836072    0.829297  0.00105118
          36       0.827    0.829233  0.00102356
          37    0.827492    0.829186 0.000996622
          38    0.828232    0.829161 0.000970365
          39      0.8226    0.828993 0.000960012
          40    0.834188    0.829123 0.000944675
          41    0.833952     0.82924 0.000928845
          42    0.828872    0.829232 0.000906502
          43     0.84318    0.829556 0.000942734
          44     0.81354    0.829192 0.000990377
          45    0.825944     0.82912 0.000970806
          46     0.84232    0.829407 0.000991883
          47    0.839228    0.829616  0.00099279
          48     0.83358    0.829698 0.000975389
          49    0.840712    0.829923 0.000981362
          50    0.826848    0.829862   0.0009635
          51    0.816932    0.829608 0.000977855
          52     0.83196    0.829653 0.000959932
          53    0.840384    0.829856 0.000963166
          54    0.839856    0.830041 0.000963133
          55     0.83644    0.830157 0.000952591
          56    0.832288    0.830195 0.000936199
          57    0.816656    0.829958 0.000949809
          58     0.84358    0.830193 0.000962388
          59    0.833204    0.830244 0.000947311
          60      0.8378     0.83037 0.000939865
          61    0.826988    0.830314  0.00092599
          62     0.82016    0.830151 0.000925538
          63    0.821548    0.830014 0.000920908
          64    0.824104    0.829922 0.000911096
          65    0.834348     0.82999 0.000899551
          66    0.827564    0.829953 0.000886579
          67    0.827864    0.829922 0.000873803
          68    0.839292     0.83006 0.000871815
          69    0.825028    0.829987 0.000862177
          70    0.832488    0.830022 0.000850522
          71    0.841876    0.830189 0.000854917
          72    0.841056     0.83034 0.000856364
          73    0.825648    0.830276 0.000846994
          74      0.8358    0.830351 0.000838798
          75    0.813008    0.830119 0.000859238
          76    0.820704    0.829996  0.00085686
          77     0.83246    0.830028 0.000846264
          78    0.823168     0.82994 0.000839961
          79    0.843012    0.830105 0.000845609
          80    0.840088     0.83023 0.000844245
          81    0.835236    0.830292 0.000836044
          82    0.837292    0.830377 0.000830187
          83      0.8301    0.830374  0.00082013
          84     0.81524    0.830194 0.000830095
          85    0.821128    0.830087 0.000827176
          86    0.837964    0.830178 0.000822616
          87     0.82022    0.830064 0.000821123
          88    0.829172    0.830054 0.000811802
          89    0.840228    0.830168 0.000810729
          90    0.840924    0.830288 0.000810529
          91     0.82372    0.830216 0.000804815
          92     0.82054     0.83011 0.000802936
          93    0.833584    0.830148 0.000795133
          94    0.828036    0.830125  0.00078695
          95    0.836116    0.830188 0.000781172
          96    0.833264     0.83022 0.000773655
          97    0.841164    0.830333 0.000773906
          98    0.824628    0.830275 0.000768177
          99    0.826816     0.83024  0.00076118
         100     0.83332    0.830271 0.000754159
