           1     1.31544     1.31544           0
           2      1.4343     1.37487   0.0594289
           3     1.35209     1.36728   0.0351414
           4     1.33547     1.35933   0.0260901
           5       1.221     1.33166   0.0342606
           6     1.34873     1.33451    0.028118
           7     1.21613      1.3176   0.0291668
           8     1.37241     1.32445   0.0261721
           9     1.38356     1.33102    0.023998
          10     1.21146     1.31906   0.0245695
          11     1.27953     1.31547   0.0225126
          12     1.29562     1.31381   0.0206176
          13     1.33539     1.31547   0.0190379
          14     1.40222     1.32167   0.0186831
          15     1.29911     1.32017   0.0174579
          16     1.30896     1.31947   0.0163454
          17     1.25056     1.31541   0.0158798
          18     1.15812     1.30667   0.0173353
          19     1.33229     1.30802   0.0164529
          20     1.23912     1.30458   0.0159843
          21     1.26255     1.30258   0.0153352
          22     1.45428     1.30947   0.0161661
          23     1.33266     1.31048   0.0154801
          24     1.34705       1.312   0.0148992
          25     1.39945      1.3155   0.0147127
          26     1.26793     1.31367   0.0142534
          27      1.1935     1.30922   0.0144194
          28     1.22363     1.30616   0.0142271
          29     1.38345     1.30883   0.0139841
          30     1.43028     1.31288   0.0141034
          31     1.24962     1.31084   0.0137927
          32     1.26753     1.30948   0.0134231
          33     1.27217     1.30835    0.013059
          34     1.30799     1.30834   0.0126691
          35     1.26992     1.30724   0.0123507
          36      1.4132     1.31019   0.0123583
          37     1.26665     1.30901   0.0120771
          38     1.20882     1.30637   0.0120471
          39     1.39829     1.30873   0.0119684
          40     1.22621     1.30667   0.0118464
          41     1.27928       1.306   0.0115732
          42     1.36293     1.30736   0.0113753
          43     1.18144     1.30443   0.0114871
          44     1.40447      1.3067    0.011451
          45     1.37254     1.30816   0.0112889
          46     1.13346     1.30437   0.0116757
          47     1.18223     1.30177   0.0117164
          48     1.16678     1.29895   0.0118094
          49     1.17708     1.29647   0.0118303
          50     1.32353     1.29701   0.0116039
          51     1.41687     1.29936   0.0116144
          52     1.23378      1.2981   0.0114585
          53     1.22583     1.29673   0.0113226
          54     1.24472     1.29577   0.0111526
          55     1.13415     1.29283   0.0113355
          56     1.34781     1.29381   0.0111744
          57     1.42958      1.2962   0.0112321
          58     1.20508     1.29463    0.011148
          59     1.21653      1.2933   0.0110371
          60     1.10648     1.29019   0.0112895
          61     1.38773     1.29179   0.0112174
          62     1.51888     1.29545    0.011627
          63     1.40513     1.29719   0.0115727
          64     1.48901     1.30019   0.0117781
          65     1.33249     1.30068   0.0116062
          66     1.29066     1.30053     0.01143
          67      1.4043     1.30208   0.0113641
          68     1.18342     1.30034   0.0113309
          69     1.42251     1.30211    0.011305
          70     1.28273     1.30183   0.0111458
          71     1.15826     1.29981   0.0111722
          72     1.19846      1.2984   0.0111055
          73     1.44261     1.30038   0.0111291
          74      1.2184     1.29927   0.0110334
          75     1.44532     1.30122   0.0110581
          76     1.43663       1.303   0.0110561
          77     1.29904     1.30295   0.0109117
          78     1.42039     1.30445   0.0108757
          79     1.10389     1.30191   0.0110332
          80     1.18155     1.30041   0.0109978
          81     1.32417      1.3007   0.0108651
          82     1.22545     1.29978    0.010771
          83      1.2669     1.29939   0.0106478
          84     1.54124     1.30227   0.0109071
          85     1.38045     1.30319   0.0108172
          86     1.23444     1.30239   0.0107205
          87     1.48577      1.3045   0.0108042
          88     1.32072     1.30468   0.0106823
          89     1.18498     1.30334   0.0106469
          90     1.21377     1.30234   0.0105749
          91     1.35768     1.30295   0.0104757
          92     1.39271     1.30392    0.010407
          93     1.18885     1.30269   0.0103686
          94     1.20503     1.30165   0.0103102
          95     1.18567     1.30043   0.0102739
          96     1.28098     1.30022   0.0101683
          97     1.17367     1.29892   0.0101472
          98     1.29301     1.29886   0.0100433
          99     1.25149     1.29838   0.0099528
         100     1.28791     1.29828  0.00985333
