           1    -1.04111    -1.04111           0
           2    -1.04399    -1.04255   0.0014396
           3     -1.0437    -1.04293  0.00091429
           4    -1.04367    -1.04312 0.000672084
           5    -1.04951     -1.0444  0.00138119
           6    -1.04794    -1.04499  0.00127278
           7    -1.05018    -1.04573  0.00130682
           8    -1.04188    -1.04525   0.0012297
           9    -1.04951    -1.04572   0.0011832
          10     -1.0484    -1.04599  0.00109154
          11    -1.04955    -1.04631  0.00103914
          12    -1.04294    -1.04603 0.000989476
          13    -1.04783    -1.04617 0.000920628
          14    -1.04718    -1.04624 0.000855372
          15    -1.04599    -1.04623  0.00079648
          16    -1.04305    -1.04603 0.000771045
          17    -1.05104    -1.04632 0.000781959
          18     -1.0493    -1.04649 0.000755525
          19    -1.05003    -1.04667 0.000738595
          20    -1.05053    -1.04687 0.000726689
          21    -1.04686    -1.04687  0.00069122
          22    -1.04126    -1.04661 0.000706577
          23    -1.04775    -1.04666 0.000676976
          24    -1.04535    -1.04661 0.000650457
          25    -1.04406     -1.0465 0.000632136
          26    -1.04004    -1.04626 0.000656239
          27     -1.0496    -1.04638 0.000643491
          28    -1.05154    -1.04656 0.000646906
          29    -1.04146    -1.04639 0.000648555
          30    -1.04168    -1.04623 0.000645907
          31    -1.04329    -1.04614 0.000631867
          32    -1.04748    -1.04618 0.000613238
          33    -1.04671    -1.04619 0.000594587
          34    -1.04594    -1.04619 0.000576884
          35     -1.0492    -1.04627 0.000566731
          36    -1.04584    -1.04626 0.000550894
          37    -1.04445    -1.04621 0.000538027
          38    -1.04633    -1.04621 0.000523687
          39    -1.04207    -1.04611 0.000521026
          40    -1.04793    -1.04615 0.000509879
          41    -1.04905    -1.04622 0.000502266
          42    -1.04505     -1.0462 0.000490963
          43    -1.05513     -1.0464 0.000522507
          44    -1.03645    -1.04618 0.000558361
          45    -1.04568    -1.04617 0.000545926
          46    -1.05208     -1.0463 0.000549181
          47    -1.04966    -1.04637  0.00054212
          48    -1.04619    -1.04636 0.000530719
          49    -1.05286     -1.0465  0.00053643
          50    -1.04474    -1.04646 0.000526767
          51    -1.03909    -1.04632  0.00053618
          52    -1.04638    -1.04632 0.000525769
          53    -1.05331    -1.04645 0.000532354
          54    -1.05188    -1.04655 0.000532006
          55    -1.04829    -1.04658 0.000523198
          56     -1.0476     -1.0466 0.000514093
          57    -1.03891    -1.04646 0.000522717
          58    -1.05573    -1.04662 0.000537903
          59    -1.04717    -1.04663 0.000528788
          60      -1.049    -1.04667 0.000521393
          61    -1.04445    -1.04664 0.000514073
          62    -1.04214    -1.04656 0.000510898
          63    -1.04144    -1.04648 0.000509267
          64    -1.04252    -1.04642 0.000505047
          65     -1.0512    -1.04649 0.000502617
          66    -1.04496    -1.04647 0.000495489
          67    -1.04652    -1.04647 0.000488038
          68    -1.04987    -1.04652 0.000483404
          69    -1.04462    -1.04649 0.000477142
          70    -1.04691     -1.0465 0.000470314
          71    -1.05219    -1.04658  0.00047052
          72    -1.05289    -1.04667 0.000472145
          73     -1.0451    -1.04665 0.000466129
          74    -1.05099    -1.04671 0.000463521
          75    -1.03838    -1.04659 0.000470587
          76    -1.04245    -1.04654 0.000467541
          77    -1.04974    -1.04658 0.000463296
          78    -1.04276    -1.04653 0.000459933
          79    -1.05151     -1.0466 0.000458432
          80    -1.05215    -1.04667 0.000457965
          81    -1.05022    -1.04671 0.000454395
          82    -1.05014    -1.04675 0.000450763
          83    -1.04666    -1.04675 0.000445301
          84    -1.03809    -1.04665  0.00045189
          85    -1.04065    -1.04658 0.000452081
          86    -1.05215    -1.04664 0.000451475
          87    -1.04138    -1.04658 0.000450333
          88    -1.04548    -1.04657 0.000445361
          89    -1.05155    -1.04662 0.000443872
          90    -1.05396    -1.04671 0.000446419
          91    -1.04381    -1.04667 0.000442633
          92    -1.04154    -1.04662 0.000441337
          93    -1.04671    -1.04662 0.000436567
          94    -1.04254    -1.04658 0.000434077
          95    -1.04896     -1.0466 0.000430216
          96    -1.04755    -1.04661 0.000425825
          97    -1.05382    -1.04668 0.000427925
          98    -1.04265    -1.04664 0.000425529
          99    -1.04364    -1.04661 0.000422298
         100    -1.04782    -1.04663 0.000418226
