           1    0.283543    0.283543           0
           2    0.284518    0.284031 0.000487463
           3    0.288454    0.285505  0.00150095
           4     0.27684    0.283339  0.00241221
           5    0.287726    0.284217  0.00206428
           6    0.276554    0.282939  0.00211464
           7    0.282523     0.28288  0.00178819
           8    0.284817    0.283122  0.00156742
           9    0.285591    0.283396  0.00140931
          10    0.277569    0.282814  0.00138869
          11    0.276931    0.282279  0.00136521
          12    0.284868    0.282495   0.0012648
          13     0.28472    0.282666  0.00117596
          14    0.277238    0.282278  0.00115571
          15    0.275595    0.281833  0.00116451
          16    0.295556     0.28269  0.00138646
          17    0.290127    0.283128  0.00137386
          18    0.288765    0.283441  0.00133262
          19    0.284722    0.283508  0.00126233
          20    0.285492    0.283608  0.00120165
          21    0.282092    0.283535  0.00114528
          22    0.278957    0.283327  0.00111163
          23    0.279736    0.283171  0.00107361
          24    0.278532    0.282978  0.00104593
          25    0.280499    0.282879   0.0010081
          26    0.283744    0.282912 0.000969126
          27    0.288618    0.283123 0.000956185
          28    0.280722    0.283038 0.000925386
          29    0.285048    0.283107 0.000895594
          30    0.280503     0.28302 0.000869567
          31    0.290919    0.283275 0.000878798
          32    0.280527    0.283189 0.000855214
          33    0.281845    0.283148 0.000829894
          34    0.277321    0.282977 0.000823156
          35    0.286045    0.283065 0.000804086
          36    0.275306    0.282849 0.000810607
          37    0.278329    0.282727 0.000797805
          38    0.273831    0.282493  0.00081105
          39    0.276589    0.282341 0.000804355
          40    0.278511    0.282246 0.000789815
          41     0.28052    0.282204 0.000771459
          42    0.285788    0.282289 0.000757689
          43    0.283227    0.282311  0.00074018
          44     0.28299    0.282326 0.000723327
          45    0.282759    0.282336 0.000707136
          46    0.280157    0.282288 0.000693212
          47    0.280929    0.282259 0.000678919
          48    0.277298    0.282156 0.000672615
          49    0.290938    0.282335 0.000682691
          50    0.287558     0.28244 0.000677004
          51    0.285096    0.282492 0.000665636
          52    0.282291    0.282488 0.000652722
          53    0.281113    0.282462 0.000640813
          54    0.279017    0.282398 0.000632062
          55     0.27774    0.282314 0.000626218
          56    0.286543    0.282389 0.000619555
          57     0.27943    0.282337 0.000610798
          58    0.277599    0.282255 0.000605708
          59    0.280814    0.282231 0.000595855
          60    0.281372    0.282217 0.000586014
          61     0.28557    0.282272 0.000578943
          62      0.2809     0.28225 0.000569958
          63    0.285616    0.282303 0.000563378
          64    0.282636    0.282308  0.00055453
          65    0.282812    0.282316 0.000545987
          66    0.280801    0.282293 0.000538141
          67    0.280705    0.282269 0.000530578
          68    0.282895    0.282279 0.000522798
          69    0.277739    0.282213  0.00051935
          70    0.274719    0.282106 0.000522951
          71    0.270322     0.28194 0.000541591
          72    0.274403    0.281835 0.000544178
          73    0.277078     0.28177 0.000540613
          74    0.286269    0.281831 0.000536712
          75    0.283764    0.281856 0.000530135
          76    0.274038    0.281754 0.000533132
          77    0.284368    0.281788 0.000527258
          78    0.287011    0.281854 0.000524745
          79    0.275968     0.28178 0.000523391
          80    0.285236    0.281823  0.00051861
          81    0.282316    0.281829 0.000512204
          82     0.28657    0.281887 0.000509212
          83    0.289537    0.281979 0.000511412
          84    0.286272     0.28203 0.000507865
          85    0.269757    0.281886 0.000522213
          86    0.281594    0.281883 0.000516116
          87    0.280254    0.281864 0.000510492
          88    0.282908    0.281876 0.000504798
          89    0.293576    0.282007 0.000516117
          90    0.274649    0.281925 0.000516858
          91     0.28047    0.281909 0.000511396
          92    0.278012    0.281867 0.000507578
          93    0.284107    0.281891 0.000502668
          94    0.282487    0.281898 0.000497332
          95    0.272982    0.281804 0.000500938
          96    0.276525    0.281749 0.000498734
          97    0.279145    0.281722 0.000494295
          98    0.281642    0.281721 0.000489226
          99    0.284832    0.281752 0.000485277
         100    0.288083    0.281816 0.000484553
