           1    -0.56776    -0.56776           0
           2   -0.569696   -0.568728    0.000968
           3    -0.56748   -0.568312 0.000696705
           4   -0.565504    -0.56761 0.000857615
           5   -0.566976   -0.567483 0.000676299
           6   -0.571616   -0.568172 0.000882817
           7   -0.569216   -0.568321 0.000760877
           8   -0.567088   -0.568167 0.000676727
           9   -0.569272    -0.56829 0.000609316
          10   -0.572096    -0.56867 0.000664745
          11   -0.568256   -0.568633 0.000602463
          12    -0.56736   -0.568527 0.000560105
          13   -0.570904    -0.56871 0.000546713
          14   -0.569976     -0.5688 0.000514178
          15   -0.568648    -0.56879 0.000478781
          16   -0.569128   -0.568811 0.000448357
          17   -0.569184   -0.568833 0.000421729
          18   -0.566976    -0.56873 0.000410775
          19   -0.570232   -0.568809 0.000396517
          20   -0.565416   -0.568639 0.000412652
          21   -0.570704   -0.568738 0.000404638
          22   -0.568016   -0.568705 0.000387199
          23   -0.568464   -0.568694 0.000370129
          24   -0.569064    -0.56871 0.000354706
          25    -0.56864   -0.568707 0.000340234
          26   -0.568728   -0.568708 0.000326887
          27   -0.566152   -0.568613 0.000328481
          28   -0.564928   -0.568481 0.000342802
          29   -0.564464   -0.568343 0.000358609
          30   -0.569544   -0.568383 0.000348754
          31   -0.567688   -0.568361 0.000338061
          32   -0.568928   -0.568378 0.000327806
          33   -0.567488   -0.568351 0.000318861
          34   -0.568208   -0.568347 0.000309369
          35   -0.572856   -0.568476 0.000326858
          36   -0.566624   -0.568424 0.000321788
          37   -0.567488   -0.568399 0.000313991
          38   -0.567728   -0.568381 0.000306127
          39   -0.567848   -0.568368 0.000298488
          40    -0.56452   -0.568272 0.000306421
          41   -0.572976   -0.568386 0.000320123
          42   -0.570232    -0.56843 0.000315484
          43    -0.57108   -0.568492 0.000314162
          44   -0.567904   -0.568479  0.00030723
          45   -0.570088   -0.568514 0.000302447
          46    -0.56892   -0.568523 0.000295931
          47   -0.566616   -0.568483 0.000292395
          48    -0.56804   -0.568473 0.000286387
          49    -0.57076    -0.56852 0.000284337
          50   -0.568568   -0.568521 0.000278594
          51     -0.5718   -0.568585 0.000280544
          52   -0.568472   -0.568583 0.000275105
          53    -0.56672   -0.568548 0.000272144
          54   -0.566784   -0.568515 0.000269047
          55   -0.572128   -0.568581 0.000272156
          56    -0.56536   -0.568523 0.000273371
          57    -0.57052   -0.568558 0.000270807
          58    -0.56752   -0.568541 0.000266698
          59     -0.5688   -0.568545 0.000262176
          60   -0.568432   -0.568543 0.000257776
          61   -0.568464   -0.568542 0.000253519
          62   -0.568928   -0.568548 0.000249474
          63   -0.566424   -0.568514 0.000247786
          64     -0.5668   -0.568488  0.00024535
          65   -0.571784   -0.568538 0.000246813
          66   -0.563752   -0.568466 0.000253633
          67   -0.563856   -0.568397  0.00025912
          68    -0.56728    -0.56838 0.000255808
          69   -0.568904   -0.568388 0.000252188
          70   -0.565912   -0.568353 0.000251063
          71   -0.566824   -0.568331 0.000248437
          72   -0.567432   -0.568319  0.00024528
          73   -0.567568   -0.568308 0.000242115
          74   -0.569648   -0.568326 0.000239506
          75   -0.567312   -0.568313 0.000236678
          76   -0.565168   -0.568272 0.000237181
          77   -0.568472   -0.568274 0.000234095
          78    -0.56868   -0.568279 0.000231133
          79    -0.56908    -0.56829 0.000228413
          80     -0.5704   -0.568316 0.000227078
          81   -0.566104   -0.568289 0.000225913
          82   -0.566136   -0.568262  0.00022468
          83   -0.569056   -0.568272 0.000222162
          84   -0.565944   -0.568244 0.000221244
          85    -0.56772   -0.568238 0.000218713
          86    -0.57104   -0.568271 0.000218596
          87   -0.569296   -0.568282  0.00021639
          88   -0.566288    -0.56826 0.000215114
          89   -0.571672   -0.568298 0.000216112
          90   -0.567584    -0.56829 0.000213844
          91   -0.568648   -0.568294 0.000211518
          92   -0.568592   -0.568297 0.000209231
          93   -0.569592   -0.568311 0.000207437
          94   -0.569712   -0.568326 0.000205758
          95   -0.572368   -0.568369 0.000207979
          96   -0.565936   -0.568343 0.000207356
          97   -0.568992    -0.56835 0.000205316
          98   -0.571224   -0.568379 0.000205315
          99   -0.567392   -0.568369 0.000203475
         100   -0.570408    -0.56839 0.000202459
