           1     2.19048     2.19048           0
           2     2.39453      2.2925    0.102026
           3     2.35487     2.31329    0.062466
           4     2.27189     2.30294   0.0453667
           5     2.39148     2.32065     0.03935
           6     2.25511     2.30973   0.0339351
           7     2.31121     2.30994   0.0286812
           8     2.34069     2.31378   0.0251344
           9     2.31241     2.31363   0.0221669
          10     2.46177     2.32844   0.0247495
          11     2.42322     2.33706   0.0239876
          12     2.30155      2.3341   0.0220966
          13     2.39672     2.33892   0.0208888
          14     2.50807       2.351   0.0228032
          15     2.41188     2.35506   0.0216132
          16     2.37233     2.35614   0.0202461
          17     2.37805     2.35743   0.0190615
          18     2.40766     2.36022   0.0181868
          19     2.39708     2.36216   0.0173121
          20     2.29255     2.35868   0.0167884
          21     2.33164     2.35739   0.0160208
          22     2.34578     2.35686   0.0152843
          23     2.28307     2.35365    0.014953
          24     2.31451     2.35202    0.014409
          25     2.24797     2.34786   0.0144337
          26     2.21335     2.34269   0.0148011
          27     2.29901     2.34107   0.0143339
          28     2.30264      2.3397   0.0138805
          29     2.34737     2.33996   0.0133959
          30     2.37366     2.34108   0.0129903
          31     2.11221      2.3337    0.014573
          32     2.33685      2.3338   0.0141106
          33     2.28719     2.33239   0.0137491
          34     2.35375     2.33302   0.0133534
          35     2.35114     2.33353   0.0129766
          36      2.3735     2.33464   0.0126597
          37     2.13342     2.32921   0.0134604
          38     2.31297     2.32878   0.0131083
          39     2.29137     2.32782   0.0128038
          40     2.40646     2.32979   0.0126335
          41     2.41042     2.33175   0.0124775
          42     2.25378      2.3299   0.0123175
          43     2.30692     2.32936   0.0120395
          44     2.37939      2.3305   0.0118175
          45     2.43806     2.33289   0.0117966
          46     2.38178     2.33395   0.0115861
          47     2.13883      2.3298   0.0120732
          48     2.38562     2.33096   0.0118761
          49     2.49864     2.33438   0.0121241
          50     2.34819     2.33466   0.0118823
          51     2.30775     2.33413    0.011659
          52     2.41661     2.33572   0.0115421
          53     2.41979     2.33731   0.0114328
          54     2.24733     2.33564   0.0113421
          55     2.45218     2.33776   0.0113338
          56     2.35439     2.33806   0.0111336
          57     2.30386     2.33746   0.0109529
          58     2.35077     2.33768   0.0107649
          59     2.22545     2.33578   0.0107505
          60      2.3427      2.3359   0.0105704
          61     2.32168     2.33566   0.0103983
          62     2.38275     2.33642   0.0102574
          63     2.33601     2.33642   0.0100933
          64     2.29337     2.33574  0.00995704
          65     2.32938     2.33565  0.00980314
          66     2.21061     2.33375  0.00983762
          67     2.22552     2.33214  0.00982342
          68     2.44634     2.33382  0.00982251
          69     2.49098     2.33609  0.00994351
          70     2.38222     2.33675  0.00982257
          71     2.39971     2.33764  0.00972375
          72     2.39307     2.33841  0.00961861
          73     2.35346     2.33862  0.00948817
          74     2.44744     2.34009   0.0094739
          75     2.18593     2.33803  0.00957008
          76     2.29114     2.33741  0.00946345
          77     2.34182     2.33747  0.00933992
          78     2.26925      2.3366  0.00926079
          79     2.29849     2.33611  0.00915552
          80     2.54691     2.33875  0.00941653
          81     2.34252      2.3388  0.00929967
          82     2.40809     2.33964  0.00922435
          83     2.37356     2.34005  0.00912169
          84     2.26407     2.33915  0.00905773
          85     2.38659      2.3397  0.00896791
          86     2.37323     2.34009  0.00887159
          87       2.474     2.34163  0.00890309
          88     2.28517     2.34099  0.00882469
          89     2.48056     2.34256  0.00886478
          90     2.41136     2.34332    0.008799
          91     2.34801     2.34337  0.00870192
          92     2.36821     2.34364  0.00861105
          93     2.39492      2.3442  0.00853578
          94     2.36298      2.3444  0.00844684
          95     2.40572     2.34504  0.00838235
          96      2.3037     2.34461  0.00830575
          97     2.29546      2.3441  0.00823528
          98     2.39496     2.34462  0.00816732
          99      2.4955     2.34615  0.00822679
         100     2.56588     2.34834  0.00843532
