40.6059
37.7269
36.1665
34.0527
32.5138
30.2788
28.1586
26.1506
25.1608
23.5859
23.2718
22.2952
21.4518
20.1227
19.6887
19.2698
18.4361
18.2623
18.1729
17.667
16.8963
16.3032
15.7837
15.563
15.4725
15.2341
15.2992
15.0457
14.8426
14.6872
14.5383
14.3375
14.2354
14.0746
13.9965
13.8986
13.7666
13.6498
13.3981
13.1902
12.963
12.8609
12.7863
12.8235
12.7402
12.5927
12.5756
12.4574
12.45
12.4266
12.3863
12.3601
12.2708
12.3526
12.6177
12.4944
12.1732
12.1387
12.2192
12.1785
12.1274
12.0895
12.1415
12.1556
12.3035
12.1531
12.1698
12.2533
12.0936
12.0365
11.9584
11.9701
11.9593
11.9818
11.9321
11.888
11.8784
11.8585
11.86
11.8091
11.7805
11.7393
11.7654
11.7679
11.7011
11.6563
11.5987
11.4324
11.3508
11.2403
11.1049
10.9382
10.8451
10.8377
10.9026
10.6999
10.4703
10.3501
10.2785
10.2071
10.1822
10.1985
10.194
10.2049
10.104
10.033
9.95098
9.87296
9.8196
9.74256
9.7208
9.69758
9.59676
9.52033
9.47349
9.44601
9.42941
9.40292
9.32611
9.28945
9.24837
9.29635
9.12987
9.15264
9.0765
9.09042
9.08785
9.01264
8.97745
8.968
8.94876
9.06908
8.86595
8.76351
8.75329
8.67151
8.64656
8.55507
8.49923
8.46182
8.45643
8.44612
8.43082
8.4165
8.40697
8.39309
8.37482
8.35948
8.35368
8.34229
8.33733
8.33338
8.33338
8.33338
8.33338
8.33338
8.33338
8.33338
8.33338
8.33338
8.33338
8.33338
8.33338
8.33338
8.33338
8.33338
8.33338
8.33187
8.33037
8.32136
8.31235
8.27481
8.23877
8.22096
8.22298
8.20474
8.21985
8.20987
8.25719
8.22894
8.32161
8.25288
8.32317
8.55305
8.54491
8.71784
8.44515
8.47481
8.69098
8.60313
8.64728
8.44633
8.15768
8.05625
8.08311
8.05722
8.07323
8.19903
8.20121
8.04289
8.04289
8.04289
8.04289
8.04289
8.04289
8.04289
8.04289
8.04289
8.04289
8.04211
8.04056
8.03823
8.03358
8.0297
8.01884
8.03243
8.00481
8.01694
7.9803
7.97797
7.97348
7.96578
8.03376
7.98465
7.95888
7.93253
7.8902
7.88097
7.86441
7.85441
7.83916
7.81606
7.78981
7.75846
7.73493
7.70664
7.67636
7.63701
7.59347
7.5818
7.57884
7.57013
7.57013
7.57013
7.57013
7.57013
7.57013
7.58454
7.56943
7.57098
7.5599
7.55631
7.54176
7.69896
7.80776
7.72961
7.64841
7.54023
7.49486
7.45086
7.56782
7.46831
7.42893
7.40535
7.27066
7.24582
7.22348
7.2233
7.2233
7.2233
7.2233
7.2233
7.2233
7.2233
7.2233
7.2233
7.2233
7.2233
7.2233
7.2233
7.2233
7.2233
7.2233
7.2233
7.2232
7.22267
7.22088
7.21878
7.21709
7.21425
7.21383
7.21383
7.21383
7.21383
7.21383
7.21383
7.21383
7.21383
7.21383
7.21383
7.21383
7.21383
7.21383
7.21383
7.21383
7.21383
7.21383
7.21383
7.21383
7.21383
7.21383
7.21383
7.21383
7.21383
7.21383
7.21383
7.21383
7.21383
7.21383
7.21383
7.21383
7.21383
7.21383
7.21383
7.21383
7.21383
7.21383
7.21351
7.21255
7.21158
7.20934
7.20612
7.20141
7.19793
7.21833
7.19071
7.18621
7.18492
7.21336
7.21182
7.25588
7.23773
7.32788
7.31536
7.37945
7.19756
7.18492
7.18492
7.18492
7.18492
7.18492
7.18492
7.18492
7.18492
7.18492
7.18492
7.18492
7.19001
7.18706
7.18903
7.22859
7.28461
7.18492
7.18492
7.18492
7.18492
7.18492
7.18492
7.18375
7.1767
7.16259
7.13438
7.11204
7.09558
7.08618
7.09206
7.08148
7.07913
7.07913
7.07913
7.07913
7.07913
7.07913
7.07913
7.08583
7.09032
7.07913
7.07913
7.07913
7.07913
7.07913
7.07913
7.07913
7.07913
7.07913
7.07913
7.07913
7.07913
7.07913
7.07913
7.07913
7.07913
7.07913
7.07913
7.07913
7.07913
7.07913
7.07913
7.07913
7.07913
7.07913
7.07913
7.07913
7.07913
7.07913
7.07913
7.07913
7.07913
7.07883
7.07794
7.07361
7.05943
7.03941
7.01438
6.98325
6.93273
6.92718
6.90861
6.90159
6.90159
6.90444
6.90159
6.90159
6.89562
6.8777
6.82397
6.78217
6.78397
6.6759
6.54234
6.42929
6.38301
6.38824
6.36423
6.36423
6.37896
6.36894
6.36423
6.36423
6.36423
6.36423
6.36423
6.36423
6.36423
6.36423
6.36423
6.36423
6.36423
6.36423
6.36423
6.36423
6.36423
6.36423
6.36423
6.36423
6.36423
6.36423
6.36423
6.36423
6.36423
6.36423
6.36423
6.36423
6.36423
6.36423
6.36423
6.36423
6.36423
6.36423
6.36423
6.36423
6.36423
6.36423
6.36423
6.36423
6.36423
6.36423
6.36423
6.36423
6.36423
6.36423
6.36423
6.36423
6.36423
6.36423
6.36423
6.36423
6.36423
6.36423
6.36423
