29.9046
27.9244
23.6947
23.6947
23.6947
23.6947
23.2893
22.4204
20.7702
17.8013
17.163
17.163
16.9286
16.5546
15.7777
15.7777
15.5867
15.5867
15.5867
15.3284
15.3284
15.3284
15.1501
14.5691
14.4834
14.313
14.313
14.1115
14.1115
14.1115
13.9342
13.9132
13.8369
13.4581
13.4581
12.6509
12.6509
12.6509
12.6509
12.6509
12.5155
12.2786
12.2786
12.2231
12.2231
12.2231
12.1326
12.1326
12.1326
12.1326
12.077
12.077
12.077
12.077
12.077
12.077
12.0633
12.0633
12.0145
12.0145
12.0145
11.9372
11.9372
11.9372
11.9372
11.9372
11.9372
11.9372
11.8943
11.8943
11.8943
11.7876
11.7876
11.7876
11.7876
11.7876
11.7876
11.7876
11.5497
11.5497
11.3396
11.3396
11.3396
11.3396
11.3396
11.3396
11.3396
10.4913
10.4913
10.4913
10.4913
10.4913
10.4913
10.1756
10.1756
10.1756
10.1756
10.1756
10.1388
10.1388
10.1388
9.79944
9.79944
9.79944
9.79944
9.66614
9.45535
9.45535
9.45535
9.45535
9.45535
9.45535
9.45535
9.24556
9.24556
9.03477
9.03477
9.03477
9.03477
9.03477
9.03477
9.03477
9.03477
9.03477
8.9362
8.86104
8.86104
8.85391
8.85391
8.60992
8.60992
8.5982
8.46774
8.46774
8.46774
8.45447
8.45447
8.4275
8.4275
8.4275
8.39587
8.3826
8.3826
8.35563
8.35563
8.33338
8.33338
8.33338
8.33338
8.33338
8.33338
8.33338
8.33338
8.33338
8.33338
8.33338
8.33338
8.33338
8.33338
8.33338
8.33338
8.33338
8.33338
8.33338
8.33338
8.33338
8.33338
8.19823
8.19823
8.19823
8.19823
8.19823
8.19823
8.19823
8.10907
8.10907
8.10907
8.04289
8.04289
8.04289
8.04289
8.04289
8.04289
8.04289
8.04289
8.04289
8.04289
8.04289
8.04289
8.04289
8.04289
8.04289
8.04289
8.04289
8.04289
8.04289
8.04289
8.04289
8.04289
8.04289
8.04289
8.04289
8.04289
8.04289
8.04289
8.04289
8.04289
8.04289
8.04289
7.97308
7.97308
7.97308
7.97308
7.97308
7.97308
7.97308
7.97308
7.97308
7.97308
7.97308
7.86924
7.86924
7.86924
7.85866
7.85866
7.85866
7.85866
7.85866
7.76247
7.72688
7.72688
7.72688
7.57013
7.57013
7.57013
7.57013
7.57013
7.57013
7.57013
7.57013
7.57013
7.57013
7.57013
7.57013
7.57013
7.57013
7.57013
7.57013
7.50734
7.50734
7.48434
7.48434
7.48434
7.48434
7.48434
7.48434
7.48434
7.22875
7.22875
7.22875
7.2233
7.2233
7.2233
7.2233
7.2233
7.2233
7.2233
7.2233
7.2233
7.2233
7.2233
7.2233
7.2233
7.2233
7.2233
7.2233
7.2233
7.2233
7.2233
7.2233
7.2233
7.2233
7.2233
7.2233
7.21383
7.21383
7.21383
7.21383
7.21383
7.21383
7.21383
7.21383
7.21383
7.21383
7.21383
7.21383
7.21383
7.21383
7.21383
7.21383
7.21383
7.21383
7.21383
7.21383
7.21383
7.21383
7.21383
7.21383
7.21383
7.21383
7.21383
7.21383
7.21383
7.21383
7.21383
7.21383
7.21383
7.21383
7.21383
7.21383
7.21383
7.21383
7.21383
7.21383
7.21383
7.21383
7.21383
7.18492
7.18492
7.18492
7.18492
7.18492
7.18492
7.18492
7.18492
7.18492
7.18492
7.18492
7.18492
7.18492
7.18492
7.18492
7.18492
7.18492
7.18492
7.18492
7.18492
7.18492
7.18492
7.18492
7.18492
7.18492
7.18492
7.18492
7.18492
7.18492
7.18492
7.18492
7.18492
7.18492
7.18492
7.18492
7.18492
7.18492
7.18492
7.18492
7.18492
7.18492
7.07913
7.07913
7.07913
7.07913
7.07913
7.07913
7.07913
7.07913
7.07913
7.07913
7.07913
7.07913
7.07913
7.07913
7.07913
7.07913
7.07913
7.07913
7.07913
7.07913
7.07913
7.07913
7.07913
7.07913
7.07913
7.07913
7.07913
7.07913
7.07913
7.07913
7.07913
7.07913
7.07913
7.07913
7.07913
7.07913
7.07913
7.07913
7.07913
7.07913
7.07913
7.07913
7.07913
7.07913
7.07913
7.07913
7.07913
7.07913
7.07913
7.07913
7.05252
7.05252
6.90159
6.90159
6.90159
6.90159
6.90159
6.90159
6.90159
6.90159
6.90159
6.90159
6.90159
6.90159
6.90159
6.36423
6.36423
6.36423
6.36423
6.36423
6.36423
6.36423
6.36423
6.36423
6.36423
6.36423
6.36423
6.36423
6.36423
6.36423
6.36423
6.36423
6.36423
6.36423
6.36423
6.36423
6.36423
6.36423
6.36423
6.36423
6.36423
6.36423
6.36423
6.36423
6.36423
6.36423
6.36423
6.36423
6.36423
6.36423
6.36423
6.36423
6.36423
6.36423
6.36423
6.36423
6.36423
6.36423
6.36423
6.36423
6.36423
6.36423
6.36423
6.36423
6.36423
6.36423
6.36423
6.36423
6.36423
6.36423
6.36423
6.36423
6.36423
6.36423
6.36423
6.36423
6.36423
6.36423
6.36423
6.36423
6.36423
6.36423
