           1    0.235554    0.235554           0
           2    0.187076    0.211315   0.0242391
           3    0.213243    0.211957   0.0140092
           4    0.281964    0.229459   0.0201107
           5    0.248103    0.233188   0.0160177
           6    0.193626    0.226594   0.0146465
           7     0.16428    0.217692   0.0152472
           8    0.166845    0.211336   0.0146545
           9    0.298982    0.221075   0.0161824
          10    0.168359    0.215803    0.015404
          11    0.163567    0.211054   0.0147205
          12    0.175733    0.208111   0.0137565
          13     0.12611    0.201803   0.0141391
          14    0.169528    0.199498   0.0132917
          15    0.230016    0.201532   0.0125401
          16    0.160122    0.198944   0.0120123
          17    0.221234    0.200255   0.0113595
          18    0.187449    0.199544   0.0107335
          19    0.187258    0.198897   0.0101734
          20    0.169893    0.197447   0.0097597
          21    0.173267    0.196296  0.00935446
          22    0.237672    0.198176  0.00911526
          23    0.193279    0.197963  0.00871253
          24     0.19373    0.197787  0.00834348
          25     0.18468    0.197263  0.00801994
          26    0.189847    0.196978  0.00771058
          27    0.181263    0.196396  0.00744231
          28    0.145547     0.19458  0.00739794
          29    0.163679    0.193514  0.00721737
          30    0.241216    0.195104  0.00715165
          31    0.173542    0.194408  0.00695199
          32    0.200428    0.194597  0.00673386
          33    0.201976     0.19482  0.00653045
          34    0.182132    0.194447  0.00634645
          35    0.181485    0.194077  0.00617357
          36    0.185459    0.193837  0.00600441
          37    0.179622    0.193453  0.00585249
          38    0.121779    0.191567  0.00600055
          39    0.180038    0.191271  0.00585213
          40    0.186059    0.191141  0.00570544
          41    0.163376    0.190464   0.0056056
          42    0.168006    0.189929  0.00549658
          43    0.171201    0.189494  0.00538487
          44    0.196104    0.189644  0.00526321
          45    0.248594    0.190954  0.00530908
          46    0.206389    0.191289  0.00520321
          47    0.178766    0.191023  0.00509827
          48     0.13081    0.189769  0.00514616
          49    0.159192    0.189145  0.00507852
          50    0.220808    0.189778  0.00501605
          51    0.159291     0.18918  0.00495292
          52    0.187643     0.18915  0.00485683
          53    0.217006    0.189676  0.00479321
          54     0.16694    0.189255  0.00472242
          55    0.157692    0.188681  0.00467114
          56    0.189528    0.188696    0.004587
          57    0.186263    0.188654  0.00450601
          58     0.14057    0.187824  0.00450458
          59     0.19858    0.188007  0.00443133
          60    0.145436    0.187297  0.00441424
          61    0.204272    0.187576  0.00435018
          62    0.300547    0.189398  0.00465121
          63    0.176284     0.18919  0.00458152
          64    0.202811    0.189402  0.00451438
          65    0.123526    0.188389  0.00455848
          66     0.16442    0.188026  0.00450355
          67    0.189877    0.188053  0.00443591
          68    0.152126    0.187525  0.00440201
          69    0.197428    0.187669  0.00434012
          70    0.158553    0.187253  0.00429784
          71    0.199608    0.187427  0.00424045
          72    0.174458    0.187247  0.00418501
          73    0.170337    0.187015  0.00413378
          74    0.211897    0.187351  0.00409138
          75    0.167986    0.187093  0.00404471
          76    0.177776     0.18697  0.00399301
          77    0.193641    0.187057  0.00394177
          78    0.206851    0.187311  0.00389917
          79    0.159275    0.186956  0.00386582
          80    0.195843    0.187067  0.00381881
          81    0.191847    0.187126  0.00377183
          82    0.116715    0.186267  0.00382322
          83    0.174669    0.186128  0.00377946
          84     0.21037    0.186416  0.00374533
          85    0.177443    0.186311  0.00370251
          86     0.20809    0.186564  0.00366796
          87      0.2121    0.186857  0.00363742
          88    0.190588      0.1869   0.0035961
          89    0.173407    0.186748  0.00355869
          90    0.199886    0.186894  0.00352196
          91    0.257261    0.187667  0.00356784
          92    0.176486    0.187546  0.00353094
          93    0.160933     0.18726  0.00350447
          94    0.209195    0.187493  0.00347483
          95     0.17626    0.187375  0.00344009
          96    0.219179    0.187706  0.00342015
          97    0.172085    0.187545  0.00338854
          98    0.191613    0.187587  0.00335404
          99    0.165375    0.187362  0.00332756
         100    0.214721    0.187636  0.00330546
