           1    0.978448    0.978448           0
           2    0.981644    0.980046    0.001598
           3    0.980444    0.980179 0.000932095
           4    0.976288    0.979206  0.00117494
           5    0.976876     0.97874  0.00102247
           6     0.98218    0.979313  0.00101276
           7    0.982316    0.979742 0.000957405
           8    0.982004    0.980025 0.000876011
           9      0.9743    0.979389  0.00100075
          10    0.981028    0.979553 0.000909982
          11    0.981872    0.979764 0.000849683
          12     0.98238    0.979982 0.000805712
          13    0.984756    0.980349  0.00082715
          14    0.981712    0.980446 0.000771956
          15    0.978524    0.980318 0.000729989
          16    0.981932    0.980419 0.000690252
          17    0.979436    0.980361 0.000650952
          18    0.980592    0.980374 0.000613857
          19    0.980888    0.980401 0.000581281
          20    0.981516    0.980457 0.000554262
          21    0.981748    0.980518 0.000530782
          22    0.978888    0.980444 0.000511477
          23    0.980092    0.980429 0.000488973
          24    0.980324    0.980425 0.000468177
          25     0.98228    0.980499 0.000455151
          26    0.979764     0.98047 0.000438207
          27    0.983476    0.980582 0.000436111
          28    0.982672    0.980656 0.000426826
          29    0.981272    0.980678 0.000412392
          30    0.977484    0.980571 0.000412385
          31      0.9825    0.980633 0.000403685
          32    0.979364    0.980594 0.000392874
          33    0.980708    0.980597 0.000380798
          34    0.980488    0.980594 0.000369442
          35    0.982264    0.980642 0.000361891
          36    0.981004    0.980652 0.000351839
          37    0.980704    0.980653   0.0003422
          38    0.984388    0.980751 0.000347272
          39    0.983064    0.980811 0.000343408
          40    0.980784     0.98081 0.000334714
          41    0.981628     0.98083 0.000327057
          42    0.982756    0.980876 0.000322452
          43    0.982188    0.980906 0.000316339
          44     0.98068    0.980901 0.000309109
          45    0.978504    0.980848 0.000306822
          46    0.979612    0.980821 0.000301278
          47     0.98196    0.980845 0.000295792
          48     0.98412    0.980914 0.000297493
          49    0.983548    0.980967 0.000296277
          50    0.979544    0.980939 0.000291683
          51      0.9831    0.980981  0.00028903
          52     0.98134    0.980988 0.000283501
          53     0.97996    0.980969 0.000278776
          54    0.982676       0.981 0.000275386
          55    0.982528    0.981028 0.000271756
          56    0.979772    0.981006   0.0002678
          57    0.980004    0.980988 0.000263646
          58    0.984836    0.981054 0.000267421
          59    0.979808    0.981033 0.000263697
          60    0.984532    0.981092 0.000265741
          61    0.979184     0.98106 0.000263213
          62    0.975508    0.980971 0.000273982
          63    0.981656    0.980982 0.000269817
          64    0.980024    0.980967 0.000265989
          65    0.985448    0.981036 0.000270788
          66    0.981844    0.981048 0.000266935
          67    0.981116    0.981049 0.000262923
          68    0.981916    0.981062 0.000259341
          69     0.98106    0.981062 0.000255555
          70    0.981984    0.981075 0.000252222
          71    0.980604    0.981068 0.000248732
          72    0.982224    0.981084 0.000245778
          73    0.982316    0.981101 0.000242975
          74    0.980892    0.981098 0.000239685
          75    0.981752    0.981107 0.000236629
          76    0.981176    0.981108 0.000233496
          77    0.980248    0.981097 0.000230714
          78    0.981724    0.981105 0.000227879
          79    0.981852    0.981114 0.000225175
          80    0.981248    0.981116 0.000222348
          81    0.980932    0.981114 0.000219598
          82    0.985388    0.981166 0.000223079
          83    0.981296    0.981167  0.00022038
          84    0.979692     0.98115 0.000218448
          85    0.981588    0.981155 0.000215925
          86     0.98016    0.981143 0.000213712
          87     0.97844    0.981112 0.000213515
          88    0.981676    0.981119 0.000211172
          89     0.98268    0.981136 0.000209521
          90    0.980004    0.981124 0.000207562
          91    0.979048    0.981101 0.000206532
          92    0.980488    0.981094 0.000204383
          93    0.981404    0.981098 0.000202201
          94    0.978912    0.981074 0.000201385
          95     0.98072    0.981071 0.000199289
          96    0.977744    0.981036 0.000200223
          97    0.982212    0.981048 0.000198519
          98     0.97946    0.981032  0.00019715
          99    0.981244    0.981034  0.00019516
         100     0.97862     0.98101 0.000194701
