           1    0.225578    0.225578           0
           2     0.20129    0.213434   0.0121439
           3    0.203476    0.210115  0.00775746
           4    0.234855      0.2163  0.00826702
           5    0.243151     0.22167  0.00835734
           6    0.194259    0.217101  0.00821186
           7    0.194765    0.213911  0.00763869
           8    0.193569    0.211368  0.00708712
           9    0.249503    0.215605  0.00755117
          10    0.202249     0.21427  0.00688477
          11    0.204574    0.213388  0.00628958
          12    0.190546    0.211485  0.00604888
          13    0.176186    0.208769  0.00619135
          14     0.19867    0.208048  0.00577729
          15    0.216737    0.208627  0.00540947
          16    0.189619    0.207439  0.00519769
          17    0.214526    0.207856  0.00490014
          18    0.204964    0.207695  0.00462269
          19    0.203871    0.207494  0.00437726
          20    0.200554    0.207147  0.00416711
          21    0.194746    0.206557  0.00400745
          22    0.209724    0.206701  0.00382367
          23    0.207073    0.206717  0.00365368
          24    0.212765    0.206969   0.0035072
          25     0.19539    0.206506  0.00339572
          26    0.212434    0.206734  0.00327046
          27    0.190279    0.206124  0.00320547
          28    0.191622    0.205606  0.00313199
          29    0.199017    0.205379  0.00303059
          30    0.229095     0.20617  0.00303267
          31    0.189565    0.205634  0.00298172
          32     0.21758    0.206007  0.00291107
          33    0.212243    0.206196   0.0028278
          34    0.210406     0.20632  0.00274616
          35    0.192721    0.205932   0.0026947
          36    0.199664    0.205757  0.00262456
          37    0.207772    0.205812  0.00255322
          38    0.173021    0.204949  0.00263068
          39    0.186612    0.204479  0.00260512
          40     0.20689    0.204539  0.00253987
          41    0.191102    0.204211  0.00249874
          42    0.181185    0.203663  0.00249939
          43    0.198567    0.203545  0.00244344
          44    0.217403     0.20386  0.00240795
          45    0.228887    0.204416  0.00241865
          46    0.212198    0.204585  0.00237152
          47    0.197751    0.204439  0.00232507
          48    0.179517     0.20392  0.00233458
          49    0.176377    0.203358  0.00235452
          50    0.217468     0.20364  0.00232415
          51    0.187786    0.203329  0.00229923
          52    0.205501    0.203371  0.00225497
          53    0.211235     0.20352  0.00221698
          54     0.18692    0.203212  0.00219715
          55    0.189854    0.202969  0.00217047
          56    0.217146    0.203222  0.00214634
          57    0.200658    0.203178  0.00210883
          58    0.177703    0.202738  0.00211819
          59    0.213032    0.202913  0.00208927
          60    0.179073    0.202515  0.00209223
          61    0.216409    0.202743  0.00207021
          62    0.248717    0.203485  0.00216734
          63    0.197021    0.203382  0.00213513
          64     0.20943    0.203477  0.00210363
          65    0.166507    0.202908  0.00214769
          66    0.200098    0.202865  0.00211533
          67    0.198435    0.202799  0.00208457
          68    0.190242    0.202614  0.00206197
          69    0.198812    0.202559  0.00203261
          70    0.197089    0.202481  0.00200489
          71    0.208247    0.202562  0.00197812
          72    0.189524    0.202381  0.00195884
          73    0.192785     0.20225  0.00193629
          74    0.208071    0.202329  0.00191156
          75    0.193286    0.202208  0.00188975
          76    0.209206      0.2023  0.00186699
          77    0.216564    0.202485  0.00185187
          78    0.194518    0.202383  0.00183083
          79    0.183312    0.202142  0.00182356
          80    0.200326    0.202119  0.00180076
          81    0.203219    0.202133  0.00177844
          82    0.169921     0.20174  0.00180001
          83    0.199713    0.201715  0.00177835
          84    0.215257    0.201877  0.00176444
          85    0.207224     0.20194  0.00174469
          86    0.223181    0.202187  0.00174188
          87    0.229662    0.202502  0.00175047
          88    0.204944     0.20253  0.00173069
          89    0.191468    0.202406  0.00171564
          90    0.217605    0.202575  0.00170485
          91    0.215702    0.202719  0.00169217
          92     0.21017      0.2028  0.00167564
          93    0.198549    0.202754  0.00165815
          94     0.22083    0.202946  0.00165165
          95     0.20308    0.202948  0.00163417
          96    0.224078    0.203168  0.00163197
          97    0.197762    0.203112  0.00161602
          98     0.22947    0.203381   0.0016219
          99    0.193671    0.203283  0.00160843
         100    0.230191    0.203552  0.00161484
