           1    -1.17777    -1.17777           0
           2    -1.18039    -1.17908   0.0013116
           3    -1.17932    -1.17916 0.000761453
           4    -1.17712    -1.17865 0.000741532
           5    -1.17606    -1.17813 0.000774267
           6    -1.18077    -1.17857 0.000770234
           7    -1.18036    -1.17883 0.000699244
           8    -1.18018      -1.179 0.000628619
           9    -1.17545     -1.1786 0.000680007
          10    -1.17898    -1.17864 0.000609398
          11    -1.17954    -1.17872 0.000557291
          12    -1.18107    -1.17892    0.000545
          13    -1.18186    -1.17914 0.000549899
          14    -1.17993     -1.1792 0.000512231
          15    -1.17805    -1.17912 0.000482999
          16    -1.17988    -1.17917 0.000454288
          17    -1.17868    -1.17914 0.000427708
          18    -1.17885    -1.17913 0.000403563
          19    -1.17956    -1.17915  0.00038242
          20    -1.17978    -1.17918  0.00036418
          21    -1.17972    -1.17921 0.000347347
          22    -1.17828    -1.17916 0.000333838
          23    -1.17878    -1.17915 0.000319433
          24    -1.17906    -1.17914 0.000305858
          25    -1.18122    -1.17923 0.000304856
          26    -1.17813    -1.17918 0.000295923
          27    -1.18214    -1.17929 0.000305113
          28    -1.18003    -1.17932 0.000295188
          29    -1.17933    -1.17932 0.000284828
          30    -1.17713    -1.17925 0.000284704
          31    -1.18096     -1.1793 0.000280828
          32    -1.17826    -1.17927 0.000273868
          33    -1.17945    -1.17928 0.000265497
          34    -1.17861    -1.17926 0.000258314
          35    -1.18068     -1.1793 0.000254089
          36    -1.17971    -1.17931   0.0002472
          37    -1.17892     -1.1793 0.000240659
          38    -1.18167    -1.17936 0.000242415
          39    -1.18171    -1.17942 0.000243677
          40    -1.17882    -1.17941 0.000237979
          41    -1.17982    -1.17942 0.000232325
          42    -1.18114    -1.17946 0.000230428
          43    -1.18029    -1.17948  0.00022583
          44    -1.17894    -1.17946 0.000220968
          45    -1.17795    -1.17943  0.00021861
          46    -1.17819     -1.1794 0.000215507
          47     -1.1805    -1.17943 0.000212169
          48    -1.18128    -1.17947 0.000211261
          49    -1.18202    -1.17952 0.000213382
          50    -1.17857     -1.1795 0.000209922
          51    -1.18095    -1.17953 0.000207719
          52     -1.1798    -1.17953 0.000203751
          53    -1.17936    -1.17953 0.000199896
          54    -1.18086    -1.17955  0.00019771
          55    -1.18046    -1.17957 0.000194777
          56    -1.17828    -1.17955 0.000192644
          57     -1.1788    -1.17953 0.000189686
          58    -1.18247    -1.17958 0.000193145
          59    -1.17874    -1.17957 0.000190385
          60    -1.18231    -1.17962 0.000192661
          61    -1.17824    -1.17959 0.000190819
          62    -1.17651    -1.17954 0.000194193
          63    -1.18004    -1.17955 0.000191245
          64    -1.17868    -1.17954 0.000188719
          65    -1.18307    -1.17959 0.000193559
          66    -1.17991     -1.1796 0.000190666
          67    -1.17982     -1.1796 0.000187829
          68     -1.1799     -1.1796   0.0001851
          69    -1.18008    -1.17961 0.000182525
          70    -1.18004    -1.17962 0.000180001
          71    -1.17936    -1.17961 0.000177485
          72    -1.18063    -1.17963 0.000175569
          73    -1.18038    -1.17964  0.00017345
          74    -1.17944    -1.17964  0.00017111
          75    -1.17997    -1.17964 0.000168871
          76    -1.17919    -1.17963 0.000166741
          77    -1.17851    -1.17962 0.000165212
          78    -1.18048    -1.17963 0.000163454
          79    -1.18029    -1.17964 0.000161588
          80    -1.18019    -1.17965 0.000159701
          81    -1.17983    -1.17965 0.000157735
          82    -1.18252    -1.17968 0.000159681
          83    -1.17976    -1.17968 0.000157748
          84    -1.17831    -1.17967 0.000156719
          85    -1.17966    -1.17967 0.000154864
          86    -1.17866    -1.17966 0.000153504
          87     -1.1775    -1.17963 0.000153732
          88    -1.18004    -1.17964 0.000152046
          89    -1.18092    -1.17965 0.000151019
          90    -1.17851    -1.17964 0.000149865
          91    -1.17899    -1.17963 0.000148382
          92    -1.17844    -1.17962 0.000147328
          93    -1.17956    -1.17962 0.000145736
          94     -1.1778     -1.1796 0.000145469
          95    -1.17893    -1.17959 0.000144102
          96    -1.17704    -1.17956 0.000145037
          97    -1.18021    -1.17957 0.000143689
          98    -1.17733    -1.17955 0.000144037
          99    -1.17935    -1.17955 0.000142589
         100    -1.17751    -1.17953 0.000142619
