           1     1.24801     1.24801           0
           2      1.2789     1.26345   0.0154424
           3     1.28041      1.2691   0.0105558
           4     1.26341     1.26768  0.00759866
           5     1.31728      1.2776   0.0115354
           6     1.25192     1.27332   0.0103459
           7     1.28479     1.27496   0.0088961
           8     1.27542     1.27502  0.00770446
           9     1.28401     1.27602  0.00686777
          10     1.24588       1.273  0.00684195
          11     1.27753     1.27341  0.00620245
          12     1.31925     1.27723  0.00683013
          13     1.25778     1.27574  0.00645855
          14      1.3633     1.28199  0.00865259
          15     1.31065      1.2839   0.0082786
          16     1.23949     1.28113  0.00822645
          17     1.29296     1.28182  0.00775869
          18     1.21616     1.27817  0.00817415
          19     1.23244     1.27577  0.00809795
          20     1.27934     1.27595  0.00768446
          21     1.27309     1.27581  0.00731065
          22     1.22955     1.27371  0.00728068
          23     1.28683     1.27428   0.0069803
          24     1.27603     1.27435  0.00668352
          25     1.32853     1.27652  0.00676699
          26     1.28197     1.27673  0.00650489
          27     1.30314     1.27771  0.00633529
          28     1.26324     1.27719  0.00612667
          29     1.31658     1.27855  0.00606566
          30     1.26182     1.27799  0.00588645
          31     1.28657     1.27827  0.00570012
          32     1.25169     1.27744  0.00558126
          33     1.28466     1.27766  0.00541392
          34     1.26765     1.27736  0.00526051
          35     1.22993     1.27601  0.00528473
          36     1.26435     1.27568  0.00514603
          37     1.23709     1.27464  0.00511255
          38     1.28666     1.27496  0.00498623
          39     1.28998     1.27534  0.00487196
          40     1.24616     1.27461  0.00480429
          41     1.28491     1.27486  0.00469237
          42     1.28512     1.27511  0.00458579
          43     1.30074      1.2757  0.00451737
          44     1.28897       1.276  0.00442379
          45      1.2851     1.27621  0.00432909
          46     1.31374     1.27702  0.00431185
          47     1.29996     1.27751  0.00424725
          48     1.27509     1.27746  0.00415813
          49     1.32211     1.27837  0.00417309
          50     1.29786     1.27876   0.0041073
          51     1.26683     1.27853  0.00403275
          52     1.26697      1.2783  0.00396067
          53     1.27571     1.27826  0.00388553
          54     1.23129     1.27739  0.00391083
          55     1.27855     1.27741  0.00383913
          56     1.22114      1.2764  0.00390157
          57     1.26361     1.27618  0.00383907
          58     1.27015     1.27607  0.00377373
          59     1.28201     1.27617  0.00371059
          60      1.2083     1.27504  0.00381957
          61     1.27424     1.27503  0.00375646
          62     1.28786     1.27524  0.00370117
          63     1.25308     1.27489  0.00365889
          64     1.23666     1.27429  0.00365045
          65     1.31259     1.27488  0.00364183
          66     1.31147     1.27543  0.00362883
          67     1.25759     1.27517  0.00358417
          68     1.28054     1.27524  0.00353195
          69     1.34462     1.27625   0.0036227
          70       1.277     1.27626  0.00357059
          71     1.30388     1.27665  0.00354137
          72     1.29417     1.27689  0.00350032
          73     1.30138     1.27723   0.0034683
          74     1.31655     1.27776  0.00346212
          75     1.27026     1.27766  0.00341711
          76     1.30655     1.27804  0.00339321
          77      1.2379     1.27752  0.00338919
          78     1.29153      1.2777  0.00335027
          79     1.24659      1.2773  0.00333096
          80     1.27518     1.27728  0.00328916
          81      1.3027     1.27759  0.00326343
          82     1.29368     1.27779  0.00322935
          83     1.27161     1.27771  0.00319108
          84     1.28796     1.27784  0.00315522
          85     1.29313     1.27802  0.00312307
          86     1.23823     1.27755  0.00312102
          87     1.26194     1.27737  0.00309015
          88     1.27723     1.27737  0.00305484
          89     1.31771     1.27783  0.00305414
          90     1.25875     1.27761  0.00302744
          91     1.28565      1.2777  0.00299529
          92     1.31233     1.27808  0.00298637
          93     1.28685     1.27817  0.00295559
          94     1.28823     1.27828  0.00292594
          95     1.28486     1.27835   0.0028958
          96      1.2353      1.2779  0.00290035
          97     1.29819     1.27811   0.0028779
          98     1.29784     1.27831  0.00285549
          99     1.32305     1.27876  0.00286239
         100     1.28268      1.2788   0.0028339
