           1    0.298116    0.298116           0
           2    0.296648    0.297382 0.000734223
           3    0.289828    0.294864  0.00255359
           4    0.293305    0.294474  0.00184724
           5    0.296511    0.294882  0.00148771
           6    0.301696    0.296017  0.00166299
           7    0.295011    0.295874  0.00141282
           8    0.283717    0.294354   0.0019509
           9    0.301532    0.295152  0.00189638
          10    0.293574    0.294994   0.0017035
          11    0.297727    0.295242  0.00156078
          12    0.298776    0.295537   0.0014549
          13    0.292107    0.295273  0.00136407
          14    0.305016    0.295969  0.00144195
          15    0.296577    0.296009    0.001343
          16    0.300211    0.296272  0.00128341
          17    0.291998    0.296021  0.00123148
          18    0.289819    0.295676  0.00121109
          19    0.292316    0.295499  0.00115915
          20    0.301384    0.295793  0.00113835
          21    0.298374    0.295916  0.00108973
          22    0.298177    0.296019  0.00104409
          23    0.295372    0.295991 0.000998057
          24    0.299922    0.296155 0.000969503
          25    0.293307    0.296041 0.000936863
          26    0.301823    0.296263 0.000927178
          27    0.304552     0.29657 0.000943513
          28     0.29737    0.296599  0.00090964
          29    0.311028    0.297096  0.00100893
          30    0.305293     0.29737  0.00101229
          31    0.296745    0.297349   0.0009793
          32    0.298558    0.297387 0.000948955
          33    0.298958    0.297435  0.00092098
          34    0.288512    0.297172 0.000931227
          35    0.290188    0.296973  0.00092599
          36    0.299405     0.29704 0.000902433
          37    0.294079     0.29696 0.000881345
          38    0.294533    0.296896 0.000860212
          39     0.29707    0.296901 0.000837877
          40    0.298784    0.296948 0.000818018
          41     0.29916    0.297002 0.000799638
          42    0.300389    0.297083 0.000784524
          43    0.299847    0.297147 0.000768753
          44    0.302458    0.297268 0.000760717
          45    0.291059     0.29713 0.000756309
          46    0.295245    0.297089 0.000740819
          47     0.29524    0.297049 0.000725952
          48    0.294153    0.296989 0.000713224
          49    0.300675    0.297064 0.000702555
          50    0.303025    0.297183 0.000698606
          51    0.297135    0.297182 0.000684771
          52    0.304539    0.297324 0.000686216
          53    0.295784    0.297295 0.000673771
          54    0.290186    0.297163 0.000674153
          55    0.304539    0.297297 0.000675233
          56    0.293246    0.297225    0.000667
          57    0.301339    0.297297 0.000659157
          58    0.291764    0.297202  0.00065468
          59    0.296264    0.297186 0.000643684
          60    0.293712    0.297128 0.000635508
          61    0.288428    0.296985 0.000641069
          62    0.298366    0.297008 0.000631037
          63     0.29624    0.296995 0.000621059
          64    0.293992    0.296949 0.000613078
          65    0.291867     0.29687 0.000608614
          66    0.290483    0.296774 0.000607084
          67    0.291418    0.296694 0.000603273
          68    0.301606    0.296766 0.000598709
          69    0.304564    0.296879 0.000600696
          70    0.292035     0.29681 0.000596083
          71    0.290991    0.296728 0.000593315
          72     0.29451    0.296697 0.000585827
          73    0.300307    0.296746 0.000579859
          74     0.30066    0.296799 0.000574408
          75     0.30258    0.296876 0.000571915
          76     0.29528    0.296855 0.000564731
          77    0.297089    0.296858 0.000557356
          78    0.299431    0.296891 0.000551152
          79    0.302543    0.296963 0.000548814
          80    0.290608    0.296883 0.000547702
          81    0.300226    0.296925 0.000542469
          82    0.306699    0.297044  0.00054891
          83    0.295038     0.29702 0.000542795
          84    0.299945    0.297055 0.000537423
          85    0.293172    0.297009 0.000533023
          86    0.290524    0.296934 0.000532158
          87    0.288268    0.296834 0.000535352
          88    0.294407    0.296806 0.000529952
          89     0.30737    0.296925 0.000537239
          90    0.294207    0.296895 0.000532094
          91     0.29454    0.296869  0.00052685
          92    0.301242    0.296916 0.000523256
          93    0.299275    0.296942  0.00051822
          94    0.304866    0.297026 0.000519561
          95    0.301941    0.297078  0.00051666
          96    0.294082    0.297047 0.000512202
          97    0.304209    0.297121 0.000512243
          98    0.301672    0.297167 0.000509112
          99    0.307712    0.297273 0.000515077
         100    0.290256    0.297203 0.000514707
