           1     0.27272     0.27272           0
           2    0.274908    0.273814    0.001094
           3    0.268028    0.271885  0.00202946
           4    0.274784     0.27261  0.00160764
           5    0.271688    0.272426  0.00125885
           6    0.285524    0.274609  0.00241293
           7    0.282452    0.275729  0.00232685
           8    0.271012    0.275139   0.0020996
           9    0.286244    0.276373   0.0022251
          10    0.270716    0.275808  0.00206903
          11    0.281592    0.276333  0.00194398
          12    0.279116    0.276565  0.00178969
          13     0.27312      0.2763  0.00166747
          14    0.271488    0.275957  0.00158159
          15     0.27468    0.275871  0.00147483
          16    0.272732    0.275675  0.00139346
          17    0.260936    0.274808  0.00157004
          18    0.274048    0.274766  0.00148085
          19    0.270704    0.274552  0.00141696
          20     0.27346    0.274498  0.00134536
          21    0.279936    0.274757  0.00130563
          22     0.27998    0.274994  0.00126731
          23    0.272396    0.274881  0.00121621
          24    0.277444    0.274988  0.00116932
          25    0.264292     0.27456   0.0012004
          26     0.27132    0.274435  0.00116002
          27    0.278576    0.274589  0.00112672
          28    0.268136    0.274358  0.00110992
          29    0.270836    0.274237  0.00107783
          30    0.281156    0.274467  0.00106652
          31    0.263828    0.274124  0.00108714
          32     0.27932    0.274287  0.00106507
          33    0.269872    0.274153  0.00104092
          34    0.271144    0.274064  0.00101371
          35    0.278656    0.274196 0.000993026
          36    0.277952      0.2743 0.000970673
          37    0.276684    0.274364  0.00094627
          38    0.271684    0.274294 0.000923729
          39     0.27564    0.274328 0.000900394
          40    0.277616    0.274411 0.000881436
          41    0.280488    0.274559 0.000872355
          42    0.272048    0.274499 0.000853427
          43    0.275332    0.274518 0.000833569
          44    0.277712    0.274591 0.000817632
          45    0.264876    0.274375 0.000827899
          46    0.272632    0.274337 0.000810587
          47     0.27418    0.274334  0.00079316
          48    0.281908    0.274492 0.000792332
          49    0.268484    0.274369 0.000785619
          50    0.273408     0.27435 0.000769987
          51    0.274588    0.274354 0.000754752
          52    0.276124    0.274388 0.000740878
          53    0.276004    0.274419 0.000727403
          54    0.276164    0.274451 0.000714537
          55    0.281868    0.274586  0.00071427
          56    0.279824     0.27468 0.000707608
          57    0.280812    0.274787  0.00070336
          58    0.271924    0.274738 0.000692887
          59    0.270128     0.27466  0.00068551
          60     0.27752    0.274707 0.000675671
          61    0.272252    0.274667 0.000665721
          62    0.283532     0.27481 0.000670322
          63     0.28382    0.274953 0.000674922
          64    0.285524    0.275118 0.000684519
          65     0.27156    0.275064 0.000676125
          66    0.265324    0.274916  0.00068196
          67    0.276268    0.274936 0.000672007
          68    0.280056    0.275011 0.000666318
          69    0.275996    0.275026 0.000656746
          70    0.272344    0.274987 0.000648428
          71    0.273148    0.274962 0.000639755
          72    0.276536    0.274983 0.000631186
          73    0.274344    0.274975 0.000622541
          74    0.275696    0.274984 0.000614148
          75    0.274848    0.274983 0.000605907
          76    0.274772     0.27498 0.000597888
          77    0.281356    0.275063 0.000595854
          78    0.282812    0.275162 0.000596497
          79    0.278764    0.275208 0.000590661
          80    0.273032     0.27518 0.000583864
          81    0.279784    0.275237 0.000579405
          82    0.274284    0.275226 0.000572414
          83    0.270944    0.275174 0.000567823
          84     0.28314    0.275269 0.000568982
          85    0.275536    0.275272 0.000562257
          86    0.278364    0.275308 0.000556842
          87    0.275204    0.275307 0.000550406
          88    0.271932    0.275268 0.000545465
          89     0.27128    0.275224  0.00054116
          90    0.282476    0.275304 0.000541147
          91    0.273204    0.275281 0.000535664
          92    0.281716    0.275351 0.000534407
          93    0.269776    0.275291 0.000532018
          94      0.2766    0.275305 0.000526512
          95    0.274888    0.275301 0.000520958
          96     0.27868    0.275336 0.000516704
          97     0.27272    0.275309  0.00051206
          98    0.281992    0.275377 0.000511375
          99    0.279796    0.275422 0.000508148
         100    0.269144    0.275359 0.000506943
