           1   -0.552848   -0.552848           0
           2    -0.55619   -0.554519   0.0016708
           3   -0.551574   -0.553537  0.00137634
           4   -0.553541   -0.553538 0.000973223
           5    -0.55085      -0.553 0.000925958
           6   -0.558129   -0.553855  0.00114114
           7    -0.56217   -0.555043  0.00153012
           8   -0.554298    -0.55495  0.00132838
           9   -0.562145   -0.555749   0.0014183
          10   -0.552455    -0.55542  0.00131063
          11    -0.55855   -0.555705  0.00121919
          12   -0.555423   -0.555681  0.00111321
          13   -0.556056    -0.55571  0.00102441
          14   -0.554474   -0.555622 0.000952525
          15   -0.554928   -0.555575 0.000887957
          16    -0.55309    -0.55542 0.000845003
          17   -0.548995   -0.555042 0.000879125
          18    -0.55309   -0.554934 0.000835914
          19   -0.551157   -0.554735   0.0008153
          20   -0.552676   -0.554632 0.000780282
          21   -0.556667   -0.554729 0.000748497
          22   -0.556924   -0.554829 0.000720606
          23   -0.552415   -0.554724 0.000696512
          24   -0.557073   -0.554822 0.000674005
          25    -0.55173   -0.554698 0.000658201
          26   -0.551976   -0.554593 0.000640986
          27   -0.556443   -0.554662 0.000620583
          28   -0.553731   -0.554629 0.000598931
          29   -0.553031   -0.554573 0.000580528
          30   -0.556807   -0.554648 0.000565765
          31   -0.551446   -0.554545 0.000556875
          32    -0.55548   -0.554574 0.000539984
          33   -0.553646   -0.554546 0.000524119
          34   -0.552125   -0.554475 0.000513431
          35   -0.555723    -0.55451 0.000499821
          36   -0.557862   -0.554603 0.000494583
          37   -0.554217   -0.554593 0.000481144
          38   -0.554017   -0.554578 0.000468556
          39     -0.5548   -0.554583  0.00045642
          40   -0.555131   -0.554597 0.000445074
          41   -0.558738   -0.554698 0.000445675
          42   -0.555474   -0.554717 0.000435326
          43   -0.555066   -0.554725 0.000425159
          44    -0.55699   -0.554776 0.000418564
          45   -0.548983   -0.554647 0.000428931
          46   -0.554694   -0.554648 0.000419504
          47   -0.553692   -0.554628 0.000410985
          48   -0.557846   -0.554695 0.000407877
          49   -0.552009    -0.55464 0.000403211
          50    -0.55305   -0.554609 0.000396344
          51   -0.552918   -0.554575 0.000389907
          52   -0.551929   -0.554524 0.000385708
          53   -0.555745   -0.554547  0.00037906
          54   -0.552473   -0.554509 0.000373953
          55   -0.556406   -0.554544 0.000368707
          56   -0.554677   -0.554546 0.000362071
          57   -0.559442   -0.554632 0.000365889
          58   -0.553737   -0.554616 0.000359856
          59   -0.553178   -0.554592 0.000354544
          60   -0.553384   -0.554572 0.000349166
          61   -0.552842   -0.554544 0.000344563
          62    -0.55757   -0.554592 0.000342457
          63   -0.556548   -0.554623 0.000338404
          64   -0.558033   -0.554677 0.000337308
          65   -0.553152   -0.554653 0.000332906
          66   -0.548145   -0.554555 0.000342333
          67    -0.55287   -0.554529 0.000338122
          68   -0.559491   -0.554602  0.00034101
          69   -0.555495   -0.554615 0.000336281
          70   -0.552605   -0.554587 0.000332684
          71    -0.55615   -0.554609 0.000328703
          72   -0.556163    -0.55463 0.000324824
          73   -0.555685   -0.554645 0.000320669
          74   -0.554243   -0.554639 0.000316352
          75   -0.554954   -0.554643 0.000312134
          76   -0.555754   -0.554658 0.000308346
          77   -0.557831   -0.554699 0.000307093
          78   -0.559706   -0.554763 0.000309853
          79   -0.554185   -0.554756 0.000305993
          80   -0.555238   -0.554762 0.000302204
          81   -0.558893   -0.554813 0.000302775
          82   -0.554657   -0.554811 0.000299066
          83   -0.554021   -0.554802 0.000295595
          84   -0.556084   -0.554817 0.000292453
          85   -0.555699   -0.554827 0.000289178
          86   -0.557609    -0.55486  0.00028762
          87   -0.557593   -0.554891 0.000286025
          88    -0.55193   -0.554857 0.000284751
          89   -0.553152   -0.554838 0.000282185
          90   -0.556007   -0.554851 0.000279334
          91   -0.554337   -0.554846 0.000276305
          92   -0.559079   -0.554892 0.000277132
          93   -0.551211   -0.554852 0.000276978
          94   -0.555712   -0.554861 0.000274168
          95    -0.55449   -0.554857 0.000271295
          96   -0.553056   -0.554839 0.000269109
          97   -0.554304   -0.554833 0.000266378
          98   -0.557798   -0.554863 0.000265376
          99   -0.556759   -0.554882 0.000263379
         100   -0.552741   -0.554861  0.00026161
