29.9046
27.9244
23.6947
23.6947
23.6947
23.6947
23.2893
22.387
20.7702
17.8013
17.163
17.163
16.9286
16.5546
15.7777
15.7777
15.5867
15.5867
15.5867
15.3284
15.3284
15.3284
15.1501
14.5691
14.4834
14.2927
14.0152
13.7583
13.388
13.388
13.388
13.0075
12.799
12.2327
12.2327
11.0324
11.0324
11.0324
11.0324
10.9441
10.4652
10.4652
10.3851
10.124
9.46098
9.46098
9.37264
9.37264
9.37264
9.01586
9.01586
9.01586
8.77708
8.77708
8.40648
8.40648
8.17252
7.81574
7.66603
7.66603
7.66603
7.66603
7.44715
7.29745
7.29316
7.29316
7.29316
7.29316
7.22503
7.19122
7.11658
7.08553
7.08553
7.02543
6.96844
6.76884
6.76828
6.76828
6.58926
6.58926
6.58926
6.55002
6.55002
6.4084
6.4084
6.4084
6.2443
6.2443
6.2443
6.20507
6.20507
6.20507
6.20507
6.05644
6.05644
5.98721
5.98721
5.98721
5.85587
5.83123
5.69989
5.69989
5.6826
5.6826
5.6826
5.6826
5.6826
5.6826
5.6826
5.6826
5.6826
5.6826
5.6826
5.6826
5.6826
5.6826
5.6826
5.6826
5.6826
5.6826
5.6826
5.6826
5.6826
5.6826
5.6826
5.6826
5.6826
5.6826
5.6826
5.6826
5.6826
5.6826
5.60285
5.60285
5.60285
5.60285
5.60285
5.60285
5.60285
5.56638
5.56638
5.56638
5.56638
5.56638
5.56638
5.56638
5.56638
5.56638
5.56638
5.56638
5.56638
5.56638
5.56638
5.56638
5.56638
5.56638
5.56638
5.56638
5.56638
5.56638
5.49312
5.49312
5.49312
5.49312
5.49312
5.49312
5.49312
5.49312
5.49312
5.48201
5.48201
5.48201
5.48201
5.48201
5.48201
5.48201
5.48201
5.48201
5.48201
5.48201
5.48201
5.46964
5.46964
5.44554
5.44554
5.44554
5.44554
5.44554
5.44554
5.44554
5.38652
5.38652
5.38652
5.38652
5.38652
5.38652
5.38652
5.38652
5.38652
5.38652
5.38652
5.38652
5.38652
5.38652
5.38652
5.38652
5.38652
5.38652
5.38652
5.38652
5.38652
5.38652
5.38652
5.38652
5.38652
5.38652
5.38652
5.38652
5.38652
5.38652
5.38652
5.38652
5.38652
5.38652
5.38652
5.38652
5.38652
5.38652
5.38652
5.38652
5.38652
5.38652
5.38652
5.38652
5.38652
5.38652
5.38652
5.38652
5.38652
5.38652
5.38652
5.2992
5.2992
5.2992
5.2992
5.2992
5.2992
5.2992
5.2992
5.2992
5.2992
5.2992
5.2992
5.2992
5.2992
5.2992
5.2992
5.2992
5.2992
5.2992
5.2992
5.2992
5.2992
5.2992
5.2992
5.2992
5.2992
5.2992
5.2992
5.2992
5.2992
5.2992
5.2992
5.2992
5.2992
5.2992
5.2992
5.2992
5.2992
5.2992
5.2992
5.2992
5.2992
5.2992
5.2992
5.2992
5.2992
5.2992
5.2992
5.2992
5.2992
5.2992
5.2992
5.2992
5.2992
5.2992
5.2992
5.2992
5.2992
5.2992
5.2992
5.2992
5.2992
5.2992
5.2992
5.2992
5.2992
5.2992
5.2992
5.2992
5.2992
5.2992
5.2992
5.2992
5.2992
5.2992
5.2992
5.2992
5.2992
5.2992
5.2992
5.2992
5.2992
5.2992
5.2992
5.2992
5.2992
5.2992
5.2992
5.2992
5.2992
5.2992
5.2992
5.2992
5.2992
5.2992
5.2992
5.2992
5.2992
5.2992
5.2992
5.2992
5.2992
5.2992
5.2992
5.2992
5.2992
5.2992
5.2992
5.2992
5.2992
5.2992
5.2992
5.2992
5.2992
5.2992
5.2992
5.2992
5.2992
5.2992
5.2992
5.2992
5.2992
5.2992
5.2992
5.2992
5.2992
5.2992
5.2992
5.2992
5.2992
5.2992
5.2992
5.2992
5.2992
5.2992
5.2992
5.2992
5.2992
5.2992
5.2992
5.2992
5.2992
5.2992
5.2992
5.2992
5.2992
5.2992
5.2992
5.2992
5.28973
5.28973
5.28973
5.28973
5.28973
5.28973
5.28973
5.28973
5.28973
5.28973
5.28973
5.28973
5.28973
5.28973
5.26625
5.26625
5.26625
5.26625
5.26625
5.26625
5.26625
5.26625
5.26625
5.26625
5.26625
5.26625
5.26625
5.26625
5.26625
5.26625
5.26625
5.26625
5.26625
5.26625
5.26625
5.26625
5.26625
5.26625
5.26625
5.26625
5.26625
5.26625
5.26625
5.26625
5.26625
5.26625
5.26625
5.26625
5.26625
5.26625
5.26625
5.26625
5.26625
5.26625
5.26625
5.26625
5.26625
5.26625
5.26625
5.26625
5.26625
5.26625
5.26625
5.26625
5.26625
5.26625
5.26625
5.26625
5.26625
5.26625
5.26625
5.26625
5.26625
5.26625
5.26625
5.26625
5.26625
5.26625
5.26625
5.26625
5.26625
5.26625
5.22878
5.22878
5.22878
5.22878
5.22878
5.22878
5.22878
5.22878
5.22878
5.22878
5.22878
5.22878
5.22878
5.22878
5.22878
5.22878
5.22878
5.22878
5.22878
5.22878
5.22878
5.22878
5.22878
5.22878
5.22878
5.22878
5.22878
5.22878
