0 -0.793488 0.00436941
1 -0.793217 0.00438376
2 -0.792707 0.00441741
3 -0.792731 0.00441301
4 -0.793084 0.00439511
5 -0.793088 0.00441008
6 -0.792916 0.00450124
7 -0.793341 0.00441898
8 -0.792724 0.00443121
9 -0.792649 0.00442667
10 -0.793193 0.00440649
11 -0.793057 0.00435337
12 -0.79322 0.00435939
13 -0.793289 0.00429124
14 -0.793331 0.00422366
15 -0.793741 0.00413619
16 -0.793728 0.00415224
17 -0.793548 0.00414764
18 -0.793729 0.00419577
19 -0.793597 0.00428492
20 -0.793659 0.00425067
21 -0.793518 0.00427993
22 -0.793708 0.00422605
23 -0.793776 0.00420592
24 -0.793631 0.00419454
25 -0.793799 0.00417936
26 -0.793826 0.00415282
27 -0.793817 0.00416721
28 -0.7935 0.00416939
29 -0.793357 0.00416728
30 -0.793573 0.00413042
31 -0.793408 0.00417946
32 -0.793447 0.004206
33 -0.793191 0.00422935
34 -0.793679 0.00421136
35 -0.793099 0.00430224
36 -0.793073 0.00435992
37 -0.792553 0.00439495
38 -0.792684 0.00437788
39 -0.792697 0.00433193
40 -0.792642 0.00441335
41 -0.792491 0.00444417
42 -0.792747 0.00438095
43 -0.793016 0.00437916
44 -0.793208 0.00437424
45 -0.793197 0.00436758
46 -0.793172 0.00437345
47 -0.793273 0.00439136
48 -0.793255 0.004419
49 -0.793296 0.0044514
50 -0.793279 0.00445965
51 -0.79299 0.00445584
52 -0.792874 0.004533
53 -0.793197 0.00450587
54 -0.792874 0.00445455
55 -0.793104 0.00441113
56 -0.79277 0.00441806
57 -0.792521 0.00447703
58 -0.792391 0.00451655
59 -0.792721 0.00450495
60 -0.792829 0.00445812
61 -0.792736 0.00441215
62 -0.792679 0.00442718
63 -0.792658 0.00444549
64 -0.792593 0.0044296
65 -0.792527 0.00444106
66 -0.792498 0.00436333
67 -0.792461 0.0043267
68 -0.792887 0.00433387
69 -0.792851 0.00434429
70 -0.792888 0.00433426
71 -0.792589 0.00438785
72 -0.79269 0.00435378
73 -0.792443 0.00432487
74 -0.792187 0.00436579
75 -0.792123 0.00443954
76 -0.792366 0.00443744
77 -0.792029 0.00441795
78 -0.791896 0.00451286
79 -0.791613 0.00443553
80 -0.791778 0.00439746
81 -0.791841 0.00440234
82 -0.791874 0.00438732
83 -0.792198 0.00440609
84 -0.792547 0.00440833
85 -0.792571 0.0044242
86 -0.792289 0.00433788
87 -0.792447 0.00435308
88 -0.792443 0.0043461
89 -0.792593 0.00437343
90 -0.792373 0.00430073
91 -0.792392 0.00427922
92 -0.792413 0.00430526
93 -0.792028 0.00425492
94 -0.792025 0.00425396
95 -0.792001 0.00425165
96 -0.791924 0.0042323
97 -0.792176 0.00415081
98 -0.792035 0.00418054
99 -0.792003 0.00422363
100 -0.792049 0.00418022
101 -0.792106 0.00419168
102 -0.792341 0.0042269
103 -0.792418 0.00416996
104 -0.792555 0.00409018
105 -0.792408 0.00407687
106 -0.792497 0.00405216
107 -0.792361 0.00406027
108 -0.792186 0.00406886
109 -0.792513 0.00410267
110 -0.792849 0.00410762
111 -0.792833 0.00412667
112 -0.793157 0.00401966
113 -0.793161 0.00404309
114 -0.793413 0.00401817
115 -0.793472 0.00406046
116 -0.793567 0.00405382
117 -0.793495 0.00408007
118 -0.793289 0.00399249
119 -0.793213 0.0039386
120 -0.793034 0.00399774
121 -0.793418 0.00393488
122 -0.793242 0.00393202
123 -0.793155 0.00390872
124 -0.79322 0.00383201
125 -0.793197 0.00378921
126 -0.793216 0.00375533
127 -0.793346 0.00373471
128 -0.793368 0.00371813
129 -0.793309 0.00375321
130 -0.793593 0.00379809
131 -0.793543 0.00370536
132 -0.793503 0.00368142
133 -0.793209 0.00364124
134 -0.793137 0.00369716
135 -0.793228 0.00368347
136 -0.793161 0.00362387
137 -0.793213 0.00367671
138 -0.792939 0.00366766
139 -0.793272 0.00372463
140 -0.793183 0.00375695
141 -0.793221 0.00377468
142 -0.793449 0.00381706
143 -0.793657 0.00379981
144 -0.793716 0.00380181
145 -0.793958 0.00375387
146 -0.793627 0.00377777
147 -0.793557 0.00374615
148 -0.793418 0.00372752
149 -0.793265 0.00374762
150 -0.793285 0.00377496
151 -0.793211 0.00374188
152 -0.793292 0.00374834
153 -0.793172 0.00372037
154 -0.793274 0.00380948
155 -0.793262 0.00385052
156 -0.793021 0.00383765
157 -0.793101 0.00384661
158 -0.793188 0.0038842
159 -0.79339 0.0038947
160 -0.793437 0.003868
161 -0.793652 0.0038541
162 -0.79364 0.00382433
163 -0.79384 0.00373699
164 -0.793599 0.00374877
165 -0.793593 0.00383621
166 -0.793424 0.00389688
167 -0.793547 0.00383622
168 -0.793475 0.00382218
169 -0.793648 0.00383631
170 -0.793712 0.00391357
171 -0.793672 0.00384408
172 -0.793455 0.00381574
173 -0.793183 0.00383239
174 -0.793143 0.00383696
175 -0.793383 0.00386842
176 -0.793379 0.00387399
177 -0.793131 0.00389243
178 -0.792945 0.00393108
179 -0.792974 0.00394811
180 -0.793056 0.00387055
181 -0.793163 0.00385594
182 -0.793013 0.00389791
183 -0.792797 0.00392257
184 -0.79303 0.00393326
185 -0.792748 0.00393653
186 -0.792677 0.00389955
187 -0.792631 0.0038922
188 -0.792606 0.00391448
189 -0.792905 0.00396176
190 -0.792542 0.00396866
191 -0.79254 0.00401427
192 -0.792561 0.00395132
193 -0.792492 0.00391859
194 -0.792459 0.00390369
195 -0.792487 0.00389265
196 -0.792313 0.00396242
197 -0.792366 0.00399865
198 -0.792292 0.00399702
199 -0.792434 0.00405234
200 -0.792803 0.00398239
201 -0.792761 0.00402344
202 -0.792761 0.00399409
203 -0.792822 0.00408449
204 -0.792783 0.00411962
205 -0.793001 0.00411089
206 -0.792711 0.00417326
207 -0.792914 0.00420042
208 -0.792444 0.00418163
209 -0.792132 0.00414922
210 -0.791979 0.00407678
211 -0.792297 0.0041557
212 -0.792628 0.0041862
213 -0.792576 0.00418291
214 -0.792511 0.00423073
215 -0.792639 0.00422494
216 -0.792878 0.00428656
217 -0.79285 0.00424252
218 -0.792785 0.00418864
219 -0.792659 0.00416597
220 -0.792583 0.00412003
221 -0.792223 0.00404093
222 -0.792385 0.00402171
223 -0.792463 0.00405804
224 -0.792623 0.00410841
225 -0.792737 0.00407088
226 -0.792661 0.00401303
227 -0.792555 0.00396865
228 -0.792399 0.00398018
229 -0.792518 0.00396653
230 -0.792515 0.0038374
231 -0.792633 0.00386228
232 -0.792756 0.00383043
233 -0.792764 0.00389116
234 -0.792765 0.00389516
235 -0.792738 0.00392396
236 -0.792543 0.00386476
237 -0.79258 0.00377085
238 -0.792634 0.00370921
239 -0.792447 0.0037556
240 -0.792523 0.00371807
241 -0.792441 0.0037186
242 -0.792317 0.00369134
243 -0.792406 0.00369799
244 -0.792259 0.00369395
245 -0.792536 0.00367566
246 -0.79259 0.00364388
247 -0.792295 0.00367874
248 -0.792232 0.00364217
249 -0.792752 0.00357093
250 -0.792941 0.00361609
251 -0.792734 0.00358445
252 -0.792355 0.00364706
253 -0.792296 0.00360352
254 -0.792483 0.00359144
255 -0.792475 0.00360447
256 -0.792529 0.0034862
257 -0.7928 0.00350365
258 -0.792764 0.00350958
259 -0.792494 0.00351624
260 -0.792639 0.00348138
261 -0.792709 0.00346383
262 -0.792693 0.00344949
263 -0.79275 0.00348627
264 -0.79262 0.00355011
265 -0.792537 0.00356511
266 -0.792654 0.00361514
267 -0.792555 0.00365328
268 -0.792484 0.00366254
269 -0.792941 0.00371522
270 -0.792906 0.00374138
271 -0.792727 0.00378368
272 -0.792742 0.00377774
273 -0.792615 0.00375286
274 -0.792448 0.00372968
275 -0.792225 0.00366202
276 -0.791935 0.00368952
277 -0.791889 0.00372574
278 -0.7919 0.00374435
279 -0.791639 0.00380165
280 -0.792046 0.00377765
281 -0.792182 0.00377877
282 -0.791839 0.00378627
283 -0.791831 0.0038038
284 -0.791764 0.00385591
285 -0.791846 0.00390893
286 -0.791811 0.00389353
287 -0.792124 0.00387975
288 -0.791843 0.00388704
289 -0.791885 0.00388367
290 -0.791602 0.00393498
291 -0.791537 0.00395718
292 -0.791762 0.00399463
293 -0.791882 0.00399548
294 -0.791786 0.00392722
295 -0.791948 0.00393263
296 -0.792104 0.00394643
297 -0.79213 0.00399242
298 -0.792142 0.00400024
299 -0.791993 0.00403055
