           1    0.184823    0.184823           0
           2    0.211954    0.198388   0.0135655
           3    0.180241    0.192339  0.00989612
           4    0.162915    0.184983   0.0101527
           5    0.231356    0.194258   0.0121599
           6    0.224673    0.199327   0.0111477
           7    0.238253    0.204888   0.0109402
           8    0.166298    0.200064   0.0106318
           9    0.163622    0.196015   0.0102133
          10    0.209771     0.19739  0.00923804
          11    0.156369    0.193661  0.00915053
          12    0.152472    0.190229  0.00903098
          13    0.208148    0.191607  0.00842087
          14    0.242391    0.195235   0.0085988
          15    0.233213    0.197766  0.00839591
          16    0.144539     0.19444  0.00852919
          17    0.382989    0.205531   0.0136822
          18    0.143837    0.202103   0.0133472
          19    0.223899    0.203251   0.0126772
          20    0.184981    0.202337   0.0120613
          21    0.199449      0.2022   0.0114734
          22    0.176662    0.201039   0.0110009
          23    0.172326     0.19979   0.0105856
          24    0.202624    0.199908   0.0101356
          25    0.178441     0.19905  0.00975959
          26    0.191914    0.198775  0.00938073
          27    0.291195    0.202198  0.00965382
          28    0.231529    0.203246  0.00936144
          29    0.197557     0.20305    0.009035
          30    0.180562      0.2023  0.00876076
          31    0.194514    0.202049  0.00847717
          32    0.196679    0.201881   0.0082097
          33    0.196023    0.201704  0.00795901
          34    0.144414    0.200019  0.00790309
          35     0.15276    0.198668  0.00779184
          36    0.186531    0.198331  0.00757981
          37    0.169094    0.197541  0.00741434
          38    0.187611     0.19728  0.00722132
          39    0.204578    0.197467  0.00703621
          40    0.170133    0.196783  0.00689201
          41    0.243847    0.197931  0.00681911
          42    0.218028     0.19841  0.00667196
          43    0.178347    0.197943  0.00653163
          44    0.160376    0.197089  0.00643832
          45    0.173611    0.196568  0.00631521
          46    0.210883    0.196879  0.00618424
          47    0.176845    0.196453  0.00606622
          48    0.158144    0.195655  0.00599189
          49    0.151613    0.194756  0.00593676
          50    0.181306    0.194487  0.00582303
          51    0.193023    0.194458  0.00570778
          52    0.237094    0.195278  0.00565668
          53    0.209648    0.195549  0.00555554
          54    0.148771    0.194683  0.00552009
          55    0.202106    0.194818  0.00542047
          56    0.175055    0.194465  0.00533448
          57    0.261668    0.195644  0.00537106
          58    0.186116     0.19548   0.0052802
          59    0.163348    0.194935  0.00521843
          60    0.135957    0.193952  0.00522403
          61    0.175787    0.193654   0.0051463
          62    0.258547    0.194701  0.00516968
          63    0.244249    0.195487   0.0051474
          64    0.188777    0.195383  0.00506741
          65     0.18682    0.195251  0.00499058
          66    0.240217    0.195932  0.00496139
          67    0.195387    0.195924  0.00488678
          68    0.194897    0.195909  0.00481441
          69    0.140537    0.195106  0.00481151
          70    0.182704    0.194929  0.00474559
          71    0.180964    0.194733   0.0046824
          72    0.170812      0.1944  0.00462885
          73    0.182649    0.194239  0.00456784
          74    0.212589    0.194487  0.00451251
          75    0.166463    0.194114  0.00446759
          76    0.163192    0.193707  0.00442715
          77    0.215518     0.19399  0.00437845
          78    0.205326    0.194135  0.00432439
          79    0.172423     0.19386  0.00427814
          80    0.228218     0.19429   0.0042461
          81    0.186851    0.194198  0.00419435
          82    0.181597    0.194044  0.00414574
          83    0.205573    0.194183  0.00409784
          84    0.160491    0.193782  0.00406858
          85    0.202411    0.193884  0.00402171
          86    0.170806    0.193615  0.00398372
          87    0.188912    0.193561  0.00393804
          88    0.170925    0.193304  0.00390152
          89    0.196881    0.193344  0.00385764
          90     0.22848    0.193735  0.00383446
          91    0.201223    0.193817  0.00379298
          92    0.144919    0.193285  0.00378899
          93    0.165396    0.192986  0.00376001
          94    0.185896     0.19291  0.00372056
          95    0.147272     0.19243   0.0037124
          96    0.201868    0.192528  0.00367484
          97     0.20552    0.192662  0.00363922
          98    0.255365    0.193302  0.00365828
          99    0.217904     0.19355  0.00362966
         100    0.142403    0.193039   0.0036294
