           1    0.208137    0.208137           0
           2    0.218989    0.213563  0.00542571
           3    0.205466    0.210864  0.00413482
           4    0.201438    0.208507  0.00375527
           5    0.213055    0.209417   0.0030477
           6    0.224712    0.211966  0.00356243
           7    0.236711    0.215501  0.00464337
           8    0.197806    0.213289  0.00458948
           9    0.206632     0.21255  0.00411459
          10    0.219715    0.213266  0.00374931
          11    0.196271    0.211721  0.00372673
          12    0.180636    0.209131  0.00427598
          13    0.223277    0.210219  0.00408108
          14    0.220605    0.210961  0.00385049
          15    0.241993    0.213029  0.00413876
          16    0.185579    0.211314  0.00423457
          17    0.236596    0.212801  0.00424662
          18    0.173255    0.210604  0.00456693
          19     0.21369    0.210766  0.00432293
          20    0.195998    0.210028  0.00416704
          21    0.200312    0.209565  0.00399056
          22    0.210669    0.209616  0.00380518
          23    0.204403    0.209389  0.00364303
          24    0.198797    0.208948  0.00351574
          25    0.204387    0.208765  0.00337711
          26    0.205971    0.208658   0.0032464
          27    0.234433    0.209612  0.00326647
          28    0.232309    0.210423  0.00325035
          29    0.211772    0.210469  0.00313661
          30    0.196855    0.210016  0.00306405
          31    0.201828    0.209752   0.0029753
          32    0.208802    0.209722  0.00288098
          33     0.20389    0.209545   0.0027979
          34    0.187329    0.208892   0.0027919
          35    0.200052    0.208639  0.00272269
          36    0.202789    0.208477  0.00265097
          37    0.197491     0.20818  0.00259536
          38    0.222355    0.208553  0.00255354
          39    0.211696    0.208633  0.00248851
          40    0.189297     0.20815   0.0024732
          41    0.222969    0.208511  0.00243905
          42    0.215832    0.208686  0.00238664
          43    0.204158     0.20858  0.00233286
          44    0.202427    0.208441  0.00228351
          45    0.208463    0.208441  0.00223219
          46    0.216965    0.208626  0.00219097
          47    0.191412     0.20826  0.00217491
          48    0.185781    0.207792  0.00218001
          49     0.18917    0.207412  0.00216862
          50    0.202622    0.207316  0.00212696
          51    0.199632    0.207165  0.00209028
          52    0.228249    0.207571   0.0020894
          53    0.218517    0.207777  0.00205998
          54    0.185636    0.207367  0.00206264
          55    0.211657    0.207445  0.00202629
          56     0.19343    0.207195  0.00200545
          57     0.21898    0.207402  0.00198078
          58    0.209311    0.207435   0.0019466
          59    0.193061    0.207191  0.00192877
          60    0.175112    0.206656  0.00197028
          61    0.197399    0.206505  0.00194365
          62    0.222075    0.206756  0.00192847
          63    0.228813    0.207106  0.00192964
          64    0.191404    0.206861  0.00191503
          65    0.212131    0.206942  0.00188708
          66    0.195512    0.206768  0.00186632
          67    0.225963    0.207055  0.00186044
          68    0.207898    0.207067  0.00183292
          69    0.184977    0.206747  0.00183432
          70    0.204839     0.20672  0.00180813
          71    0.206035     0.20671  0.00178251
          72     0.20602    0.206701   0.0017576
          73     0.21607    0.206829   0.0017381
          74    0.215384    0.206945  0.00171835
          75    0.197817    0.206823  0.00169964
          76    0.167647    0.206307  0.00175456
          77    0.216983    0.206446  0.00173717
          78    0.204687    0.206424   0.0017149
          79    0.204778    0.206403  0.00169318
          80    0.227265    0.206663   0.0016921
          81    0.187354    0.206425  0.00168799
          82    0.194877    0.206284  0.00167322
          83    0.221415    0.206467  0.00166296
          84    0.200526    0.206396  0.00164456
          85    0.210343    0.206442  0.00162576
          86    0.192165    0.206276   0.0016153
          87    0.207767    0.206293  0.00159672
          88    0.206533    0.206296  0.00157847
          89     0.21033    0.206341  0.00156129
          90    0.217452    0.206465  0.00154878
          91    0.213219    0.206539  0.00153346
          92    0.187975    0.206337  0.00153006
          93    0.187816    0.206138  0.00152657
          94    0.197634    0.206048  0.00151295
          95    0.181983    0.205794  0.00151822
          96    0.212276    0.205862  0.00150384
          97    0.208758    0.205892  0.00148855
          98    0.240023     0.20624  0.00151389
          99    0.217557    0.206354  0.00150287
         100    0.179426    0.206085  0.00151194
