           1    -1.17846    -1.17846           0
           2    -1.17775     -1.1781   0.0003576
           3    -1.17936    -1.17852 0.000467284
           4    -1.17954    -1.17878 0.000417375
           5    -1.17955    -1.17893 0.000358568
           6    -1.17773    -1.17873 0.000354607
           7    -1.17771    -1.17859 0.000333169
           8       -1.18    -1.17876 0.000337997
           9      -1.179    -1.17879 0.000299263
          10    -1.17792     -1.1787 0.000281336
          11    -1.17997    -1.17882 0.000279264
          12    -1.18194    -1.17908 0.000364117
          13    -1.17829    -1.17902 0.000340349
          14    -1.17783    -1.17893 0.000326249
          15    -1.17615    -1.17875  0.00035583
          16    -1.18127    -1.17891 0.000368376
          17    -1.17775    -1.17884 0.000352625
          18    -1.18216    -1.17902 0.000380244
          19    -1.17901    -1.17902 0.000359675
          20    -1.18114    -1.17913 0.000357305
          21    -1.18011    -1.17918 0.000343073
          22    -1.17784    -1.17911 0.000332649
          23    -1.17928    -1.17912 0.000317942
          24    -1.17973    -1.17915 0.000305449
          25    -1.18001    -1.17918 0.000294989
          26    -1.17943    -1.17919 0.000283577
          27    -1.17715    -1.17912 0.000283114
          28    -1.17802    -1.17908 0.000275624
          29    -1.17812    -1.17904 0.000268004
          30     -1.1801    -1.17908  0.00026132
          31    -1.17949    -1.17909 0.000253097
          32    -1.17856    -1.17908 0.000245614
          33    -1.17916    -1.17908 0.000238071
          34    -1.18097    -1.17913  0.00023759
          35    -1.18004    -1.17916 0.000232148
          36    -1.18029    -1.17919 0.000227777
          37    -1.18019    -1.17922 0.000223162
          38    -1.17798    -1.17919 0.000219659
          39    -1.18019    -1.17921 0.000215509
          40    -1.18082    -1.17925 0.000213861
          41    -1.17856    -1.17923 0.000209263
          42     -1.1787    -1.17922 0.000204613
          43    -1.17856    -1.17921 0.000200391
          44    -1.17997    -1.17922 0.000196561
          45    -1.17905    -1.17922 0.000192183
          46    -1.17745    -1.17918 0.000191872
          47    -1.18117    -1.17922  0.00019246
          48    -1.18151    -1.17927 0.000194341
          49    -1.18069     -1.1793  0.00019251
          50    -1.17975    -1.17931 0.000188835
          51    -1.17914    -1.17931 0.000185124
          52    -1.17724    -1.17927 0.000185836
          53     -1.1775    -1.17923 0.000185314
          54    -1.18054    -1.17926 0.000183454
          55    -1.17807    -1.17924 0.000181372
          56    -1.17994    -1.17925 0.000178551
          57    -1.17823    -1.17923 0.000176294
          58    -1.17981    -1.17924 0.000173514
          59    -1.18046    -1.17926 0.000171806
          60     -1.1819     -1.1793  0.00017455
          61    -1.17979    -1.17931 0.000171848
          62    -1.17931    -1.17931 0.000169053
          63     -1.1778    -1.17929 0.000168076
          64     -1.1805    -1.17931 0.000166511
          65    -1.17888     -1.1793 0.000164061
          66    -1.17957    -1.17931 0.000161609
          67    -1.17866     -1.1793 0.000159465
          68    -1.17946     -1.1793 0.000157121
          69    -1.18156    -1.17933 0.000158271
          70    -1.17994    -1.17934 0.000156235
          71    -1.17924    -1.17934 0.000154026
          72    -1.17904    -1.17933 0.000151926
          73    -1.17809    -1.17932 0.000150792
          74    -1.17844    -1.17931 0.000149211
          75    -1.17999    -1.17931 0.000147488
          76    -1.18277    -1.17936 0.000152474
          77    -1.17824    -1.17935  0.00015118
          78    -1.17904    -1.17934  0.00014928
          79    -1.17985    -1.17935  0.00014752
          80    -1.17794    -1.17933 0.000146719
          81    -1.18087    -1.17935 0.000146135
          82    -1.17994    -1.17936 0.000144523
          83    -1.17783    -1.17934 0.000143946
          84    -1.18003    -1.17935 0.000142459
          85    -1.17925    -1.17935 0.000140778
          86    -1.18078    -1.17936 0.000140127
          87    -1.17936    -1.17936 0.000138507
          88    -1.17919    -1.17936 0.000136938
          89    -1.17824    -1.17935 0.000135979
          90    -1.17909    -1.17934 0.000134489
          91    -1.17852    -1.17934 0.000133312
          92    -1.18091    -1.17935 0.000132957
          93    -1.18012    -1.17936 0.000131782
          94    -1.18035    -1.17937 0.000130799
          95     -1.1814    -1.17939 0.000131172
          96    -1.17829    -1.17938 0.000130309
          97    -1.17959    -1.17938 0.000128976
          98    -1.17709    -1.17936 0.000129776
          99    -1.17817    -1.17935 0.000129024
         100    -1.18135    -1.17937 0.000129294
