           1    0.979988    0.979988           0
           2    0.978612      0.9793    0.000688
           3    0.980888    0.979829 0.000661797
           4    0.981916    0.980351 0.000700802
           5    0.980248     0.98033  0.00054323
           6    0.978664    0.980053 0.000523324
           7    0.978172    0.979784 0.000517496
           8     0.98174    0.980029 0.000510521
           9    0.981332    0.980173 0.000472959
          10     0.97894     0.98005  0.00044064
          11    0.982324    0.980257 0.000448996
          12    0.983852    0.980556 0.000507702
          13    0.979584    0.980482 0.000472969
          14    0.978092    0.980311 0.000469973
          15    0.976804    0.980077 0.000496068
          16    0.983728    0.980305 0.000517098
          17     0.97628    0.980068 0.000540368
          18      0.9842    0.980298 0.000558781
          19    0.979632    0.980263 0.000529715
          20    0.982472    0.980373 0.000514527
          21    0.981396    0.980422  0.00049183
          22    0.979904    0.980399 0.000469532
          23    0.981096    0.980429 0.000449677
          24    0.980836    0.980446 0.000430867
          25    0.981716    0.980497 0.000416384
          26    0.980748    0.980506 0.000400166
          27    0.977048    0.980378 0.000405804
          28    0.979084    0.980332 0.000393765
          29     0.97922    0.980294 0.000381874
          30     0.98164    0.980339 0.000371645
          31    0.980568    0.980346 0.000359533
          32      0.9797    0.980326 0.000348701
          33    0.980064    0.980318 0.000338062
          34    0.983704    0.980417 0.000342757
          35    0.982756    0.980484 0.000339461
          36    0.981724    0.980519 0.000331689
          37    0.982052     0.98056 0.000325251
          38    0.979916    0.980543 0.000317029
          39    0.981088    0.980557 0.000309109
          40    0.982092    0.980596 0.000303716
          41    0.978912    0.980554 0.000299048
          42    0.979708    0.980534 0.000292536
          43    0.980316    0.980529 0.000285697
          44    0.982232    0.980568 0.000281799
          45      0.9812    0.980582 0.000275823
          46    0.978632     0.98054 0.000273071
          47    0.982656    0.980585 0.000270965
          48    0.983356    0.980642 0.000271471
          49    0.982708    0.980684 0.000269195
          50    0.981112    0.980693 0.000263894
          51    0.980272    0.980685   0.0002588
          52    0.978028    0.980634 0.000258866
          53    0.978624    0.980596  0.00025675
          54      0.9829    0.980638 0.000255539
          55     0.97904    0.980609 0.000252528
          56    0.981636    0.980628 0.000248654
          57     0.97796    0.980581 0.000248696
          58    0.981436    0.980596 0.000244815
          59    0.982564    0.980629 0.000242931
          60     0.98434    0.980691 0.000246726
          61     0.98142    0.980703 0.000242942
          62    0.979292     0.98068 0.000240072
          63    0.978032    0.980638 0.000239941
          64    0.981788    0.980656 0.000236845
          65     0.98092     0.98066 0.000233208
          66    0.979304     0.98064 0.000230565
          67    0.980764    0.980641 0.000227105
          68     0.98102    0.980647  0.00022381
          69     0.98402    0.980696 0.000225895
          70    0.981852    0.980712 0.000223257
          71    0.980952    0.980716 0.000220115
          72    0.981264    0.980723  0.00021717
          73    0.979824    0.980711 0.000214529
          74    0.979724    0.980698  0.00021203
          75    0.981812    0.980713 0.000209711
          76    0.984132    0.980758 0.000211768
          77    0.979408     0.98074 0.000209733
          78    0.980004    0.980731 0.000207242
          79    0.981744    0.980743 0.000205003
          80    0.979116    0.980723 0.000203444
          81     0.98198    0.980739 0.000201515
          82    0.981512    0.980748 0.000199266
          83    0.979164    0.980729 0.000197773
          84      0.9823    0.980748 0.000196298
          85    0.980404    0.980744 0.000194017
          86    0.982416    0.980763 0.000192731
          87    0.980824    0.980764 0.000190504
          88    0.981388    0.980771  0.00018846
          89    0.979616    0.980758 0.000186782
          90     0.97998    0.980749 0.000184897
          91    0.979596    0.980737 0.000183293
          92    0.983336    0.980765 0.000183478
          93    0.982184     0.98078 0.000182135
          94    0.982044    0.980793 0.000180688
          95     0.98366    0.980824 0.000181304
          96    0.979712    0.980812 0.000179779
          97    0.980692    0.980811  0.00017792
          98     0.97742    0.980776 0.000179463
          99    0.979068    0.980759 0.000178477
         100    0.983572    0.980787 0.000178908
