           1    0.424928    0.424928           0
           2    0.419312     0.42212    0.002808
           3    0.425488    0.423243  0.00197197
           4    0.418212    0.421985  0.00187778
           5    0.427084    0.423005  0.00177641
           6    0.432316    0.424557  0.00212416
           7      0.4243     0.42452  0.00179561
           8    0.431472    0.425389  0.00178139
           9    0.423204    0.425146  0.00158968
          10    0.420216    0.424653  0.00150491
          11    0.428776    0.425028  0.00141189
          12    0.421756    0.424755   0.0013174
          13    0.423684    0.424673  0.00121463
          14    0.435028    0.425413  0.00134598
          15    0.432116    0.425859  0.00133034
          16    0.427352    0.425953  0.00124791
          17     0.41704    0.425428  0.00128411
          18    0.414356    0.424813  0.00135799
          19      0.4307    0.425123  0.00132136
          20    0.424576    0.425096  0.00125385
          21    0.428608    0.425263  0.00120432
          22    0.422952    0.425158  0.00115307
          23     0.42956    0.425349   0.0011183
          24    0.428364    0.425475  0.00107803
          25      0.4271     0.42554  0.00103605
          26    0.426592     0.42558 0.000996228
          27    0.417956    0.425298 0.000999348
          28     0.42436    0.425265 0.000963578
          29    0.440036    0.425774  0.00106014
          30    0.424792    0.425741  0.00102472
          31    0.421684     0.42561 0.000999713
          32    0.418908    0.425401 0.000990369
          33    0.426116    0.425423 0.000960133
          34    0.419236    0.425241 0.000949072
          35    0.429952    0.425375 0.000931336
          36    0.429772    0.425497 0.000913299
          37    0.426852    0.425534 0.000889027
          38    0.420008    0.425389 0.000877449
          39    0.411596    0.425035 0.000924936
          40    0.420356    0.424918 0.000909073
          41    0.424168      0.4249 0.000886811
          42    0.426708    0.424943  0.00086651
          43    0.427212    0.424995 0.000847763
          44    0.433584    0.425191 0.000850961
          45    0.422268    0.425126 0.000834367
          46    0.424112    0.425104 0.000816325
          47    0.422616    0.425051 0.000800519
          48    0.433968    0.425237 0.000805383
          49    0.424008    0.425211 0.000789174
          50     0.43348    0.425377 0.000790716
          51    0.422764    0.425326 0.000776748
          52     0.43344    0.425482 0.000777485
          53    0.426204    0.425495 0.000762796
          54    0.422116    0.425433 0.000751148
          55    0.428828    0.425494 0.000739944
          56    0.437352    0.425706 0.000756834
          57     0.41962    0.425599 0.000751066
          58    0.425912    0.425605 0.000738023
          59    0.425084    0.425596  0.00072546
          60    0.419768    0.425499  0.00071985
          61     0.43116    0.425592 0.000714008
          62    0.440936    0.425839 0.000744724
          63    0.423676    0.425805 0.000733611
          64    0.424592    0.425786 0.000722306
          65     0.42794    0.425819 0.000711879
          66    0.430252    0.425886  0.00070422
          67    0.427056    0.425904  0.00069385
          68    0.425508    0.425898 0.000683595
          69    0.416492    0.425761 0.000687269
          70    0.420728     0.42569 0.000681185
          71    0.419612    0.425604 0.000676956
          72    0.434736    0.425731 0.000679432
          73     0.43274    0.425827 0.000676904
          74    0.422528    0.425782 0.000669181
          75    0.433604    0.425887 0.000668384
          76    0.422892    0.425847 0.000660707
          77    0.431032    0.425914 0.000655538
          78    0.433692    0.426014 0.000654716
          79      0.4162     0.42589 0.000658205
          80      0.4314    0.425959 0.000653565
          81    0.425424    0.425952  0.00064548
          82     0.42878    0.425987 0.000638492
          83    0.423736     0.42596 0.000631335
          84    0.430636    0.426015 0.000626253
          85    0.423912     0.42599 0.000619336
          86     0.43222    0.426063 0.000616363
          87     0.42386    0.426038 0.000609763
          88    0.422448    0.425997 0.000604173
          89     0.42628       0.426 0.000597354
          90    0.430448    0.426049 0.000592744
          91    0.418624    0.425968 0.000591846
          92    0.413416    0.425831 0.000601066
          93    0.417436    0.425741 0.000601382
          94    0.421736    0.425699 0.000596474
          95    0.429292    0.425736 0.000591373
          96    0.416912    0.425644 0.000592355
          97    0.432836    0.425719 0.000590887
          98    0.433072    0.425794  0.00058962
          99     0.42002    0.425735  0.00058654
         100    0.423528    0.425713 0.000581065
