           1   -0.707154   -0.707154           0
           2   -0.701214   -0.704184   0.0029696
           3    -0.70573   -0.704699  0.00179023
           4   -0.698162   -0.703065  0.00206714
           5   -0.703393   -0.703131  0.00160254
           6   -0.711615   -0.704545   0.0019266
           7   -0.710004   -0.705325  0.00180542
           8    -0.70875   -0.705753  0.00162112
           9   -0.706441   -0.705829  0.00143174
          10   -0.702339    -0.70548  0.00132729
          11   -0.705827   -0.705512  0.00120099
          12   -0.703823   -0.705371  0.00110534
          13   -0.705705   -0.705397  0.00101709
          14   -0.710438   -0.705757  0.00100814
          15   -0.706767   -0.705824 0.000940939
          16   -0.705966   -0.705833 0.000880213
          17   -0.703048   -0.705669  0.00084289
          18   -0.700815     -0.7054 0.000839192
          19   -0.707028   -0.705485  0.00079841
          20   -0.704427   -0.705432 0.000759284
          21   -0.707978   -0.705554 0.000732322
          22   -0.706622   -0.705602  0.00069993
          23   -0.708536    -0.70573 0.000680862
          24   -0.706881   -0.705778 0.000653638
          25   -0.708668   -0.705893 0.000637518
          26   -0.703414   -0.705798 0.000619883
          27   -0.703343   -0.705707 0.000603372
          28   -0.707192    -0.70576 0.000583838
          29   -0.710695    -0.70593 0.000588489
          30   -0.706438   -0.705947 0.000568786
          31   -0.703209   -0.705859 0.000557179
          32    -0.70427   -0.705809 0.000541768
          33   -0.707975   -0.705875  0.00052918
          34   -0.700999   -0.705731 0.000533032
          35   -0.708062   -0.705798 0.000521846
          36    -0.70637   -0.705814 0.000507392
          37   -0.707442   -0.705858 0.000495447
          38   -0.701802   -0.705751 0.000493906
          39   -0.698927   -0.705576 0.000511907
          40   -0.703183   -0.705516 0.000502519
          41   -0.705554   -0.705517  0.00049011
          42   -0.707534   -0.705565 0.000480702
          43   -0.709018   -0.705646 0.000476209
          44   -0.708773   -0.705717 0.000470658
          45    -0.70359   -0.705669 0.000462502
          46   -0.706158    -0.70568  0.00045246
          47   -0.702075   -0.705603 0.000449324
          48   -0.711426   -0.705725 0.000456281
          49   -0.704226   -0.705694 0.000447918
          50   -0.709936   -0.705779 0.000446994
          51   -0.704209   -0.705748 0.000439222
          52   -0.707848   -0.705788 0.000432581
          53   -0.707145   -0.705814 0.000425112
          54   -0.703455    -0.70577 0.000419446
          55   -0.706054   -0.705776 0.000411781
          56   -0.711406   -0.705876 0.000416675
          57    -0.70406   -0.705844 0.000410538
          58   -0.703102   -0.705797 0.000406158
          59   -0.702489   -0.705741 0.000403133
          60    -0.70109   -0.705663 0.000403867
          61   -0.709096    -0.70572 0.000401158
          62   -0.713475   -0.705845 0.000413985
          63   -0.704951   -0.705831 0.000407608
          64   -0.704766   -0.705814 0.000401533
          65   -0.707764   -0.705844 0.000396444
          66   -0.704794   -0.705828 0.000390715
          67   -0.704083   -0.705802 0.000385719
          68   -0.705806   -0.705802 0.000380005
          69   -0.703498   -0.705769 0.000375942
          70   -0.702722   -0.705725 0.000373081
          71   -0.702994   -0.705687 0.000369794
          72   -0.708907   -0.705731 0.000367355
          73   -0.710124   -0.705792 0.000367251
          74   -0.701906   -0.705739 0.000366041
          75   -0.709081   -0.705784 0.000363865
          76   -0.704826   -0.705771 0.000359267
          77   -0.707222    -0.70579 0.000355071
          78    -0.71185   -0.705868 0.000358998
          79   -0.700384   -0.705798 0.000361158
          80   -0.705576   -0.705795 0.000356626
          81   -0.706565   -0.705805 0.000352323
          82   -0.705972   -0.705807 0.000348006
          83   -0.704259   -0.705788 0.000344293
          84   -0.705983   -0.705791 0.000340178
          85   -0.706254   -0.705796 0.000336196
          86   -0.707676   -0.705818 0.000332982
          87   -0.706052   -0.705821 0.000329144
          88    -0.70205   -0.705778 0.000328191
          89   -0.705672   -0.705777 0.000324485
          90   -0.706714   -0.705787 0.000321028
          91   -0.701989   -0.705745 0.000320213
          92   -0.701427   -0.705698 0.000320172
          93   -0.701031   -0.705648 0.000320662
          94   -0.701155     -0.7056 0.000320813
          95    -0.70653    -0.70561 0.000317569
          96    -0.69955   -0.705547  0.00032052
          97   -0.706799    -0.70556 0.000317461
          98   -0.709678   -0.705602 0.000317003
          99   -0.706412    -0.70561 0.000313891
         100   -0.706434   -0.705618 0.000310846
