           1    0.464759    0.464759           0
           2    0.480712    0.472735  0.00797632
           3    0.455405    0.466959   0.0073877
           4    0.454102    0.463745  0.00613344
           5    0.481287    0.467253  0.00590595
           6    0.463374    0.466606  0.00486534
           7    0.467708    0.466764  0.00411498
           8    0.468522    0.466984  0.00357044
           9    0.487789    0.469295  0.00390632
          10    0.475524    0.469918  0.00354901
          11     0.48169    0.470988  0.00338387
          12     0.47489    0.471314   0.0031061
          13    0.473083     0.47145  0.00286044
          14    0.495603    0.473175  0.00316064
          15    0.476213    0.473377  0.00294936
          16    0.460476    0.472571   0.0028743
          17    0.461079    0.471895  0.00278328
          18     0.46402    0.471458  0.00266033
          19    0.480449    0.471931  0.00256053
          20    0.471777    0.471923  0.00242914
          21    0.484613    0.472527  0.00238828
          22    0.485658    0.473124  0.00235406
          23    0.476622    0.473276  0.00225452
          24    0.466542    0.472996   0.0021767
          25    0.477767    0.473187  0.00209652
          26    0.472082    0.473144  0.00201472
          27    0.468723     0.47298  0.00194557
          28     0.47874    0.473186  0.00188605
          29    0.483722    0.473549  0.00185576
          30    0.484132    0.473902   0.0018272
          31     0.46611    0.473651  0.00178507
          32    0.468074    0.473476  0.00173715
          33     0.47903    0.473645  0.00169207
          34    0.477383    0.473755  0.00164523
          35     0.48775    0.474155  0.00164681
          36     0.47365    0.474141  0.00160048
          37    0.456438    0.473662  0.00162849
          38    0.470726    0.473585  0.00158693
          39    0.466999    0.473416  0.00155491
          40    0.483005    0.473656  0.00153438
          41    0.468867    0.473539  0.00150104
          42    0.465725    0.473353  0.00147663
          43     0.47568    0.473407  0.00144289
          44    0.474848     0.47344   0.0014101
          45    0.457697     0.47309  0.00142211
          46     0.47167    0.473059  0.00139119
          47    0.480158     0.47321  0.00136962
          48    0.486384    0.473484  0.00136859
          49    0.475661    0.473529   0.0013411
          50    0.465245    0.473363  0.00132441
          51    0.481372     0.47352  0.00130764
          52    0.486198    0.473764  0.00130522
          53     0.48075    0.473896  0.00128713
          54    0.473706    0.473892  0.00126307
          55    0.477922    0.473966  0.00124205
          56     0.48223    0.474113  0.00122857
          57    0.453427     0.47375  0.00126021
          58    0.479342    0.473847  0.00124204
          59    0.466677    0.473725  0.00122684
          60    0.477309    0.473785   0.0012077
          61    0.468924    0.473705   0.0011904
          62    0.488735    0.473948  0.00119587
          63    0.466256    0.473826  0.00118305
          64    0.475045    0.473845  0.00116458
          65     0.48485    0.474014  0.00115896
          66     0.48707    0.474212  0.00115828
          67    0.455272    0.473929  0.00117536
          68    0.474262    0.473934  0.00115796
          69    0.475158    0.473952  0.00114119
          70    0.481808    0.474064  0.00113035
          71    0.485235    0.474221  0.00112537
          72    0.465973    0.474107  0.00111553
          73    0.487237    0.474287  0.00111475
          74    0.471044    0.474243  0.00110045
          75    0.484975    0.474386  0.00109507
          76     0.46296    0.474236  0.00109098
          77    0.484964    0.474375  0.00108569
          78    0.478843    0.474432  0.00107321
          79    0.463105    0.474289   0.0010692
          80    0.479225     0.47435  0.00105755
          81    0.473482     0.47434  0.00104447
          82    0.474384     0.47434  0.00103165
          83    0.474141    0.474338  0.00101915
          84    0.482591    0.474436  0.00101172
          85     0.49353    0.474661  0.00102468
          86    0.461081    0.474503  0.00102493
          87    0.448893    0.474208  0.00105498
          88     0.45653    0.474008  0.00106209
          89    0.477579    0.474048  0.00105086
          90    0.482901    0.474146  0.00104376
          91    0.477086    0.474178  0.00103273
          92    0.472695    0.474162  0.00102157
          93    0.495508    0.474392  0.00103627
          94    0.487248    0.474529  0.00103427
          95     0.45998    0.474375  0.00103472
          96    0.461807    0.474244  0.00103222
          97    0.472088    0.474222  0.00102176
          98     0.47007     0.47418  0.00101217
          99    0.484239    0.474281  0.00100704
         100    0.475571    0.474294 0.000996997
