           1     1.71472     1.71472           0
           2     1.76022     1.73747   0.0227531
           3     1.72075      1.7319   0.0142695
           4     1.68127     1.71924   0.0161865
           5     1.75591     1.72657   0.0145259
           6     1.72392     1.72613   0.0118686
           7     1.85907     1.74512   0.0214771
           8     1.68206     1.73724   0.0202011
           9     1.82277     1.74674   0.0201919
          10     1.74167     1.74624   0.0180673
          11     1.75549     1.74708   0.0163642
          12     1.82002     1.75316   0.0161277
          13     1.71301     1.75007   0.0151534
          14     1.77735     1.75202    0.014164
          15     1.75875     1.75247   0.0131937
          16     1.65832     1.74658   0.0136724
          17     1.77549     1.74828   0.0129551
          18     1.67341     1.74412    0.012903
          19     1.79672     1.74689    0.012515
          20     1.78141     1.74862   0.0119976
          21     1.77357     1.74981   0.0114737
          22     1.80987     1.75254   0.0112753
          23     1.77861     1.75367   0.0108333
          24     1.76746     1.75424    0.010388
          25     1.75087     1.75411  0.00996476
          26     1.74402     1.75372  0.00958169
          27      1.7034     1.75186  0.00940646
          28     1.82777     1.75457  0.00946111
          29     1.75097     1.75444  0.00912988
          30     1.74249     1.75405   0.0088293
          31     1.72238     1.75302  0.00860063
          32     1.79896     1.75446  0.00845035
          33     1.76623     1.75482  0.00819803
          34     1.76418     1.75509  0.00795803
          35     1.80827     1.75661  0.00787529
          36     1.67542     1.75436  0.00797876
          37     1.69092     1.75264  0.00794724
          38     1.76717     1.75302  0.00774472
          39     1.78061     1.75373  0.00757661
          40     1.81668      1.7553  0.00755057
          41     1.69313     1.75379  0.00751864
          42     1.71743     1.75292  0.00738832
          43      1.7244     1.75226  0.00724488
          44     1.73801     1.75194  0.00708572
          45     1.68833     1.75052  0.00706922
          46      1.7705     1.75096  0.00692746
          47     1.74431     1.75081  0.00677994
          48     1.72827     1.75035  0.00665378
          49     1.72845      1.7499  0.00653187
          50     1.64972     1.74789  0.00670622
          51      1.8489     1.74988  0.00686528
          52      1.7492     1.74986  0.00673198
          53     1.79355     1.75069  0.00665497
          54      1.8149     1.75188  0.00663794
          55     1.68018     1.75057  0.00664524
          56     1.76121     1.75076  0.00652826
          57     1.69369     1.74976  0.00649039
          58     1.74053      1.7496  0.00637949
          59      1.7128     1.74898  0.00630138
          60     1.75464     1.74907  0.00619619
          61     1.70418     1.74834  0.00613804
          62     1.75097     1.74838  0.00603837
          63     1.77091     1.74874  0.00595251
          64     1.71619     1.74823  0.00588079
          65     1.84509     1.74972  0.00597831
          66     1.71307     1.74916  0.00591316
          67      1.6342     1.74745  0.00607172
          68     1.75524     1.74756  0.00598286
          69     1.81509     1.74854  0.00597619
          70     1.76891     1.74883  0.00589738
          71     1.79419     1.74947  0.00584872
          72     1.70302     1.74882  0.00580289
          73     1.81714     1.74976  0.00579886
          74     1.69018     1.74896  0.00577635
          75     1.71139     1.74845  0.00572079
          76     1.78325     1.74891  0.00566354
          77     1.74622     1.74888  0.00558962
          78     1.69949     1.74824   0.0055537
          79     1.77214     1.74855  0.00549128
          80     1.73035     1.74832  0.00542698
          81     1.73367     1.74814  0.00536261
          82     1.71832     1.74777  0.00530928
          83     1.74656     1.74776  0.00524494
          84     1.79028     1.74827  0.00520679
          85     1.86013     1.74958  0.00531081
          86     1.66413     1.74859  0.00534193
          87     1.74965      1.7486  0.00528018
          88      1.6903     1.74794  0.00526171
          89      1.7059     1.74747  0.00522365
          90     1.74266     1.74741  0.00516556
          91     1.79608     1.74795   0.0051364
          92     1.83646     1.74891  0.00517057
          93     1.81032     1.74957  0.00515711
          94     1.77788     1.74987  0.00511084
          95     1.72284     1.74959  0.00506475
          96     1.68316     1.74889  0.00505926
          97     1.75643     1.74897  0.00500743
          98     1.69809     1.74845   0.0049832
          99     1.81991     1.74917  0.00498514
         100     1.79072     1.74959  0.00495249
