           1    -1.18838    -1.18838           0
           2    -1.18886    -1.18862   0.0002388
           3    -1.18686    -1.18803 0.000603558
           4    -1.18691    -1.18775 0.000510652
           5    -1.18739    -1.18768 0.000402149
           6    -1.18909    -1.18791 0.000404148
           7    -1.18837    -1.18798 0.000347696
           8    -1.18913    -1.18812 0.000333793
           9    -1.18595    -1.18788 0.000380636
          10    -1.18718    -1.18781 0.000347622
          11    -1.18839    -1.18786 0.000318728
          12    -1.18787    -1.18786 0.000290957
          13     -1.1894    -1.18798 0.000292392
          14    -1.18816    -1.18799 0.000270992
          15    -1.18724    -1.18794 0.000257293
          16    -1.18689    -1.18788 0.000249461
          17     -1.1873    -1.18784 0.000236781
          18      -1.187     -1.1878 0.000228174
          19    -1.18878    -1.18785 0.000221978
          20    -1.18837    -1.18788 0.000212197
          21    -1.18795    -1.18788 0.000201872
          22    -1.18755    -1.18786 0.000193074
          23    -1.18725    -1.18784 0.000186407
          24    -1.18794    -1.18784  0.00017852
          25    -1.18887    -1.18788 0.000176077
          26    -1.18667    -1.18784 0.000175443
          27    -1.18941    -1.18789 0.000178636
          28    -1.18767    -1.18789 0.000172329
          29    -1.18732    -1.18787 0.000167426
          30    -1.18606    -1.18781 0.000172541
          31     -1.1884    -1.18783 0.000167962
          32    -1.18629    -1.18778 0.000169544
          33    -1.18872    -1.18781 0.000166763
          34    -1.18737    -1.18779 0.000162296
          35    -1.18881    -1.18782 0.000160265
          36    -1.18748    -1.18781 0.000156034
          37     -1.1878    -1.18781 0.000151759
          38    -1.18922    -1.18785 0.000152264
          39     -1.1892    -1.18788 0.000152269
          40    -1.18851     -1.1879 0.000149246
          41    -1.18926    -1.18793  0.00014928
          42    -1.18878    -1.18795 0.000147077
          43    -1.18867    -1.18797 0.000144575
          44    -1.18866    -1.18799 0.000142114
          45    -1.18729    -1.18797 0.000139774
          46    -1.18741    -1.18796 0.000137238
          47    -1.18865    -1.18797 0.000135084
          48    -1.18816    -1.18798 0.000132296
          49    -1.18919      -1.188 0.000131907
          50    -1.18736    -1.18799 0.000129876
          51    -1.18903    -1.18801 0.000128926
          52    -1.18803    -1.18801 0.000126423
          53    -1.18703    -1.18799 0.000125373
          54    -1.18828      -1.188 0.000123144
          55    -1.18874    -1.18801 0.000121631
          56    -1.18605    -1.18797 0.000124449
          57    -1.18959      -1.188 0.000125484
          58    -1.19054    -1.18805 0.000130828
          59    -1.18708    -1.18803 0.000129639
          60    -1.18946    -1.18805 0.000129676
          61    -1.18621    -1.18802 0.000131077
          62     -1.1852    -1.18798 0.000136743
          63     -1.1888    -1.18799 0.000135181
          64    -1.18785    -1.18799 0.000133071
          65    -1.19031    -1.18802 0.000135773
          66    -1.18802    -1.18802   0.0001337
          67    -1.18891    -1.18804 0.000132351
          68    -1.18778    -1.18803 0.000130444
          69    -1.18856    -1.18804 0.000128765
          70    -1.18853    -1.18805 0.000127108
          71    -1.18766    -1.18804 0.000125425
          72    -1.18921    -1.18806 0.000124722
          73     -1.1893    -1.18808 0.000124174
          74    -1.18766    -1.18807 0.000122613
          75    -1.18888    -1.18808  0.00012145
          76    -1.18734    -1.18807 0.000120236
          77      -1.187    -1.18806 0.000119475
          78     -1.1881    -1.18806 0.000117935
          79    -1.18757    -1.18805 0.000116598
          80    -1.18851    -1.18806 0.000115272
          81    -1.18872    -1.18807 0.000114133
          82    -1.19014    -1.18809 0.000115533
          83    -1.18858     -1.1881 0.000114281
          84    -1.18658    -1.18808 0.000114352
          85     -1.1871    -1.18807 0.000113581
          86    -1.18868    -1.18807 0.000112476
          87    -1.18513    -1.18804 0.000116199
          88    -1.18837    -1.18804 0.000114931
          89    -1.18831    -1.18805 0.000113671
          90     -1.1873    -1.18804 0.000112705
          91    -1.18779    -1.18804 0.000111492
          92    -1.18605    -1.18801 0.000112362
          93    -1.18845    -1.18802 0.000111245
          94    -1.18773    -1.18802 0.000110097
          95     -1.1878    -1.18801 0.000108955
          96    -1.18559    -1.18799 0.000110742
          97    -1.18846    -1.18799 0.000109702
          98    -1.18716    -1.18799 0.000108912
          99    -1.18865    -1.18799 0.000108015
         100    -1.18697    -1.18798 0.000107414
