           1   0.0977354   0.0977354           0
           2   0.0931582   0.0954468  0.00228859
           3    0.135034    0.108643   0.0132617
           4     0.14985    0.118944   0.0139307
           5    0.106089    0.116373   0.0110928
           6    0.138229    0.120016  0.00976225
           7    0.100845    0.117277  0.00869328
           8   0.0892423    0.113773  0.00830424
           9    0.163347    0.119281  0.00916384
          10   0.0957477    0.116928  0.00852754
          11   0.0918244    0.114646  0.00804397
          12    0.109303      0.1142  0.00735659
          13    0.081176     0.11166  0.00722819
          14    0.100747    0.110881  0.00673725
          15     0.11328    0.111041  0.00627407
          16    0.114419    0.111252  0.00587266
          17    0.140203    0.112955  0.00577329
          18    0.134204    0.114135  0.00556966
          19   0.0794787    0.112311   0.0055752
          20    0.099004    0.111646  0.00533078
          21    0.100032    0.111093  0.00510066
          22     0.10481    0.110807  0.00487167
          23    0.128108    0.111559  0.00471542
          24    0.115136    0.111708  0.00451713
          25    0.131673    0.112507  0.00440566
          26    0.146425    0.113812  0.00442929
          27    0.105171    0.113492  0.00427408
          28   0.0898021    0.112645  0.00420461
          29    0.115271    0.112736  0.00405804
          30    0.130231    0.113319  0.00396358
          31    0.106703    0.113106  0.00383952
          32    0.142289    0.114018  0.00382783
          33   0.0896073    0.113278  0.00378304
          34    0.116526    0.113374  0.00367133
          35    0.107021    0.113192  0.00356951
          36    0.106853    0.113016  0.00347341
          37    0.100581     0.11268   0.0033949
          38   0.0665421    0.111466  0.00352036
          39    0.112417     0.11149    0.003429
          40   0.0868248    0.110874  0.00339858
          41    0.069234    0.109858  0.00346675
          42   0.0956984    0.109521  0.00339996
          43   0.0924034    0.109123  0.00334373
          44    0.086957    0.108619  0.00330546
          45    0.153898    0.109625  0.00338421
          46    0.137622    0.110234  0.00336532
          47    0.112072    0.110273  0.00329317
          48     0.10504    0.110164  0.00322568
          49   0.0938114     0.10983  0.00317674
          50    0.127287    0.110179  0.00313208
          51   0.0743431    0.109477  0.00314944
          52    0.096731    0.109231  0.00309799
          53    0.144522    0.109897  0.00311106
          54   0.0919379    0.109565  0.00307097
          55     0.10059    0.109402  0.00301903
          56    0.145716     0.11005  0.00303472
          57    0.067194    0.109298  0.00307436
          58   0.0682129     0.10859  0.00310283
          59    0.135617    0.109048    0.003084
          60   0.0851879     0.10865  0.00305813
          61    0.133528    0.109058   0.0030351
          62    0.199009    0.110509  0.00331957
          63    0.088079    0.110153   0.0032858
          64   0.0966768    0.109942   0.0032409
          65   0.0735023    0.109382  0.00323953
          66   0.0977879    0.109206   0.0031949
          67   0.0813872    0.108791  0.00317413
          68    0.103632    0.108715  0.00312802
          69     0.11749    0.108842  0.00308498
          70   0.0927258    0.108612  0.00304929
          71    0.108057    0.108604  0.00300605
          72   0.0857261    0.108286  0.00298099
          73   0.0719607    0.107789  0.00298168
          74    0.119815    0.107951   0.0029456
          75   0.0844951    0.107638  0.00292284
          76   0.0792408    0.107265  0.00290823
          77    0.120895    0.107442  0.00287567
          78   0.0933986    0.107262  0.00284426
          79   0.0940166    0.107094  0.00281303
          80    0.114476    0.107186  0.00277918
          81    0.110947    0.107233  0.00274504
          82   0.0588591    0.106643  0.00277479
          83   0.0874692    0.106412  0.00275088
          84     0.13027    0.106696  0.00273273
          85    0.121926    0.106875  0.00270633
          86    0.093782    0.106723    0.002679
          87    0.149495    0.107214  0.00269328
          88   0.0982949    0.107113  0.00266443
          89    0.119079    0.107248  0.00263775
          90    0.108327     0.10726  0.00260831
          91    0.130932     0.10752  0.00259257
          92    0.128504    0.107748  0.00257436
          93   0.0870327    0.107525  0.00255625
          94     0.11205    0.107573  0.00252937
          95    0.103388    0.107529  0.00250299
          96    0.170775    0.108188   0.0025629
          97    0.107994    0.108186  0.00253634
          98   0.0952644    0.108054  0.00251379
          99   0.0889444    0.107861  0.00249574
         100    0.127306    0.108056   0.0024783
