           1    0.989984    0.989984           0
           2    0.990252    0.990118    0.000134
           3    0.987884    0.989373 0.000748675
           4    0.987512    0.988908 0.000704835
           5    0.988784    0.988883 0.000546526
           6    0.989624    0.989007 0.000463002
           7    0.989768    0.989115 0.000406142
           8      0.9905    0.989288 0.000392004
           9     0.98612    0.988936 0.000493419
          10     0.98902    0.988945 0.000441406
          11    0.990208     0.98906 0.000415453
          12    0.989184     0.98907 0.000379397
          13    0.991016     0.98922 0.000379743
          14    0.989468    0.989237 0.000352021
          15    0.988504    0.989189 0.000331341
          16    0.988192    0.989126 0.000316137
          17    0.987864    0.989052 0.000306101
          18    0.987776    0.988981 0.000297174
          19    0.990676     0.98907 0.000294913
          20    0.989616    0.989098 0.000281106
          21     0.98952    0.989118 0.000268141
          22    0.989088    0.989116 0.000255666
          23    0.988052     0.98907 0.000248642
          24    0.989044    0.989069 0.000238059
          25    0.988976    0.989065 0.000228368
          26    0.987408    0.989002  0.00022848
          27    0.990544    0.989059 0.000227156
          28    0.989696    0.989081 0.000220074
          29    0.988316    0.989055 0.000213983
          30    0.986844    0.988981 0.000219472
          31     0.98962    0.989002 0.000213272
          32     0.98694    0.988938 0.000216319
          33    0.990256    0.988977 0.000213435
          34      0.9886    0.988966  0.00020736
          35    0.990028    0.988997  0.00020362
          36    0.988856    0.988993 0.000197922
          37    0.989224    0.988999   0.0001926
          38    0.991324     0.98906 0.000197194
          39    0.990136    0.989088 0.000194042
          40    0.990488    0.989123 0.000192341
          41    0.991248    0.989175 0.000194621
          42    0.990028    0.989195 0.000191014
          43     0.99034    0.989222  0.00018841
          44    0.990528    0.989251 0.000186458
          45    0.987816    0.989219 0.000185037
          46     0.98818    0.989197 0.000182375
          47    0.989832     0.98921 0.000178963
          48    0.989512    0.989217 0.000175308
          49     0.99046    0.989242 0.000173558
          50     0.98856    0.989228 0.000170598
          51     0.99114    0.989266 0.000171369
          52    0.989688    0.989274 0.000168237
          53    0.987328    0.989237 0.000169067
          54    0.989912     0.98925 0.000166376
          55     0.98992    0.989262 0.000163777
          56     0.98658    0.989214 0.000167805
          57    0.991624    0.989256 0.000170171
          58    0.992456    0.989311 0.000176077
          59     0.98758    0.989282 0.000175538
          60    0.991232    0.989315  0.00017562
          61    0.987276    0.989281 0.000175921
          62    0.984808    0.989209 0.000187497
          63    0.990304    0.989226 0.000185314
          64    0.989508    0.989231 0.000182448
          65    0.991852    0.989271 0.000184091
          66    0.989556    0.989275 0.000181331
          67    0.990668    0.989296  0.00017981
          68    0.989068    0.989293 0.000177177
          69    0.989156    0.989291 0.000174602
          70    0.990072    0.989302 0.000172451
          71    0.989212    0.989301 0.000170009
          72    0.990872    0.989323 0.000169046
          73    0.991308     0.98935 0.000168918
          74    0.988864    0.989343 0.000166749
          75    0.990452    0.989358 0.000165174
          76    0.989828    0.989364 0.000163103
          77    0.988288     0.98935 0.000161577
          78    0.989628    0.989354 0.000159531
          79    0.989236    0.989352 0.000157506
          80    0.989456    0.989354  0.00015553
          81    0.989596    0.989357 0.000153627
          82    0.992456    0.989394 0.000156379
          83    0.990316    0.989405 0.000154882
          84    0.987648    0.989385 0.000154451
          85    0.988232    0.989371 0.000153224
          86    0.990184     0.98938 0.000151726
          87    0.985872     0.98934   0.0001553
          88    0.989924    0.989347 0.000153668
          89    0.989216    0.989345 0.000151939
          90    0.988912     0.98934 0.000150318
          91    0.988852    0.989335 0.000148754
          92    0.987344    0.989313 0.000148712
          93    0.990124    0.989322 0.000147362
          94    0.988908    0.989318 0.000145852
          95    0.989224    0.989317 0.000144312
          96    0.985608    0.989278 0.000147935
          97    0.989972    0.989285 0.000146576
          98    0.989224    0.989285 0.000145074
          99    0.990208    0.989294 0.000143904
         100    0.987984    0.989281 0.000143059
