           1    0.133039    0.133039           0
           2     0.12905    0.131045   0.0019944
           3    0.151205    0.137765  0.00681799
           4    0.162385     0.14392   0.0078183
           5     0.14113    0.143362  0.00608168
           6    0.134071    0.141813  0.00520151
           7    0.137386    0.141181  0.00444134
           8    0.122228    0.138812  0.00451736
           9    0.163613    0.141568  0.00484414
          10    0.140719    0.141483  0.00433357
          11    0.137257    0.141099  0.00393863
          12    0.139632    0.140976  0.00359754
          13    0.122644    0.139566   0.0035972
          14    0.133806    0.139155  0.00335568
          15    0.147614    0.139719  0.00317447
          16    0.143126    0.139932  0.00297707
          17    0.149702    0.140506  0.00285492
          18    0.148111    0.140929  0.00272459
          19    0.126941    0.140193  0.00268029
          20    0.132218    0.139794  0.00257382
          21    0.135433    0.139586  0.00245699
          22    0.138743    0.139548  0.00234296
          23    0.142074    0.139658  0.00224147
          24    0.142729    0.139786  0.00214986
          25    0.133675    0.139541  0.00207651
          26    0.156447    0.140191  0.00209833
          27    0.122464    0.139535  0.00212319
          28    0.140857    0.139582  0.00204651
          29    0.147748    0.139864  0.00199465
          30    0.156494    0.140418  0.00200516
          31    0.129987    0.140082  0.00196838
          32    0.164163    0.140834  0.00204906
          33    0.130103    0.140509  0.00201245
          34    0.146698    0.140691  0.00196083
          35    0.128897    0.140354  0.00193357
          36    0.140193    0.140349   0.0018791
          37    0.137914    0.140284  0.00182879
          38    0.117342     0.13968  0.00187961
          39     0.12485      0.1393  0.00186985
          40    0.129943    0.139066  0.00183746
          41    0.118315     0.13856  0.00186218
          42    0.128388    0.138317  0.00183337
          43    0.132216    0.138176  0.00179584
          44    0.133275    0.138064  0.00175808
          45    0.152551    0.138386  0.00174846
          46    0.147205    0.138578  0.00172074
          47    0.135234    0.138507  0.00168523
          48    0.134265    0.138418  0.00165212
          49    0.124581    0.138136  0.00164251
          50    0.146341      0.1383  0.00161767
          51    0.121139    0.137964  0.00162094
          52    0.138967    0.137983  0.00158958
          53      0.1539    0.138283  0.00158796
          54    0.134345     0.13821  0.00155998
          55    0.126912    0.138005  0.00154507
          56    0.160119      0.1384  0.00156778
          57    0.115913    0.138005  0.00158975
          58    0.108438    0.137495  0.00164318
          59    0.153255    0.137763  0.00163703
          60    0.122071    0.137501  0.00163062
          61    0.160474    0.137878   0.0016473
          62    0.184195    0.138625  0.00178441
          63    0.125162    0.138411  0.00176882
          64    0.135226    0.138361  0.00174167
          65    0.111371    0.137946  0.00176423
          66    0.136607    0.137926  0.00173741
          67    0.125833    0.137745  0.00172077
          68    0.135332     0.13771  0.00169565
          69    0.131506     0.13762  0.00167331
          70    0.133082    0.137555  0.00165051
          71    0.145714     0.13767  0.00163115
          72    0.124457    0.137486  0.00161877
          73    0.120786    0.137258  0.00161275
          74    0.143209    0.137338  0.00159284
          75    0.122745    0.137143  0.00158345
          76    0.138928    0.137167  0.00156266
          77     0.15507    0.137399  0.00155966
          78    0.135408    0.137374  0.00153974
          79    0.138142    0.137384  0.00152016
          80    0.138087    0.137392  0.00150106
          81     0.13105    0.137314  0.00148448
          82    0.110856    0.136991  0.00150135
          83    0.128802    0.136893  0.00148643
          84    0.156545    0.137127  0.00148714
          85    0.152116    0.137303  0.00148008
          86    0.133005    0.137253  0.00146363
          87    0.180885    0.137755  0.00153117
          88    0.135546     0.13773  0.00151388
          89    0.138558    0.137739   0.0014968
          90    0.150205    0.137877  0.00148654
          91    0.141207    0.137914  0.00147057
          92      0.1638    0.138195  0.00148146
          93    0.131933    0.138128  0.00146699
          94    0.138151    0.138128   0.0014513
          95    0.135656    0.138102  0.00143618
          96    0.172312    0.138459  0.00146514
          97    0.138005    0.138454  0.00144996
          98    0.147748    0.138549  0.00143822
          99    0.127194    0.138434  0.00142823
         100    0.150047     0.13855  0.00141864
