           1    0.196092    0.196092           0
           2    0.195838    0.195965 0.000126907
           3    0.204596    0.198842   0.0028779
           4    0.198434     0.19874  0.00203753
           5    0.198984    0.198789  0.00157902
           6    0.195676     0.19827  0.00138974
           7     0.19985    0.198496  0.00119604
           8     0.19524    0.198089  0.00111291
           9    0.197114     0.19798 0.000987453
          10    0.196184    0.197801 0.000901288
          11    0.193953    0.197451 0.000887103
          12    0.202389    0.197862  0.00090835
          13    0.197745    0.197853  0.00083561
          14    0.191495    0.197399 0.000897093
          15    0.194896    0.197232 0.000851659
          16    0.201135    0.197476 0.000833151
          17    0.201707    0.197725 0.000821217
          18    0.198902     0.19779 0.000777005
          19    0.195782    0.197685 0.000742536
          20    0.195791     0.19759 0.000710766
          21    0.195983    0.197514  0.00068039
          22    0.195933    0.197442 0.000652691
          23    0.197901    0.197462 0.000623988
          24    0.192908    0.197272 0.000626831
          25    0.198081    0.197304 0.000602105
          26    0.200357    0.197422 0.000590276
          27     0.19586    0.197364 0.000570931
          28    0.198133    0.197391 0.000550849
          29    0.195862    0.197339 0.000534126
          30    0.204161    0.197566  0.00056391
          31    0.197211    0.197555 0.000545537
          32     0.19914    0.197604 0.000530531
          33    0.199269    0.197655 0.000516673
          34    0.198755    0.197687  0.00050229
          35    0.201072    0.197784 0.000497225
          36    0.201638    0.197891 0.000494936
          37    0.194511    0.197799 0.000489964
          38    0.196014    0.197752 0.000479205
          39    0.192447    0.197616 0.000486172
          40    0.195142    0.197554 0.000477884
          41    0.193668     0.19746 0.000475624
          42    0.198034    0.197473 0.000464363
          43    0.197277    0.197469 0.000453458
          44    0.201944    0.197571 0.000454559
          45    0.193572    0.197482  0.00045314
          46    0.194036    0.197407 0.000449467
          47    0.191967    0.197291 0.000454775
          48    0.195737    0.197259 0.000446375
          49    0.196243    0.197238 0.000437662
          50    0.200595    0.197305 0.000434043
          51    0.195106    0.197262 0.000427627
          52    0.194288    0.197205 0.000423205
          53    0.196456    0.197191 0.000415384
          54    0.196968    0.197186  0.00040764
          55    0.195177     0.19715 0.000401824
          56    0.203517    0.197264 0.000410639
          57    0.193516    0.197198 0.000408693
          58    0.197274    0.197199 0.000401587
          59    0.196346    0.197185 0.000394987
          60    0.197817    0.197195  0.00038849
          61     0.19872     0.19722 0.000382886
          62    0.194827    0.197182 0.000378633
          63    0.199756    0.197223 0.000374808
          64    0.196655    0.197214 0.000369012
          65    0.200757    0.197268 0.000367358
          66    0.192719    0.197199 0.000368257
          67    0.196168    0.197184 0.000363045
          68    0.190545    0.197086 0.000370752
          69    0.194074    0.197043 0.000367939
          70    0.194776     0.19701 0.000364088
          71    0.191225    0.196929 0.000368056
          72    0.195315    0.196906 0.000363599
          73     0.19483    0.196878  0.00035971
          74     0.19874    0.196903 0.000355707
          75    0.197427     0.19691 0.000351002
          76    0.188291    0.196797 0.000364448
          77    0.203488    0.196884 0.000370033
          78    0.193509     0.19684 0.000367812
          79    0.198135    0.196857 0.000363496
          80    0.199647    0.196892 0.000360614
          81     0.19256    0.196838 0.000360126
          82    0.200577    0.196884 0.000358617
          83    0.196481    0.196879 0.000354304
          84    0.201199     0.19693 0.000353818
          85    0.196385    0.196924  0.00034969
          86    0.197061    0.196925 0.000345604
          87    0.197871    0.196936 0.000341781
          88    0.195839    0.196924 0.000338105
          89    0.199739    0.196955 0.000335777
          90     0.19114    0.196891 0.000338255
          91    0.192359    0.196841 0.000338204
          92    0.195717    0.196829 0.000334731
          93    0.194018    0.196799 0.000332489
          94    0.196767    0.196798 0.000328933
          95    0.190719    0.196734 0.000331684
          96    0.197986    0.196747  0.00032847
          97    0.198452    0.196765  0.00032554
          98    0.197023    0.196767 0.000322212
          99     0.19747    0.196775  0.00031902
         100    0.200512    0.196812 0.000318018
