           1     1.32002     1.32002           0
           2     1.39671     1.35837    0.038342
           3     1.35228     1.35634   0.0222294
           4     1.32615     1.34879   0.0174363
           5     1.38308     1.35565   0.0151473
           6     1.33735      1.3526   0.0127383
           7     1.35563     1.35303   0.0107746
           8     1.30688     1.34726   0.0109705
           9     1.31353     1.34352   0.0103756
          10     1.36589     1.34575  0.00954609
          11     1.34528     1.34571  0.00863487
          12     1.34765     1.34587  0.00788418
          13     1.37161     1.34785  0.00751775
          14      1.3302     1.34659  0.00707336
          15      1.3613     1.34757  0.00665752
          16     1.32563      1.3462   0.0063767
          17     1.38446     1.34845  0.00639882
          18     1.35817     1.34899  0.00605699
          19     1.36086     1.34962  0.00576332
          20      1.3284     1.34855  0.00556955
          21     1.32116     1.34725   0.0054559
          22     1.41343     1.35026  0.00600911
          23       1.383     1.35168  0.00591578
          24     1.36384     1.35219  0.00568652
          25     1.30327     1.35023  0.00579466
          26     1.31782     1.34899  0.00570519
          27     1.38054     1.35015  0.00561284
          28     1.32862     1.34938  0.00546309
          29     1.34009     1.34906  0.00528108
          30     1.37088     1.34979  0.00515358
          31     1.31403     1.34864  0.00511632
          32     1.40674     1.35045  0.00527617
          33     1.36106     1.35077  0.00512387
          34     1.34512     1.35061  0.00497366
          35     1.45057     1.35346  0.00561074
          36     1.33324      1.3529  0.00548151
          37     1.28077     1.35095  0.00567656
          38     1.38156     1.35176  0.00558357
          39      1.3492     1.35169  0.00543891
          40     1.33086     1.35117  0.00532671
          41      1.3735     1.35172  0.00522362
          42     1.30491      1.3506  0.00521812
          43     1.28834     1.34915  0.00529709
          44     1.39638     1.35023  0.00528543
          45     1.41933     1.35176     0.00539
          46     1.38807     1.35255  0.00533029
          47     1.24977     1.35037  0.00565554
          48     1.42072     1.35183  0.00572722
          49      1.4044      1.3529  0.00571078
          50     1.35846     1.35302   0.0055965
          51     1.35632     1.35308  0.00548605
          52     1.41726     1.35431  0.00551928
          53     1.44174     1.35596  0.00565983
          54     1.32115     1.35532  0.00559132
          55     1.36835     1.35556  0.00549383
          56     1.34627     1.35539  0.00539738
          57     1.35392     1.35536  0.00530191
          58     1.38312     1.35584  0.00523163
          59     1.36232     1.35595  0.00514336
          60     1.43603     1.35729  0.00523007
          61     1.36597     1.35743  0.00514559
          62     1.33098       1.357  0.00507986
          63     1.37922     1.35736  0.00501101
          64     1.35741     1.35736  0.00493209
          65     1.36978     1.35755  0.00485938
          66     1.33374     1.35719  0.00479877
          67     1.29889     1.35632  0.00480602
          68     1.40585     1.35705  0.00479051
          69     1.43119     1.35812  0.00484133
          70     1.37112     1.35831  0.00477528
          71     1.38806     1.35872  0.00472616
          72     1.42107     1.35959  0.00473983
          73     1.32609     1.35913  0.00469692
          74     1.38539     1.35949  0.00464658
          75     1.27747     1.35839  0.00471284
          76     1.33305     1.35806  0.00466236
          77      1.3965     1.35856  0.00462841
          78     1.40226     1.35912   0.0046029
          79     1.41836     1.35987  0.00460571
          80     1.46443     1.36118  0.00473187
          81     1.34569     1.36098    0.004677
          82     1.37796     1.36119  0.00462425
          83     1.32539     1.36076  0.00458851
          84     1.33395     1.36044  0.00454478
          85     1.38569     1.36074  0.00450081
          86     1.31094     1.36016  0.00448569
          87     1.40062     1.36062  0.00445815
          88     1.35603     1.36057  0.00440751
          89     1.43206     1.36138  0.00443112
          90     1.39465     1.36175  0.00439718
          91     1.38647     1.36202  0.00435707
          92     1.42957     1.36275  0.00437156
          93     1.34068     1.36251   0.0043308
          94      1.4284     1.36321  0.00434143
          95     1.35722     1.36315  0.00429596
          96     1.35123     1.36303  0.00425278
          97     1.34756     1.36287  0.00421173
          98      1.3449     1.36268  0.00417256
          99     1.36438      1.3627  0.00413023
         100     1.39503     1.36302  0.00410148
