           1   -0.460104   -0.460104           0
           2   -0.461648   -0.460876    0.000772
           3   -0.460576   -0.460776 0.000456795
           4   -0.460672    -0.46075 0.000324047
           5   -0.460984   -0.460797 0.000255332
           6   -0.464768   -0.461459 0.000693924
           7    -0.46268   -0.461633 0.000611876
           8     -0.4622   -0.461704 0.000534617
           9   -0.463128   -0.461862 0.000497328
          10     -0.4648   -0.462156 0.000533079
          11   -0.462808   -0.462215 0.000485817
          12   -0.462704   -0.462256 0.000445355
          13    -0.46176   -0.462218  0.00041144
          14   -0.463312   -0.462296 0.000388854
          15    -0.46204   -0.462279 0.000362405
          16   -0.463064   -0.462328 0.000342532
          17   -0.461536   -0.462281 0.000325108
          18   -0.462304   -0.462283 0.000306517
          19    -0.46256   -0.462297 0.000290303
          20   -0.459728   -0.462169 0.000303894
          21   -0.460272   -0.462078 0.000302844
          22   -0.460728   -0.462017 0.000295203
          23   -0.466416   -0.462208 0.000340802
          24   -0.464768   -0.462315 0.000343281
          25   -0.464448     -0.4624 0.000340138
          26   -0.463192   -0.462431  0.00032821
          27   -0.460576   -0.462362 0.000323205
          28   -0.459272   -0.462252 0.000330423
          29    -0.46156   -0.462228 0.000319716
          30   -0.462808   -0.462247  0.00030948
          31    -0.46116   -0.462212 0.000301378
          32      -0.463   -0.462237 0.000292845
          33    -0.46308   -0.462262  0.00028498
          34   -0.461176    -0.46223 0.000278311
          35   -0.462992   -0.462252 0.000271117
          36    -0.46132   -0.462226 0.000264748
          37   -0.461168   -0.462198 0.000259076
          38   -0.463176   -0.462223 0.000253478
          39      -0.461   -0.462192 0.000248877
          40   -0.460712   -0.462155 0.000245381
          41   -0.462592   -0.462166 0.000239559
          42    -0.46208   -0.462164 0.000233794
          43    -0.46276   -0.462177 0.000228713
          44   -0.457816   -0.462078 0.000244454
          45   -0.460024   -0.462033 0.000243282
          46   -0.462776   -0.462049 0.000238482
          47   -0.461304   -0.462033 0.000233891
          48    -0.46224   -0.462037 0.000229007
          49   -0.461904   -0.462035 0.000224301
          50   -0.463808    -0.46207 0.000222613
          51   -0.463072    -0.46209 0.000219087
          52   -0.463488   -0.462117 0.000216508
          53    -0.45984   -0.462074 0.000216684
          54   -0.459808   -0.462032 0.000216734
          55   -0.462168   -0.462034 0.000212771
          56   -0.460728   -0.462011 0.000210235
          57   -0.464232    -0.46205 0.000210158
          58   -0.461992   -0.462049 0.000206505
          59    -0.46036    -0.46202 0.000204983
          60   -0.462456   -0.462027 0.000201669
          61   -0.462768    -0.46204 0.000198706
          62   -0.462904   -0.462054 0.000195972
          63   -0.459912    -0.46202 0.000195809
          64   -0.462728   -0.462031 0.000193043
          65   -0.463696   -0.462056 0.000191769
          66   -0.460272   -0.462029 0.000190766
          67   -0.458048    -0.46197 0.000197069
          68   -0.463032   -0.461985 0.000194777
          69    -0.46328   -0.462004 0.000192848
          70   -0.460192   -0.461978 0.000191828
          71    -0.46136    -0.46197 0.000189308
          72     -0.4618   -0.461967 0.000186675
          73      -0.462   -0.461968   0.0001841
          74    -0.46012   -0.461943 0.000183304
          75   -0.464008    -0.46197 0.000182928
          76   -0.462848   -0.461982 0.000180874
          77   -0.459984   -0.461956 0.000180385
          78   -0.464336   -0.461986 0.000180653
          79    -0.46316   -0.462001  0.00017897
          80   -0.461408   -0.461994 0.000176874
          81   -0.460968   -0.461981 0.000175135
          82   -0.461584   -0.461976 0.000173054
          83   -0.461584   -0.461972 0.000171022
          84   -0.460272   -0.461951  0.00017018
          85   -0.463184   -0.461966  0.00016879
          86   -0.463424   -0.461983 0.000167676
          87   -0.462728   -0.461991 0.000165958
          88   -0.460632   -0.461976 0.000164787
          89    -0.46464   -0.462006 0.000165652
          90   -0.462408    -0.46201 0.000163862
          91   -0.462896    -0.46202 0.000162343
          92   -0.460944   -0.462008 0.000160995
          93   -0.462368   -0.462012 0.000159301
          94   -0.463256   -0.462025 0.000158152
          95   -0.465552   -0.462063 0.000160821
          96   -0.460904   -0.462051 0.000159594
          97   -0.459928   -0.462029 0.000159449
          98    -0.46172   -0.462025 0.000157845
          99   -0.460432   -0.462009 0.000157069
         100   -0.462184   -0.462011   0.0001555
