           1    0.322303    0.322303           0
           2    0.334407    0.328355  0.00605192
           3    0.330839    0.329183  0.00359083
           4     0.33142    0.329742  0.00259993
           5     0.33508     0.33081  0.00227937
           6     0.32524    0.329881  0.00207979
           7    0.327099    0.329484  0.00180211
           8    0.324676    0.328883  0.00167241
           9    0.332477    0.329282  0.00152803
          10    0.321365    0.328491  0.00157947
          11    0.330597    0.328682  0.00144147
          12     0.32776    0.328605  0.00131811
          13    0.332316    0.328891  0.00124563
          14    0.321552    0.328366  0.00126678
          15    0.332423    0.328637  0.00120992
          16    0.349008     0.32991  0.00170352
          17    0.332671    0.330072  0.00160839
          18    0.336242    0.330415  0.00155466
          19    0.325084    0.330135  0.00149709
          20    0.326972    0.329976  0.00142904
          21    0.327099    0.329839  0.00136618
          22    0.327428     0.32973   0.0013072
          23    0.318568    0.329245  0.00134004
          24    0.324489    0.329046   0.0012982
          25    0.324057    0.328847  0.00126109
          26     0.33287    0.329002  0.00122145
          27    0.342276    0.329493  0.00127402
          28     0.32329    0.329272  0.00124751
          29    0.334608    0.329456  0.00121771
          30    0.330789      0.3295  0.00117726
          31    0.339828    0.329833  0.00118638
          32     0.32745    0.329759  0.00115112
          33    0.324699    0.329605  0.00112618
          34    0.329389    0.329599  0.00109258
          35    0.335147    0.329758  0.00107268
          36    0.326275    0.329661  0.00104693
          37    0.331594    0.329713  0.00101958
          38    0.326898    0.329639 0.000995152
          39    0.320784    0.329412  0.00099554
          40     0.32521    0.329307 0.000976001
          41    0.335741    0.329464 0.000964747
          42    0.340744    0.329732 0.000979055
          43    0.322336     0.32956 0.000971365
          44    0.338347     0.32976 0.000969814
          45    0.332253    0.329816 0.000949635
          46    0.323812    0.329685 0.000937886
          47    0.321635    0.329514  0.00093356
          48    0.324118    0.329401 0.000920792
          49    0.340122     0.32962 0.000927965
          50    0.342285    0.329873 0.000943843
          51    0.338499    0.330043 0.000940482
          52    0.325987    0.329965 0.000925511
          53    0.331386    0.329991 0.000908276
          54    0.333366    0.330054 0.000893486
          55    0.332161    0.330092 0.000877927
          56    0.332264    0.330131 0.000862979
          57    0.330833    0.330143 0.000847793
          58    0.319508     0.32996  0.00085299
          59    0.332935     0.33001 0.000839922
          60    0.330666    0.330021 0.000825877
          61    0.324195    0.329926 0.000817822
          62    0.333055    0.329976 0.000806105
          63    0.337382    0.330094  0.00080187
          64    0.337334    0.330207 0.000797307
          65    0.327023    0.330158 0.000786471
          66    0.328501    0.330133  0.00077487
          67    0.330666    0.330141 0.000763259
          68     0.33393    0.330196 0.000754013
          69    0.317759    0.330016 0.000764558
          70     0.32198    0.329901 0.000762252
          71    0.327518    0.329868 0.000752189
          72    0.332906     0.32991 0.000742868
          73    0.320397     0.32978 0.000744121
          74    0.332459    0.329816 0.000734889
          75    0.335719    0.329895 0.000729283
          76    0.328813     0.32988 0.000719764
          77    0.336788     0.32997 0.000715996
          78    0.341384    0.330116 0.000721747
          79    0.327677    0.330086 0.000713221
          80    0.337865    0.330183 0.000710931
          81    0.322352    0.330086 0.000708724
          82    0.338677    0.330191 0.000707824
          83    0.335095     0.33025 0.000701736
          84    0.326841    0.330209 0.000694518
          85    0.329506    0.330201 0.000686349
          86    0.332815    0.330231 0.000679001
          87     0.32962    0.330224 0.000671188
          88    0.337753     0.33031  0.00066901
          89    0.337787    0.330394 0.000666764
          90    0.324689    0.330331 0.000662354
          91    0.328214    0.330307 0.000655447
          92     0.32039      0.3302 0.000657185
          93    0.337699     0.33028 0.000655062
          94    0.333706    0.330317 0.000649079
          95    0.322778    0.330237 0.000647095
          96    0.323803     0.33017 0.000643817
          97    0.331598    0.330185 0.000637316
          98    0.320644    0.330088 0.000638247
          99    0.331338      0.3301 0.000631894
         100    0.326396    0.330063 0.000626638
