           1     3.11639     3.11639           0
           2     3.34636     3.23137    0.114987
           3     3.38962     3.28412   0.0847923
           4     3.25911     3.27787   0.0602825
           5      3.2074     3.26377    0.048775
           6     3.15277     3.24527   0.0439121
           7     3.30383     3.25364   0.0380435
           8     3.22156     3.24963   0.0331897
           9     3.34333     3.26004    0.031067
          10      3.2582     3.25986   0.0277878
          11     3.31605     3.26497   0.0256489
          12     3.32119     3.26965   0.0238784
          13      3.2838     3.27074   0.0219919
          14     3.45333     3.28378   0.0241794
          15     3.36698     3.28933   0.0231831
          16     3.42763     3.29797   0.0233451
          17     3.12745     3.28794    0.024114
          18      3.3478     3.29127   0.0229769
          19     3.40839     3.29743   0.0225912
          20     2.94532     3.27983   0.0277361
          21     3.09439       3.271   0.0278208
          22     3.21451     3.26843   0.0266501
          23     3.32821     3.27103   0.0255974
          24     3.21544     3.26871   0.0246168
          25     3.10881     3.26231   0.0244626
          26     3.14757      3.2579   0.0239137
          27     3.49614     3.26672   0.0246446
          28      3.0414     3.25868   0.0250745
          29     3.14815     3.25487   0.0244928
          30      3.3707     3.25873   0.0239753
          31     3.09968      3.2536   0.0237498
          32     3.24773     3.25341   0.0229963
          33     3.29243      3.2546   0.0223199
          34     3.26289     3.25484   0.0216549
          35     3.28295     3.25564   0.0210424
          36     3.36583      3.2587   0.0206773
          37     2.97706     3.25109   0.0215031
          38     3.28176      3.2519   0.0209451
          39     3.16845     3.24976   0.0205129
          40     3.11198     3.24631    0.020288
          41     3.27451       3.247   0.0197989
          42     3.17563      3.2453   0.0193964
          43     3.29991     3.24657   0.0189825
          44     3.44716     3.25113   0.0190981
          45     3.37512     3.25389   0.0188711
          46     3.11996     3.25098   0.0186846
          47      2.8622      3.2427   0.0200669
          48     3.13671      3.2405   0.0197681
          49     3.29705     3.24165   0.0193948
          50     3.06024     3.23802   0.0193462
          51     3.39608     3.24112   0.0192147
          52     3.28322     3.24193   0.0188589
          53     3.39316     3.24478   0.0187184
          54      3.1879     3.24373   0.0183987
          55     3.39279     3.24644   0.0182633
          56     3.24813     3.24647   0.0179342
          57     3.06522     3.24329   0.0179015
          58     3.12823     3.24131   0.0177016
          59      3.1428     3.23964   0.0174789
          60     3.30037     3.24065   0.0172149
          61     3.22745     3.24043   0.0169317
          62     3.41896     3.24331   0.0169035
          63     3.36244      3.2452   0.0167401
          64     3.25336     3.24533    0.016477
          65     3.16614     3.24411   0.0162672
          66     3.02385     3.24078   0.0163628
          67      3.1817     3.23989   0.0161408
          68     3.16593     3.23881   0.0159389
          69     3.49372      3.2425   0.0161348
          70     3.35655     3.24413   0.0159859
          71     3.37292     3.24594   0.0158632
          72     3.51913     3.24974   0.0160949
          73     3.09415     3.24761   0.0160154
          74     3.22962     3.24736   0.0157994
          75     3.04278     3.24464   0.0158242
          76     3.21908      3.2443   0.0156182
          77     3.28888     3.24488   0.0154249
          78     3.28099     3.24534   0.0152329
          79     3.27228     3.24568   0.0150427
          80     3.44607     3.24819   0.0150632
          81     3.28352     3.24862   0.0148825
          82     3.26037     3.24877   0.0147005
          83     3.25689     3.24886   0.0145227
          84     3.10554     3.24716   0.0144498
          85     3.41758     3.24916   0.0144189
          86     3.25501     3.24923   0.0142504
          87     3.46367      3.2517   0.0142997
          88     3.23588     3.25152   0.0141374
          89      3.3051     3.25212   0.0139906
          90     3.13901     3.25086   0.0138912
          91     3.25981     3.25096   0.0137381
          92     3.40841     3.25267   0.0136953
          93     3.23836     3.25252   0.0135481
          94     3.24081     3.25239   0.0134038
          95     3.28494     3.25274   0.0132664
          96     3.13583     3.25152   0.0131838
          97     3.35335     3.25257   0.0130894
          98     3.27995     3.25285   0.0129581
          99     3.34258     3.25375   0.0128585
         100     3.49659     3.25618   0.0129589
