           1   -0.629272   -0.629272           0
           2   -0.633096   -0.631184    0.001912
           3    -0.62904   -0.630469  0.00131504
           4    -0.62828   -0.629922    0.001079
           5   -0.629144   -0.629766  0.00085015
           6   -0.631288    -0.63002 0.000739019
           7   -0.629672    -0.62997 0.000626561
           8   -0.631432   -0.630153 0.000572554
           9   -0.632064   -0.630365 0.000547773
          10   -0.629592   -0.630288 0.000496009
          11   -0.631184   -0.630369 0.000455991
          12   -0.629416    -0.63029 0.000423776
          13     -0.6326   -0.630468 0.000428406
          14   -0.629368   -0.630389  0.00040433
          15   -0.627568   -0.630201 0.000420783
          16   -0.630304   -0.630208 0.000393659
          17   -0.628648   -0.630116 0.000380987
          18   -0.626424   -0.629911 0.000413628
          19   -0.631256   -0.629981 0.000397609
          20   -0.625736   -0.629769 0.000432832
          21   -0.634304   -0.629985 0.000464901
          22   -0.628408   -0.629913 0.000449025
          23   -0.630184   -0.629925 0.000429219
          24   -0.633056   -0.630056 0.000431154
          25   -0.629632   -0.630039 0.000413896
          26   -0.630808   -0.630068 0.000398757
          27   -0.628848   -0.630023 0.000386357
          28   -0.624088   -0.629811 0.000428416
          29   -0.626976   -0.629713 0.000424782
          30   -0.629016    -0.62969 0.000411036
          31   -0.629952   -0.629699 0.000397646
          32   -0.630784   -0.629733  0.00038651
          33    -0.63076   -0.629764 0.000375906
          34    -0.62944   -0.629754 0.000364807
          35   -0.630192   -0.629767 0.000354451
          36    -0.62916    -0.62975 0.000344877
          37   -0.630784   -0.629778 0.000336589
          38   -0.631528   -0.629824 0.000330834
          39   -0.628904     -0.6298 0.000323101
          40     -0.6236   -0.629645    0.000351
          41   -0.632912   -0.629725 0.000351482
          42     -0.6294   -0.629717 0.000343099
          43   -0.631536   -0.629759 0.000337685
          44   -0.627248   -0.629702 0.000334822
          45   -0.633064   -0.629777 0.000335714
          46   -0.628976    -0.62976 0.000328796
          47   -0.631096   -0.629788 0.000322978
          48   -0.627288   -0.629736 0.000320439
          49   -0.631056   -0.629763 0.000314986
          50   -0.627664   -0.629721 0.000311463
          51   -0.631184    -0.62975  0.00030664
          52   -0.630808    -0.62977 0.000301373
          53   -0.630184   -0.629778 0.000295736
          54   -0.628304   -0.629751 0.000291488
          55   -0.633192   -0.629813 0.000292901
          56   -0.625456   -0.629735 0.000297961
          57   -0.629088   -0.629724 0.000292907
          58   -0.630104    -0.62973 0.000287887
          59   -0.631152   -0.629755 0.000283989
          60   -0.630088    -0.62976 0.000279271
          61   -0.630464   -0.629772 0.000274897
          62   -0.630688   -0.629786 0.000270831
          63   -0.629848   -0.629787 0.000266499
          64    -0.62756   -0.629753 0.000264601
          65   -0.630984   -0.629772 0.000261186
          66   -0.623824   -0.629681 0.000272528
          67   -0.626672   -0.629637 0.000272162
          68   -0.625608   -0.629577 0.000274597
          69   -0.628896   -0.629567 0.000270768
          70   -0.629936   -0.629573 0.000266923
          71   -0.628384   -0.629556 0.000263669
          72   -0.631312    -0.62958 0.000261123
          73   -0.627392    -0.62955  0.00025926
          74   -0.631632   -0.629578 0.000257275
          75   -0.629576   -0.629578 0.000253821
          76   -0.629784   -0.629581 0.000250474
          77   -0.630504   -0.629593  0.00024749
          78    -0.63172    -0.62962 0.000245814
          79   -0.628864   -0.629611 0.000242871
          80   -0.632688   -0.629649 0.000242881
          81    -0.62784   -0.629627 0.000240901
          82    -0.62584   -0.629581 0.000242386
          83   -0.627168   -0.629552 0.000241206
          84    -0.62876   -0.629542 0.000238503
          85    -0.62916   -0.629538 0.000235724
          86   -0.630768   -0.629552 0.000233405
          87   -0.630496   -0.629563 0.000230962
          88   -0.631024    -0.62958 0.000228925
          89     -0.6336   -0.629625 0.000230802
          90   -0.627152   -0.629597 0.000229871
          91   -0.630768    -0.62961 0.000227695
          92   -0.628608   -0.629599 0.000225469
          93    -0.63204   -0.629625 0.000224571
          94   -0.630864   -0.629639 0.000222559
          95    -0.63128   -0.629656 0.000220881
          96    -0.62724   -0.629631 0.000220012
          97   -0.632392   -0.629659 0.000219585
          98   -0.631752   -0.629681 0.000218379
          99    -0.62544   -0.629638 0.000220365
         100   -0.630784   -0.629649 0.000218451
