-5.45058
-5.45096
-5.45159
-5.45247
-5.45361
-5.45499
-5.45663
-5.45852
-5.46066
-5.46305
-5.46569
-5.46858
-5.47172
-5.47511
-5.4781
-5.48165
-5.48448
-5.48884
-5.49182
-5.49602
-5.49947
-5.50349
-5.50774
-5.51287
-5.51791
-5.52383
-5.52868
-5.53408
-5.53743
-5.54294
-5.5477
-5.55364
-5.55947
-5.56616
-5.57176
-5.57918
-5.58519
-5.59203
-5.60004
-5.60824
-5.61663
-5.62519
-5.63329
-5.64286
-5.65162
-5.66055
-5.67028
-5.67951
-5.68987
-5.69939
-5.70938
-5.72014
-5.73005
-5.7404
-5.75022
-5.76111
-5.77209
-5.78349
-5.79432
-5.80554
-5.81716
-5.82786
-5.83894
-5.85038
-5.86217
-5.87334
-5.88485
-5.89701
-5.90884
-5.92067
-5.93279
-5.94423
-5.95596
-5.96764
-5.97893
-5.99015
-6.00129
-6.01299
-6.02459
-6.03576
-6.04681
-6.05773
-6.06884
-6.07818
-6.08833
-6.09865
-6.10911
-6.11906
-6.12915
-6.13871
-6.14839
-6.15785
-6.16677
-6.17577
-6.18389
-6.19241
-6.19938
-6.20642
-6.21416
-6.22067
-6.22754
-6.23414
-6.24077
-6.2468
-6.25285
-6.25861
-6.26278
-6.26827
-6.27314
-6.2777
-6.28196
-6.28559
-6.28925
-6.2926
-6.29564
-6.29839
-6.30083
-6.30298
-6.30483
-6.30639
-6.30767
-6.30833
-6.30935
-6.30978
-6.30993
-6.30917
-6.30814
-6.3075
-6.30661
-6.30547
-6.30377
-6.30217
-6.30001
-6.2973
-6.29503
-6.29223
-6.28988
-6.28701
-6.28428
-6.28073
-6.27701
-6.27313
-6.2691
-6.26589
-6.2619
-6.25778
-6.25386
-6.24982
-6.24536
-6.24047
-6.2355
-6.23044
-6.22563
-6.2214
-6.21646
-6.21147
-6.20643
-6.20103
-6.19625
-6.19144
-6.18629
-6.18081
-6.17532
-6.17015
-6.165
-6.16018
-6.15537
-6.15027
-6.14553
-6.14082
-6.13582
-6.13055
-6.12565
-6.12081
-6.11602
-6.1113
-6.10632
-6.10142
-6.09659
-6.09184
-6.08782
-6.08356
-6.07939
-6.07499
-6.07133
-6.06712
-6.06333
-6.05835
-6.05477
-6.05129
-6.04792
-6.0453
-6.04214
-6.0391
-6.03649
-6.03367
-6.03064
-6.02837
-6.02557
-6.02353
-6.02193
-6.02011
-6.01841
-6.0165
-6.01471
-6.01367
-6.01177
-6.01096
-6.00993
-6.00836
-6.00722
-6.00587
-6.00494
-6.00412
-6.0034
-6.00278
-6.00193
-6.00118
-6.00085
-6.00093
-6.00111
-6.00136
-6.00138
-6.00149
-6.00102
-6.00161
-6.00194
-6.00364
-6.00346
-6.00335
-6.00298
-6.00461
-6.00532
-6.00641
-6.00723
-6.00777
-6.00868
-6.00963
-6.01095
-6.01165
-6.01335
-6.01475
-6.01651
-6.01764
-6.01879
-6.0193
-6.02015
-6.02166
-6.02317
-6.02469
-6.02652
-6.02771
-6.02856
-6.03005
-6.03088
-6.03202
-6.03314
-6.03424
-6.03531
-6.03668
-6.03672
-6.0377
-6.03865
-6.03956
-6.04075
-6.0419
-6.04269
-6.04375
-6.04411
-6.04508
-6.04566
-6.04652
-6.047
-6.04806
-6.04939
-6.04969
-6.05025
-6.05108
-6.05087
-6.05156
-6.05154
-6.05146
-6.05099
-6.05013
-6.04952
-6.04917
-6.04875
-6.04826
-6.04803
-6.04741
-6.04672
-6.04694
-6.04579
-6.04555
-6.04524
-6.04454
-6.04313
-6.04198
-6.04077
-6.03982
-4.72382
-4.72245
-4.72084
-4.71934
-4.71696
-4.71662
-4.71542
-4.71335
-4.71138
-4.7105
-4.70972
-4.70872
-4.70848
-4.70739
-4.70673
-4.7065
-4.70575
-4.70575
-4.70555
-4.70513
-4.70484
-4.70499
-4.70461
-4.70564
-4.70516
-4.70578
-4.70716
-4.708
-4.70864
-4.71005
-4.71124
-4.71352
-4.71461
-4.71614
-4.71777
-4.71952
-4.72105
-4.72203
-4.72377
-4.72593
-4.72884
-4.73087
-4.733
-4.73587
-4.73785
-4.74057
-4.74272
-4.74625
-4.74952
-4.75223
-4.75533
-4.75849
-4.76172
-4.76533
-4.76931
-4.77205
-4.77516
-4.77831
-4.78149
-4.78472
-4.78829
-4.79189
-4.79616
-4.7998
-4.80377
-4.80742
-4.81141
-4.81474
-4.81872
-4.82171
-4.82501
-4.82798
-4.83156
-4.8348
-4.83898
-4.84247
-4.84529
-4.84806
-4.85111
-4.85444
-4.85739
-4.8603
-4.86347
-4.86659
-4.86997
-4.87264
-4.87492
-4.87747
-4.87994
-4.88203
-4.88469
-4.88729
-4.88949
-4.89162
-4.89433
-4.89633
-4.89825
-4.89979
-4.90222
-4.90557
-4.90787
-4.90979
-4.91197
-4.9128
-4.91421
-4.91589
-4.91752
-4.91813
-4.91965
-4.92113
-4.92224
-4.92363
-4.92466
-4.92663
-4.92726
-4.92884
-4.93007
-4.93159
-4.93309
-4.93425
-4.93604
-4.93781
-4.93796
-4.93939
-4.94016
-4.94126
-4.94204
-4.9425
-4.94328
-4.94472
-4.94552
-4.946
-4.94683
-4.94767
-4.94852
-4.94972
-4.95094
-4.95186
-4.95312
-4.95441
-4.95572
-4.95738
-4.95843
-4.95982
-4.96092
-4.96237
-4.96385
-4.96601
-4.96723
-4.96912
-4.9704
-4.9717
-4.97336
-4.97505
-4.97677
-4.97852
-4.98094
-4.98274
-4.98457
-4.98675
-4.98863
-4.99086
-4.99279
-4.99474
-4.99736
-4.99936
-5.00137
-5.00405
-5.00642
-5.00816
-5.01024
-5.01266
-5.01477
-5.01722
-5.01903
-5.02215
-5.02398
-5.02582
-5.02767
-5.03017
-5.03235
-5.03453
-5.03737
-5.03987
-5.04206
-5.04424
-5.04609
-5.04826
-5.05009
-5.05225
-5.05374
-5.05619
-5.0583
-5.0604
-5.06281
-5.06454
-5.06659
-5.06861
-5.06996
-5.07193
-5.07387
-5.07547
-5.07703
-5.07888
-5.08103
-5.08281
-5.08489
-5.0866
-5.08892
-5.09055
-5.09181
-5.09336
-5.09453
-5.09598
-5.09706
-5.09842
-5.0994
-5.10032
-5.10119
-5.10266
-5.10439
-5.10574
-5.10703
-5.10794
-5.10878
-5.11021
-5.11126
-5.11191
-5.1125
-5.11237
-5.1125
-5.11256
-5.11256
-5.11248
-5.11297
-5.11404
-5.11439
-5.1137
-5.11325
-5.11338
-5.11278
-5.11243
-5.112
-5.11182
-5.11157
-5.11059
-5.11019
-5.1097
-5.10882
-5.10851
-5.10747
-5.10636
-5.10583
-5.10425
-5.10292
-5.10153
-5.10039
-5.09853
-5.09661
-5.09559
-5.09419
-5.0924
-5.09088
-5.0893
-5.08767
-5.08533
-5.08359
-5.0818
-5.07965
-5.0768
-5.07456
-5.07228
-5.06931
-5.06696
-5.06457
-5.06215
-5.05971
-5.05757
-5.0554
-5.05321
-5.05036
-5.04749
-5.04461
-5.04172
-5.03882
-5.03591
-5.03332
-5.03072
-5.02812
-5.02521
-5.02196
-5.02002
-5.01744
-5.01486
-5.01196
-5.00908
-5.00588
-5.00236
-4.99951
-4.99699
-4.43776
-4.43565
-4.43331
-4.43011
-4.42732
-4.42561
-4.42334
-4.42215
-4.42009
-4.41845
-4.41626
-4.41417
-4.41218
-4.40996
-4.40817
-4.40712
-4.40552
-4.40401
-4.4026
-4.40129
-4.40039
-4.39958
-4.39887
-4.39857
-4.39804
-4.39824
-4.39789
-4.3973
-4.39745
-4.39736
-4.39735
-4.39711
-4.39728
-4.39721
-4.39722
-4.39732
-4.39782
-4.3984
-4.39939
-4.40045
-4.40225
-4.4025
-4.40347
-4.4042
-4.40566
-4.40751
-4.40846
-4.41046
-4.41124
-4.41273
-4.41429
-4.41625
-4.4186
-4.42036
-4.42252
-4.42345
-4.42508
-4.42807
-4.42983
-4.43196
-4.43384
-4.43609
-4.43807
-4.4401
-4.44282
-4.44527
-4.44712
-4.44998
-4.45289
-4.45485
-4.45783
-4.46051
-4.46322
-4.46596
-4.4684
-4.47248
-4.47495
-4.47711
-4.48026
-4.48309
-4.48592
-4.48907
-4.4919
-4.49504
-4.49849
-4.50161
-4.50342
-4.50617
-4.50857
-4.51128
-4.51427
-4.5169
-4.5195
-4.52205
-4.52423
-4.52701
-4.52941
-4.53176
-4.53437
-4.53594
-4.53874
-4.54083
-4.54285
-4.5448
-4.54668
-4.54815
-4.54955
-4.55151
-4.55371
-4.55583
-4.55689
-4.55786
-4.56004
-4.56213
-4.56316
-4.56378
-4.56398
-4.56507
-4.56574
-4.56632
-4.56681
-4.56721
-4.56785
-4.56775
-4.56788
-4.56761
-4.56758
-4.56746
-4.5679
-4.56794
-4.56693
-4.56616
-4.56597
-4.56569
-4.566
-4.56526
-4.5651
-4.56422
-4.56328
-4.56196
-4.56154
-4.56075
-4.55958
-4.55836
-4.55774
-4.5561
-4.55506
-4.55398
-4.55254
-4.55107
-4.55021
-4.54964
-4.54808
-4.5465
-4.54489
-4.54392
-4.54228
-4.54096
-4.5393
-4.53765
-4.53631
-4.53465
-4.53332
-4.53134
-4.53035
-4.52904
-4.52677
-4.52517
-4.52326
-4.52105
-4.52016
-4.51831
-4.51682
-4.51438
-4.51327
-4.51154
-4.51049
-4.50948
-4.50753
-4.50595
-4.5044
-4.50289
-4.50141
-4.50031
-4.49956
-4.49853
-4.49754
-4.49595
-4.49504
-4.49417
-4.49334
-4.49256
-4.49149
-4.49046
-4.49011
-4.48884
-4.48824
-4.48769
-4.48717
-4.48668
-4.48656
-4.48614
-4.48543
-4.48475
-4.4841
-4.48348
-4.48386
-4.48395
-4.48406
-4.48387
-4.48403
-4.48357
-4.48346
-4.48304
-4.48265
-4.48227
-4.48224
-4.48126
-4.48255
-4.48257
-4.48229
-4.48266
-4.48273
-4.48281
-4.48355
-4.48302
-4.48347
-4.48361
-4.48344
-4.48328
-4.48378
-4.48493
-4.48545
-4.48566
-4.48587
-4.48577
-4.48535
-4.48558
-4.48615
-4.48671
-4.48696
-4.48689
-4.48747
-4.48708
-4.48701
-4.48792
-4.4885
-4.48844
-4.4887
-4.48929
-4.4902
-4.49078
-4.49136
-4.49194
-4.49219
-4.49211
-4.49074
-4.49065
-4.49121
-4.49079
-4.49005
-4.48995
-4.48984
-4.48974
-4.48995
-4.49113
-4.49166
-4.49218
-4.49141
-4.49096
-4.49115
-4.49069
-4.49055
-4.49171
-4.49222
-4.49272
-4.49356
-4.49374
-4.49458
-4.49477
-4.49496
-4.49515
-4.49567
-4.49523
-4.49511
-4.49533
-4.49555
-4.4961
-4.49667
-4.49659
-4.49654
-4.49649
-4.49646
-4.49645
-4.4971
-4.49745
-4.49814
-4.49853
-4.4983
-4.49906
-4.38501
-4.38555
-4.38646
-4.38678
-4.38747
-4.38724
-4.38836
-4.38889
-4.3898
-4.39076
-4.39179
-4.39287
-4.39435
-4.39557
-4.39621
-4.39756
-4.39833
-4.40047
-4.40203
-4.40302
-4.40473
-4.40684
-4.40871
-4.41097
-4.41234
-4.41475
-4.41628
-4.4182
-4.42021
-4.42262
-4.42543
-4.428
-4.43
-4.43273
-4.43521
-4.43906
-4.44202
-4.44537
-4.44782
-4.45132
-4.45456
-4.45722
-4.46027
-4.46338
-4.4672
-4.47043
-4.47437
-4.47738
-4.48173
-4.48549
-4.48928
-4.49279
-4.49634
-4.49992
-4.50352
-4.50746
-4.51208
-4.51605
-4.51971
-4.52402
-4.52736
-4.53134
-4.53498
-4.53926
-4.54351
-4.54741
-4.5516
-4.55543
-4.55824
-4.56132
-4.56467
-4.56828
-4.57182
-4.57465
-4.57804
-4.582
-4.58555
-4.589
-4.59171
-4.59463
-4.5981
-4.60145
-4.60435
-4.60681
-4.60947
-4.61199
-4.61406
-4.61631
-4.6181
-4.61974
-4.62156
-4.62322
-4.62442
-4.62545
-4.62666
-4.62674
-4.62731
-4.62772
-4.62829
-4.62871
-4.62865
-4.62745
-4.62708
-4.62687
-4.62619
-4.62537
-4.62407
-4.62328
-4.62268
-4.62128
-4.61976
-4.61811
-4.61602
-4.6138
-4.6118
-4.60871
-4.60649
-4.60417
-4.60208
-4.59958
-4.59602
-4.59336
-4.59062
-4.58782
-4.58559
-4.58234
-4.57935
-4.57632
-4.57292
-4.56916
-4.56634
-4.56348
-4.56027
-4.55704
-4.55347
-4.5502
-4.54725
-4.54461
-4.54067
-4.53704
-4.53374
-4.53076
-4.52747
-4.5245
-4.52153
-4.51825
-4.51498
-4.51203
-4.50845
-4.50553
-4.50261
-4.49971
-4.49616
-4.49263
-4.48942
-4.48688
-4.48401
-4.48148
-4.47863
-4.47513
-4.47197
-4.46945
-4.46597
-4.46248
-4.45933
-4.45649
-4.45366
-4.45018
-4.44671
-4.44355
-4.44072
-4.43659
-4.43343
-4.42995
-4.42647
-4.42332
-4.42016
-4.41733
-4.41451
-4.41136
-4.40822
-4.40509
-4.40197
-4.39886
-4.39576
-4.39268
-4.38961
-4.38657
-4.38354
-4.38054
-4.37659
-4.37331
-4.37104
-4.36815
-4.36561
-4.36344
-4.36033
-4.35726
-4.35456
-4.35158
-4.34994
-4.3477
-4.34519
-4.34306
-4.34067
-4.33865
-4.3367
-4.33513
-4.33297
-4.33088
-4.32854
-4.32723
-4.32501
-4.32352
-4.32176
-4.3204
-4.31976
-4.31822
-4.31707
-4.31567
-4.31402
-4.31277
-4.31191
-4.31144
-4.3104
-4.30911
-4.30822
-4.30708
-4.30665
-4.30726
-4.306
-4.30416
-4.304
-4.30392
-4.30422
-4.30362
-4.30309
-4.30326
-4.30253
-4.30185
-4.30156
-4.30166
-4.30116
-4.30169
-4.3013
-4.30129
-4.30166
-4.30144
-4.30159
-4.30276
-4.30301
-4.30364
-4.30431
-4.306
-4.30676
-4.30724
-4.30809
-4.30866
-4.30895
-4.30993
-4.31094
-4.312
-4.31375
-4.31488
-4.31605
-4.31726
-4.31818
-4.31978
-4.32142
-4.32276
-4.32478
-4.32553
-4.32664
-4.32778
-4.32958
-4.3311
-4.33296
-4.33516
-4.33675
-4.33803
-4.33966
-4.3413
-4.34297
-4.34595
-4.34829
-4.34936
-4.35141
-4.35282
-4.35425
-4.35569
-4.35714
-4.35957
-4.36072
-4.36284
-4.36464
-4.36677
-4.36858
-4.37072
-4.37286
-4.37468
-4.39527
-4.39675
-4.39887
-4.40066
-4.40277
-4.40487
-4.40664
-4.40807
-4.4095
-4.41092
-4.41232
-4.41437
-4.41543
-4.41712
-4.41913
-4.4208
-4.42214
-4.42379
-4.42607
-4.42834
-4.42996
-4.43092
-4.43284
-4.43474
-4.436
-4.43756
-4.43913
-4.441
-4.4419
-4.44377
-4.44498
-4.44619
-4.44739
-4.44859
-4.44978
-4.45097
-4.4528
-4.45431
-4.45582
-4.45765
-4.45916
-4.46099
-4.46218
-4.46369
-4.46455
-4.46573
-4.46724
-4.46907
-4.4709
-4.4724
-4.47358
-4.47508
-4.47592
-4.47709
-4.47857
-4.47972
-4.48086
-4.48264
-4.48408
-4.48519
-4.48628
-4.48864
-4.49034
-4.49137
-4.49302
-4.49433
-4.49528
-4.49653
-4.49774
-4.49924
-4.49973
-4.50116
-4.50254
-4.50323
-4.50452
-4.50447
-4.50534
-4.50616
-4.50661
-4.50732
-4.50733
-4.50792
-4.50878
-4.50893
-4.50967
-4.51003
-4.51096
-4.51119
-4.51167
-4.51209
-4.51213
-4.5121
-4.51137
-4.5109
-4.51037
-4.51043
-4.50946
-4.50909
-4.50898
-4.50818
-4.50765
-4.50741
-4.50712
-4.50614
-4.50545
-4.50505
-4.50429
-4.50319
-4.5027
-4.5022
-4.50168
-4.50017
-4.4993
-4.49778
-4.49689
-4.49568
-4.49415
-4.4936
-4.49306
-4.49188
-4.49136
-4.48989
-4.48973
-4.49057
-4.49014
-4.48876
-4.48806
-4.48707
-4.48644
-4.48617
-4.4853
-4.48478
-4.48431
-4.48355
-4.48284
-4.4825
-4.48254
-4.48261
-4.48306
-4.48292
-4.48281
-4.48341
-4.4847
-4.4841
-4.4842
-4.48499
-4.48454
-4.48479
-4.48508
-4.48542
-4.48582
-4.48723
-4.48836
-4.48922
-4.4898
-4.49043
-4.49142
-4.49148
-4.49224
-4.49303
-4.49354
-4.49539
-4.49597
-4.4966
-4.49725
-4.49827
-4.49802
-4.4991
-4.50053
-4.50133
-4.50314
-4.50399
-4.50552
-4.50609
-4.50765
-4.50891
-4.5105
-4.51081
-4.51242
-4.51307
-4.51501
-4.51664
-4.51794
-4.51924
-4.52054
-4.52216
-4.52344
-4.52471
-4.52596
-4.5272
-4.52907
-4.53123
-4.53241
-4.53291
-4.53403
-4.53544
-4.53682
-4.53849
-4.53916
-4.53946
-4.54036
-4.5409
-4.54205
-4.54314
-4.54354
-4.54422
-4.54485
-4.54445
-4.5453
-4.54576
-4.54585
-4.54588
-4.54618
-4.54708
-4.54726
-4.54739
-4.54746
-4.5478
-4.54775
-4.54733
-4.54717
-4.54664
-4.54669
-4.54605
-4.54535
-4.5446
-4.54283
-4.54165
-4.53978
-4.53851
-4.5372
-4.53584
-4.53574
-4.53528
-4.53446
-4.53394
-4.53176
-4.52988
-4.52928
-4.52865
-4.52833
-4.52767
-4.527
-4.52599
-4.52499
-4.52301
-4.52135
-4.52068
-4.51968
-4.51838
-4.51741
-4.51646
-4.51488
-4.51365
-4.51277
-4.51159
-4.51142
-4.51095
-4.51051
-4.51011
-4.50975
-4.5091
-4.50817
-4.50761
-4.5071
-4.50597
-4.50587
-4.50516
-4.50515
-4.50518
-4.5046
-4.50504
-4.50488
-4.50411
-4.50371
-4.50334
-4.50335
-4.50338
-4.50281
-4.50324
-4.50339
-4.50323
-4.50246
-4.50235
-4.5026
-4.50221
-4.50314
-4.50343
-4.50438
-4.50469
-4.50533
-4.50598
-4.50663
-4.50695
-4.50662
-4.5066
-4.50723
-4.50719
-4.50811
-4.50803
-4.26235
-4.2629
-4.26378
-4.26499
-4.26524
-4.26581
-4.26573
-4.26598
-4.26623
-4.26681
-4.26641
-4.26665
-4.26656
-4.26647
-4.26702
-4.26724
-4.26746
-4.26734
-4.26787
-4.26807
-4.26826
-4.26876
-4.26797
-4.26911
-4.26895
-4.2691
-4.26925
-4.26908
-4.26987
-4.27001
-4.26982
-4.2706
-4.27105
-4.27118
-4.27098
-4.2711
-4.27154
-4.27166
-4.27178
-4.27222
-4.27233
-4.27146
-4.27156
-4.27101
-4.27111
-4.27119
-4.27193
-4.272
-4.2724
-4.27246
-4.27251
-4.27288
-4.27324
-4.27423
-4.27391
-4.27357
-4.27387
-4.2735
-4.2731
-4.27333
-4.27289
-4.27178
-4.27193
-4.2714
-4.27117
-4.27155
-4.27092
-4.27058
-4.26988
-4.26946
-4.26867
-4.26816
-4.26761
-4.26668
-4.26636
-4.26501
-4.26425
-4.26377
-4.26323
-4.26231
-4.26133
-4.26159
-4.26049
-4.25966
-4.25844
-4.25717
-4.25583
-4.25443
-4.2533
-4.25242
-4.25084
-4.24952
-4.24749
-4.2467
-4.24455
-4.24267
-4.24009
-4.23874
-4.23605
-4.23297
-4.23146
-4.22926
-4.22701
-4.22503
-4.22268
-4.22095
-4.21884
-4.21606
-4.21323
-4.2107
-4.20847
-4.20588
-4.20326
-4.20063
-4.19765
-4.19661
-4.19393
-4.19124
-4.18856
-4.18587
-4.18416
-4.18212
-4.17978
-4.17745
-4.17417
-4.17155
-4.16897
-4.1664
-4.16323
-4.16106
-4.15828
-4.15522
-4.15286
-4.15054
-4.14764
-4.14576
-4.14362
-4.14155
-4.13921
-4.13793
-4.13639
-4.1346
-4.13225
-4.12997
-4.12779
-4.12633
-4.12497
-4.12305
-4.12186
-4.12046
-4.11979
-4.11891
-4.11812
-4.11808
-4.1175
-4.11637
-4.11632
-4.1167
-4.11782
-4.11905
-4.11909
-4.11924
-4.11981
-4.12081
-4.12094
-4.1215
-4.12249
-4.12423
-4.12476
-4.12636
-4.12709
-4.12856
-4.12947
-4.1308
-4.13222
-4.13372
-4.13499
-4.13665
-4.13905
-4.14087
-4.14309
-4.1457
-4.14643
-4.14788
-4.15036
-4.15257
-4.15484
-4.15716
-4.15952
-4.16226
-4.16536
-4.16784
-4.17101
-4.17357
-4.17615
-4.17876
-4.18074
-4.18339
-4.18573
-4.18841
-4.1911
-4.19282
-4.19617
-4.1992
-4.20126
-4.20428
-4.20634
-4.2087
-4.21139
-4.21309
-4.21575
-4.21776
-4.22008
-4.22238
-4.22434
-4.22694
-4.22919
-4.23111
-4.23333
-4.23552
-4.23835
-4.24083
-4.2433
-4.24541
-4.24783
-4.2499
-4.25195
-4.25398
-4.25631
-4.25861
-4.26089
-4.26314
-4.26537
-4.26789
-4.27038
-4.27253
-4.27432
-4.27641
-4.27781
-4.28048
-4.28183
-4.28347
-4.28572
-4.2889
-4.29044
-4.29258
-4.29469
-4.29644
-4.29912
-4.30079
-4.30275
-4.30434
-4.30556
-4.30739
-4.30886
-4.31061
-4.31263
-4.31397
-4.31591
-4.31716
-4.31869
-4.31984
-4.32161
-4.323
-4.32305
-4.32404
-4.32432
-4.32554
-4.32639
-4.32654
-4.3273
-4.32737
-4.32772
-4.32835
-4.3283
-4.32917
-4.32969
-4.32984
-4.3319
-4.3323
-4.33202
-4.33235
-4.33297
-4.33355
-4.33378
-4.33398
-4.33382
-4.33428
-4.33472
-4.3348
-4.33518
-4.33456
-4.33424
-4.33454
-4.33449
-4.33507
-4.33498
-4.33486
-4.33473
-4.33457
-4.20626
-4.20574
-4.20554
-4.20567
-4.20548
-4.20594
-4.20576
-4.20559
-4.2051
-4.20462
-4.20415
-4.20466
-4.20453
-4.20442
-4.20431
-4.20488
-4.20448
-4.20442
-4.20438
-4.20468
-4.2037
-4.20436
-4.20439
-4.20412
-4.2042
-4.20559
-4.20539
-4.20554
-4.20636
-4.20624
-4.20648
-4.20674
-4.20704
-4.20737
-4.20774
-4.20846
-4.20955
-4.2097
-4.21054
-4.21044
-4.21103
-4.21102
-4.21136
-4.21143
-4.21187
-4.21235
-4.2132
-4.21313
-4.21407
-4.21408
-4.21447
-4.21555
-4.21668
-4.21785
-4.21907
-4.22033
-4.22099
-4.22234
-4.22374
-4.2255
-4.22699
-4.22818
-4.23007
-4.23199
-4.23395
-4.2353
-4.23668
-4.23841
-4.24017
-4.24195
-4.24376
-4.24592
-4.24745
-4.24964
-4.25087
-4.2518
-4.2537
-4.25528
-4.25719
-4.25877
-4.261
-4.26257
-4.26478
-4.26665
-4.2685
-4.27066
-4.27279
-4.27425
-4.27601
-4.27837
-4.28005
-4.28137
-4.28329
-4.28484
-4.28634
-4.28746
-4.2895
-4.29018
-4.29144
-4.29232
-4.29312
-4.29418
-4.29549
-4.29574
-4.29689
-4.29763
-4.29796
-4.2982
-4.299
-4.29906
-4.29903
-4.29954
-4.29995
-4.29897
-4.2995
-4.29895
-4.29894
-4.29882
-4.29826
-4.29759
-4.29713
-4.29623
-4.29554
-4.29505
-4.29347
-4.29177
-4.2906
-4.2893
-4.2882
-4.28633
-4.28499
-4.28287
-4.28095
-4.2789
-4.27576
-4.2725
-4.26976
-4.26722
-4.26456
-4.26274
-4.2592
-4.25586
-4.25208
-4.24851
-4.24419
-4.24008
-4.2362
-4.23156
-4.22716
-4.22362
-4.21935
-4.21467
-4.20991
-4.20475
-4.20016
-4.19485
-4.19045
-4.18631
-4.18147
-4.1769
-4.17164
-4.16667
-4.16166
-4.15728
-4.15222
-4.14746
-4.14237
-4.13793
-4.13315
-4.12806
-4.12199
-4.11692
-4.11219
-4.10715
-4.10215
-4.09718
-4.09192
-4.08703
-4.08187
-4.07772
-4.07234
-4.06798
-4.06368
-4.05946
-4.05498
-4.0509
-4.04527
-4.04102
-4.03588
-4.03245
-4.02781
-4.02423
-4.0201
-4.01671
-4.01341
-4.01054
-4.00713
-4.00381
-4.00093
-3.99816
-3.99485
-3.99197
-3.98888
-3.98622
-3.98433
-3.98159
-3.9796
-3.97741
-3.97567
-3.97404
-3.97253
-3.97114
-3.96923
-3.96776
-3.96641
-3.96551
-3.96375
-3.96277
-3.9619
-3.96116
-3.96118
-3.961
-3.96062
-3.96003
-3.95955
-3.95823
-3.95831
-3.95818
-3.95849
-3.95956
-3.9601
-3.96107
-3.96182
-3.96268
-3.96396
-3.96471
-3.96684
-3.96843
-3.96979
-3.97124
-3.97245
-3.97441
-3.97613
-3.97793
-3.97982
-3.98308
-3.98512
-3.98724
-3.98943
-3.99072
-3.99304
-3.99543
-3.99854
-4.00137
-4.00394
-4.00721
-4.00956
-4.01228
-4.01505
-4.01753
-4.022
-4.02424
-4.02652
-4.02915
-4.03247
-4.03516
-4.03756
-4.03999
-4.04308
-4.04587
-4.04868
-4.05151
-4.05403
-4.05818
-4.06072
-4.06327
-4.06582
-4.06999
-4.07255
-4.07575
-4.07895
-4.08247
-4.08534
-4.08852
-4.09169
-4.09518
-4.0993
-4.10276
-4.10653
-4.10995
-4.11303
-4.11545
-4.11882
-4.12087
-4.12387
-4.12652
-4.12915
-4.13143
-4.13434
-4.13756
-4.2664
-4.26946
-4.27281
-4.27611
-4.27809
-4.28068
-4.28291
-4.28543
-4.28825
-4.29039
-4.29315
-4.29459
-4.29665
-4.29933
-4.30102
-4.30301
-4.30499
-4.30695
-4.31019
-4.31309
-4.31501
-4.31692
-4.31883
-4.32105
-4.3236
-4.32549
-4.32803
-4.33024
-4.33213
-4.33403
-4.33657
-4.33912
-4.34069
-4.34195
-4.34483
-4.34706
-4.34898
-4.3509
-4.35314
-4.35506
-4.35763
-4.35955
-4.36115
-4.36372
-4.36563
-4.36722
-4.37009
-4.37295
-4.37548
-4.37767
-4.38017
-4.38201
-4.38416
-4.38629
-4.38872
-4.39047
-4.39221
-4.39424
-4.39624
-4.39885
-4.40144
-4.40334
-4.4052
-4.40766
-4.40912
-4.4102
-4.41156
-4.41351
-4.41412
-4.41532
-4.41679
-4.4182
-4.41955
-4.42052
-4.4211
-4.42226
-4.42302
-4.42436
-4.42563
-4.42651
-4.42698
-4.42769
-4.42801
-4.42921
-4.42936
-4.43007
-4.43037
-4.43059
-4.43039
-4.43075
-4.4307
-4.4312
-4.43128
-4.43062
-4.42986
-4.42934
-4.42904
-4.42865
-4.42751
-4.42693
-4.42593
-4.42483
-4.42364
-4.42235
-4.42097
-4.4195
-4.41827
-4.41661
-4.41487
-4.4137
-4.41146
-4.40914
-4.40674
-4.40426
-4.40171
-4.3994
-4.39638
-4.39425
-4.39109
-4.38917
-4.3862
-4.38383
-4.38108
-4.37795
-4.37574
-4.37252
-4.36925
-4.36659
-4.3639
-4.36052
-4.35776
-4.35497
-4.35151
-4.34836
-4.34551
-4.34264
-4.33943
-4.33687
-4.33333
-4.32978
-4.32623
-4.323
-4.3201
-4.31688
-4.31367
-4.31079
-4.30695
-4.30441
-4.30092
-4.29777
-4.29431
-4.29151
-4.28841
-4.28533
-4.2826
-4.27989
-4.27655
-4.27356
-4.27092
-4.26798
-4.26604
-4.26316
-4.25998
-4.25844
-4.25597
-4.25319
-4.25013
-4.2471
-4.24442
-4.24178
-4.23917
-4.23659
-4.23405
-4.23187
-4.22908
-4.22632
-4.22457
-4.22286
-4.22152
-4.21924
-4.21732
-4.21513
-4.21265
-4.21054
-4.20848
-4.20615
-4.20418
-4.20226
-4.20072
-4.19858
-4.19617
-4.19446
-4.19313
-4.19185
-4.19064
-4.18916
-4.18774
-4.18638
-4.18573
-4.18482
-4.18366
-4.18223
-4.18055
-4.17926
-4.17836
-4.17688
-4.17645
-4.17544
-4.17547
-4.1746
-4.17413
-4.17374
-4.17342
-4.17318
-4.17366
-4.17357
-4.17388
-4.17394
-4.17441
-4.17495
-4.17589
-4.17626
-4.17736
-4.17756
-4.17815
-4.17851
-4.17926
-4.17976
-4.18098
-4.18163
-4.18268
-4.18282
-4.18368
-4.18493
-4.18658
-4.18828
-4.18908
-4.19026
-4.19117
-4.19182
-4.19414
-4.19618
-4.19795
-4.20042
-4.20195
-4.20353
-4.20482
-4.20647
-4.20879
-4.21083
-4.21288
-4.21529
-4.2177
-4.21949
-4.22193
-4.22373
-4.22489
-4.22734
-4.22881
-4.23059
-4.23301
-4.23444
-4.23649
-4.23819
-4.23987
-4.24183
-4.24343
-4.24531
-4.24714
-4.24828
-4.24968
-4.25168
-4.25264
-4.25387
-4.25567
-4.25708
-4.25745
-4.25807
-4.25925
-4.25971
-4.26106
-4.26201
-4.26255
-4.26332
-4.26434
-4.26494
-4.26449
-4.26557
-4.26592
-4.26618
-4.26571
-4.2658
-4.26549
-4.26575
-4.26658
-4.26636
-4.26607
-4.26603
-4.2656
-4.26511
