0.799916
0.799664
0.799244
0.798656
0.7979
0.796975
0.795883
0.794624
0.793197
0.791603
0.789842
0.787915
0.785822
0.783563
0.78114
0.778555
0.775808
0.7729
0.769832
0.766605
0.763221
0.75968
0.755983
0.75213
0.748123
0.743962
0.739649
0.735186
0.730577
0.725822
0.720923
0.715882
0.710699
0.705376
0.699916
0.694321
0.688592
0.682734
0.676746
0.670632
0.664394
0.658034
0.651556
0.644963
0.638258
0.631444
0.624525
0.617504
0.610385
0.603171
0.595868
0.588478
0.581005
0.573456
0.565833
0.558142
0.550388
0.542574
0.534706
0.526789
0.518829
0.51083
0.502799
0.494741
0.486662
0.478567
0.470463
0.462355
0.454249
0.446152
0.438069
0.430007
0.421973
0.413972
0.406012
0.398099
0.39024
0.38244
0.374706
0.367044
0.359462
0.351965
0.34456
0.337254
0.330051
0.32296
0.315985
0.309132
0.302407
0.295815
0.289363
0.283055
0.276897
0.270893
0.265048
0.259368
0.253856
0.248517
0.243354
0.238371
0.233571
0.228958
0.224534
0.220302
0.216265
0.212423
0.20878
0.205336
0.202092
0.19905
0.196211
0.193573
0.191138
0.188906
0.186875
0.185044
0.183414
0.181982
0.180747
0.179707
0.17886
0.178203
0.177734
0.177451
0.17735
0.177428
0.177682
0.178107
0.178701
0.179458
0.180376
0.181449
0.182674
0.184045
0.185559
0.187211
0.188995
0.190906
0.19294
0.195092
0.197356
0.199728
0.202202
0.204772
0.207434
0.210183
0.213012
0.215917
0.218893
0.221934
0.225036
0.228193
0.2314
0.234652
0.237945
0.241272
0.244631
0.248014
0.251419
0.254841
0.258274
0.261715
0.265159
0.268603
0.272042
0.275472
0.278889
0.28229
0.28567
0.289026
0.292356
0.295655
0.298922
0.302152
0.305342
0.30849
0.311592
0.314647
0.317651
0.320602
0.323498
0.326337
0.329117
0.331835
0.334491
0.337081
0.339606
0.342064
0.344453
0.346771
0.34902
0.351196
0.353299
0.355328
0.357283
0.359163
0.360967
0.362695
0.364348
0.365925
0.367425
0.36885
0.370199
0.371472
0.372669
0.373793
0.374842
0.375817
0.376719
0.377549
0.378307
0.378994
0.379611
0.380159
0.38064
0.381053
0.381402
0.381686
0.381907
0.382067
0.382168
0.382211
0.382197
0.382128
0.382007
0.381834
0.381611
0.381341
0.381026
0.380668
0.380269
0.379831
0.379355
0.378843
0.378297
0.377721
0.377114
0.37648
0.375821
0.375138
0.374435
0.373713
0.372974
0.372221
0.371456
0.37068
0.369897
0.369107
0.368314
0.367521
0.366728
0.365938
0.365153
0.364375
0.363605
0.362847
0.362101
0.36137
0.360655
0.359957
0.359281
0.358626
0.357995
0.357388
0.356809
0.356257
0.355734
0.355243
0.354784
0.354358
0.353967
0.353612
0.353294
0.353015
0.352775
0.352576
0.352417
0.3523
0.352225
0.352193
0.352204
0.352259
0.352358
0.352502
0.352691
0.352925
0.353204
0.353529
0.353898
0.354312
0.354771
0.355276
0.355825
0.356418
0.357056
0.357737
0.358461
0.359227
0.360035
0.360884
0.800675
0.802024
0.803309
0.804529
0.805683
0.806769
0.807788
0.808737
0.809616
0.810423
0.811159
0.811822
0.812413
0.812928
0.813368
0.813733
0.814023
0.814236
0.814372
0.81443
0.81441
0.814311
0.814134
0.81388
0.813548
0.813138
0.812651
0.812086
0.811443
0.810724
0.809929
0.809059
0.808114
0.807096
0.806004
0.80484
0.803605
0.802301
0.800928
0.799486
0.797979
0.796407
0.794773
0.793077
0.791323
0.789512
0.787646
0.785727
0.783757
0.781738
0.779673
0.777563
0.775412
0.773222
0.770997
0.768739
0.766451
0.764135
0.761795
0.759431
0.757048
0.754648
0.752233
0.749807
0.747375
0.744938
0.742498
0.740059
0.737624
0.735197
0.732778
0.730372
0.727981
0.725608
0.723255
0.720923
0.718617
0.716337
0.714087
0.711868
0.709681
0.707529
0.705414
0.703336
0.701298
0.699301
0.697345
0.695434
0.693567
0.691745
0.68997
0.68824
0.686556
0.684918
0.683327
0.681782
0.680283
0.678829
0.677419
0.676054
0.674733
0.673455
0.672217
0.67102
0.669861
0.66874
0.667654
0.666602
0.665585
0.664599
0.663644
0.662716
0.661813
0.660935
0.660079
0.659245
0.658429
0.65763
0.656845
0.656072
0.655311
0.65456
0.653816
0.653079
0.652344
0.651611
0.650878
0.650143
0.649405
0.648662
0.647914
0.647158
0.646393
0.645617
0.64483
0.644031
0.64322
0.642394
0.641552
0.640694
0.639818
0.638924
0.638013
0.637083
0.636134
0.635166
0.634178
0.633171
0.632144
0.631098
0.630032
0.628946
0.627839
0.626713
0.625568
0.624403
0.623221
0.62202
0.620801
0.619564
0.61831
0.617039
0.615753
0.614451
0.613135
0.611806
0.610463
0.609109
0.607744
0.606367
0.604979
0.603581
0.602174
0.600758
0.599334
0.597904
0.596467
0.595025
0.593578
0.592127
0.590673
0.589217
0.58776
0.586304
0.584849
0.583396
0.581946
0.580499
0.579058
0.577624
0.576197
0.574779
0.57337
0.571971
0.570584
0.569209
0.567847
0.5665
0.565169
0.563855
0.562558
0.56128
0.560022
0.558785
0.557571
0.556381
0.555215
0.554074
0.552959
0.551872
0.550813
0.549783
0.548784
0.547817
0.546882
0.545979
0.545111
0.544277
0.54348
0.54272
0.541997
0.541312
0.540667
0.540063
0.539499
0.538977
0.538498
0.538062
0.53767
0.537322
0.537019
0.536763
0.536552
0.536389
0.536274
0.536208
0.536191
0.536223
0.536305
0.536437
0.536619
0.536852
0.537136
0.537471
0.537856
0.538293
0.53878
0.539318
0.539907
0.540546
0.541235
0.541975
0.542763
0.5436
0.544484
0.545414
0.546391
0.547413
0.548479
0.549588
0.550739
0.55193
0.553161
0.554431
0.555737
0.557079
0.558454
0.559861
0.561299
0.562766
0.564261
0.565781
0.567327
0.568896
0.570487
0.572099
0.573728
0.575373
0.577033
0.578707
0.580393
0.582088
0.583793
0.585506
0.587224
0.588949
0.590677
0.592407
0.594138
0.595869
0.597598
0.599325
0.601049
0.602768
0.604481
0.606189
0.607892
0.609587
0.611273
0.61295
0.800915
0.802754
0.804528
0.806235
0.807876
0.809451
0.81096
0.812402
0.813778
0.815087
0.816331
0.817508
0.818618
0.819663
0.820644
0.821559
0.82241
0.823198
0.823923
0.824586
0.825185
0.825722
0.826198
0.826613
0.826967
0.827262
0.827497
0.827674
0.827792
0.827852
0.827854
0.827799
0.827686
0.827517
0.827293
0.827014
0.82668
0.826292
0.82585
0.825355
0.824807
0.824207
0.823557
0.822855
0.822102
0.821299
0.820446
0.819545
0.818597
0.817602
0.81656
0.815472
0.814337
0.813159
0.811937
0.810673
0.809367
0.808021
0.806635
0.80521
0.803746
0.802245
0.800708
0.799139
0.797538
0.795904
0.79424
0.792548
0.790829
0.789085
0.787318
0.785529
0.783722
0.781896
0.780054
0.7782
0.776334
0.774459
0.772579
0.770694
0.768807
0.76692
0.765036
0.763157
0.761284
0.759422
0.757572
0.755736
0.753916
0.752116
0.750336
0.74858
0.74685
0.745149
0.74348
0.741843
0.740241
0.738676
0.737153
0.735672
0.734235
0.732842
0.731495
0.730196
0.728945
0.727746
0.726599
0.725506
0.72447
0.72349
0.722568
0.721704
0.720898
0.720152
0.719465
0.718838
0.718272
0.717766
0.717319
0.716932
0.716605
0.716337
0.716128
0.715978
0.715887
0.715853
0.715876
0.715955
0.71609
0.71628
0.716524
0.716819
0.717166
0.717563
0.718009
0.718503
0.719042
0.719626
0.720253
0.72092
0.721628
0.722373
0.723153
0.723967
0.724813
0.72569
0.726597
0.727532
0.728491
0.729474
0.730479
0.731503
0.732545
0.733603
0.734673
0.735754
0.736844
0.737942
0.739046
0.740152
0.741259
0.742366
0.74347
0.74457
0.745665
0.746752
0.747831
0.7489
0.749956
0.750999
0.752028
0.753042
0.754037
0.755014
0.755972
0.756908
0.757822
0.758713
0.75958
0.760422
0.761239
0.76203
0.762796
0.763535
0.764247
0.764934
0.765594
0.766226
0.766831
0.767409
0.76796
0.768484
0.768981
0.769453
0.769898
0.770318
0.770713
0.771083
0.771429
0.771753
0.772054
0.772333
0.77259
0.772826
0.773042
0.773239
0.773417
0.773577
0.773719
0.773843
0.773951
0.774043
0.774119
0.77418
0.774227
0.774261
0.774282
0.774291
0.774289
0.774276
0.774252
0.774217
0.774173
0.774119
0.774054
0.77398
0.773896
0.773803
0.773701
0.773592
0.773474
0.77335
0.773219
0.773082
0.77294
0.772793
0.772641
0.772485
0.772325
0.772162
0.771997
0.77183
0.771661
0.771489
0.771317
0.771144
0.77097
0.770795
0.77062
0.770445
0.770271
0.770098
0.769927
0.769758
0.769591
0.769427
0.769265
0.769106
0.768949
0.768796
0.768644
0.768496
0.76835
0.768205
0.768063
0.767923
0.767787
0.767653
0.767521
0.767391
0.767264
0.767138
0.767014
0.766891
0.766768
0.766646
0.766523
0.7664
0.766275
0.766148
0.76602
0.76589
0.765758
0.765623
0.765485
0.765343
0.765196
0.765042
0.764882
0.764714
0.764537
0.764351
0.764156
0.763949
0.76373
0.763498
0.763252
0.762992
0.762717
0.762426
0.799802
0.79944
0.799046
0.798619
0.798159
0.797664
0.797134
0.796567
0.795962
0.795318
0.794635
0.793909
0.793141
0.792329
0.791473
0.790571
0.789624
0.78863
0.787589
0.786498
0.785357
0.784166
0.782924
0.781632
0.780289
0.778894
0.777446
0.775946
0.774393
0.772787
0.771127
0.769415
0.767649
0.765831
0.763962
0.762042
0.760072
0.758053
0.755985
0.75387
0.751709
0.749504
0.747254
0.744963
0.742632
0.740262
0.737857
0.735417
0.732945
0.730442
0.727911
0.725355
0.722775
0.720176
0.717559
0.714927
0.712284
0.709632
0.706976
0.704318
0.701661
0.699008
0.696363
0.69373
0.691111
0.688511
0.685932
0.683381
0.68086
0.678374
0.675925
0.673517
0.671154
0.668838
0.666574
0.664366
0.662217
0.660131
0.658112
0.656163
0.654285
0.652485
0.650763
0.649124
0.647569
0.646101
0.644723
0.643437
0.642246
0.641152
0.640155
0.639259
0.638465
0.637773
0.637184
0.6367
0.636321
0.636047
0.63588
0.635818
0.63586
0.636008
0.636258
0.636611
0.637064
0.637615
0.638263
0.639006
0.639843
0.64077
0.641785
0.642885
0.644067
0.645328
0.646664
0.648074
0.649553
0.651099
0.652708
0.654376
0.6561
0.657877
0.659703
0.661574
0.663488
0.665442
0.667431
0.669452
0.671502
0.673578
0.675679
0.6778
0.679939
0.682093
0.68426
0.686436
0.688621
0.690813
0.693009
0.695209
0.697409
0.69961
0.701809
0.704004
0.706197
0.708384
0.710567
0.712744
0.714915
0.717081
0.71924
0.721394
0.723541
0.725682
0.727818
0.729948
0.732073
0.734193
0.73631
0.738423
0.740534
0.742642
0.744749
0.746856
0.748961
0.751064
0.753167
0.755271
0.757374
0.759477
0.761581
0.763685
0.76579
0.767894
0.769999
0.772103
0.774206
0.776309
0.778409
0.780506
0.782599
0.784686
0.786766
0.78884
0.790904
0.792958
0.795003
0.797035
0.799053
0.801055
0.80304
0.805008
0.806955
0.808883
0.810788
0.812671
0.814528
0.816358
0.818159
0.81993
0.821671
0.823378
0.82505
0.826686
0.828284
0.829843
0.831362
0.83284
0.834277
0.83567
0.837019
0.838324
0.839584
0.840799
0.841968
0.843091
0.844167
0.845195
0.846175
0.847107
0.847992
0.848829
0.849618
0.850359
0.851051
0.851695
0.85229
0.852838
0.853339
0.853794
0.854204
0.854567
0.854886
0.855159
0.855387
0.855572
0.855713
0.855812
0.85587
0.855887
0.855865
0.855804
0.855705
0.855567
0.855392
0.855182
0.854935
0.854653
0.854336
0.853986
0.853603
0.853188
0.852741
0.852263
0.851756
0.851218
0.85065
0.850054
0.84943
0.848778
0.8481
0.847395
0.846664
0.845908
0.845127
0.844321
0.843492
0.84264
0.841765
0.84087
0.839955
0.839021
0.838067
0.837095
0.836105
0.835097
0.834073
0.833033
0.831978
0.830908
0.829823
0.828724
0.827615
0.826493
0.825362
0.82422
0.82307
0.82191
0.820741
0.819565
0.818382
0.817193
0.815999
0.814801
0.813599
0.812394
0.811186
0.809977
0.808767
0.807556
0.799374
0.798172
0.796974
0.795779
0.79459
0.793405
0.792227
0.791053
0.789886
0.788725
0.787572
0.786425
0.785286
0.784155
0.783032
0.781917
0.780811
0.779713
0.778621
0.777538
0.776461
0.775392
0.774329
0.773273
0.772222
0.771176
0.770136
0.769099
0.768068
0.767041
0.766017
0.764996
0.763979
0.762964
0.761954
0.760946
0.759939
0.758932
0.757927
0.756921
0.755915
0.754909
0.753904
0.752898
0.751892
0.750887
0.749881
0.748876
0.747873
0.746871
0.745871
0.744873
0.743877
0.742885
0.741897
0.740914
0.739937
0.738968
0.738006
0.737053
0.736111
0.73518
0.734263
0.733361
0.732475
0.731606
0.730756
0.729925
0.729117
0.728332
0.727572
0.726839
0.726133
0.725456
0.724809
0.724195
0.723615
0.723068
0.722556
0.722081
0.721645
0.721247
0.720889
0.720572
0.720295
0.720059
0.719867
0.719718
0.719611
0.719545
0.719521
0.719538
0.719596
0.719694
0.719831
0.720007
0.72022
0.72047
0.720755
0.721075
0.721427
0.721808
0.722218
0.722654
0.723114
0.723596
0.7241
0.724622
0.72516
0.725712
0.726275
0.726848
0.727428
0.728013
0.728602
0.729192
0.72978
0.730365
0.730944
0.731515
0.732076
0.732625
0.73316
0.73368
0.734185
0.734671
0.735137
0.73558
0.736
0.736396
0.736765
0.737109
0.737425
0.737712
0.737969
0.738195
0.73839
0.738553
0.738685
0.738784
0.738852
0.738886
0.738887
0.738856
0.738792
0.738695
0.738565
0.738402
0.738206
0.737977
0.737715
0.737421
0.737096
0.736739
0.736353
0.735935
0.735489
0.735015
0.734513
0.733984
0.733427
0.732845
0.732238
0.731607
0.730952
0.730274
0.729576
0.728859
0.728122
0.727369
0.726598
0.725812
0.725011
0.724197
0.723371
0.722535
0.721689
0.720836
0.719977
0.719113
0.718247
0.717378
0.716509
0.715641
0.714776
0.713916
0.713062
0.712216
0.71138
0.710554
0.709741
0.708943
0.70816
0.707395
0.706648
0.705921
0.705216
0.704534
0.703876
0.703244
0.70264
0.702064
0.701518
0.701003
0.700519
0.700068
0.69965
0.699266
0.698918
0.698607
0.698332
0.698095
0.697895
0.697733
0.697609
0.697523
0.697476
0.697467
0.697496
0.697563
0.697667
0.697809
0.697986
0.6982
0.69845
0.698734
0.699053
0.699405
0.69979
0.700205
0.700649
0.701122
0.70162
0.702143
0.702688
0.703254
0.703841
0.704446
0.705067
0.705701
0.706348
0.707004
0.707667
0.708335
0.709006
0.709678
0.710349
0.711017
0.711679
0.712334
0.712979
0.713612
0.714232
0.714837
0.715425
0.715994
0.716544
0.717072
0.717579
0.718062
0.718519
0.71895
0.719353
0.719727
0.720073
0.720389
0.720675
0.720932
0.721158
0.721353
0.721519
0.721657
0.721766
0.721848
0.721901
0.721927
0.721926
0.7219
0.72185
0.721778
0.721684
0.72157
0.721439
0.721292
0.72113
0.720955
0.72077
0.720575
0.720373
0.720165
0.719952
0.719737
0.719521
0.719307
0.719096
0.71889
0.71869
0.7185
0.71832
0.718153
0.799899
0.799749
0.799593
0.799433
0.799269
0.799104
0.798937
0.79877
0.798603
0.798437
0.798273
0.798111
0.797952
0.797796
0.797645
0.797498
0.797354
0.797215
0.79708
0.796949
0.796822
0.7967
0.796583
0.796471
0.796364
0.79626
0.796159
0.796061
0.795966
0.795873
0.795783
0.795695
0.795609
0.795525
0.795442
0.795361
0.79528
0.795201
0.795124
0.795049
0.794975
0.794904
0.794836
0.794771
0.794709
0.79465
0.794595
0.794543
0.794496
0.794454
0.794417
0.794388
0.794366
0.794353
0.794351
0.794359
0.794379
0.794411
0.794458
0.794519
0.794597
0.794692
0.794807
0.794943
0.795099
0.795278
0.79548
0.795706
0.795958
0.796239
0.796548
0.796887
0.797256
0.797656
0.798089
0.798557
0.799061
0.799601
0.800177
0.800791
0.801442
0.802133
0.802864
0.803634
0.804444
0.805294
0.806185
0.807118
0.808092
0.809106
0.810162
0.811257
0.812393
0.813569
0.814784
0.816038
0.817329
0.818658
0.820024
0.821425
0.822861
0.824332
0.825834
0.827368
0.828931
0.830522
0.83214
0.833782
0.835448
0.837135
0.838843
0.840569
0.842312
0.844068
0.845835
0.847613
0.849399
0.851189
0.852981
0.854773
0.856563
0.858348
0.860127
0.861895
0.863652
0.865395
0.867122
0.868829
0.870515
0.872177
0.873813
0.87542
0.876997
0.87854
0.880046
0.881513
0.88294
0.884324
0.885662
0.886952
0.888194
0.889385
0.890523
0.891606
0.892633
0.893601
0.894511
0.895361
0.896149
0.896872
0.89753
0.898122
0.898646
0.899102
0.89949
0.89981
0.900061
0.900242
0.900355
0.900399
0.900373
0.900276
0.900109
0.899874
0.899569
0.899195
0.898753
0.898245
0.897672
0.897035
0.896334
0.895571
0.894746
0.89386
0.892915
0.891913
0.890855
0.889743
0.88858
0.887365
0.886102
0.884792
0.883437
0.88204
0.880603
0.879128
0.877617
0.876072
0.874495
0.872888
0.871254
0.869595
0.867914
0.866211
0.86449
0.862752
0.860999
0.859233
0.857456
0.855671
0.853878
0.852079
0.850278
0.848473
0.84667
0.844868
0.84307
0.841276
0.839487
0.837704
0.835927
0.834159
0.832398
0.830647
0.828906
0.827175
0.825456
0.823749
0.822054
0.820372
0.818703
0.817048
0.815407
0.81378
0.812167
0.810569
0.808986
0.807419
0.805868
0.804333
0.802814
0.801313
0.79983
0.798365
0.796917
0.795488
0.794077
0.792686
0.791316
0.789966
0.788639
0.787332
0.786048
0.784786
0.783548
0.782334
0.781143
0.779977
0.778837
0.777723
0.776636
0.775577
0.774544
0.773539
0.772562
0.771613
0.770693
0.769801
0.76894
0.768109
0.767307
0.766534
0.765791
0.765077
0.764394
0.763739
0.763115
0.76252
0.761956
0.761421
0.760914
0.760437
0.759988
0.759566
0.75917
0.758801
0.758458
0.75814
0.757848
0.757581
0.757338
0.757119
0.756922
0.756747
0.756594
0.756462
0.756351
0.756258
0.756184
0.756129
0.756092
0.756073
0.756073
0.756089
0.75612
0.756167
0.756229
0.756305
0.756395
0.756497
0.800038
0.800172
0.800305
0.800434
0.800561
0.800684
0.800804
0.800919
0.801029
0.801134
0.801232
0.801324
0.801408
0.801484
0.801552
0.80161
0.801659
0.801698
0.801725
0.801741
0.801745
0.801738
0.801717
0.801682
0.801631
0.801565
0.801484
0.801384
0.801267
0.801131
0.800975
0.800799
0.800601
0.800381
0.800136
0.799868
0.799576
0.79926
0.798918
0.79855
0.798155
0.797734
0.797286
0.796808
0.796302
0.795766
0.795199
0.794601
0.793973
0.793314
0.792624
0.791905
0.791154
0.790372
0.78956
0.788718
0.787846
0.786944
0.786013
0.785053
0.784065
0.78305
0.782008
0.780942
0.779852
0.778739
0.777605
0.77645
0.775277
0.774086
0.772879
0.771657
0.770423
0.769177
0.767922
0.766661
0.765394
0.764123
0.76285
0.761578
0.76031
0.759046
0.757789
0.756541
0.755305
0.754083
0.752876
0.751687
0.750518
0.749372
0.748252
0.747158
0.746093
0.745059
0.74406
0.743096
0.74217
0.741285
0.740441
0.739642
0.73889
0.738184
0.737529
0.736927
0.736379
0.735885
0.735449
0.735071
0.734754
0.734498
0.734307
0.734181
0.734122
0.73413
0.734209
0.734359
0.734581
0.734878
0.735249
0.735695
0.736217
0.736816
0.737494
0.738251
0.739088
0.740005
0.741003
0.742084
0.743247
0.744494
0.745823
0.747236
0.748732
0.750311
0.751972
0.753717
0.755544
0.757454
0.759445
0.761515
0.763665
0.765891
0.768194
0.770571
0.773021
0.775543
0.778133
0.780791
0.783514
0.7863
0.789146
0.792051
0.795011
0.798022
0.801082
0.804189
0.80734
0.81053
0.813758
0.817018
0.820308
0.823624
0.826962
0.830319
0.833693
0.837078
0.84047
0.843868
0.847267
0.850664
0.854057
0.857441
0.860812
0.864168
0.867504
0.870818
0.874107
0.877366
0.880595
0.883789
0.886948
0.890069
0.893148
0.896182
0.899169
0.902106
0.904993
0.907827
0.910606
0.913327
0.91599
0.918591
0.92113
0.923606
0.926017
0.928363
0.93064
0.932848
0.934985
0.937051
0.939043
0.940962
0.942806
0.944575
0.946268
0.947883
0.949421
0.950881
0.952261
0.953562
0.954784
0.955924
0.956984
0.957964
0.958862
0.959681
0.960419
0.961076
0.961652
0.962148
0.962565
0.962902
0.96316
0.963337
0.963436
0.963458
0.963403
0.963271
0.963064
0.962782
0.962426
0.961997
0.961495
0.960923
0.960281
0.95957
0.958793
0.957952
0.957047
0.956081
0.955053
0.953966
0.95282
0.951617
0.95036
0.94905
0.947688
0.946277
0.944816
0.943309
0.941758
0.940164
0.938528
0.936853
0.935139
0.933391
0.93161
0.929797
0.927952
0.926078
0.924177
0.922252
0.920303
0.918331
0.916338
0.914325
0.912294
0.910246
0.908183
0.906106
0.904015
0.901914
0.899802
0.897683
0.895558
0.893428
0.891295
0.88916
0.887025
0.88489
0.882756
0.880625
0.878498
0.876376
0.874259
0.87215
0.870051
0.867961
0.865882
0.863815
0.86176
0.859718
0.857689
0.855674
0.853675
0.85169
0.84972
0.847765
0.845825
0.843901
0.799051
0.797227
0.795428
0.793654
0.791904
0.790179
0.788475
0.786793
0.785131
0.783488
0.781864
0.780259
0.778671
0.777098
0.77554
0.773995
0.772463
0.770941
0.769429
0.767925
0.766428
0.764938
0.763453
0.761971
0.76049
0.759012
0.757536
0.756059
0.754582
0.753104
0.751624
0.750143
0.748659
0.747174
0.745687
0.744197
0.742705
0.741211
0.739715
0.738218
0.73672
0.735222
0.733726
0.732232
0.73074
0.729252
0.727768
0.726292
0.724823
0.723363
0.72191
0.720467
0.719035
0.717617
0.716213
0.714824
0.713453
0.7121
0.710766
0.709453
0.708163
0.706898
0.705657
0.704444
0.70326
0.702106
0.700984
0.699896
0.698844
0.697827
0.696847
0.695906
0.695006
0.694146
0.69333
0.692558
0.691831
0.691152
0.690521
0.689939
0.689409
0.68893
0.688505
0.688134
0.68782
0.687562
0.687361
0.687217
0.687133
0.687108
0.687144
0.687243
0.687405
0.687629
0.687917
0.688267
0.688681
0.689158
0.689699
0.690304
0.690973
0.691705
0.6925
0.693357
0.694276
0.695255
0.696296
0.697397
0.698557
0.699775
0.70105
0.70238
0.703764
0.705201
0.706688
0.708225
0.70981
0.71144
0.713115
0.714833
0.716592
0.718389
0.720224
0.722094
0.723997
0.725931
0.727894
0.729882
0.731895
0.733931
0.735987
0.738061
0.740151
0.742257
0.744374
0.746501
0.748636
0.750778
0.752925
0.755075
0.757226
0.759377
0.761527
0.763673
0.765815
0.767951
0.77008
0.772201
0.774313
0.776415
0.778506
0.780585
0.782651
0.784704
0.786742
0.788766
0.790776
0.792768
0.794744
0.796703
0.798644
0.800568
0.802473
0.804359
0.806227
0.808075
0.809901
0.811707
0.813491
0.815254
0.816994
0.818711
0.820405
0.822075
0.823721
0.825343
0.82694
0.828512
0.830058
0.831577
0.833069
0.834533
0.835967
0.837371
0.838746
0.840089
0.841399
0.842677
0.843921
0.845133
0.846308
0.847448
0.848552
0.849617
0.850644
0.851632
0.852578
0.853483
0.854347
0.855168
0.855947
0.856681
0.857371
0.858016
0.858615
0.859168
0.859674
0.860132
0.860541
0.860903
0.861216
0.861478
0.86169
0.861851
0.861962
0.862024
0.862033
0.861991
0.861898
0.861752
0.861556
0.861308
0.86101
0.860661
0.860261
0.859811
0.85931
0.85876
0.858159
0.85751
0.856813
0.856069
0.855279
0.854445
0.853567
0.852645
0.851683
0.85068
0.849639
0.848561
0.847448
0.846302
0.845121
0.84391
0.842669
0.841402
0.84011
0.838795
0.83746
0.836105
0.834734
0.833348
0.831951
0.830546
0.829133
0.827716
0.826298
0.824881
0.823468
0.822061
0.820665
0.819282
0.817913
0.816563
0.815232
0.813924
0.812642
0.811389
0.810166
0.808977
0.807824
0.806708
0.805633
0.804601
0.803614
0.802673
0.80178
0.800938
0.800147
0.799409
0.798725
0.798095
0.79752
0.797002
0.796541
0.796137
0.79579
0.795503
0.795272
0.795098
0.79498
0.794916
0.794907
0.794951
0.795047
0.795193
0.795387
0.795628
0.795913
0.79624
