0.801298
0.80752
0.811896
0.812254
0.808063
0.80052
0.791979
0.784873
0.780836
0.780166
0.782243
0.785956
0.790142
0.793717
0.795664
0.794968
0.790878
0.783128
0.772198
0.759426
0.746819
0.736876
0.732274
0.73527
0.747191
0.767895
0.79568
0.827636
0.860311
0.890248
0.91439
0.930385
0.936688
0.93263
0.918444
0.895058
0.864043
0.827492
0.788045
0.748758
0.71302
0.684272
0.665694
0.659742
0.66753
0.688149
0.718743
0.755322
0.793871
0.830886
0.863511
0.889504
0.907134
0.915204
0.913168
0.901127
0.880162
0.852659
0.822208
0.793251
0.769919
0.75493
0.748878
0.750542
0.757949
0.769243
0.783006
0.797895
0.812219
0.8239
0.830833
0.831518
0.825345
0.813084
0.79687
0.779817
0.765269
0.756114
0.754096
0.759495
0.771308
0.787555
0.805659
0.822798
0.836285
0.84408
0.845058
0.839116
0.827194
0.810913
0.792334
0.77356
0.75646
0.742567
0.733022
0.728481
0.729169
0.734895
0.745144
0.759059
0.775529
0.793146
0.810327
0.825551
0.837464
0.844981
0.847349
0.844258
0.835983
0.823409
0.807611
0.789758
0.771138
0.753473
0.739003
0.730161
0.728741
0.735165
0.748457
0.766843
0.788415
0.811295
0.833561
0.853298
0.868909
0.879339
0.884203
0.883617
0.878023
0.867818
0.853419
0.835515
0.81528
0.794403
0.775055
0.759432
0.749021
0.744081
0.74371
0.746295
0.75012
0.753912
0.757138
0.760039
0.763459
0.768359
0.775294
0.784083
0.793882
0.803427
0.811489
0.817085
0.819496
0.818278
0.813433
0.805561
0.795928
0.786407
0.779158
0.776368
0.779727
0.789562
0.804172
0.820225
0.834233
0.843991
0.848956
0.849866
0.847916
0.844304
0.839735
0.83434
0.827779
0.819504
0.809081
0.796414
0.781898
0.766407
0.751244
0.73806
0.728633
0.724593
0.727094
0.736483
0.751947
0.771285
0.79125
0.808242
0.819452
0.823627
0.821183
0.813854
0.80402
0.794185
0.786531
0.782727
0.78374
0.789713
0.800052
0.813442
0.827945
0.841213
0.850893
0.855262
0.853744
0.847171
0.837622
0.827652
0.819472
0.814194
0.811605
0.810365
0.80875
0.805318
0.799631
0.79236
0.785059
0.779382
0.776504
0.776587
0.778766
0.781583
0.783623
0.784129
0.783274
0.781906
0.78102
0.781208
0.782474
0.784591
0.787467
0.791404
0.796813
0.804005
0.812865
0.822731
0.832463
0.840662
0.845895
0.846936
0.843019
0.834482
0.823408
0.813468
0.807806
0.806256
0.80526
0.801042
0.792461
0.781285
0.770753
0.764082
0.763305
0.768939
0.78002
0.794467
0.80973
0.823483
0.834038
0.840554
0.842876
0.841116
0.8354
0.825825
0.812763
0.797269
0.781115
0.766445
0.754979
0.747551
0.743941
0.743352
0.744835
0.747674
0.751332
0.75531
0.759147
0.762532
0.765372
0.767789
0.770077
0.772633
0.775841
0.780036
0.785238
0.791128
0.797098
0.802592
0.807454
0.812196
0.817665
0.824455
0.832191
0.839471
0.844332
0.845212
0.841525
0.833978
0.824253
0.814413
0.806386
0.801509
0.800473
0.803242
0.809004
0.81613
0.822389
0.825516
0.823599
0.815629
0.801896
0.784061
0.764914
0.747534
0.734304
0.726106
0.722377
0.721655
0.722407
0.723615
0.725065
0.727355
0.731562
0.738785
0.749728
0.764419
0.782185
0.801936
0.822347
0.842054
0.859682
0.873844
0.883267
0.887008
0.884824
0.877393
0.866465
0.854591
0.844596
0.838921
0.838965
0.844567
0.854046
0.864306
0.871537
0.872141
0.863786
0.846055
0.820733
0.791522
0.763128
0.740077
0.72555
0.720679
0.724661
0.735353
0.750072
0.766135
0.781247
0.793694
0.802507
0.807526
0.809319
0.808958
0.807576
0.806033
0.804688
0.803427
0.802058
0.800547
0.799165
0.798372
0.798425
0.799108
0.799686
0.799101
0.796547
0.791956
0.786192
0.780759
0.776857
0.774855
0.774168
0.773807
0.772736
0.770136
0.76556
0.759061
0.751325
0.743575
0.737362
0.734172
0.734967
0.740019
0.749018
0.761282
0.775841
0.791618
0.807578
0.822785
0.836394
0.847474
0.854882
0.857436
0.854403
0.846192
0.834536
0.822231
0.812326
0.807316
0.808403
0.815526
0.827667
0.843177
0.860106
0.876388
0.890187
0.900019
0.904862
0.904004
0.896947
0.883453
0.86389
0.839531
0.812679
0.786335
0.763545
0.746567
0.73625
0.732083
0.732678
0.736349
0.741637
0.747307
0.752397
0.756235
0.758589
0.759593
0.759782
0.759997
0.761215
0.764392
0.770402
0.779744
0.792258
0.806835
0.821544
0.833919
0.841657
0.843304
0.838898
0.830144
0.8198
0.810499
0.803679
0.79939
0.797069
0.796209
0.796637
0.798606
0.802455
0.808333
0.815963
0.824732
0.833836
0.842417
0.849742
0.855259
0.858543
0.859379
0.857659
0.853442
0.846923
0.838561
0.828996
0.818973
0.809169
0.799895
0.791057
0.782307
0.773217
0.763421
0.752853
0.741776
0.730811
0.720635
0.711889
0.704946
0.69987
0.696668
0.695447
0.696578
0.700772
0.708847
0.721489
0.738778
0.759764
0.782658
0.805223
0.825453
0.842062
0.854624
0.863452
0.869134
0.872028
0.872255
0.86983
0.86497
0.858228
0.850157
0.840789
0.829485
0.815426
0.798403
0.779497
0.761253
0.747077
0.739885
0.740992
0.749436
0.762124
0.774869
0.784132
0.78833
0.788104
0.785673
0.783546
0.783719
0.787252
0.794384
0.804722
0.817726
0.832898
0.849721
0.867123
0.883161
0.895432
0.902002
0.902152
0.896266
0.885433
0.871061
0.854548
0.837227
0.820434
0.805701
0.794841
0.789261
0.788956
0.792157
0.796296
0.799165
0.799378
0.796428
0.790508
0.782395
0.773286
0.764394
0.756486
0.749803
0.74436
0.740346
0.738287
0.739065
0.743743
0.753165
0.767378
0.785399
0.805014
0.823419
0.837864
0.846419
0.848293
0.843831
0.834437
0.822497
0.810919
0.802248
0.79748
0.795861
0.795655
0.795129
0.793168
0.789419
0.784139
0.77814
0.772666
0.769207
0.769314
0.774115
0.783836
0.797463
0.812833
0.827318
0.838671
0.845475
0.847522
0.84554
0.840833
0.834813
0.828573
0.822789
0.817593
0.812894
0.808389
0.803805
0.798949
0.793756
0.788441
0.783463
0.779468
0.776882
0.775772
0.775753
0.7762
0.776614
0.776856
0.77722
0.7781
0.779764
0.782133
0.784666
0.786703
0.787665
0.787364
0.786074
0.784491
0.783505
0.783961
0.786192
0.790011
0.794832
0.799928
0.804699
0.808795
0.812054
0.814436
0.815949
0.81656
0.816168
0.814637
0.811664
0.806943
0.80042
0.792621
0.784807
0.778744
0.775913
0.776737
0.780333
0.784939
0.788796
0.790913
0.791213
0.790345
0.789162
0.788302
0.788145
0.789012
0.791291
0.795353
0.801421
0.809453
0.819168
0.82998
0.840966
0.850789
0.857861
0.860722
0.85864
0.851908
0.841931
0.830768
0.820571
0.813073
0.809398
0.809867
0.813914
0.820078
0.826288
0.83015
0.829389
0.822141
0.807294
0.78471
0.755382
0.72168
0.687252
0.656555
0.63391
0.622413
0.623176
0.635412
0.656992
0.68513
0.716788
0.749001
0.779221
0.805581
0.826957
0.842883
0.85342
0.858964
0.860156
0.857848
0.853261
0.847963
0.843629
0.841706
0.842897
0.846796
0.852155
0.857412
0.861305
0.863034
0.862204
0.858598
0.852281
0.843665
0.833671
0.823623
0.814824
0.808295
0.804431
0.803019
0.803465
0.804915
0.806303
0.806468
0.804447
0.799851
0.793127
0.78547
0.778542
0.774005
0.773062
0.776014
0.782216
0.790241
0.798168
0.804151
0.80696
0.806175
0.802259
0.796261
0.789629
0.783793
0.779849
0.7783
0.778983
0.78131
0.784671
0.788668
0.79296
0.796972
0.799824
0.800739
0.799448
0.796249
0.791865
0.787081
0.78262
0.779161
0.777414
0.778245
0.782461
0.790486
0.801946
0.815559
0.829376
0.841199
0.849088
0.851805
0.849029
0.841203
0.829562
0.815971
0.802578
0.791384
0.783891
0.780784
0.78189
0.786326
0.792631
0.799231
0.805032
0.809857
0.814348
0.819492
0.825911
0.83323
0.84006
0.844303
0.843949
0.837853
0.826009
0.809801
0.791786
0.775096
0.762562
0.755665
0.754254
0.757088
0.762815
0.770532
0.779752
0.789919
0.800219
0.809526
0.816698
0.820984
0.822188
0.820689
0.817387
0.813358
0.809635
0.80679
0.804816
0.803173
0.800902
0.796993
0.790638
0.781644
0.770783
0.75977
0.750796
0.745675
0.745022
0.748027
0.752911
0.757903
0.762107
0.765819
0.769823
0.774501
0.779514
0.783996
0.787196
0.788825
0.789141
0.789116
0.790533
0.795557
0.805869
0.821411
0.84019
0.859002
0.874934
0.886058
0.891635
0.891877
0.887731
0.880707
0.8726
0.865107
0.859362
0.855583
0.853032
0.850268
0.845737
0.838147
0.826884
0.812082
0.794611
0.775903
0.757608
0.741289
0.728058
0.718488
0.712683
0.710637
0.712437
0.718069
0.727106
0.738403
0.750147
0.760435
0.767841
0.772064
0.774004
0.775433
0.778016
0.782549
0.788754
0.795682
0.802331
0.807988
0.812248
0.814731
0.81502
0.812719
0.807727
0.800651
0.792765
0.785785
0.781239
0.779942
0.781791
0.785852
0.790659
0.794704
0.796751
0.796154
0.79295
0.787746
0.781634
0.775934
0.771933
0.770659
0.772513
0.777243
0.78386
0.790992
0.797342
0.802088
0.805035
0.806559
0.807576
0.809267
0.812827
0.81905
0.827858
0.838209
0.848528
0.857125
0.862582
0.864007
0.861212
0.854792
0.846171
0.837416
0.830631
0.827273
0.827787
0.831362
0.836107
0.839828
0.840937
0.838981
0.834436
0.827942
0.819838
0.809944
0.797868
0.783524
0.7675
0.751213
0.736721
0.726235
0.721162
0.721359
0.725349
0.731287
0.738013
0.745233
0.753187
0.76195
0.771057
0.77969
0.787093
0.792854
0.796829
0.798962
0.799156
0.797416
0.794085
0.789856
0.785664
0.782342
0.780417
0.779926
0.780596
0.782029
0.783851
0.785762
0.787702
0.789795
0.792449
0.796253
0.801731
0.809169
0.818219
0.827912
0.836672
0.842691
0.844386
0.841186
0.834039
0.825584
0.819069
0.816482
0.817557
0.820534
0.823603
0.825666
0.826237
0.825328
0.823083
0.819903
0.81675
