-4.2585
-4.25111
-4.24455
-4.24466
-4.25063
-4.26194
-4.27313
-4.28735
-4.29503
-4.29765
-4.29551
-4.28897
-4.28269
-4.27733
-4.27376
-4.27125
-4.27738
-4.28965
-4.30702
-4.32617
-4.34605
-4.35999
-4.36657
-4.35949
-4.33999
-4.30796
-4.26564
-4.21739
-4.17161
-4.1293
-4.09212
-4.0691
-4.05964
-4.068
-4.09122
-4.12695
-4.16991
-4.22279
-4.27969
-4.33927
-4.3932
-4.43567
-4.46256
-4.47343
-4.4611
-4.42953
-4.38591
-4.33105
-4.27517
-4.21868
-4.16974
-4.13205
-4.10754
-4.09415
-4.09655
-4.11526
-4.14638
-4.18699
-4.23201
-4.27447
-4.31044
-4.33454
-4.34459
-4.34177
-4.32936
-4.31178
-4.28984
-4.26492
-4.24246
-4.22527
-4.21519
-4.21546
-4.2231
-4.24278
-4.26613
-4.29235
-4.31676
-4.33017
-4.33546
-4.32575
-4.30576
-4.28269
-4.25391
-4.22918
-4.21154
-4.19888
-4.19709
-4.20406
-4.22065
-4.24539
-4.27196
-4.30142
-4.32674
-4.34726
-4.3619
-4.36903
-4.36541
-4.35779
-4.34275
-4.32479
-4.30008
-4.27269
-4.24757
-4.22603
-4.20913
-4.1985
-4.19722
-4.20088
-4.21265
-4.23183
-4.25715
-4.28651
-4.31444
-4.34061
-4.36296
-4.37558
-4.37641
-4.36646
-4.34684
-4.31765
-4.28561
-4.24903
-4.21531
-4.18376
-4.16261
-4.14632
-4.13838
-4.14023
-4.14732
-4.16231
-4.18391
-4.21141
-4.24079
-4.27275
-4.30274
-4.32844
-4.34276
-4.34823
-4.34879
-4.34265
-4.33885
-4.33349
-4.32703
-4.32559
-4.31884
-4.31279
-4.30044
-4.28499
-4.27094
-4.25954
-4.24712
-4.23873
-4.23414
-4.23597
-4.24421
-4.25666
-4.26981
-4.28345
-4.29432
-4.29785
-4.29346
-4.28098
-4.26004
-4.23693
-4.21592
-4.20128
-4.19254
-4.19053
-4.19183
-4.19757
-4.20604
-4.21317
-4.22398
-4.23736
-4.25008
-4.26844
-4.28924
-4.31441
-4.33619
-4.35531
-4.3701
-4.37584
-4.37046
-4.35735
-4.33416
-4.30451
-4.27586
-4.2507
-4.23356
-4.22633
-4.23032
-4.24325
-4.25832
-4.27145
-4.28423
-4.29026
-4.28777
-4.28075
-4.2633
-4.2416
-4.22146
-4.20124
-4.18542
-4.17758
-4.1818
-4.191
-4.20532
-4.22028
-4.23254
-4.24079
-4.24564
-4.24847
-4.2496
-4.25508
-4.26393
-4.27516
-4.28708
-4.29592
-4.30153
-4.30141
-4.29975
-4.29585
-4.29215
-4.29139
-4.29332
-4.2944
-4.29411
-4.29382
-4.29128
-4.28746
-4.28347
-4.27918
-4.27139
-4.25931
-4.24667
-4.23057
-4.21598
-4.204
-4.19648
-4.19492
-4.20112
-4.21392
-4.23053
-4.24673
-4.25393
-4.25755
-4.25905
-4.26311
-4.27922
-4.29339
-4.31048
-4.32016
-4.3197
-4.30996
-4.29366
-4.27005
-4.2491
-4.23107
-4.21556
-4.20741
-4.20554
-4.2085
-4.21643
-4.23015
-4.24682
-4.26974
-4.29332
-4.3163
-4.33317
-4.34464
-4.35038
-4.35256
-4.34969
-4.34284
-4.33864
-4.33365
-4.3266
-4.32347
-4.31694
-4.31234
-4.30632
-4.30216
-4.29897
-4.29041
-4.28358
-4.27474
-4.26547
-4.25625
-4.24896
-4.24184
-4.23364
-4.22248
-4.21153
-4.20093
-4.19559
-4.19427
-4.20044
-4.21176
-4.22635
-4.24208
-4.25185
-4.26078
-4.26266
-4.2585
-4.24986
-4.23982
-4.22914
-4.22186
-4.22474
-4.23799
-4.25859
-4.28631
-4.31568
-4.34174
-4.36159
-4.37357
-4.37851
-4.38089
-4.37847
-4.37828
-4.37675
-4.37525
-4.36732
-4.35454
-4.33975
-4.31738
-4.29106
-4.26273
-4.23276
-4.20385
-4.17838
-4.15681
-4.14495
-4.13901
-4.14099
-4.15343
-4.16885
-4.18568
-4.20229
-4.20919
-4.20815
-4.20104
-4.18812
-4.17079
-4.16028
-4.15937
-4.17385
-4.1972
-4.23615
-4.27964
-4.32223
-4.35551
-4.37535
-4.38266
-4.37604
-4.36065
-4.33728
-4.31416
-4.29311
-4.27217
-4.25863
-4.25175
-4.24938
-4.2509
-4.25232
-4.25625
-4.25892
-4.26178
-4.26287
-4.26448
-4.2672
-4.26936
-4.2722
-4.26826
-4.26675
-4.2673
-4.26887
-4.27608
-4.2844
-4.29158
-4.29775
-4.30238
-4.30211
-4.30298
-4.30718
-4.3101
-4.316
-4.32607
-4.33929
-4.35415
-4.36412
-4.36825
-4.36544
-4.35657
-4.34178
-4.32306
-4.30025
-4.27756
-4.25297
-4.22887
-4.20651
-4.19054
-4.18234
-4.1811
-4.18597
-4.1999
-4.21674
-4.23584
-4.25232
-4.25724
-4.25788
-4.24363
-4.22348
-4.19892
-4.17353
-4.14813
-4.12679
-4.11074
-4.10542
-4.10606
-4.11794
-4.13754
-4.16623
-4.20309
-4.2411
-4.28191
-4.31415
-4.33832
-4.35639
-4.36556
-4.36661
-4.35948
-4.35187
-4.34434
-4.33671
-4.33192
-4.32742
-4.32656
-4.32628
-4.32693
-4.32543
-4.31904
-4.30646
-4.29407
-4.27465
-4.25473
-4.23396
-4.21508
-4.20444
-4.20068
-4.20761
-4.22235
-4.23657
-4.24988
-4.26108
-4.26589
-4.26938
-4.27067
-4.27132
-4.26934
-4.26227
-4.25442
-4.24298
-4.22594
-4.2139
-4.20135
-4.18907
-4.18048
-4.17555
-4.17592
-4.1785
-4.18385
-4.1946
-4.20682
-4.22343
-4.23717
-4.25187
-4.26708
-4.27904
-4.29184
-4.30483
-4.31952
-4.33667
-4.35329
-4.36811
-4.38208
-4.39553
-4.40594
-4.41452
-4.41739
-4.41954
-4.41784
-4.41382
-4.40008
-4.37918
-4.35292
-4.32274
-4.29002
-4.25553
-4.22745
-4.20319
-4.18499
-4.17337
-4.16419
-4.1605
-4.15984
-4.16316
-4.16818
-4.17894
-4.18846
-4.20251
-4.22011
-4.24055
-4.26738
-4.29606
-4.32245
-4.34436
-4.35806
-4.35608
-4.34309
-4.3231
-4.30171
-4.28653
-4.28088
-4.28186
-4.28421
-4.2874
-4.28584
-4.28087
-4.26952
-4.25498
-4.23548
-4.21402
-4.18813
-4.16527
-4.14283
-4.12216
-4.11425
-4.11468
-4.1235
-4.14105
-4.1626
-4.18672
-4.21011
-4.2353
-4.25287
-4.26948
-4.27655
-4.27863
-4.27545
-4.26924
-4.26559
-4.26527
-4.26872
-4.28019
-4.29333
-4.30764
-4.32163
-4.33155
-4.33931
-4.34618
-4.35284
-4.35755
-4.35703
-4.35066
-4.33685
-4.3165
-4.28818
-4.26005
-4.23342
-4.21046
-4.19601
-4.19319
-4.19989
-4.21106
-4.22994
-4.24763
-4.25966
-4.26682
-4.26957
-4.26826
-4.26808
-4.27199
-4.276
-4.28424
-4.29421
-4.30242
-4.30858
-4.30712
-4.30154
-4.28761
-4.26782
-4.24217
-4.22109
-4.20698
-4.19839
-4.19273
-4.19667
-4.20633
-4.21503
-4.22309
-4.23145
-4.23892
-4.24435
-4.24981
-4.25701
-4.26429
-4.27208
-4.27973
-4.28817
-4.29546
-4.29836
-4.2997
-4.29908
-4.29971
-4.29909
-4.29905
-4.29721
-4.29751
-4.29501
-4.29243
-4.28636
-4.28331
-4.28154
-4.28167
-4.28328
-4.28695
-4.28746
-4.28807
-4.28504
-4.27867
-4.27014
-4.26153
-4.25567
-4.24823
-4.24366
-4.24106
-4.24041
-4.24079
-4.24267
-4.24626
-4.24846
-4.25684
-4.265
-4.2767
-4.28971
-4.29913
-4.30337
-4.29922
-4.2948
-4.28887
-4.28373
-4.27991
-4.27881
-4.28108
-4.28383
-4.2835
-4.28374
-4.28114
-4.27739
-4.27098
-4.26155
-4.25047
-4.23655
-4.22033
-4.20482
-4.18944
-4.17819
-4.17228
-4.17508
-4.18453
-4.20014
-4.21688
-4.23444
-4.24569
-4.25249
-4.25244
-4.2454
-4.23291
-4.2249
-4.22105
-4.21896
-4.22918
-4.25048
-4.28501
-4.32802
-4.37922
-4.4315
-4.47949
-4.51248
-4.53232
-4.53085
-4.51185
-4.48013
-4.43825
-4.39076
-4.34245
-4.29485
-4.25628
-4.2226
-4.19968
-4.18614
-4.18042
-4.1783
-4.18079
-4.18832
-4.19659
-4.20341
-4.20371
-4.20192
-4.1964
-4.18772
-4.17984
-4.17238
-4.16946
-4.17038
-4.17644
-4.18656
-4.19981
-4.21545
-4.23117
-4.24275
-4.25189
-4.25996
-4.26305
-4.25849
-4.25664
-4.25456
-4.25367
-4.25799
-4.26521
-4.27626
-4.2884
-4.30008
-4.30365
-4.30474
-4.30031
-4.29004
-4.27897
-4.26482
-4.25196
-4.24807
-4.25119
-4.25803
-4.2667
-4.27891
-4.28605
-4.29326
-4.29558
-4.29294
-4.28816
-4.28279
-4.27647
-4.27165
-4.26564
-4.2633
-4.2629
-4.26484
-4.27029
-4.27913
-4.28404
-4.2917
-4.29656
-4.30015
-4.29696
-4.28902
-4.27537
-4.2585
-4.23873
-4.21607
-4.19769
-4.18682
-4.18372
-4.19112
-4.20254
-4.2187
-4.23682
-4.25982
-4.27758
-4.2872
-4.29154
-4.29052
-4.28161
-4.2728
-4.26581
-4.25647
-4.24858
-4.24346
-4.2351
-4.22709
-4.21546
-4.20684
-4.19983
-4.19972
-4.20821
-4.22533
-4.25191
-4.27731
-4.30137
-4.32147
-4.33246
-4.33296
-4.32871
-4.32012
-4.3066
-4.29471
-4.27882
-4.26304
-4.24941
-4.23833
-4.2319
-4.23041
-4.23428
-4.23826
-4.24398
-4.25021
-4.25383
-4.2555
-4.25861
-4.26234
-4.26788
-4.27483
-4.28961
-4.30493
-4.32372
-4.33815
-4.34712
-4.34972
-4.34457
-4.33725
-4.32911
-4.32475
-4.31756
-4.31091
-4.30357
-4.29734
-4.29159
-4.28679
-4.2837
-4.28323
-4.28391
-4.28178
-4.27295
-4.25619
-4.23223
-4.20374
-4.1752
-4.15195
-4.13429
-4.12463
-4.12394
-4.12984
-4.14134
-4.15221
-4.16474
-4.17336
-4.17903
-4.18415
-4.18829
-4.19477
-4.20551
-4.22272
-4.24395
-4.26854
-4.2966
-4.32243
-4.34755
-4.36707
-4.38143
-4.38981
-4.39514
-4.39406
-4.38659
-4.37206
-4.35577
-4.33912
-4.32499
-4.31582
-4.30819
-4.30658
-4.30573
-4.29991
-4.29246
-4.28089
-4.2705
-4.26085
-4.24945
-4.24306
-4.23966
-4.23987
-4.24364
-4.25178
-4.26142
-4.27099
-4.2834
-4.28924
-4.29086
-4.28906
-4.28103
-4.27479
-4.2697
-4.26566
-4.26429
-4.27006
-4.27722
-4.28865
-4.29817
-4.30547
-4.30641
-4.30395
-4.2975
-4.2879
-4.27688
-4.26574
-4.25927
-4.25776
-4.25256
-4.25201
-4.25012
-4.24898
-4.24094
-4.22384
-4.20929
-4.19511
-4.18286
-4.17533
-4.17286
-4.17641
-4.18636
-4.20058
-4.21177
-4.22033
-4.22472
-4.222
-4.21599
-4.20953
-4.20362
-4.2039
-4.20586
-4.21333
-4.22275
-4.23685
-4.25104
-4.26818
-4.29002
-4.31308
-4.33816
-4.36054
-4.3766
-4.38259
-4.38359
-4.37728
-4.36708
-4.35828
-4.34875
-4.33747
-4.324
-4.31066
-4.29966
-4.28693
-4.277
-4.27265
-4.2701
-4.26949
-4.27242
-4.27709
-4.28473
-4.29004
-4.29535
-4.29791
-4.29638
-4.29409
-4.29129
-4.28888
-4.28634
-4.28504
-4.28061
-4.27727
-4.26898
-4.26109
-4.25122
-4.23636
-4.22279
-4.21095
-4.2016
-4.1997
-4.20386
-4.2162
-4.22887
-4.24026
-4.24479
-4.24221
-4.23645
-4.23088
-4.22714
-4.22563
-4.22764
-4.23166
-4.23772
-4.24375
