-6.6624
-6.67367
-6.68024
-6.68143
-6.67482
-6.6635
-6.64907
-6.64197
-6.63754
-6.63815
-6.64224
-6.64684
-6.65312
-6.65848
-6.66075
-6.65615
-6.65002
-6.63904
-6.62361
-6.60445
-6.58651
-6.57062
-6.56339
-6.5653
-6.58156
-6.61165
-6.65268
-6.70029
-6.75255
-6.80004
-6.83529
-6.86025
-6.86971
-6.86589
-6.84655
-6.81212
-6.76204
-6.70527
-6.64383
-6.58554
-6.53226
-6.48848
-6.45964
-6.45266
-6.46369
-6.49398
-6.54214
-6.59701
-6.65678
-6.71134
-6.76027
-6.80056
-6.82895
-6.83976
-6.83606
-6.81864
-6.78687
-6.74496
-6.69864
-6.65423
-6.6202
-6.59933
-6.59122
-6.5934
-6.60321
-6.61951
-6.63886
-6.6586
-6.67912
-6.69697
-6.70769
-6.71001
-6.69914
-6.68204
-6.65674
-6.63181
-6.61257
-6.59851
-6.59775
-6.60423
-6.61968
-6.64535
-6.67089
-6.69757
-6.7204
-6.73112
-6.73226
-6.72141
-6.70223
-6.67813
-6.64896
-6.6221
-6.59612
-6.57496
-6.56096
-6.55448
-6.55292
-6.56248
-6.57818
-6.60197
-6.62667
-6.65213
-6.67855
-6.70268
-6.72152
-6.73345
-6.73926
-6.73366
-6.7206
-6.70206
-6.67998
-6.65579
-6.62786
-6.60103
-6.57997
-6.56606
-6.56264
-6.57195
-6.59221
-6.61817
-6.65086
-6.68291
-6.71599
-6.74366
-6.76934
-6.78434
-6.79099
-6.79108
-6.78139
-6.76576
-6.74416
-6.71795
-6.68663
-6.65596
-6.62791
-6.60674
-6.58983
-6.58047
-6.57992
-6.58153
-6.58921
-6.59522
-6.59844
-6.60571
-6.60922
-6.61786
-6.62632
-6.63724
-6.65259
-6.66982
-6.68159
-6.68998
-6.69263
-6.6908
-6.68451
-6.67334
-6.6576
-6.64267
-6.63179
-6.62696
-6.63264
-6.64966
-6.67255
-6.69761
-6.71862
-6.73326
-6.73941
-6.74012
-6.73558
-6.73048
-6.72525
-6.71618
-6.70732
-6.69587
-6.67733
-6.65768
-6.63493
-6.61364
-6.58992
-6.56949
-6.556
-6.54961
-6.55174
-6.5668
-6.59
-6.61836
-6.64961
-6.67542
-6.69192
-6.69721
-6.69386
-6.68481
-6.67038
-6.65401
-6.64382
-6.63844
-6.63898
-6.64989
-6.66346
-6.68192
-6.70529
-6.72488
-6.7381
-6.74336
-6.74303
-6.73252
-6.71819
-6.70323
-6.69096
-6.68337
-6.68046
-6.67957
-6.67585
-6.67103
-6.66282
-6.65224
-6.64226
-6.63406
-6.63104
-6.63117
-6.63605
-6.6406
-6.64302
-6.64378
-6.64314
-6.64012
-6.63717
-6.63745
-6.6387
-6.64123
-6.64587
-6.65339
-6.66183
-6.67132
-6.68526
-6.69877
-6.71337
-6.72599
-6.73416
-6.73573
-6.73017
-6.71737
-6.70075
-6.68713
-6.67735
-6.67632
-6.67483
-6.66623
-6.6566
-6.63724
-6.62274
-6.6124
-6.60962
-6.61677
-6.63372
-6.65345
-6.67829
-6.70151
-6.71767
-6.72907
-6.73417
-6.73185
-6.72263
-6.70762
-6.68511
-6.66155
-6.63667
-6.61563
-6.59811
-6.58729
-6.5822
-6.58261
-6.58419
-6.58586
-6.59264
-6.59958
-6.60404
-6.61106
-6.61305
-6.61571
-6.61655
-6.62006
-6.62649
-6.63052
-6.63929
-6.64813
-6.65676
-6.66403
-6.67132
-6.67843
-6.68664
-6.69585
-6.7081
-6.71935
-6.72858
-6.7299
-6.72502
-6.7137
-6.69911
-6.68532
-6.67101
-6.66531
-6.66408
-6.66823
-6.67687
-6.68821
-6.69631
-6.69841
-6.69554
-6.68488
-6.66428
-6.63849
-6.61042
-6.58435
-6.5645
-6.55188
-6.54564
-6.54586
-6.54569
-6.54912
-6.55194
-6.55732
-6.56201
-6.5709
-6.58893
-6.61064
-6.63761
-6.66854
-6.6998
-6.73001
-6.75742
-6.77834
-6.79475
-6.80004
-6.79546
-6.78561
-6.76824
-6.74946
-6.73608
-6.72595
-6.72504
-6.73474
-6.75026
-6.76371
-6.77489
-6.77579
-6.7652
-6.73537
-6.69835
-6.65421
-6.61161
-6.57574
-6.552
-6.5447
-6.55002
-6.56671
-6.5875
-6.61256
-6.63685
-6.65326
-6.66615
-6.67433
-6.67734
-6.67777
-6.67505
-6.67435
-6.67298
-6.67206
-6.66904
-6.66613
-6.6647
-6.66448
-6.66747
-6.66559
-6.66581
-6.66461
-6.65851
-6.65195
-6.64298
-6.63385
-6.62832
-6.62694
-6.62462
-6.6244
-6.62538
-6.62051
-6.61268
-6.60325
-6.59327
-6.58488
-6.5762
-6.57077
-6.57035
-6.57663
-6.58883
-6.6069
-6.62777
-6.65241
-6.6757
-6.69722
-6.71569
-6.73296
-6.74699
-6.75341
-6.74918
-6.73848
-6.72035
-6.70254
-6.68929
-6.67919
-6.68308
-6.69021
-6.70648
-6.72845
-6.75384
-6.7773
-6.79735
-6.8108
-6.82001
-6.81807
-6.80878
-6.7879
-6.7579
-6.72169
-6.67914
-6.64092
-6.60479
-6.57802
-6.56514
-6.5618
-6.56464
-6.56853
-6.57679
-6.58626
-6.5939
-6.60063
-6.60319
-6.60534
-6.60562
-6.60692
-6.60907
-6.61222
-6.61767
-6.6333
-6.65142
-6.67523
-6.69859
-6.71684
-6.72941
-6.73059
-6.7243
-6.71279
-6.69597
-6.68137
-6.67212
-6.66406
-6.66058
-6.65929
-6.66123
-6.66516
-6.66963
-6.67942
-6.69087
-6.70014
-6.71541
-6.72861
-6.7383
-6.74625
-6.75118
-6.75405
-6.75147
-6.74417
-6.73537
-6.7225
-6.71042
-6.69409
-6.67938
-6.66676
-6.65221
-6.63877
-6.62448
-6.60979
-6.59523
-6.57862
-6.56055
-6.54399
-6.53119
-6.52078
-6.51414
-6.50739
-6.50588
-6.50758
-6.51613
-6.52662
-6.54365
-6.56926
-6.60203
-6.63799
-6.6712
-6.70381
-6.72937
-6.74886
-6.76372
-6.7716
-6.77659
-6.77661
-6.77264
-6.76309
-6.75362
-6.73893
-6.72487
-6.70857
-6.68683
-6.66259
-6.63455
-6.60621
-6.58559
-6.57772
-6.57905
-6.5914
-6.60947
-6.62632
-6.63892
-6.64587
-6.64617
-6.64123
-6.63804
-6.637
-6.64262
-6.65267
-6.66915
-6.68866
-6.71271
-6.7373
-6.76664
-6.79232
-6.80846
-6.82026
-6.82113
-6.8123
-6.79735
-6.77579
-6.75037
-6.72179
-6.6966
-6.66997
-6.654
-6.64434
-6.6455
-6.65192
-6.65813
-6.66308
-6.6634
-6.65801
-6.65172
-6.64052
-6.6275
-6.61481
-6.60101
-6.58871
-6.57926
-6.57388
-6.57241
-6.57422
-6.58189
-6.59635
-6.61863
-6.64437
-6.67509
-6.70367
-6.72405
-6.73526
-6.73807
-6.73138
-6.71437
-6.69743
-6.68039
-6.66641
-6.65926
-6.65716
-6.65523
-6.65347
-6.6515
-6.64426
-6.63666
-6.62863
-6.62042
-6.6162
-6.61506
-6.62389
-6.63912
-6.66021
-6.68067
-6.70305
-6.723
-6.73482
-6.7353
-6.73329
-6.72882
-6.71947
-6.70881
-6.69981
-6.6917
-6.68303
-6.67498
-6.66842
-6.66114
-6.65335
-6.64505
-6.63856
-6.63386
-6.62901
-6.62702
-6.62634
-6.62831
-6.62893
-6.62962
-6.62887
-6.63181
-6.6343
-6.63883
-6.64036
-6.64342
-6.64454
-6.64376
-6.6415
-6.64042
-6.63797
-6.63995
-6.64362
-6.6487
-6.65464
-6.66131
-6.66977
-6.67461
-6.67982
-6.68437
-6.68826
-6.69047
-6.69118
-6.69018
-6.68345
-6.67767
-6.66626
-6.65456
-6.64413
-6.63536
-6.63111
-6.62944
-6.6358
-6.64368
-6.65012
-6.65265
-6.65245
-6.65212
-6.65132
-6.64841
-6.64817
-6.64817
-6.65127
-6.65704
-6.66581
-6.67883
-6.69405
-6.71027
-6.72772
-6.74181
-6.75177
-6.75445
-6.751
-6.74025
-6.72593
-6.70918
-6.69615
-6.6849
-6.68069
-6.68204
-6.68714
-6.69315
-6.70376
-6.7115
-6.70712
-6.6956
-6.67236
-6.63913
-6.59417
-6.54426
-6.49326
-6.44915
-6.41421
-6.39955
-6.40038
-6.41808
-6.4511
-6.49364
-6.54113
-6.58945
-6.63251
-6.67302
-6.70347
-6.72833
-6.7464
-6.75731
-6.75877
-6.75434
-6.7481
-6.74048
-6.7343
-6.72883
-6.73061
-6.73679
-6.74418
-6.75207
-6.75629
-6.75856
-6.75699
-6.75223
-6.74341
-6.73081
-6.71646
-6.70204
-6.68722
-6.67678
-6.67325
-6.6721
-6.66889
-6.67139
-6.67347
-6.67307
-6.67133
-6.66476
-6.65565
-6.64481
-6.63571
-6.62566
-6.62392
-6.62835
-6.63669
-6.6497
-6.65932
-6.66441
-6.66895
-6.66971
-6.66481
-6.65549
-6.6478
-6.63743
-6.63281
-6.63048
-6.62989
-6.63209
-6.6368
-6.64248
-6.65053
-6.65655
-6.66278
-6.66512
-6.66319
-6.65903
-6.65472
-6.64528
-6.63956
-6.63404
-6.63239
-6.6317
-6.6364
-6.64682
-6.66434
-6.68541
-6.70419
-6.72128
-6.73409
-6.73914
-6.73821
-6.72615
-6.70739
-6.68473
-6.66755
-6.65173
-6.63887
-6.63389
-6.6362
-6.64059
-6.65069
-6.66351
-6.67156
-6.67815
-6.6865
-6.69357
-6.70482
-6.71515
-6.72702
-6.73274
-6.73156
-6.72177
-6.70336
-6.68131
-6.65267
-6.62666
-6.60915
-6.59945
-6.59572
-6.59997
-6.60856
-6.6182
-6.63397
-6.64857
-6.6637
-6.67799
-6.68842
-6.69485
-6.69698
-6.69635
-6.69042
-6.68405
-6.67912
-6.6742
-6.66995
-6.66813
-6.66505
-6.65886
-6.64674
-6.63455
-6.61728
-6.60303
-6.59053
-6.58415
-6.58479
-6.58865
-6.59598
-6.60282
-6.61107
-6.61502
-6.62038
-6.62707
-6.63589
-6.64358
-6.64838
-6.65018
-6.65065
-6.65126
-6.65338
-6.65962
-6.67379
-6.69646
-6.72431
-6.75221
-6.77675
-6.79246
-6.79953
-6.79957
-6.79303
-6.78346
-6.77001
-6.76006
-6.75144
-6.74577
-6.74324
-6.7391
-6.73198
-6.71995
-6.70338
-6.6802
-6.65237
-6.62431
-6.59525
-6.57142
-6.55125
-6.53689
-6.52786
-6.52706
-6.53137
-6.5408
-6.55338
-6.57098
-6.58956
-6.60629
-6.61935
-6.62439
-6.62859
-6.63203
-6.63396
-6.64011
-6.64715
-6.65754
-6.66784
-6.67341
-6.6798
-6.68385
-6.68493
-6.6818
-6.67496
-6.66337
-6.64928
-6.64075
-6.63296
-6.63069
-6.63443
-6.63859
-6.64677
-6.65381
-6.65591
-6.65275
-6.64891
-6.64046
-6.63356
-6.62598
-6.62127
-6.61838
-6.62149
-6.62923
-6.63948
-6.64986
-6.65777
-6.66553
-6.67287
-6.67224
-6.67473
-6.67792
-6.68747
-6.69809
-6.70742
-6.72392
-6.74069
-6.75424
-6.76307
-6.76488
-6.76004
-6.75073
-6.7391
-6.72402
-6.71222
-6.70654
-6.70537
-6.71008
-6.71785
-6.72311
-6.72671
-6.72281
-6.71664
-6.70657
-6.69636
-6.68087
-6.66178
-6.64059
-6.61558
-6.5918
-6.57071
-6.5553
-6.54607
-6.54766
-6.55333
-6.56094
-6.57232
-6.58445
-6.59703
-6.60985
-6.62383
-6.63873
-6.64821
-6.65556
-6.66314
-6.66699
-6.66695
-6.66467
-6.65935
-6.6543
-6.64704
-6.64238
-6.63917
-6.63616
-6.63587
-6.63738
-6.64043
-6.64362
-6.64815
-6.64999
-6.65462
-6.65774
-6.66628
-6.67873
-6.69101
-6.70653
-6.72096
-6.72967
-6.73286
-6.72742
-6.71831
-6.70563
-6.69747
-6.69424
-6.69488
-6.69806
-6.70169
-6.70414
-6.70434
-6.70363
-6.70091
-6.69743
-6.694
