9.60417
9.55272
9.51632
9.50393
9.52332
9.56474
9.61795
9.65272
9.67429
9.67617
9.66366
9.64656
9.6259
9.61065
9.60866
9.63098
9.66788
9.72669
9.80414
9.89361
9.97685
10.0431
10.069
10.0459
9.95853
9.80904
9.61016
9.38218
9.14236
8.92436
8.75631
8.64324
8.60268
8.63234
8.73628
8.90957
9.1467
9.41904
9.71115
9.99336
10.2482
10.4528
10.5838
10.6175
10.5593
10.41
10.1829
9.91678
9.63087
9.36099
9.11979
8.92355
8.78668
8.7264
8.73819
8.81916
8.96571
9.15928
9.37383
9.57957
9.74312
9.84848
9.89361
9.8871
9.84118
9.76523
9.67296
9.57632
9.48143
9.4036
9.35996
9.35861
9.41137
9.4997
9.61996
9.74217
9.84228
9.91089
9.92377
9.8926
9.81691
9.70105
9.5772
9.45328
9.35038
9.29457
9.28512
9.32813
9.41272
9.52562
9.65952
9.79022
9.91318
10.0135
10.0814
10.113
10.1129
10.0683
9.99242
9.88423
9.76409
9.63806
9.51197
9.39911
9.31142
9.25669
9.23596
9.26165
9.32368
9.41442
9.52501
9.64717
9.77871
9.90223
9.9995
10.0594
10.069
10.0224
9.92713
9.80079
9.64834
9.49307
9.33869
9.20627
9.0943
9.02566
8.99693
9.00395
9.05241
9.13189
9.23993
9.37027
9.51925
9.66761
9.8032
9.90926
9.98646
10.0264
10.0293
10.0146
9.97981
9.94618
9.91856
9.88194
9.85149
9.80555
9.75468
9.69426
9.62332
9.5517
9.49972
9.46628
9.45889
9.47567
9.51579
9.57705
9.65342
9.72591
9.77934
9.80172
9.77789
9.70535
9.60184
9.48641
9.38413
9.30793
9.26524
9.24834
9.25382
9.26832
9.28903
9.32381
9.36515
9.42087
9.50205
9.59539
9.70329
9.8121
9.92493
10.0228
10.091
10.123
10.1115
10.046
9.94009
9.80836
9.66748
9.54824
9.4692
9.43935
9.45211
9.49547
9.56034
9.63021
9.6791
9.70374
9.69809
9.65189
9.58434
9.49565
9.39295
9.3036
9.24131
9.21559
9.2233
9.27153
9.33942
9.41119
9.47183
9.51253
9.53311
9.54286
9.55771
9.57851
9.61227
9.65548
9.69789
9.73248
9.74902
9.75189
9.74039
9.72996
9.7284
9.7363
9.7517
9.77303
9.79071
9.79503
9.78992
9.77481
9.74796
9.70736
9.65683
9.59627
9.51993
9.44188
9.3636
9.29724
9.25342
9.24105
9.26323
9.3186
9.39271
9.45943
9.50739
9.52586
9.54462
9.58842
9.64679
9.73277
9.80399
9.85148
9.86096
9.82543
9.74856
9.6528
9.54208
9.43972
9.36424
9.31466
9.29591
9.31041
9.35638
9.43025
9.53335
9.64705
9.76509
9.86856
9.95191
10.005
10.0302
10.0305
10.0186
9.99992
9.96622
9.93063
9.90092
9.8675
9.84732
9.82746
9.81221
9.7904
9.76003
9.73176
9.68993
9.64599
9.60267
9.56458
9.52944
9.49671
9.46161
9.42314
9.37821
9.33981
9.31559
9.32266
9.35806
9.41906
9.49241
9.56169
9.62301
9.65165
9.65445
9.6301
9.58418
9.52703
9.47991
9.45754
9.46468
9.51104
9.60047
9.71711
9.84555
9.96614
10.0615
10.1258
10.1618
10.1728
10.1781
10.1717
10.1633
10.1443
10.1183
10.0713
9.99039
9.88776
9.76229
9.62086
9.47613
9.33628
9.21021
9.11095
9.03854
9.01025
9.02384
9.06645
9.13672
9.21252
9.26935
9.30403
9.29957
9.25423
9.1852
9.1207
9.07444
9.07611
9.13628
9.27284
9.4529
9.6633
9.8685
10.0411
10.1574
10.203
10.1876
10.1205
10.0263
9.91419
9.8036
9.71679
9.64846
9.60269
9.57924
9.56951
9.57122
9.57036
9.57158
9.57248
9.57921
9.58708
9.59226
9.59407
9.58739
9.5905
9.59031
9.59738
9.62156
9.65321
9.6938
9.73415
9.76258
9.777
9.79024
9.79883
9.80793
9.83527
9.87559
9.92519
9.97916
10.0282
10.071
10.0944
10.0909
10.0555
9.99036
9.89797
9.78836
9.66363
9.53962
9.42201
9.31822
9.22907
9.16411
9.13732
9.15725
9.2127
9.29898
9.38879
9.46143
9.51064
9.50734
9.47421
9.40121
9.30123
9.18619
9.07547
8.97961
8.91171
8.87124
8.87648
8.92129
9.01559
9.15237
9.32057
9.51225
9.69359
9.85881
9.98402
10.0558
10.0847
10.0822
10.0649
10.0308
9.9914
9.95718
9.92863
9.91396
9.90428
9.90064
9.89367
9.88018
9.85644
9.81675
9.74253
9.65165
9.54142
9.43238
9.34332
9.28343
9.27021
9.29512
9.34794
9.41989
9.48581
9.53364
9.57116
9.59209
9.60278
9.60111
9.58905
9.56881
9.52975
9.48073
9.43216
9.369
9.3117
9.26592
9.22987
9.20779
9.19848
9.20971
9.23982
9.28114
9.33796
9.3977
9.46908
9.53747
9.60097
9.66856
9.7346
9.80457
9.87838
9.95485
10.0376
10.1231
10.2022
10.2676
10.3205
10.357
10.3849
10.3919
10.3808
10.3417
10.2828
10.1922
10.0662
9.91126
9.74251
9.58064
9.42805
9.30366
9.20729
9.1354
9.09177
9.06629
9.06306
9.07967
9.11878
9.16628
9.23209
9.30298
9.38654
9.4914
9.6109
9.74353
9.87294
9.97075
10.0168
10.0149
9.96461
9.88722
9.81081
9.75298
9.72161
9.71663
9.72812
9.73259
9.72265
9.68499
9.6241
9.5373
9.43471
9.31585
9.19272
9.06102
8.9463
8.86934
8.82478
8.82916
8.87805
8.95918
9.06795
9.19249
9.32563
9.44763
9.5632
9.64007
9.6836
9.68446
9.66069
9.63289
9.61097
9.60719
9.62616
9.65716
9.70652
9.76358
9.81975
9.87542
9.92367
9.96117
9.98438
9.9917
9.98145
9.94473
9.8771
9.77634
9.65588
9.51988
9.39353
9.29925
9.24574
9.23421
9.26598
9.33795
9.41952
9.50144
9.56863
9.60926
9.62899
9.6435
9.65797
9.67658
9.71145
9.75084
9.7921
9.83048
9.85175
9.85286
9.81526
9.74627
9.65072
9.54994
9.44722
9.35993
9.30528
9.29151
9.29724
9.31845
9.35597
9.3982
9.43631
9.471
9.5056
9.53835
9.56824
9.60085
9.63584
9.67265
9.70495
9.73109
9.75395
9.76672
9.77375
9.7738
9.77682
9.77994
9.78549
9.78077
9.77379
9.75941
9.74993
9.73752
9.73131
9.73167
9.73674
9.73853
9.73989
9.72598
9.70194
9.66938
9.63194
9.59273
9.5518
9.5224
9.49664
9.47705
9.46365
9.45856
9.46129
9.47248
9.50138
9.53398
9.5843
9.63863
9.68926
9.72983
9.74953
9.75134
9.7261
9.69356
9.66586
9.65187
9.64946
9.65119
9.65531
9.66329
9.66315
9.65878
9.6424
9.61341
9.57023
9.51038
9.43971
9.36335
9.28453
9.21818
9.17154
9.15631
9.17235
9.22086
9.28872
9.36623
9.43236
9.48486
9.50818
9.50438
9.47963
9.44542
9.40144
9.37282
9.38822
9.44356
9.55282
9.7125
9.92222
10.1582
10.3988
10.6107
10.774
10.8533
10.8545
10.7768
10.6304
10.4376
10.2192
9.99472
9.78692
9.59717
9.44658
9.32765
9.24336
9.19349
9.18083
9.19436
9.22068
9.25334
9.28013
9.29758
9.28899
9.26168
9.22644
9.18963
9.16452
9.1502
9.15257
9.17098
9.20722
9.25911
9.31919
9.3796
9.43664
9.47681
9.49346
9.4974
9.50085
9.49036
9.48341
9.48865
9.50668
9.54599
9.59962
9.66114
9.71672
9.76596
9.78413
9.77413
9.74251
9.69208
9.64652
9.61437
9.59139
9.58638
9.60266
9.63458
9.66488
9.69878
9.71456
9.71838
9.71221
9.69591
9.67238
9.6468
9.61757
9.59637
9.58073
9.58136
9.59931
9.62833
9.66101
9.70478
9.73714
9.76289
9.77136
9.76632
9.73602
9.67928
9.59514
9.49635
9.40303
9.32199
9.26579
9.24635
9.2611
9.31928
9.40646
9.5096
9.60025
9.67987
9.73947
9.76551
9.75931
9.73488
9.68887
9.63285
9.58667
9.54419
9.49705
9.44978
9.38972
9.33025
9.27168
9.23822
9.23849
9.28037
9.36361
9.47231
9.60393
9.72722
9.81931
9.87568
9.89958
9.8895
9.85718
9.81272
9.74719
9.67897
9.60786
9.54107
9.48928
9.45586
9.44255
9.44492
9.4657
9.49069
9.51266
9.53284
9.54993
9.56191
9.57984
9.61096
9.6636
9.7248
9.8022
9.87209
9.92986
9.96007
9.95858
9.93619
9.89809
9.85878
9.81748
9.78684
9.75298
9.71545
9.67406
9.63855
9.61513
9.60489
9.60287
9.60222
9.59398
9.56546
9.50318
9.40569
9.28603
9.16469
9.05825
8.98502
8.94745
8.9418
8.96441
9.0032
9.05486
9.09838
9.1353
9.1617
9.1798
9.20467
9.24454
9.30768
9.39508
9.51031
9.64569
9.78632
9.92762
10.0501
10.1527
10.228
10.2758
10.2891
10.2744
10.2318
10.1674
10.0816
9.98927
9.90357
9.83356
9.79039
9.75623
9.72628
9.69749
9.65514
9.60759
9.5527
9.5014
9.46634
9.43708
9.42179
9.42308
9.44454
9.48459
9.54296
9.60999
9.66226
9.70509
9.72505
9.72114
9.70838
9.68338
9.66229
9.65724
9.67087
9.69284
9.72929
9.76289
9.79397
9.81053
9.81183
9.78777
9.74293
9.68601
9.62744
9.57775
9.53506
9.50099
9.49078
9.47727
9.46163
9.42737
9.38346
9.33525
9.26725
9.19952
9.14515
9.11192
9.10769
9.13219
9.17836
9.23642
9.30187
9.35314
9.37912
9.38182
9.36091
9.32865
9.3044
9.29177
9.30572
9.33432
9.37959
9.43265
9.50509
9.59395
9.69556
9.81109
9.92448
10.0256
10.1008
10.1445
10.1467
10.1264
10.0937
10.0482
9.99756
9.94218
9.88271
9.81892
9.75434
9.70559
9.66745
9.63563
9.61929
9.619
9.63089
9.65531
9.68253
9.71477
9.73856
9.75445
9.76454
9.76394
9.75575
9.74151
9.72501
9.7039
9.68652
9.65981
9.63161
9.58544
9.52444
9.45907
9.38566
9.31905
9.27549
9.25944
9.27946
9.32133
9.37649
9.41703
9.43539
9.43365
9.41932
9.40225
9.38967
9.38546
9.3873
9.3972
9.41112
9.42449
