1.20195
1.21128
1.21784
1.21838
1.21209
1.20078
1.18797
1.17731
1.17125
1.17025
1.17337
1.17893
1.18521
1.19058
1.1935
1.19245
1.18632
1.17469
1.1583
1.13914
1.12023
1.10531
1.09841
1.1029
1.12079
1.15184
1.19352
1.24145
1.29047
1.33537
1.37158
1.39558
1.40503
1.39895
1.37767
1.34259
1.29606
1.24124
1.18207
1.12314
1.06953
1.02641
0.99854
0.989612
1.00129
1.03222
1.07811
1.13298
1.19081
1.24633
1.29527
1.33426
1.3607
1.37281
1.36975
1.35169
1.32024
1.27899
1.23331
1.18988
1.15488
1.13239
1.12332
1.12581
1.13692
1.15386
1.17451
1.19684
1.21833
1.23585
1.24625
1.24728
1.23802
1.21963
1.1953
1.16973
1.1479
1.13417
1.13114
1.13924
1.15696
1.18133
1.20849
1.2342
1.25443
1.26612
1.26759
1.25867
1.24079
1.21637
1.1885
1.16034
1.13469
1.11385
1.09953
1.09272
1.09375
1.10234
1.11772
1.13859
1.16329
1.18972
1.21549
1.23833
1.2562
1.26747
1.27102
1.26639
1.25398
1.23511
1.21142
1.18464
1.15671
1.13021
1.1085
1.09524
1.09311
1.10275
1.12268
1.15026
1.18262
1.21694
1.25034
1.27995
1.30336
1.31901
1.3263
1.32543
1.31703
1.30173
1.28013
1.25327
1.22292
1.1916
1.16258
1.13915
1.12353
1.11612
1.11557
1.11944
1.12518
1.13087
1.13571
1.14006
1.14519
1.15254
1.16294
1.17612
1.19082
1.20514
1.21723
1.22563
1.22924
1.22742
1.22015
1.20834
1.19389
1.17961
1.16874
1.16455
1.16959
1.18434
1.20626
1.23034
1.25135
1.26599
1.27343
1.2748
1.27187
1.26646
1.2596
1.25151
1.24167
1.22926
1.21362
1.19462
1.17285
1.14961
1.12687
1.10709
1.09295
1.08689
1.09064
1.10473
1.12792
1.15693
1.18688
1.21236
1.22918
1.23544
1.23177
1.22078
1.20603
1.19128
1.1798
1.17409
1.17561
1.18457
1.20008
1.22016
1.24192
1.26182
1.27634
1.28289
1.28062
1.27076
1.25643
1.24148
1.22921
1.22129
1.21741
1.21555
1.21312
1.20798
1.19945
1.18854
1.17759
1.16907
1.16476
1.16488
1.16815
1.17237
1.17544
1.17619
1.17491
1.17286
1.17153
1.17181
1.17371
1.17689
1.1812
1.18711
1.19522
1.20601
1.2193
1.2341
1.24869
1.26099
1.26884
1.2704
1.26453
1.25172
1.23511
1.2202
1.21171
1.20938
1.20789
1.20156
1.18869
1.17193
1.15613
1.14612
1.14496
1.15341
1.17003
1.1917
1.2146
1.23522
1.25106
1.26083
1.26431
1.26167
1.2531
1.23874
1.21914
1.1959
1.17167
1.14967
1.13247
1.12133
1.11591
1.11503
1.11725
1.12151
1.127
1.13296
1.13872
1.1438
1.14806
1.15168
1.15512
1.15895
1.16376
1.17005
1.17786
1.18669
1.19565
1.20389
1.21118
1.21829
1.2265
1.23668
1.24829
1.25921
1.2665
1.26782
1.26229
1.25097
1.23638
1.22162
1.20958
1.20226
1.20071
1.20486
1.21351
1.22419
1.23358
1.23827
1.2354
1.22344
1.20284
1.17609
1.14737
1.1213
1.10146
1.08916
1.08357
1.08248
1.08361
1.08542
1.0876
1.09103
1.09734
1.10818
1.12459
1.14663
1.17328
1.2029
1.23352
1.26308
1.28952
1.31077
1.3249
1.33051
1.32724
1.31609
1.2997
1.28189
1.26689
1.25838
1.25845
1.26685
1.28107
1.29646
1.30731
1.30821
1.29568
1.26908
1.2311
1.18728
1.14469
1.11011
1.08833
1.08102
1.08699
1.10303
1.12511
1.1492
1.17187
1.19054
1.20376
1.21129
1.21398
1.21344
1.21136
1.20905
1.20703
1.20514
1.20309
1.20082
1.19875
1.19756
1.19764
1.19866
1.19953
1.19865
1.19482
1.18793
1.17929
1.17114
1.16528
1.16228
1.16125
1.16071
1.1591
1.1552
1.14834
1.13859
1.12699
1.11536
1.10604
1.10126
1.10245
1.11003
1.12353
1.14192
1.16376
1.18743
1.21137
1.23418
1.25459
1.27121
1.28232
1.28615
1.28161
1.26929
1.2518
1.23335
1.21849
1.21097
1.2126
1.22329
1.2415
1.26477
1.29016
1.31458
1.33528
1.35003
1.35729
1.35601
1.34542
1.32518
1.29584
1.2593
1.21902
1.1795
1.14532
1.11985
1.10438
1.09812
1.09902
1.10452
1.11246
1.12096
1.1286
1.13435
1.13788
1.13939
1.13967
1.14
1.14182
1.14659
1.1556
1.16962
1.18839
1.21025
1.23232
1.25088
1.26249
1.26496
1.25835
1.24522
1.2297
1.21575
1.20552
1.19909
1.1956
1.19431
1.19496
1.19791
1.20368
1.2125
1.22394
1.2371
1.25075
1.26363
1.27461
1.28289
1.28781
1.28907
1.28649
1.28016
1.27038
1.25784
1.24349
1.22846
1.21375
1.19984
1.18659
1.17346
1.15983
1.14513
1.12928
1.11266
1.09622
1.08095
1.06783
1.05742
1.04981
1.045
1.04317
1.04487
1.05116
1.06327
1.08223
1.10817
1.13965
1.17399
1.20783
1.23818
1.26309
1.28194
1.29518
1.3037
1.30804
1.30838
1.30474
1.29745
1.28734
1.27523
1.26118
1.24423
1.22314
1.19761
1.16925
1.14188
1.12061
1.10983
1.11149
1.12415
1.14319
1.1623
1.1762
1.18249
1.18216
1.17851
1.17532
1.17558
1.18088
1.19158
1.20708
1.22659
1.24935
1.27458
1.30068
1.32474
1.34315
1.353
1.35323
1.3444
1.32815
1.30659
1.28182
1.25584
1.23065
1.20855
1.19226
1.18389
1.18343
1.18823
1.19444
1.19875
1.19907
1.19464
1.18576
1.17359
1.15993
1.14659
1.13473
1.1247
1.11654
1.11052
1.10743
1.1086
1.11562
1.12975
1.15107
1.1781
1.20752
1.23513
1.2568
1.26963
1.27244
1.26575
1.25166
1.23375
1.21638
1.20337
1.19622
1.19379
1.19348
1.19269
1.18975
1.18413
1.17621
1.16721
1.159
1.15381
1.15397
1.16117
1.17575
1.1962
1.21925
1.24098
1.25801
1.26821
1.27128
1.26831
1.26125
1.25222
1.24286
1.23418
1.22639
1.21934
1.21258
1.20571
1.19842
1.19063
1.18266
1.17519
1.1692
1.16532
1.16366
1.16363
1.1643
1.16492
1.16528
1.16583
1.16715
1.16965
1.1732
1.177
1.18005
1.1815
1.18105
1.17911
1.17674
1.17526
1.17594
1.17929
1.18502
1.19225
1.19989
1.20705
1.21319
1.21808
1.22165
1.22392
1.22484
1.22425
1.22196
1.2175
1.21041
1.20063
1.18893
1.17721
1.16812
1.16387
1.16511
1.1705
1.17741
1.18319
1.18637
1.18682
1.18552
1.18374
1.18245
1.18222
1.18352
1.18694
1.19303
1.20213
1.21418
1.22875
1.24497
1.26145
1.27618
1.28679
1.29108
1.28796
1.27786
1.2629
1.24615
1.23086
1.21961
1.2141
1.2148
1.22087
1.23012
1.23943
1.24523
1.24408
1.23321
1.21094
1.17706
1.13307
1.08252
1.03088
0.984832
0.950865
0.933619
0.934765
0.953118
0.985488
1.0277
1.07518
1.1235
1.16883
1.20837
1.24043
1.26432
1.28013
1.28845
1.29023
1.28677
1.27989
1.27195
1.26544
1.26256
1.26435
1.27019
1.27823
1.28612
1.29196
1.29455
1.29331
1.2879
1.27842
1.2655
1.25051
1.23543
1.22224
1.21244
1.20665
1.20453
1.2052
1.20737
1.20945
1.2097
1.20667
1.19978
1.18969
1.1782
1.16781
1.16101
1.15959
1.16402
1.17332
1.18536
1.19725
1.20623
1.21044
1.20926
1.20339
1.19439
1.18444
1.17569
1.16977
1.16745
1.16847
1.17196
1.17701
1.183
1.18944
1.19546
1.19974
1.20111
1.19917
1.19437
1.1878
1.18062
1.17393
1.16874
1.16612
1.16737
1.17369
1.18573
1.20292
1.22334
1.24406
1.2618
1.27363
1.27771
1.27354
1.2618
1.24434
1.22396
1.20387
1.18708
1.17584
1.17118
1.17284
1.17949
1.18895
1.19885
1.20755
1.21479
1.22152
1.22924
1.23887
1.24985
1.26009
1.26645
1.26592
1.25678
1.23901
1.2147
1.18768
1.16264
1.14384
1.1335
1.13138
1.13563
1.14422
1.1558
1.16963
1.18488
1.20033
1.21429
1.22505
1.23148
1.23328
1.23103
1.22608
1.22004
1.21445
1.21018
1.20722
1.20476
1.20135
1.19549
1.18596
1.17247
1.15617
1.13966
1.12619
1.11851
1.11753
1.12204
1.12937
1.13685
1.14316
1.14873
1.15474
1.16175
1.16927
1.17599
1.18079
1.18324
1.18371
1.18367
1.1858
1.19334
1.2088
1.23212
1.26029
1.2885
1.3124
1.32909
1.33745
1.33782
1.3316
1.32106
1.3089
1.29766
1.28904
1.28337
1.27955
1.2754
1.26861
1.25722
1.24033
1.21812
1.19192
1.16385
1.13641
1.11193
1.09209
1.07773
1.06902
1.06596
1.06866
1.0771
1.09066
1.10761
1.12522
1.14065
1.15176
1.1581
1.16101
1.16315
1.16702
1.17382
1.18313
1.19352
1.2035
1.21198
1.21837
1.2221
1.22253
1.21908
1.21159
1.20098
1.18915
1.17868
1.17186
1.16991
1.17269
1.17878
1.18599
1.19206
1.19513
1.19423
1.18943
1.18162
1.17245
1.1639
1.1579
1.15599
1.15877
1.16586
1.17579
1.18649
1.19601
1.20313
1.20755
1.20984
1.21136
1.2139
1.21924
1.22857
1.24179
1.25731
1.27279
1.28569
1.29387
1.29601
1.29182
1.28219
1.26926
1.25612
1.24595
1.24091
1.24168
1.24704
1.25416
1.25974
1.26141
1.25847
1.25165
1.24191
1.22976
1.21492
1.1968
1.17529
1.15125
1.12682
1.10508
1.08935
1.08174
1.08204
1.08802
1.09693
1.10702
1.11785
1.12978
1.14292
1.15659
1.16953
1.18064
1.18928
1.19524
1.19844
1.19873
1.19612
1.19113
1.18478
1.1785
1.17351
1.17063
1.16989
1.17089
1.17304
1.17578
1.17864
1.18155
1.18469
1.18867
1.19438
1.2026
1.21375
1.22733
1.24187
1.25501
1.26404
1.26658
1.26178
1.25106
1.23838
1.2286
1.22472
1.22634
1.2308
1.2354
1.2385
1.23935
1.23799
1.23463
1.22985
1.22512
