               0                  0                  0
       0.0230664                  0                  0
       0.0461329                  0                  0
       0.0691993                  0                  0
       0.0922657                  0                  0
        0.115332                  0                  0
        0.138399                  0                  0
        0.161465                  0                  0
        0.184531                  0                  0
        0.207598                  0                  0
        0.230664                  0                  0
        0.253731                  0                  0
        0.276797                  0                  0
        0.299864                  0                  0
         0.32293                  0                  0
        0.345996                  0                  0
        0.369063                  0                  0
        0.392129                  0                  0
        0.415196                  0                  0
        0.438262                  0                  0
        0.461329                  0                  0
        0.484395                  0                  0
        0.507461                  0                  0
        0.530528                  0                  0
        0.553594                  0                  0
        0.576661                  0                  0
        0.599727                  0                  0
        0.622794                  0                  0
         0.64586                  0                  0
        0.668926                  0                  0
        0.691993                  0                  0
        0.715059                  0                  0
        0.738126                  0                  0
        0.761192                  0                  0
        0.784259                  0                  0
        0.807325                  0                  0
        0.830391                  0                  0
        0.853458                  0                  0
        0.876524        0.000162009        0.000162009
        0.899591         0.00432348        0.000884273
        0.922657          0.0445268         0.00318586
        0.945724           0.306102         0.00786066
         0.96879            1.04511          0.0144318
        0.991856            2.29607          0.0202378
         1.01492            3.62638           0.028647
         1.03799            4.60127          0.0267648
         1.06106            4.81247          0.0303591
         1.08412            4.43583          0.0277359
         1.10719            3.64364          0.0270747
         1.13026            2.68294          0.0213594
         1.15332            1.84219          0.0157336
         1.17639            1.17615          0.0143122
         1.19945           0.658578         0.00934299
         1.22252           0.356006          0.0078628
         1.24559            0.17862         0.00584902
         1.26865          0.0866769         0.00422781
         1.29172          0.0505837         0.00321571
         1.31479          0.0427516         0.00309319
         1.33785          0.0620032         0.00284678
         1.36092           0.108453         0.00402619
         1.38399           0.189554         0.00554732
         1.40705           0.306538         0.00618053
         1.43012           0.471404         0.00719653
         1.45319           0.619636         0.00830507
         1.47625           0.790671         0.00817189
         1.49932           0.922685          0.0101041
         1.52238           0.962753          0.0104177
         1.54545           0.915838         0.00904686
         1.56852           0.787695         0.00774472
         1.59158           0.643793         0.00732763
         1.61465           0.477323         0.00642166
         1.63772           0.323294         0.00606079
         1.66078           0.221739         0.00549831
         1.68385           0.204231         0.00488485
         1.70692           0.265651         0.00655641
         1.72998           0.445491         0.00785963
         1.75305           0.756521         0.00805543
         1.77612            1.19371           0.009317
         1.79918            1.72646         0.00954403
         1.82225            2.24392          0.0111048
         1.84531            2.58348          0.0129828
         1.86838            2.68464          0.0149157
         1.89145             2.5269          0.0143344
         1.91451            2.16251          0.0113096
         1.93758            1.69702         0.00957618
         1.96065            1.22102         0.00749447
         1.98371           0.817591         0.00798207
         2.00678           0.559034          0.0077549
         2.02985           0.442859          0.0073409
         2.05291           0.462358         0.00675079
         2.07598           0.588916          0.0067564
         2.09905           0.755324         0.00566358
         2.12211           0.913509         0.00677025
         2.14518           0.991682         0.00670024
         2.16824            1.00935         0.00680544
         2.19131           0.928496         0.00774767
         2.21438           0.791952         0.00512447
         2.23744              0.655         0.00532565
         2.26051           0.572952         0.00645079
         2.28358           0.574707         0.00674792
