               1        -6.66099        -6.66099               0
               2        -6.64523        -6.65311      0.00787894
               3        -6.62909         -6.6451      0.00921045
               4        -6.78916        -6.68112       0.0365977
               5        -6.53324        -6.65154       0.0409669
               6        -6.78041        -6.67302       0.0397515
               7        -6.62751        -6.66652       0.0342195
               8        -6.65414        -6.66497       0.0296753
               9        -6.68881        -6.66762       0.0263048
              10         -6.5885        -6.65971       0.0248227
              11         -6.6971        -6.66311       0.0227087
              12        -6.60887        -6.65859       0.0212171
              13        -6.74146        -6.66496       0.0205317
              14        -6.64524        -6.66355       0.0190608
              15        -6.61605        -6.66039        0.018025
              16        -6.66913        -6.66093       0.0168697
              17        -6.70048        -6.66326       0.0160161
              18         -6.6661        -6.66342        0.015101
              19        -6.60861        -6.66053       0.0145724
              20        -6.66238        -6.66063       0.0138249
              21        -6.71859        -6.66339       0.0134367
              22        -6.65842        -6.66316       0.0128133
              23        -6.63977        -6.66214       0.0122857
              24        -6.68848        -6.66324       0.0118138
              25        -6.68687        -6.66419       0.0113707
              26        -6.65302        -6.66376       0.0109331
              27        -6.67457        -6.66416        0.010528
              28        -6.59554        -6.66171       0.0104368
              29        -6.64232        -6.66104       0.0100926
              30        -6.70916        -6.66264      0.00988148
              31        -6.68092        -6.66323      0.00957557
              32        -6.58606        -6.66082      0.00958005
              33        -6.60927        -6.65926      0.00941571
              34        -6.76959         -6.6625      0.00969385
              35        -6.74143        -6.66476       0.0096792
              36        -6.58857        -6.66264      0.00964164
              37        -6.67192        -6.66289      0.00938078
              38        -6.65961        -6.66281      0.00913099
              39        -6.61672        -6.66162      0.00897194
              40        -6.60889        -6.66031      0.00884359
              41         -6.7237        -6.66185      0.00876269
              42        -6.75251        -6.66401      0.00881972
              43        -6.68176        -6.66442      0.00862205
              44        -6.58915        -6.66271      0.00859579
              45        -6.66201         -6.6627      0.00840262
              46        -6.68246        -6.66313      0.00822915
              47         -6.7135         -6.6642      0.00812316
              48        -6.70466        -6.66504      0.00799668
              49         -6.5644        -6.66299      0.00809661
              50        -6.56944        -6.66112      0.00815066
              51        -6.75841        -6.66302      0.00821386
              52        -6.64217        -6.66262      0.00806433
              53        -6.63507         -6.6621      0.00792778
              54        -6.75595        -6.66384      0.00797134
              55        -6.70802        -6.66464      0.00786618
              56        -6.63967         -6.6642      0.00773731
              57        -6.60666        -6.66319      0.00766709
              58        -6.70273        -6.66387      0.00756453
              59        -6.63587         -6.6634      0.00745034
              60         -6.7017        -6.66403      0.00735288
              61        -6.67616        -6.66423      0.00723407
              62        -6.62985        -6.66368      0.00713802
              63        -6.64126        -6.66332      0.00703281
              64        -6.67227        -6.66346      0.00692346
              65         -6.6572        -6.66337      0.00681679
              66        -6.64891        -6.66315      0.00671629
              67        -6.70879        -6.66383      0.00665027
              68        -6.70238         -6.6644      0.00657622
              69        -6.60513        -6.66354      0.00653689
              70        -6.51674        -6.66144      0.00677552
              71        -6.74159        -6.66257      0.00677414
              72        -6.74526        -6.66372      0.00677742
              73        -6.67902        -6.66393      0.00668722
              74          -6.643        -6.66364      0.00660229
              75        -6.65165        -6.66348      0.00651563
              76        -6.65139        -6.66332      0.00643129
              77        -6.64956        -6.66315      0.00634974
              78        -6.70397        -6.66367      0.00628962
              79        -6.66296        -6.66366       0.0062095
              80        -6.69485        -6.66405      0.00614378
              81        -6.62974        -6.66363      0.00608222
              82        -6.68319        -6.66387      0.00601232
              83        -6.61357        -6.66326      0.00597028
              84        -6.62801        -6.66284      0.00591368
              85         -6.7112        -6.66341      0.00587133
              86        -6.76504        -6.66459      0.00592177
              87        -6.62535        -6.66414      0.00587066
              88        -6.57459        -6.66312      0.00589211
              89        -6.65757        -6.66306      0.00582587
              90        -6.65103        -6.66293      0.00576232
              91        -6.63849        -6.66266      0.00570497
              92        -6.65984        -6.66263       0.0056427
              93        -6.73816        -6.66344      0.00564048
              94        -6.71762        -6.66402      0.00560985
              95        -6.63402         -6.6637      0.00555945
              96         -6.5888        -6.66292      0.00555629
              97        -6.65635        -6.66285      0.00549913
              98        -6.64568        -6.66268      0.00544555
              99        -6.70922        -6.66315      0.00541072
             100        -6.69944        -6.66351      0.00536863
