               1        -4.26493        -4.26493               0
               2        -4.28759        -4.27626       0.0113279
               3        -4.29569        -4.28274      0.00920465
               4        -4.14165        -4.24747       0.0358675
               5        -4.39298        -4.27657       0.0402352
               6        -4.15242        -4.25588       0.0388254
               7          -4.302        -4.26247       0.0334685
               8         -4.2717        -4.26362       0.0290075
               9         -4.2381        -4.26079       0.0257389
              10        -4.33391         -4.2681        0.024155
              11        -4.23365        -4.26497       0.0220724
              12        -4.33099        -4.27047        0.020887
              13        -4.18974        -4.26426       0.0201918
              14        -4.28436        -4.26569        0.018749
              15        -4.31099        -4.26871       0.0177137
              16        -4.25829        -4.26806       0.0165824
              17        -4.23066        -4.26586       0.0157311
              18        -4.26224        -4.26566       0.0148328
              19        -4.31569        -4.26829       0.0142753
              20        -4.26451        -4.26811       0.0135441
              21        -4.20569        -4.26513       0.0132214
              22        -4.26981        -4.26535       0.0126079
              23        -4.29411         -4.2666        0.012112
              24        -4.24243        -4.26559         0.01164
              25        -4.24521        -4.26477       0.0111944
              26         -4.2766        -4.26523       0.0107648
              27        -4.26017        -4.26504       0.0103602
              28        -4.33608        -4.26758       0.0103006
              29        -4.28009        -4.26801      0.00994845
              30        -4.21386         -4.2662      0.00977913
              31        -4.24388        -4.26548       0.0094858
              32        -4.33928        -4.26779      0.00946967
              33        -4.32006        -4.26937      0.00931391
              34        -4.16745        -4.26638      0.00952015
              35        -4.19408        -4.26431      0.00947215
              36        -4.33968         -4.2664      0.00944037
              37        -4.25675        -4.26614      0.00918539
              38        -4.27207         -4.2663      0.00894176
              39        -4.31301         -4.2675      0.00879145
              40        -4.32373         -4.2689       0.0086834
              41        -4.20924        -4.26745      0.00859305
              42        -4.17641        -4.26528      0.00866154
              43        -4.24022         -4.2647      0.00847776
              44        -4.34159        -4.26645      0.00846521
              45        -4.26862        -4.26649       0.0082751
              46        -4.24926        -4.26612      0.00810187
              47        -4.21642        -4.26506      0.00799783
              48        -4.22595        -4.26425      0.00787172
              49        -4.36418        -4.26629      0.00797458
              50        -4.35684         -4.2681       0.0080206
              51        -4.17605        -4.26629      0.00806628
              52         -4.2884        -4.26672      0.00792105
              53        -4.29144        -4.26718      0.00778414
              54        -4.17391        -4.26546      0.00783147
              55         -4.2224        -4.26467      0.00772753
              56        -4.29125        -4.26515      0.00760311
              57        -4.32512         -4.2662      0.00754227
              58        -4.22663        -4.26552      0.00744243
              59        -4.28685        -4.26588      0.00732412
              60        -4.22727        -4.26524      0.00722972
              61        -4.25167        -4.26501      0.00711368
              62        -4.29772        -4.26554      0.00701786
              63        -4.28633        -4.26587      0.00691345
              64        -4.25419        -4.26569      0.00680702
              65        -4.27565        -4.26584      0.00670323
              66        -4.28272         -4.2661      0.00660584
              67        -4.22039        -4.26542      0.00654217
              68        -4.22692        -4.26485      0.00647005
              69        -4.32005        -4.26565      0.00642559
              70         -4.4135        -4.26776      0.00667605
              71        -4.19253         -4.2667       0.0066661
              72        -4.18436        -4.26556      0.00667161
              73        -4.25131        -4.26536      0.00658248
              74        -4.28721        -4.26566      0.00649963
              75        -4.27101        -4.26573      0.00641278
              76        -4.27316        -4.26583      0.00632859
              77        -4.27776        -4.26598      0.00624778
              78        -4.22066         -4.2654      0.00619447
              79        -4.26429        -4.26539      0.00611558
              80        -4.23649        -4.26503      0.00604944
              81         -4.2985        -4.26544      0.00598856
              82        -4.24486        -4.26519       0.0059204
              83        -4.31461        -4.26578      0.00587887
              84        -4.30513        -4.26625      0.00582731
              85        -4.21882        -4.26569      0.00578532
              86        -4.16002        -4.26447      0.00584819
              87        -4.29571        -4.26482      0.00579172
              88        -4.35365        -4.26583      0.00581382
              89        -4.27123        -4.26589      0.00574845
              90        -4.27214        -4.26596      0.00568464
              91        -4.28372        -4.26616      0.00562521
              92        -4.26748        -4.26617      0.00556375
              93        -4.19846        -4.26545      0.00555156
              94         -4.2127        -4.26488      0.00552077
              95        -4.29623        -4.26521       0.0054723
              96        -4.34365        -4.26603      0.00547629
              97        -4.27998        -4.26618      0.00542145
              98        -4.28472        -4.26636      0.00536918
              99         -4.2216        -4.26591      0.00533387
             100        -4.23464         -4.2656      0.00528951
