               1         1.19803         1.19803               0
               2         1.17882         1.18843      0.00960342
               3          1.1667         1.18118      0.00912147
               4         1.32375         1.21682       0.0362217
               5         1.07013         1.18749       0.0405952
               6           1.314         1.20857        0.039284
               7         1.16275         1.20203       0.0338401
               8         1.19122         1.20068       0.0293375
               9         1.22536         1.20342       0.0260182
              10         1.12729         1.19581       0.0244848
              11         1.23172         1.19907       0.0223868
              12         1.13894         1.19406       0.0210416
              13         1.27586         1.20035       0.0203526
              14         1.18044         1.19893       0.0188964
              15         1.15253         1.19584       0.0178615
              16         1.20542         1.19644       0.0167186
              17         1.23491          1.1987       0.0158666
              18         1.20193         1.19888       0.0149603
              19         1.14646         1.19612       0.0144174
              20         1.19894         1.19626       0.0136783
              21         1.25645         1.19913       0.0133226
              22         1.19431         1.19891       0.0127045
              23         1.17283         1.19777       0.0121924
              24         1.22302         1.19883       0.0117206
              25         1.22083         1.19971       0.0112764
              26         1.18821         1.19926       0.0108431
              27          1.2072         1.19956       0.0104379
              28         1.12973         1.19706       0.0103627
              29         1.18111         1.19651       0.0100141
              30         1.24765         1.19822       0.0098236
              31         1.21852         1.19887      0.00952397
              32         1.12339         1.19651      0.00951847
              33          1.1446         1.19494      0.00935868
              34         1.30107         1.19806      0.00960085
              35         1.27368         1.20022      0.00956957
              36         1.12444         1.19812      0.00953521
              37         1.20759         1.19837      0.00927745
              38         1.19377         1.19825      0.00903082
              39         1.15185         1.19706      0.00887631
              40         1.14258          1.1957      0.00875813
              41         1.25723          1.1972      0.00867266
              42         1.28805         1.19936      0.00873567
              43         1.22077         1.19986       0.0085446
              44         1.12378         1.19813      0.00852537
              45         1.19669          1.1981      0.00833382
              46          1.2166          1.1985      0.00816055
              47         1.24854         1.19957      0.00805569
              48         1.23935          1.2004      0.00792951
              49         1.10011         1.19835      0.00803115
              50          1.1063         1.19651      0.00808138
              51         1.29118         1.19837      0.00813593
              52         1.17689         1.19795      0.00798862
              53         1.17182         1.19746      0.00785195
              54         1.29102         1.19919      0.00789756
              55         1.24281         1.19999       0.0077931
              56         1.17421         1.19952       0.0076665
              57         1.14077         1.19849      0.00760101
              58         1.23805         1.19918      0.00749989
              59         1.17451         1.19876      0.00738352
              60         1.23722          1.1994      0.00728766
              61         1.21224         1.19961      0.00717029
              62         1.16606         1.19907      0.00707441
              63         1.17747         1.19873      0.00696965
              64         1.20904         1.19889      0.00686178
              65         1.19077         1.19876      0.00675654
              66          1.1831         1.19852      0.00665762
              67          1.2442         1.19921      0.00659284
              68         1.23773         1.19977      0.00651982
              69         1.14254         1.19894      0.00647796
              70         1.05162         1.19684      0.00672267
              71         1.27453         1.19793      0.00671704
              72         1.28045         1.19908      0.00672152
              73         1.21386         1.19928       0.0066319
              74          1.1779         1.19899      0.00654804
              75         1.19032         1.19888      0.00646118
              76         1.18911         1.19875      0.00637689
              77          1.1859         1.19858      0.00629574
              78         1.24166         1.19913      0.00623899
              79         1.19934         1.19914      0.00615951
              80         1.22918         1.19951      0.00609361
              81         1.16562         1.19909      0.00603244
              82         1.21916         1.19934      0.00596345
              83         1.14948         1.19874      0.00592171
              84         1.16144         1.19829      0.00586761
              85         1.24619         1.19886      0.00582548
              86         1.30251         1.20006      0.00588214
              87         1.16482         1.19966      0.00582823
              88         1.11047         1.19864      0.00585009
              89         1.19317         1.19858      0.00578431
              90         1.18944         1.19848      0.00572058
              91         1.17739         1.19825      0.00566211
              92         1.19618         1.19823      0.00560028
              93         1.26985           1.199      0.00559301
              94         1.25246         1.19957      0.00556235
              95          1.1689         1.19924      0.00551295
              96         1.12257         1.19844      0.00551337
              97         1.18818         1.19834      0.00545726
              98         1.18048         1.19816      0.00540436
              99         1.24381         1.19862      0.00536933
             100          1.2324         1.19895      0.00532609
