           1    0.493184    0.493184           0
           2    0.474396     0.48379    0.009394
           3    0.481472    0.483017  0.00547839
           4     0.49002    0.484768  0.00425102
           5    0.495544    0.486923  0.00393543
           6    0.467492    0.483685  0.00456215
           7    0.481576    0.483383  0.00386747
           8    0.490192    0.484235  0.00345576
           9    0.485928    0.484423   0.0030535
          10    0.481512    0.484132   0.0027466
          11     0.48952    0.484621  0.00253222
          12    0.478524    0.484113  0.00236678
          13     0.47222    0.483198  0.00236154
          14    0.470868    0.482318  0.00235709
          15    0.500192    0.483509  0.00249701
          16    0.479184    0.483239  0.00235133
          17    0.473376    0.482659  0.00228362
          18    0.481788     0.48261  0.00215356
          19    0.476028    0.482264  0.00206631
          20    0.480076    0.482155  0.00196333
          21    0.471776     0.48166  0.00193179
          22    0.488828    0.481986  0.00187048
          23    0.483052    0.482033   0.0017879
          24    0.473792    0.481689  0.00174588
          25    0.487876    0.481937  0.00169278
          26    0.480568    0.481884  0.00162722
          27    0.499772    0.482547  0.00170019
          28    0.479216    0.482428  0.00164266
          29    0.471832    0.482062  0.00162657
          30    0.474984    0.481826  0.00158903
          31    0.493372    0.482199   0.0015814
          32    0.474816    0.481968  0.00154846
          33     0.47606    0.481789  0.00151145
          34    0.480828    0.481761  0.00146659
          35    0.494184    0.482116  0.00146764
          36    0.485984    0.482223  0.00143033
          37     0.48224    0.482224  0.00139114
          38    0.485164    0.482301  0.00135625
          39    0.487176    0.482426  0.00132691
          40    0.468324    0.482073  0.00134051
          41     0.46902    0.481755  0.00134561
          42    0.484304    0.481816  0.00131458
          43    0.467504    0.481483  0.00132609
          44    0.461972    0.481039  0.00136939
          45    0.495188    0.481354  0.00137504
          46    0.491004    0.481564  0.00136108
          47    0.487152    0.481683   0.0013371
          48    0.472116    0.481483  0.00132404
          49    0.484724    0.481549  0.00129842
          50    0.475996    0.481438  0.00127702
          51    0.471792    0.481249  0.00126594
          52    0.473332    0.481097  0.00125066
          53    0.492084    0.481304  0.00124423
          54     0.48338    0.481343  0.00122157
          55    0.463572     0.48102  0.00124192
          56    0.474876     0.48091  0.00122447
          57    0.483376    0.480953  0.00120357
          58    0.483508    0.480997  0.00118346
          59    0.491068    0.481168  0.00117569
          60    0.483248    0.481203  0.00115645
          61    0.477412     0.48114  0.00113903
          62    0.480904    0.481137  0.00112051
          63    0.483068    0.481167  0.00110301
          64    0.478056    0.481119  0.00108672
          65    0.484408    0.481169  0.00107107
          66    0.477052    0.481107  0.00105656
          67     0.48018    0.481093  0.00104076
          68    0.485944    0.481164  0.00102782
          69    0.473012    0.481046  0.00101968
          70    0.493712    0.481227  0.00102117
          71    0.483592     0.48126  0.00100724
          72    0.480404    0.481249 0.000993219
          73    0.459504    0.480951  0.00102381
          74     0.47392    0.480856  0.00101434
          75    0.468552    0.480692  0.00101408
          76    0.488828    0.480799  0.00100636
          77    0.480032    0.480789 0.000993252
          78    0.477628    0.480748 0.000981273
          79    0.496304    0.480945 0.000988581
          80    0.485324       0.481 0.000977679
          81    0.478992    0.480975 0.000965851
          82    0.479332    0.480955  0.00095421
          83    0.483824     0.48099 0.000943277
          84     0.46818    0.480837 0.000944374
          85    0.481536    0.480845 0.000933234
          86    0.474036    0.480766 0.000925711
          87    0.491392    0.480888 0.000923124
          88    0.489204    0.480983 0.000917453
          89     0.49872    0.481182 0.000928721
          90    0.481996    0.481191 0.000918389
          91    0.487672    0.481262 0.000911029
          92    0.480304    0.481252 0.000901132
          93    0.478092    0.481218 0.000892037
          94    0.477568    0.481179  0.00088335
          95    0.493664    0.481311 0.000883827
          96     0.49564     0.48146 0.000887219
          97    0.486748    0.481514 0.000879715
          98    0.471712    0.481414 0.000876419
          99    0.483064    0.481431 0.000867681
         100     0.47806    0.481397 0.000859622
