           1    0.524974    0.524974           0
           2     0.53466    0.529817  0.00484311
           3    0.554914    0.538183  0.00882063
           4    0.529931     0.53612  0.00656947
           5    0.546624    0.538221  0.00550527
           6     0.52995    0.536842  0.00470165
           7    0.532421    0.536211  0.00402351
           8    0.524656    0.534766  0.00377195
           9    0.542422    0.535617  0.00343357
          10    0.544112    0.536466  0.00318642
          11    0.533449    0.536192  0.00289525
          12     0.54211    0.536685   0.0026886
          13     0.52183    0.535543   0.0027244
          14    0.519696    0.534411  0.00276463
          15    0.536558    0.534554  0.00257771
          16    0.535918    0.534639  0.00241273
          17    0.547571      0.5354  0.00239063
          18    0.515343    0.534286  0.00251429
          19    0.514537    0.533246  0.00259549
          20    0.542001    0.533684   0.0025009
          21    0.528403    0.533432  0.00239208
          22    0.515281    0.532607  0.00242541
          23    0.541302    0.532985  0.00234819
          24    0.515025    0.532237   0.0023695
          25    0.516757    0.531618  0.00235558
          26    0.525226    0.531372  0.00227648
          27    0.549941     0.53206  0.00229597
          28    0.548123    0.532633  0.00228562
          29     0.51593    0.532057  0.00227937
          30    0.528601    0.531942   0.0022051
          31    0.534209    0.532015  0.00213403
          32    0.536109    0.532143  0.00207022
          33    0.550601    0.532703    0.002083
          34    0.549071    0.533184  0.00207737
          35    0.551425    0.533705  0.00208338
          36    0.543418    0.533975  0.00204258
          37    0.529082    0.533843    0.001991
          38    0.534776    0.533867  0.00193805
          39    0.513299     0.53334  0.00195999
          40    0.535768    0.533401  0.00191133
          41    0.530663    0.533334  0.00186532
          42    0.526993    0.533183  0.00182662
          43    0.556958    0.533736  0.00186737
          44    0.521721    0.533463  0.00184476
          45    0.534585    0.533488  0.00180347
          46    0.532056    0.533457   0.0017641
          47    0.528038    0.533341  0.00173001
          48    0.517075    0.533002  0.00172715
          49    0.539576    0.533137  0.00169685
          50    0.542482    0.533323  0.00167304
          51    0.531193    0.533282  0.00164044
          52    0.524493    0.533113  0.00161744
          53    0.514869    0.532768  0.00162353
          54    0.536509    0.532838  0.00159469
          55    0.524333    0.532683  0.00157305
          56    0.543683     0.53288  0.00155714
          57    0.543312    0.533063  0.00154049
          58    0.518229    0.532807  0.00153515
          59    0.522484    0.532632  0.00151901
          60    0.543108    0.532806  0.00150365
          61    0.542434    0.532964  0.00148719
          62     0.52737    0.532874  0.00146579
          63    0.540801       0.533  0.00144782
          64     0.51432    0.532708   0.0014546
          65    0.533791    0.532725  0.00143214
          66    0.520995    0.532547  0.00142143
          67    0.534707    0.532579  0.00140043
          68    0.533553    0.532593  0.00137975
          69    0.531571    0.532579  0.00135969
          70    0.523546     0.53245  0.00134632
          71    0.529296    0.532405  0.00132797
          72    0.546135    0.532596  0.00132321
          73    0.543539    0.532746  0.00131354
          74    0.563535    0.533162  0.00136083
          75    0.558226    0.533496  0.00138353
          76    0.534978    0.533516  0.00136534
          77    0.550526    0.533736  0.00136548
          78    0.534386    0.533745  0.00134789
          79    0.543863    0.533873  0.00133687
          80    0.543194    0.533989  0.00132518
          81    0.541584    0.534083  0.00131208
          82     0.53146    0.534051  0.00129637
          83     0.53946    0.534116  0.00128231
          84    0.534075    0.534116  0.00126696
          85     0.54335    0.534224  0.00125667
          86    0.529654    0.534171   0.0012431
          87    0.520288    0.534012  0.00123905
          88    0.523766    0.533895  0.00123041
          89    0.534703    0.533904  0.00121654
          90    0.536595    0.533934  0.00120332
          91    0.528109     0.53387  0.00119175
          92    0.536983    0.533904  0.00117921
          93    0.543565    0.534008  0.00117107
          94    0.543471    0.534109  0.00116291
          95    0.539038    0.534161  0.00115178
          96    0.529852    0.534116   0.0011406
          97    0.530328    0.534077  0.00112946
          98    0.551675    0.534256   0.0011322
          99     0.53546    0.534268  0.00112077
         100    0.553005    0.534456  0.00112522
