           1   -0.763429   -0.763429           0
           2   -0.753463   -0.758446   0.0049828
           3   -0.755174   -0.757355  0.00307658
           4   -0.758596   -0.757666  0.00219747
           5   -0.757861   -0.757705   0.0017026
           6   -0.753354    -0.75698  0.00156788
           7   -0.753307   -0.756455  0.00142518
           8   -0.762854   -0.757255  0.00147079
           9   -0.759962   -0.757556  0.00133152
          10   -0.757438   -0.757544  0.00119101
          11   -0.758432   -0.757625  0.00108033
          12   -0.752697   -0.757214  0.00106828
          13   -0.751644   -0.756786  0.00107202
          14   -0.753318   -0.756538  0.00102295
          15   -0.762334   -0.756924  0.00102773
          16   -0.759221   -0.757068  0.00097201
          17   -0.752907   -0.756823 0.000945277
          18   -0.754118   -0.756673 0.000903801
          19   -0.753846   -0.756524 0.000867763
          20   -0.752703   -0.756333 0.000845108
          21   -0.754787   -0.756259 0.000807221
          22   -0.756966   -0.756291 0.000770324
          23   -0.758938   -0.756407 0.000745013
          24   -0.755206   -0.756357 0.000715046
          25   -0.760071   -0.756505 0.000701759
          26   -0.756946   -0.756522 0.000674441
          27   -0.763434   -0.756778 0.000697653
          28   -0.752795   -0.756636 0.000687159
          29   -0.752358   -0.756488 0.000679248
          30   -0.750789   -0.756298 0.000683164
          31   -0.761242   -0.756458 0.000679734
          32   -0.755707   -0.756434 0.000658568
          33   -0.752828   -0.756325 0.000647587
          34   -0.755278   -0.756294 0.000629006
          35   -0.760325   -0.756409 0.000621532
          36   -0.757629   -0.756443  0.00060497
          37   -0.757584   -0.756474 0.000589199
          38   -0.760441   -0.756579 0.000582907
          39   -0.757987   -0.756615 0.000568912
          40   -0.747697   -0.756392 0.000597647
          41     -0.7513   -0.756267 0.000595971
          42   -0.755573   -0.756251 0.000581843
          43   -0.753533   -0.756188 0.000571657
          44   -0.748482   -0.756013 0.000585324
          45   -0.761334   -0.756131  0.00058426
          46   -0.761833   -0.756255 0.000584707
          47   -0.758046   -0.756293   0.0005734
          48   -0.749431    -0.75615 0.000579244
          49   -0.757833   -0.756184 0.000568338
          50   -0.754447    -0.75615 0.000557938
          51   -0.750758   -0.756044 0.000557011
          52   -0.754714   -0.756018 0.000546793
          53   -0.760665   -0.756106 0.000543494
          54   -0.758156   -0.756144 0.000534684
          55   -0.751242   -0.756055 0.000532384
          56   -0.752303   -0.755988 0.000527066
          57   -0.760475   -0.756067 0.000523688
          58   -0.758654   -0.756111 0.000516509
          59   -0.758046   -0.756144 0.000508737
          60   -0.754674   -0.756119 0.000500786
          61   -0.755666   -0.756112 0.000492564
          62   -0.756741   -0.756122  0.00048466
          63   -0.754838   -0.756102 0.000477341
          64   -0.753619   -0.756063 0.000471422
          65   -0.758762   -0.756104 0.000465966
          66   -0.753738   -0.756069  0.00046025
          67   -0.755076   -0.756054  0.00045357
          68   -0.758429   -0.756089 0.000448213
          69   -0.753362   -0.756049 0.000443434
          70   -0.759934   -0.756105 0.000440563
          71   -0.755366   -0.756094 0.000434438
          72   -0.751377   -0.756029 0.000433344
          73   -0.743845   -0.755862 0.000458802
          74   -0.754928   -0.755849 0.000452735
          75   -0.748854   -0.755756 0.000456291
          76   -0.759558   -0.755806 0.000453017
          77   -0.756182   -0.755811 0.000447122
          78   -0.754118   -0.755789 0.000441886
          79   -0.763637   -0.755889 0.000447423
          80   -0.759513   -0.755934 0.000444112
          81   -0.754102   -0.755911 0.000439177
          82   -0.753866   -0.755886 0.000434505
          83   -0.757709   -0.755908 0.000429799
          84   -0.751076   -0.755851  0.00042853
          85   -0.752395    -0.75581 0.000425406
          86   -0.752023   -0.755766  0.00042273
          87   -0.762182    -0.75584 0.000424301
          88   -0.759249   -0.755879 0.000421237
          89   -0.766584   -0.755999   0.0004335
          90   -0.756151   -0.756001 0.000428659
          91   -0.758558   -0.756029 0.000424853
          92   -0.752965   -0.755995 0.000421528
          93   -0.753106   -0.755964 0.000418126
          94   -0.755618   -0.755961  0.00041367
          95   -0.762309   -0.756027 0.000414712
          96   -0.761752   -0.756087 0.000414679
          97   -0.757902   -0.756106 0.000410808
          98   -0.753022   -0.756074  0.00040781
          99   -0.755925   -0.756073 0.000403672
         100   -0.754108   -0.756053 0.000400098
