           1     1.77849     1.77849           0
           2     1.91112     1.84481   0.0663147
           3     1.93487     1.87483   0.0486525
           4     1.84724     1.86793   0.0350872
           5     1.79029      1.8524   0.0313015
           6     1.90437     1.86106   0.0269854
           7     1.83072     1.85673    0.023215
           8     1.84698     1.85551   0.0201417
           9     1.89491     1.85989   0.0182948
          10     1.95999      1.8699   0.0191823
          11     1.74337     1.85839   0.0208175
          12     1.88306     1.86045   0.0191146
          13     1.88091     1.86202   0.0176531
          14     1.93354     1.86713   0.0171233
          15     1.75163     1.85943   0.0177031
          16     1.88236     1.86087   0.0166216
          17     1.83992     1.85963   0.0156619
          18     1.81454     1.85713   0.0149772
          19     1.87874     1.85827   0.0142126
          20     1.86293      1.8585   0.0134853
          21     1.92619     1.86172   0.0132258
          22     1.76275     1.85722   0.0133888
          23      1.8907     1.85868    0.012876
          24     1.84648     1.85817   0.0123383
          25     1.78966     1.85543   0.0121476
          26     1.86266     1.85571   0.0116744
          27     1.80708     1.85391   0.0113771
          28     1.89347     1.85532    0.011054
          29     1.88047     1.85619   0.0107012
          30      1.8854     1.85716   0.0103841
          31     1.76954     1.85434   0.0104336
          32           2     1.85889   0.0110805
          33     1.87497     1.85937   0.0107506
          34     1.90422     1.86069   0.0105127
          35     1.86133     1.86071   0.0102079
          36       1.855     1.86055  0.00992157
          37      1.7465     1.85747   0.0101301
          38     1.86352     1.85763   0.0098612
          39     1.81203     1.85646  0.00967593
          40     1.82896     1.85577  0.00945595
          41     1.89184     1.85665  0.00926429
          42     1.84361     1.85634  0.00904635
          43     1.98172     1.85926  0.00930222
          44     1.91478     1.86052  0.00917553
          45     1.81981     1.85961  0.00901481
          46     1.85865     1.85959  0.00881668
          47     1.75637      1.8574  0.00890222
          48     1.82728     1.85677  0.00873734
          49     1.88333     1.85731  0.00857432
          50     1.94571     1.85908  0.00858512
          51     1.86988     1.85929  0.00841776
          52     1.91833     1.86043    0.008332
          53     1.76962     1.85871  0.00835092
          54     1.86819     1.85889  0.00819669
          55     1.94162     1.86039  0.00818567
          56     1.95565     1.86209  0.00821616
          57     1.87861     1.86238  0.00807593
          58     1.78984     1.86113  0.00803344
          59     1.78796     1.85989  0.00799292
          60     1.86442     1.85997  0.00785894
          61     1.91238     1.86083  0.00777664
          62      1.8019     1.85988    0.007709
          63     1.85286     1.85977  0.00758646
          64     1.76994     1.85836  0.00759773
          65     1.84942     1.85823   0.0074812
          66     1.83005      1.8578  0.00737933
          67     1.89705     1.85838  0.00729193
          68     1.81811     1.85779  0.00720827
          69     1.90376     1.85846   0.0071342
          70     1.88268      1.8588  0.00704005
          71     1.85446     1.85874  0.00694046
          72     1.85132     1.85864  0.00684416
          73     1.89713     1.85917  0.00677031
          74     2.05665     1.86184  0.00719165
          75      1.9147     1.86254  0.00713004
          76     1.86905     1.86263  0.00703612
          77     1.89092     1.86299  0.00695386
          78     1.83959     1.86269  0.00687068
          79     1.79417     1.86183  0.00683839
          80     1.94488     1.86286  0.00683172
          81     1.86005     1.86283  0.00674694
          82     1.80482     1.86212  0.00670159
          83     1.82955     1.86173  0.00663197
          84      1.8908     1.86208  0.00656168
          85     1.89916     1.86251  0.00649869
          86     1.91358     1.86311  0.00645007
          87     1.76691       1.862  0.00647067
          88     1.78439     1.86112  0.00645722
          89      1.8159     1.86061  0.00640444
          90     1.84812     1.86047   0.0063344
          91     1.78728     1.85967  0.00631583
          92     1.80024     1.85902  0.00628011
          93     1.84099     1.85883  0.00621524
          94     1.85684     1.85881   0.0061488
          95     1.77111     1.85788  0.00615337
          96     1.76211     1.85689  0.00617012
          97     1.83391     1.85665  0.00611077
          98     1.94991      1.8576   0.0061225
          99     1.85297     1.85755  0.00606052
         100     2.08967     1.85987  0.00643298
