           1     9.26786     9.26786           0
           2     8.27844     8.77315    0.494707
           3     8.24291      8.5964    0.335884
           4     7.69299     8.37055    0.327747
           5     9.07385     8.51121    0.290235
           6      7.7885     8.39076    0.265831
           7     8.02957     8.33916    0.230518
           8     7.96403     8.29227    0.205067
           9     8.93095     8.36323    0.194277
          10     8.28266     8.35518    0.173953
          11     8.81181     8.39669    0.162731
          12     8.16475     8.37736    0.149804
          13     8.18679      8.3627    0.138577
          14     8.35671     8.36227    0.128298
          15     9.23647     8.42055      0.1329
          16     9.53624     8.49028    0.142537
          17     8.01581     8.46237    0.136768
          18      9.1612      8.5012    0.134664
          19     9.02816     8.52893    0.130364
          20     7.29539     8.46725    0.138201
          21     8.46242     8.46702    0.131455
          22     9.35116     8.50721    0.131623
          23     8.00908     8.48555    0.127621
          24     8.92724     8.50396    0.123566
          25     7.76117     8.47425    0.122188
          26     7.75997     8.44677    0.120566
          27     9.06192     8.46956    0.118231
          28      8.5007     8.47067    0.113935
          29     8.47083     8.47068    0.109936
          30      8.2782     8.46426    0.106402
          31     8.07539     8.45172    0.103674
          32     9.32766     8.47909    0.104048
          33     8.56064     8.48156    0.100876
          34     8.76147     8.48979   0.0982094
          35     8.79643     8.49855   0.0957637
          36      7.3651     8.46707   0.0982471
          37     8.65532     8.47216   0.0956903
          38     9.05393     8.48747    0.094388
          39     8.34028     8.48369   0.0920133
          40     7.68231     8.46366   0.0918941
          41     7.72761     8.44571    0.091405
          42        9.23     8.46438   0.0911358
          43     8.34946     8.46171   0.0890312
          44     8.39444     8.46018   0.0869977
          45     9.04932     8.47327   0.0860443
          46     7.61885      8.4547   0.0861784
          47      8.4712     8.45505   0.0843257
          48     8.07909     8.44721   0.0829209
          49     8.37552     8.44575   0.0812242
          50     8.65639     8.44996   0.0796946
          51     9.60102     8.47253   0.0813114
          52     8.90269     8.48081   0.0801604
          53     9.30156     8.49629   0.0801438
          54       8.502      8.4964   0.0786457
          55      8.6238     8.49871   0.0772373
          56      8.8339      8.5047   0.0760813
          57     7.71015     8.49076   0.0760235
          58     7.75027     8.47799   0.0757844
          59     9.38644     8.49339   0.0760636
          60     7.96421     8.48457   0.0753034
          61     9.48384     8.50095   0.0758488
          62     8.76493     8.50521   0.0747367
          63     8.75377     8.50916   0.0736466
          64     9.71076     8.52793   0.0748788
          65      8.4646     8.52696   0.0737243
          66     8.39596     8.52497   0.0726258
          67     8.95631     8.53141   0.0718227
          68     8.41871     8.52975    0.070778
          69     9.16028     8.53889   0.0703408
          70     9.13261     8.54737   0.0698455
          71     9.08632     8.55496   0.0692719
          72     8.46954     8.55378   0.0683134
          73     8.52318     8.55336   0.0673724
          74     8.93725     8.55854   0.0666579
          75     8.85021     8.56243    0.065878
          76     9.10987     8.56964   0.0654032
          77     8.42629     8.56777   0.0645751
          78     8.90792     8.57214   0.0638908
          79     8.59127     8.57238   0.0630774
          80     9.61544     8.58542    0.063634
          81      9.0642     8.59133   0.0631208
          82      7.9244     8.58319   0.0628746
          83      9.0978     8.58939   0.0624211
          84     8.73661     8.59115   0.0616984
          85     9.62234     8.60328   0.0621635
          86     7.80488     8.59399   0.0621339
          87     8.46882     8.59256   0.0614325
          88     8.70954     8.59388   0.0607449
          89     8.79485     8.59614   0.0601009
          90     7.62285     8.58533   0.0604053
          91     7.99588     8.57885    0.060088
          92      8.2305     8.57506   0.0595518
          93     8.66345     8.57602   0.0589156
          94     7.99464     8.56983   0.0586127
          95     8.24313     8.56639   0.0580943
          96     8.28287     8.56344   0.0575618
          97     9.10197     8.56899   0.0572352
          98     8.89022     8.57227   0.0567429
          99     8.58312     8.57238   0.0561669
         100     8.67196     8.57337   0.0556113
