           1    0.434025    0.434025           0
           2    0.430334    0.432179  0.00184554
           3    0.413155    0.425838   0.0064303
           4    0.427029    0.426136  0.00455666
           5    0.434164    0.427741   0.0038776
           6    0.406808    0.424252  0.00471131
           7    0.468798    0.430616  0.00750669
           8     0.40587    0.427523  0.00719935
           9     0.42218    0.426929  0.00637692
          10    0.411823    0.425419  0.00590034
          11    0.430541    0.425884  0.00535734
          12    0.430989     0.42631  0.00490903
          13    0.413883    0.425354  0.00461572
          14    0.418559    0.424868  0.00430079
          15    0.430732    0.425259  0.00402286
          16    0.418488    0.424836  0.00378676
          17    0.413369    0.424162  0.00362043
          18    0.439742    0.425027  0.00352142
          19    0.416295    0.424568  0.00336248
          20    0.433268    0.425003  0.00321946
          21    0.432612    0.425365  0.00308368
          22    0.415173    0.424902  0.00297645
          23    0.405365    0.424052  0.00296823
          24    0.438965    0.424674  0.00290901
          25    0.401824     0.42376   0.0029361
          26    0.426605    0.423869  0.00282304
          27    0.445616    0.424675  0.00283337
          28    0.427455    0.424774   0.0027321
          29    0.411811    0.424327  0.00267384
          30    0.428846    0.424478  0.00258756
          31    0.404654    0.423838  0.00258311
          32    0.455673    0.424833  0.00269168
          33    0.435753    0.425164  0.00262974
          34    0.429509    0.425292  0.00255442
          35    0.428722     0.42539   0.0024823
          36     0.43106    0.425547   0.0024175
          37    0.416055    0.425291  0.00236521
          38    0.423934    0.425255   0.0023024
          39    0.419482    0.425107  0.00224747
          40    0.436207    0.425384  0.00220807
          41    0.431525    0.425534  0.00215874
          42    0.441098    0.425905  0.00213906
          43    0.409654    0.425527  0.00212263
          44    0.434728    0.425736  0.00208435
          45    0.456938    0.426429  0.00215225
          46    0.427098    0.426444    0.002105
          47    0.444082    0.426819  0.00209363
          48    0.427707    0.426838  0.00204963
          49    0.441901    0.427145  0.00203077
          50    0.411967    0.426841  0.00201276
          51    0.440079    0.427101   0.0019899
          52    0.434934    0.427252  0.00195707
          53    0.446424    0.427613  0.00195357
          54    0.434129    0.427734  0.00192085
          55    0.433214    0.427834  0.00188823
          56    0.399941    0.427336  0.00191994
          57    0.415781    0.427133  0.00189682
          58     0.40113    0.426685  0.00191699
          59     0.43269    0.426786  0.00188696
          60    0.419425    0.426664   0.0018593
          61    0.413948    0.426455  0.00184041
          62    0.427438    0.426471  0.00181055
          63    0.426272    0.426468  0.00178158
          64    0.439742    0.426675  0.00176575
          65    0.423887    0.426632   0.0017389
          66    0.425618    0.426617  0.00171242
          67    0.434105    0.426729  0.00169037
          68    0.450499    0.427078  0.00170162
          69    0.426092    0.427064  0.00167683
          70     0.45099    0.427406  0.00168768
          71    0.433214    0.427488  0.00166575
          72     0.41989    0.427382  0.00164584
          73    0.433492    0.427466  0.00162529
          74    0.427848    0.427471  0.00160319
          75    0.421857    0.427396  0.00158344
          76    0.439564    0.427556  0.00157064
          77    0.407383    0.427294   0.0015721
          78     0.42738    0.427295  0.00155181
          79    0.426972    0.427291  0.00153205
          80    0.447934    0.427549  0.00153462
          81    0.433156    0.427619  0.00151714
          82    0.418615    0.427509  0.00150254
          83    0.432698    0.427571  0.00148564
          84    0.428187    0.427579  0.00146787
          85    0.427112    0.427573  0.00145051
          86    0.432147    0.427626  0.00143453
          87    0.422096    0.427563  0.00141937
          88    0.423257    0.427514    0.001404
          89    0.430526    0.427548  0.00138855
          90    0.406426    0.427313  0.00139294
          91    0.442041    0.427475  0.00138703
          92    0.407125    0.427254  0.00138958
          93    0.426077    0.427241  0.00137462
          94    0.417486    0.427137  0.00136387
          95    0.430232     0.42717  0.00134983
          96     0.43183    0.427218  0.00133658
          97    0.435325    0.427302  0.00132537
          98    0.404982    0.427074   0.0013314
          99    0.451045    0.427316  0.00133994
         100    0.417003    0.427213  0.00133048
