           1   -0.781528   -0.781528           0
           2   -0.785528   -0.783528       0.002
           3   -0.779608   -0.782221  0.00174376
           4   -0.779472   -0.781534  0.00141166
           5   -0.780384   -0.781304  0.00111739
           6   -0.781744   -0.781377 0.000915291
           7   -0.782392   -0.781522 0.000787026
           8   -0.781184    -0.78148 0.000682895
           9   -0.784016   -0.781762 0.000664915
          10   -0.785264   -0.782112 0.000690177
          11   -0.786344   -0.782497 0.000733316
          12   -0.778672   -0.782178 0.000741427
          13    -0.78312    -0.78225 0.000685852
          14   -0.783424   -0.782334 0.000640485
          15     -0.7824   -0.782339 0.000596275
          16    -0.78108    -0.78226 0.000563284
          17    -0.78296   -0.782301 0.000530713
          18   -0.783568   -0.782372 0.000505287
          19   -0.782488   -0.782378 0.000477993
          20   -0.783248   -0.782421 0.000455547
          21     -0.7848   -0.782534 0.000447873
          22   -0.784144   -0.782608 0.000433252
          23   -0.785088   -0.782715 0.000427802
          24    -0.78556   -0.782834 0.000426393
          25   -0.784256   -0.782891 0.000412918
          26    -0.78232   -0.782869 0.000397326
          27   -0.786608   -0.783007 0.000406635
          28    -0.78452   -0.783061 0.000395549
          29   -0.779144   -0.782926 0.000404866
          30    -0.78312   -0.782933 0.000391191
          31   -0.780056    -0.78284 0.000389576
          32   -0.786504   -0.782954 0.000394201
          33   -0.782104   -0.782929 0.000382937
          34   -0.780072   -0.782845 0.000380886
          35    -0.78764   -0.782982 0.000394405
          36   -0.778256    -0.78285 0.000405149
          37   -0.781376   -0.782811 0.000396056
          38   -0.786336   -0.782903 0.000396499
          39    -0.78156   -0.782869 0.000387732
          40    -0.77884   -0.782768 0.000391107
          41   -0.776408   -0.782613 0.000411785
          42   -0.787824   -0.782737 0.000420578
          43   -0.786272   -0.782819 0.000418827
          44   -0.783232   -0.782829 0.000409305
          45   -0.780952   -0.782787 0.000402274
          46   -0.778736   -0.782699 0.000403168
          47   -0.780056   -0.782643 0.000398484
          48   -0.781456   -0.782618 0.000390877
          49     -0.7832    -0.78263 0.000383001
          50   -0.780384   -0.782585 0.000377941
          51   -0.784032   -0.782613 0.000371541
          52   -0.781696   -0.782596 0.000364753
          53    -0.78496    -0.78264 0.000360575
          54   -0.782616    -0.78264 0.000353835
          55    -0.77992    -0.78259 0.000350845
          56   -0.782984   -0.782597 0.000344594
          57   -0.781728   -0.782582 0.000338838
          58   -0.780752   -0.782551 0.000334437
          59   -0.784024   -0.782576 0.000329667
          60   -0.780952   -0.782549 0.000325253
          61    -0.78752    -0.78263 0.000330096
          62   -0.783088   -0.782637 0.000324812
          63   -0.784616   -0.782669 0.000321154
          64   -0.783568   -0.782683 0.000316408
          65     -0.7826   -0.782682 0.000311505
          66     -0.7828   -0.782683 0.000306754
          67   -0.783784     -0.7827 0.000302588
          68   -0.779912   -0.782659  0.00030091
          69   -0.784552   -0.782686 0.000297784
          70   -0.778824   -0.782631  0.00029864
          71   -0.786952   -0.782692 0.000300628
          72   -0.781208   -0.782671 0.000297139
          73   -0.782288   -0.782666 0.000293088
          74   -0.785176     -0.7827 0.000291083
          75   -0.787192    -0.78276 0.000293355
          76   -0.785272   -0.782793  0.00029135
          77   -0.785368   -0.782826  0.00028948
          78   -0.784312   -0.782845 0.000286378
          79      -0.781   -0.782822 0.000283693
          80   -0.782312   -0.782816 0.000280197
          81    -0.78736   -0.782872 0.000282346
          82   -0.780408   -0.782842 0.000280496
          83     -0.7814   -0.782824  0.00027764
          84    -0.78244    -0.78282 0.000274353
          85   -0.784568    -0.78284 0.000271885
          86    -0.77516   -0.782751 0.000283157
          87   -0.780608   -0.782726 0.000280965
          88   -0.782976   -0.782729 0.000277769
          89   -0.782808    -0.78273 0.000274631
          90   -0.780056     -0.7827 0.000273183
          91      -0.779    -0.78266 0.000273208
          92   -0.784616   -0.782681 0.000271057
          93   -0.778784   -0.782639 0.000271382
          94   -0.784008   -0.782654 0.000268874
          95   -0.779728   -0.782623 0.000267805
          96    -0.78016   -0.782597  0.00026624
          97   -0.786272   -0.782635  0.00026619
          98   -0.784648   -0.782656 0.000264259
          99   -0.780288   -0.782632 0.000262668
         100    -0.78732   -0.782679  0.00026422
