           1     1.53296     1.53296           0
           2     1.65511     1.59404   0.0610746
           3     1.58411     1.59073   0.0354163
           4     1.56944     1.58541   0.0256023
           5     1.64524     1.59738   0.0231621
           6     1.56091      1.5913   0.0198642
           7     1.60896     1.59382   0.0169768
           8     1.52597     1.58534   0.0169731
           9     1.52248     1.57836    0.016518
          10     1.59021     1.57954   0.0148217
          11     1.60412     1.58178   0.0135917
          12     1.53967     1.57827   0.0128941
          13     1.63874     1.58292   0.0127404
          14      1.5937     1.58369   0.0118204
          15     1.61437     1.58573   0.0111927
          16     1.57357     1.58497   0.0104974
          17     1.63024     1.58764   0.0102139
          18     1.59021     1.58778  0.00963079
          19     1.62154     1.58956  0.00928143
          20     1.54269     1.58721  0.00911162
          21     1.54703      1.5853  0.00887563
          22     1.56836     1.58453  0.00849754
          23     1.61828       1.586  0.00825121
          24     1.58211     1.58583  0.00790159
          25     1.52367     1.58335  0.00797647
          26     1.55309     1.58218   0.0077514
          27     1.61966     1.58357  0.00758685
          28     1.57962     1.58343  0.00731224
          29     1.56405     1.58276  0.00708716
          30     1.63532     1.58451   0.0070674
          31     1.52725     1.58267   0.0070808
          32     1.62415     1.58396  0.00697744
          33     1.56902     1.58351  0.00677785
          34      1.5638     1.58293  0.00660098
          35     1.72685     1.58704   0.0076152
          36     1.59434     1.58725  0.00740341
          37      1.5065     1.58506  0.00752402
          38     1.59396      1.5853  0.00732708
          39     1.63175     1.58649  0.00723546
          40     1.54939     1.58556  0.00711299
          41     1.59121      1.5857   0.0069387
          42     1.54701     1.58478  0.00683383
          43      1.5186     1.58324   0.0068482
          44     1.66838     1.58517  0.00696494
          45     1.68648     1.58743  0.00717097
          46     1.59418     1.58757  0.00701488
          47     1.42703     1.58416  0.00766694
          48     1.65123     1.58555   0.0076345
          49     1.65444     1.58696   0.0076081
          50     1.58351     1.58689  0.00745471
          51     1.58615     1.58688  0.00730709
          52     1.60867      1.5873  0.00717743
          53     1.66406     1.58874  0.00718814
          54     1.56303     1.58827  0.00706983
          55     1.62163     1.58887  0.00696656
          56     1.56266     1.58841  0.00685703
          57     1.60747     1.58874  0.00674396
          58     1.56444     1.58832  0.00663989
          59     1.58575     1.58828  0.00652653
          60     1.65616     1.58941   0.0065158
          61      1.5602     1.58893  0.00642596
          62     1.56403     1.58853  0.00633421
          63     1.57904     1.58838  0.00623467
          64     1.56913     1.58808  0.00614385
          65     1.56473     1.58772  0.00605925
          66     1.54168     1.58702  0.00600737
          67     1.51957     1.58601  0.00600205
          68      1.6836     1.58745  0.00608477
          69     1.68586     1.58888  0.00616323
          70     1.60027     1.58904  0.00607673
          71     1.63879     1.58974  0.00603138
          72     1.68528     1.59107  0.00609328
          73     1.53169     1.59025  0.00606403
          74     1.65229     1.59109  0.00603997
          75     1.51297     1.59005  0.00604925
          76     1.51796      1.5891  0.00604402
          77     1.60789     1.58934     0.00597
          78     1.59669     1.58944  0.00589372
          79     1.62456     1.58988   0.0058356
          80     1.67873     1.59099  0.00586824
          81     1.59142       1.591  0.00579535
          82     1.67007     1.59196  0.00580489
          83     1.55477     1.59152  0.00575201
          84     1.55491     1.59108  0.00569981
          85     1.63646     1.59161   0.0056576
          86     1.51686     1.59074  0.00565858
          87     1.62287     1.59111  0.00560533
          88     1.55265     1.59068  0.00555848
          89     1.64111     1.59124   0.0055248
          90     1.62778     1.59165  0.00547813
          91     1.58828     1.59161  0.00541773
          92     1.66992     1.59246   0.0054257
          93     1.60573     1.59261  0.00536893
          94      1.6808     1.59354  0.00539373
          95     1.60272     1.59364  0.00533753
          96     1.58525     1.59355  0.00528236
          97      1.5967     1.59359  0.00522772
          98     1.56574      1.5933   0.0051819
          99     1.67251      1.5941  0.00519132
         100     1.66358      1.5948   0.0051859
