           1   -0.493128   -0.493128           0
           2    -0.49416   -0.493644    0.000516
           3    -0.49116   -0.492816 0.000879964
           4   -0.490584   -0.492258 0.000835782
           5   -0.494032   -0.492613 0.000738243
           6   -0.496264   -0.493221 0.000856532
           7   -0.494952   -0.493469 0.000764958
           8   -0.492472   -0.493344 0.000674084
           9   -0.495024   -0.493531 0.000623103
          10   -0.495224     -0.4937 0.000582477
          11   -0.493912   -0.493719 0.000527223
          12    -0.49288   -0.493649 0.000486342
          13   -0.494312     -0.4937 0.000450264
          14   -0.494312   -0.493744 0.000419147
          15   -0.493168   -0.493706  0.00039209
          16     -0.4944   -0.493749 0.000369325
          17    -0.49152   -0.493618 0.000370871
          18   -0.492976   -0.493582 0.000351475
          19   -0.494192   -0.493614 0.000334007
          20   -0.489576   -0.493412 0.000375732
          21   -0.493304   -0.493407  0.00035743
          22   -0.491848   -0.493336 0.000348088
          23   -0.496864    -0.49349 0.000366269
          24   -0.495208   -0.493561  0.00035791
          25   -0.494624   -0.493604 0.000345917
          26    -0.49344   -0.493598 0.000332406
          27    -0.49208   -0.493541 0.000324758
          28    -0.49076   -0.493442 0.000328331
          29      -0.492   -0.493392 0.000320686
          30   -0.494736   -0.493437 0.000313033
          31    -0.49276   -0.493415 0.000303554
          32   -0.492752   -0.493394 0.000294644
          33    -0.49228   -0.493361 0.000287566
          34    -0.49228   -0.493329 0.000280785
          35   -0.496936   -0.493432 0.000291473
          36   -0.491256   -0.493372 0.000289638
          37   -0.493136   -0.493365 0.000281773
          38   -0.493584   -0.493371 0.000274318
          39   -0.492576   -0.493351 0.000267968
          40   -0.491424   -0.493302 0.000265587
          41   -0.494352   -0.493328  0.00026029
          42   -0.494552   -0.493357 0.000255683
          43   -0.493784   -0.493367 0.000249864
          44   -0.492744   -0.493353 0.000244529
          45   -0.492488   -0.493334 0.000239805
          46    -0.49372   -0.493342 0.000234684
          47   -0.492664   -0.493328 0.000230089
          48   -0.494448   -0.493351 0.000226451
          49   -0.493104   -0.493346 0.000221839
          50   -0.494368   -0.493366 0.000218316
          51   -0.493464   -0.493368 0.000214001
          52    -0.49392   -0.493379 0.000210113
          53   -0.491984   -0.493353 0.000207784
          54   -0.492008   -0.493328 0.000205415
          55   -0.494488   -0.493349 0.000202746
          56    -0.49156   -0.493317 0.000201639
          57   -0.495192    -0.49335 0.000200783
          58   -0.493704   -0.493356 0.000197385
          59   -0.492816   -0.493347 0.000194227
          60     -0.4928   -0.493338 0.000191179
          61   -0.495528   -0.493374 0.000191417
          62   -0.494904   -0.493398 0.000189916
          63   -0.490792   -0.493357 0.000191401
          64   -0.493624   -0.493361 0.000188433
          65   -0.494792   -0.493383 0.000186813
          66   -0.490184   -0.493335 0.000190239
          67   -0.490336    -0.49329 0.000192649
          68   -0.496064   -0.493331  0.00019413
          69   -0.495216   -0.493358 0.000193237
          70    -0.49116   -0.493327 0.000193027
          71   -0.493848   -0.493334 0.000190431
          72   -0.493328   -0.493334 0.000187768
          73   -0.491312   -0.493306 0.000187237
          74   -0.491184   -0.493277 0.000186903
          75   -0.494288   -0.493291 0.000184886
          76   -0.492272   -0.493277 0.000182929
          77   -0.493632   -0.493282 0.000180596
          78    -0.49444   -0.493297 0.000178883
          79   -0.495144    -0.49332 0.000178145
          80   -0.493856   -0.493327 0.000176031
          81   -0.492672   -0.493319 0.000174032
          82   -0.492984   -0.493315 0.000171945
          83   -0.493912   -0.493322 0.000170013
          84   -0.491792   -0.493304 0.000168962
          85    -0.49288   -0.493299 0.000167037
          86   -0.493576   -0.493302 0.000165115
          87    -0.49396    -0.49331 0.000163381
          88   -0.490984   -0.493283 0.000163661
          89     -0.4948     -0.4933 0.000162707
          90   -0.494384   -0.493312 0.000161339
          91   -0.493064    -0.49331  0.00015958
          92    -0.49232   -0.493299 0.000158201
          93   -0.493264   -0.493298 0.000156492
          94   -0.495736   -0.493324 0.000156975
          95   -0.496408   -0.493357 0.000158669
          96   -0.490552   -0.493328 0.000159703
          97    -0.49156   -0.493309 0.000159095
          98   -0.493224   -0.493308 0.000157466
          99   -0.492656   -0.493302 0.000156006
         100    -0.49436   -0.493312   0.0001548
