           1     0.22274     0.22274           0
           2    0.226293    0.224516  0.00177647
           3    0.231778    0.226937  0.00262897
           4     0.22134    0.225538  0.00232675
           5    0.223316    0.225093  0.00185625
           6    0.219299    0.224128  0.00179716
           7    0.223394    0.224023  0.00152249
           8       0.215    0.222895  0.00173506
           9    0.218949    0.222457  0.00159174
          10    0.217589     0.22197  0.00150459
          11     0.21682    0.221502  0.00143922
          12    0.226593    0.221926  0.00138063
          13    0.226342    0.222266  0.00131463
          14    0.216431    0.221849  0.00128649
          15     0.21689    0.221518  0.00124245
          16    0.229914    0.222043  0.00127517
          17     0.22532    0.222236  0.00121322
          18    0.222349    0.222242  0.00114385
          19    0.222726    0.222267  0.00108228
          20    0.218719     0.22209  0.00104195
          21     0.21953    0.221968  0.00099856
          22    0.218887    0.221828 0.000962335
          23    0.223235    0.221889 0.000921574
          24    0.217073    0.221689 0.000904874
          25    0.224919    0.221818 0.000877494
          26    0.225872    0.221974 0.000857371
          27    0.220732    0.221928 0.000826286
          28    0.218517    0.221806 0.000805492
          29    0.221714    0.221803 0.000777227
          30    0.229584    0.222062 0.000794406
          31    0.226694    0.222212 0.000782743
          32    0.218207    0.222086  0.00076815
          33    0.222606    0.222102 0.000744675
          34    0.217295    0.221961 0.000736147
          35     0.22434    0.222029 0.000718029
          36    0.223126    0.222059 0.000698464
          37    0.217893    0.221947 0.000688591
          38    0.217943    0.221841 0.000678456
          39    0.216944    0.221716 0.000672654
          40    0.222098    0.221725 0.000655692
          41     0.21662    0.221601  0.00065151
          42    0.219864    0.221559 0.000637153
          43    0.222257    0.221576  0.00062237
          44    0.225578    0.221667 0.000614826
          45    0.218716    0.221601 0.000604575
          46    0.219254     0.22155 0.000593484
          47    0.218389    0.221483   0.0005846
          48    0.218337    0.221417 0.000576031
          49    0.224189    0.221474 0.000566982
          50    0.224411    0.221533 0.000558623
          51     0.22059    0.221514 0.000547872
          52    0.216686    0.221421 0.000545197
          53    0.222112    0.221434  0.00053497
          54    0.219748    0.221403 0.000525898
          55    0.217909    0.221339 0.000520142
          56    0.227382    0.221447 0.000522042
          57    0.215341     0.22134 0.000523873
          58    0.219653    0.221311 0.000515583
          59    0.220895    0.221304 0.000506818
          60    0.221162    0.221302 0.000498305
          61    0.220239    0.221284 0.000490377
          62    0.220236    0.221267 0.000482699
          63    0.220246    0.221251 0.000475252
          64    0.219891     0.22123  0.00046825
          65    0.225614    0.221297 0.000465898
          66    0.220002    0.221278 0.000459204
          67    0.219134    0.221246 0.000453429
          68    0.215822    0.221166 0.000453777
          69    0.219238    0.221138 0.000448024
          70    0.215565    0.221058 0.000448696
          71     0.21492    0.220972 0.000450701
          72    0.219053    0.220945 0.000445195
          73    0.216058    0.220878  0.00044413
          74    0.221467    0.220886 0.000438159
          75    0.221022    0.220888 0.000432281
          76    0.209968    0.220744 0.000450108
          77    0.228957    0.220851 0.000456847
          78     0.22281    0.220876 0.000451651
          79    0.219981    0.220865 0.000446041
          80    0.218582    0.220836 0.000441354
          81    0.218929    0.220813 0.000436507
          82    0.226553    0.220883 0.000436797
          83    0.218765    0.220857 0.000432256
          84    0.229846    0.220964 0.000440281
          85    0.220515    0.220959 0.000435103
          86    0.222266    0.220974 0.000430282
          87    0.220971    0.220974 0.000425307
          88    0.215005    0.220906 0.000425883
          89    0.224189    0.220943 0.000422683
          90    0.215297     0.22088 0.000422642
          91    0.219978    0.220871 0.000418089
          92    0.218272    0.220842 0.000414483
          93    0.222295    0.220858   0.0004103
          94    0.225268    0.220905 0.000408613
          95    0.217416    0.220868 0.000405953
          96    0.222976     0.22089 0.000402302
          97    0.223885    0.220921 0.000399329
          98    0.219898    0.220911 0.000395371
          99    0.220861     0.22091 0.000391357
         100    0.223891     0.22094 0.000388569
