           1    0.300961    0.300961           0
           2     0.31376     0.30736  0.00639933
           3    0.298335    0.304352  0.00476456
           4    0.315955    0.307253  0.00444569
           5    0.308797    0.307562  0.00345745
           6    0.301306    0.306519  0.00300937
           7    0.302143    0.305894  0.00261909
           8    0.305661    0.305865  0.00226838
           9    0.295624    0.304727  0.00230146
          10    0.299414    0.304196  0.00212594
          11    0.298488    0.303677  0.00199177
          12    0.296159     0.30305  0.00192312
          13    0.298196    0.302677  0.00180799
          14    0.305187    0.302856  0.00168345
          15    0.305997    0.303066  0.00158113
          16    0.312112    0.303631   0.0015834
          17    0.310358    0.304027  0.00153909
          18    0.303376    0.303991  0.00145151
          19    0.315264    0.304584  0.00149572
          20    0.301086    0.304409   0.0014297
          21    0.309921    0.304672  0.00138502
          22    0.297871    0.304362  0.00135625
          23    0.300828    0.304209  0.00130502
          24    0.300885     0.30407  0.00125712
          25    0.302676    0.304015  0.00120707
          26    0.313901    0.304395  0.00122046
          27    0.312571    0.304698   0.0012128
          28    0.297289    0.304433  0.00119826
          29    0.315523    0.304815  0.00121781
          30    0.304613    0.304809  0.00117653
          31    0.308999    0.304944  0.00114595
          32    0.302705    0.304874  0.00111176
          33    0.301847    0.304782  0.00108144
          34    0.308831    0.304901  0.00105589
          35    0.304307    0.304884  0.00102542
          36    0.300887    0.304773  0.00100269
          37    0.303604    0.304742 0.000975728
          38    0.304545    0.304736 0.000949718
          39    0.295591    0.304502 0.000954302
          40     0.31086    0.304661 0.000943623
          41    0.310252    0.304797 0.000930367
          42    0.299878     0.30468 0.000915467
          43    0.312223    0.304856 0.000910973
          44    0.304787    0.304854  0.00089003
          45    0.312745    0.305029 0.000887521
          46    0.318146    0.305314 0.000913645
          47    0.305071    0.305309  0.00089401
          48    0.310283    0.305413 0.000881299
          49    0.303511    0.305374 0.000863998
          50    0.315687     0.30558 0.000871306
          51    0.306632    0.305601   0.0008543
          52    0.304345    0.305577 0.000838058
          53    0.311937    0.305697 0.000830805
          54    0.301674    0.305622 0.000818671
          55    0.304851    0.305608 0.000803771
          56     0.30122     0.30553 0.000793168
          57    0.310123    0.305611 0.000783285
          58    0.310032    0.305687 0.000773427
          59    0.300112    0.305592 0.000766055
          60    0.308717    0.305644 0.000754978
          61    0.308119    0.305685 0.000743605
          62    0.302592    0.305635 0.000733212
          63    0.303088    0.305595 0.000722612
          64    0.307116    0.305618 0.000711629
          65    0.296875    0.305484 0.000713391
          66    0.304801    0.305474 0.000702575
          67    0.293561    0.305296 0.000714485
          68    0.315503    0.305446 0.000719726
          69    0.301399    0.305387 0.000711639
          70    0.308531    0.305432 0.000702835
          71    0.308798    0.305479 0.000694486
          72    0.313854    0.305596  0.00069458
          73    0.306223    0.305604 0.000685053
          74    0.304224    0.305586 0.000675989
          75    0.301412     0.30553 0.000669234
          76     0.30459    0.305518 0.000660485
          77     0.30995    0.305575 0.000654388
          78    0.304696    0.305564 0.000646042
          79    0.317133     0.30571 0.000654407
          80    0.297587    0.305609 0.000654105
          81    0.297072    0.305504  0.00065452
          82    0.312431    0.305588 0.000651986
          83    0.306405    0.305598 0.000644158
          84    0.297229    0.305498 0.000644195
          85    0.299083    0.305423 0.000641029
          86    0.294507    0.305296 0.000646122
          87     0.30776    0.305324  0.00063928
          88    0.303942    0.305308 0.000632169
          89    0.313906    0.305405 0.000632447
          90    0.301231    0.305359 0.000627097
          91    0.307071    0.305377 0.000620453
          92    0.313834    0.305469 0.000620518
          93    0.312181    0.305542 0.000618037
          94    0.311682    0.305607 0.000614907
          95    0.297129    0.305518  0.00061491
          96    0.306609    0.305529 0.000608577
          97    0.315339     0.30563 0.000610703
          98    0.301349    0.305586 0.000606015
          99    0.303312    0.305563 0.000600303
         100    0.306804    0.305576 0.000594399
