           1   -0.597896   -0.597896           0
           2   -0.600056   -0.598976     0.00108
           3   -0.596472   -0.598141  0.00104186
           4   -0.596016    -0.59761 0.000908322
           5   -0.596896   -0.597467 0.000717929
           6   -0.600408   -0.597957 0.000764097
           7   -0.599584    -0.59819 0.000686318
           8   -0.598024   -0.598169  0.00059473
           9   -0.599408   -0.598307 0.000542268
          10    -0.59472   -0.597948  0.00060323
          11   -0.598136   -0.597965 0.000545909
          12   -0.596568   -0.597849 0.000511764
          13     -0.5974   -0.597814 0.000472018
          14   -0.598352   -0.597853 0.000438689
          15   -0.597224   -0.597811 0.000410541
          16   -0.597088   -0.597766 0.000386673
          17   -0.595728   -0.597646  0.00038248
          18   -0.597088   -0.597615 0.000361934
          19    -0.60032   -0.597757 0.000370784
          20   -0.596024    -0.59767 0.000362272
          21   -0.598008   -0.597686 0.000344965
          22   -0.596808   -0.597647 0.000331326
          23   -0.597648   -0.597647 0.000316593
          24   -0.598056   -0.597664 0.000303594
          25    -0.59688   -0.597632  0.00029288
          26   -0.596184   -0.597577  0.00028685
          27   -0.597584   -0.597577 0.000276022
          28   -0.599656   -0.597651 0.000276152
          29   -0.595608   -0.597581 0.000275616
          30   -0.596904   -0.597558 0.000267224
          31   -0.595936   -0.597506 0.000263704
          32   -0.599072   -0.597555 0.000259979
          33    -0.59764   -0.597557 0.000251991
          34   -0.594824   -0.597477 0.000257346
          35   -0.600256   -0.597556 0.000262197
          36    -0.59792   -0.597566  0.00025501
          37   -0.596312   -0.597533 0.000250328
          38    -0.59768   -0.597536 0.000243683
          39   -0.596104     -0.5975 0.000240177
          40   -0.596848   -0.597483 0.000234662
          41   -0.599432   -0.597531  0.00023375
          42     -0.5998   -0.597585 0.000234427
          43    -0.59888   -0.597615 0.000230883
          44    -0.59872    -0.59764 0.000226968
          45    -0.59636   -0.597612 0.000223683
          46    -0.59824   -0.597625 0.000219192
          47   -0.598064   -0.597635 0.000214681
          48   -0.599464   -0.597673 0.000213588
          49   -0.600512   -0.597731  0.00021706
          50   -0.596664   -0.597709 0.000213742
          51   -0.594496   -0.597646 0.000218779
          52   -0.598992   -0.597672 0.000216085
          53   -0.595784   -0.597637 0.000214943
          54     -0.5934   -0.597558 0.000225044
          55    -0.60092   -0.597619 0.000229214
          56    -0.59748   -0.597617 0.000225098
          57   -0.599224   -0.597645 0.000222904
          58   -0.597744   -0.597647 0.000219033
          59   -0.596272   -0.597623 0.000216546
          60   -0.598784   -0.597643 0.000213783
          61    -0.59664   -0.597626 0.000210891
          62    -0.59792   -0.597631 0.000207516
          63   -0.599664   -0.597663 0.000206729
          64    -0.59796   -0.597668 0.000203526
          65   -0.599064   -0.597689 0.000201518
          66   -0.596112   -0.597666 0.000199876
          67   -0.599712   -0.597696 0.000199225
          68   -0.597288    -0.59769 0.000196365
          69   -0.599704   -0.597719 0.000195687
          70   -0.595096   -0.597682 0.000196479
          71     -0.6008   -0.597726 0.000198608
          72   -0.597136   -0.597718 0.000196002
          73   -0.597712   -0.597717 0.000193298
          74   -0.597056   -0.597709 0.000190877
          75   -0.596768   -0.597696 0.000188732
          76   -0.598744    -0.59771 0.000186742
          77    -0.59784   -0.597711 0.000184309
          78   -0.599424   -0.597733 0.000183251
          79   -0.597072   -0.597725  0.00018111
          80   -0.595432   -0.597696 0.000181114
          81   -0.599464   -0.597718  0.00018019
          82   -0.595384    -0.59769 0.000180241
          83     -0.5964   -0.597674 0.000178733
          84   -0.596688   -0.597662 0.000176983
          85   -0.597432    -0.59766 0.000174909
          86   -0.599984   -0.597687 0.000174963
          87   -0.597856   -0.597689 0.000172951
          88   -0.598384   -0.597697 0.000171157
          89    -0.60124   -0.597736 0.000173843
          90   -0.598184   -0.597741 0.000171973
          91   -0.598504    -0.59775 0.000170279
          92   -0.597456   -0.597747 0.000168448
          93   -0.595712   -0.597725 0.000168057
          94   -0.597808   -0.597726 0.000166262
          95   -0.598264   -0.597731   0.0001646
          96   -0.593968   -0.597692 0.000167528
          97   -0.599592   -0.597712 0.000166945
          98   -0.598752   -0.597722 0.000165573
          99   -0.601872   -0.597764 0.000169167
         100   -0.599192   -0.597778 0.000168075
