           1      2.8379      2.8379           0
           2      2.7891      2.8135      0.0244
           3      2.7642     2.79707   0.0216463
           4      2.6393     2.75763   0.0423081
           5     2.73447     2.75299   0.0330974
           6     2.76447     2.75491   0.0270916
           7     2.80249      2.7617   0.0238842
           8     2.64652     2.74731   0.0252024
           9     2.70133      2.7422    0.022806
          10     2.79761     2.74774   0.0211374
          11      2.7703     2.74979   0.0192292
          12     2.55909      2.7339   0.0236786
          13     2.60386     2.72389   0.0239682
          14     2.78537     2.72829   0.0226206
          15     2.84387     2.73599   0.0224242
          16     2.87922     2.74494   0.0228061
          17     2.69946     2.74227    0.021589
          18     2.73542     2.74189   0.0203579
          19     2.80381     2.74515   0.0195305
          20      2.6855     2.74216   0.0187667
          21     2.68164     2.73928   0.0180819
          22     2.79778     2.74194   0.0174442
          23     2.66225     2.73848   0.0170249
          24     2.67993     2.73604   0.0164816
          25      2.7163     2.73525   0.0158283
          26     2.77203     2.73666    0.015273
          27     2.94622     2.74442   0.0166201
          28     2.74121     2.74431   0.0160159
          29     2.64547      2.7409   0.0158252
          30     2.69284      2.7393   0.0153723
          31     2.73866     2.73928   0.0148681
          32     2.90503     2.74446   0.0152995
          33     2.72165     2.74377   0.0148447
          34      2.6957     2.74235   0.0144708
          35     2.71927     2.74169   0.0140667
          36     2.70663     2.74072    0.013705
          37     2.73307     2.74051   0.0133311
          38     2.66553     2.73854   0.0131247
          39      2.8041     2.74022   0.0128938
          40      2.6934     2.73905   0.0126217
          41     2.90124     2.74301     0.01293
          42     2.71068     2.74224   0.0126418
          43       2.822     2.74409   0.0124829
          44     2.86169     2.74676   0.0124854
          45     2.84006     2.74884   0.0123796
          46     2.71035       2.748   0.0121363
          47     2.87386     2.75068   0.0121735
          48     2.80314     2.75177   0.0119672
          49     2.78233     2.75239    0.011737
          50       2.653     2.75041   0.0116704
          51     2.72173     2.74984   0.0114531
          52     2.65186     2.74796   0.0113877
          53     2.65262     2.74616   0.0113147
          54     2.78564     2.74689   0.0111272
          55     2.76308     2.74719    0.010927
          56     2.74551     2.74716   0.0107301
          57     2.83364     2.74867   0.0106489
          58     2.70207     2.74787   0.0104945
          59      2.6433      2.7461   0.0104662
          60      2.7652     2.74642   0.0102952
          61     2.62918     2.74449   0.0103058
          62     2.64916     2.74296   0.0102542
          63     2.78335      2.7436   0.0101105
          64     2.83746     2.74506   0.0100587
          65     2.66207     2.74379  0.00998474
          66     2.83259     2.74513  0.00992392
          67     2.76269      2.7454  0.00977819
          68     2.77101     2.74577  0.00964068
          69      2.7969     2.74651   0.0095288
          70     2.81827     2.74754  0.00944747
          71      2.6554     2.74624  0.00940342
          72     2.78765     2.74682  0.00928972
          73     2.61875     2.74506  0.00932803
          74     2.70626     2.74454  0.00921604
          75     2.72877     2.74433  0.00909476
          76     2.68358     2.74353  0.00900983
          77     2.75855     2.74372  0.00889418
          78     2.77747     2.74416  0.00879007
          79     2.72796     2.74395  0.00868051
          80     2.74081     2.74391  0.00857141
          81     2.63186     2.74253  0.00857721
          82     2.68935     2.74188  0.00849675
          83     2.60094     2.74018   0.0085638
          84     2.62729     2.73884   0.0085673
          85     2.71936     2.73861    0.008469
          86     2.88566     2.74032  0.00854281
          87     2.87482     2.74186  0.00858441
          88     2.80146     2.74254  0.00851328
          89     2.86582     2.74393  0.00853029
          90     2.89414      2.7456  0.00859852
          91      2.9044     2.74734  0.00868072
          92     2.77655     2.74766  0.00859172
          93     2.64665     2.74657  0.00856795
          94     2.78897     2.74702   0.0084883
          95      2.7729      2.7473  0.00840289
          96     2.72579     2.74707  0.00831792
          97     2.83585     2.74799  0.00828245
          98     2.73665     2.74787  0.00819831
          99      2.8902     2.74931  0.00824144
         100     2.82025     2.75002  0.00818939
