           1     17.6906     17.6906           0
           2     21.0073     19.3489     1.65837
           3     21.8182      20.172     1.26261
           4     19.2464     19.9406    0.922303
           5     21.6651     20.2855    0.793311
           6     16.6489     19.6794     0.88708
           7     18.9904      19.581    0.756153
           8     19.8605     19.6159    0.655779
           9     21.6454     19.8414    0.620747
          10     21.2447     19.9818    0.572673
          11     17.4664     19.7531    0.566228
          12      20.618     19.8252    0.521894
          13      19.107     19.7699    0.483241
          14     18.3796     19.6706    0.458283
          15     17.9533     19.5561    0.441732
          16     18.6762     19.5011    0.416846
          17     18.0262     19.4144    0.401055
          18     18.8449     19.3827    0.379439
          19     18.4641     19.3344    0.362156
          20     22.0856      19.472    0.370086
          21     17.6659      19.386    0.362376
          22     20.8068     19.4505    0.351496
          23     19.7219     19.4623    0.336074
          24     20.6682     19.5126    0.325665
          25     20.0487      19.534    0.313102
          26     19.9844     19.5513    0.301317
          27     19.7781     19.5597    0.290064
          28     16.1374     19.4375    0.305068
          29     17.5591     19.3727    0.301403
          30     18.7511      19.352    0.291919
          31     18.0394     19.3097    0.285503
          32     21.1724     19.3679    0.282499
          33     20.3994     19.3991    0.275583
          34     19.0847     19.3899    0.267514
          35     16.5655     19.3092    0.272005
          36     19.6894     19.3198    0.264552
          37     19.7707      19.332    0.257591
          38     21.2782     19.3832    0.255899
          39     20.5645     19.4135    0.251085
          40     19.6533     19.4195      0.2448
          41     20.1106     19.4363    0.239349
          42     18.0854     19.4041    0.235785
          43     20.6406     19.4329    0.232025
          44     18.1214     19.4031    0.228642
          45      19.068     19.3956    0.223627
          46     19.4446     19.3967    0.218714
          47     16.7532     19.3405    0.221278
          48     17.5335     19.3028    0.219865
          49     19.9775     19.3166    0.215771
          50     18.7452     19.3052     0.21172
          51     16.1428     19.2432    0.216593
          52     19.0004     19.2385    0.212438
          53     19.2466     19.2386    0.208391
          54     19.5946     19.2452    0.204602
          55     19.9453      19.258    0.201251
          56     21.3023     19.2945    0.200968
          57      17.288     19.2593    0.200524
          58      19.898     19.2703    0.197344
          59     16.0194     19.2152    0.201645
          60     19.6237      19.222    0.198372
          61     19.3258     19.2237    0.195101
          62     20.2402     19.2401    0.192627
          63      20.942     19.2671     0.19146
          64     19.2862     19.2674    0.188445
          65     19.7604      19.275    0.185678
          66     18.3893     19.2616    0.183335
          67     21.1812     19.2902    0.182837
          68     19.4374     19.2924    0.180141
          69     20.4768     19.3095    0.178339
          70     17.7913     19.2879    0.177106
          71      19.861     19.2959     0.17478
          72     17.0515     19.2648    0.175132
          73     21.0348      19.289     0.17441
          74     20.0201     19.2989    0.172321
          75     20.0801     19.3093    0.170326
          76     18.1229     19.2937    0.168794
          77     17.0092      19.264    0.169209
          78     19.9909     19.2733    0.167285
          79     21.9661     19.3074    0.168634
          80     19.4498     19.3092    0.166523
          81     20.1192     19.3192    0.164758
          82     20.7161     19.3362    0.163625
          83      17.473     19.3138    0.163193
          84     18.2447     19.3011     0.16174
          85     18.3539     19.2899    0.160214
          86     17.8415     19.2731    0.159233
          87     18.5655     19.2649    0.157602
          88     19.5142     19.2678    0.155827
          89     20.0456     19.2765    0.154314
          90     17.7326     19.2594    0.153551
          91     20.9241     19.2777    0.152952
          92     18.2287     19.2663    0.151709
          93     18.8536     19.2618    0.150135
          94     19.4657      19.264    0.148545
          95     18.8162     19.2593    0.147049
          96      18.347     19.2498    0.145819
          97     16.5736     19.2222    0.146921
          98     17.7347      19.207    0.146204
          99     20.5252     19.2203    0.145331
         100     18.5251     19.2134    0.144038
