           1   -0.872096   -0.872096           0
           2   -0.872768   -0.872432    0.000336
           3   -0.876576   -0.873813  0.00139489
           4   -0.864944   -0.871596  0.00242681
           5   -0.874832   -0.872243   0.0019881
           6   -0.864088   -0.870884  0.00211718
           7   -0.871832   -0.871019  0.00179446
           8   -0.870656   -0.870974  0.00155471
           9   -0.873184    -0.87122  0.00139294
          10    -0.87312    -0.87141   0.0012603
          11   -0.865064   -0.870833  0.00127763
          12   -0.876216   -0.871281  0.00124961
          13   -0.868672   -0.871081  0.00116687
          14   -0.870368    -0.87103  0.00108151
          15   -0.866328   -0.870716  0.00105449
          16   -0.870648   -0.870712 0.000986397
          17   -0.873016   -0.870848 0.000936418
          18   -0.866272   -0.870593 0.000918729
          19   -0.871528   -0.870643 0.000870422
          20      -0.876    -0.87091 0.000868117
          21    -0.86996   -0.870865 0.000826983
          22   -0.872888   -0.870957 0.000793841
          23     -0.8734   -0.871063 0.000765941
          24   -0.873584   -0.871168 0.000740816
          25    -0.87328   -0.871253 0.000715568
          26   -0.873672   -0.871346 0.000693764
          27   -0.868464   -0.871239 0.000676053
          28   -0.863424    -0.87096 0.000708735
          29   -0.867752   -0.870849 0.000692748
          30   -0.867424   -0.870735 0.000678928
          31   -0.868624   -0.870667 0.000660184
          32   -0.875312   -0.870812 0.000655494
          33   -0.867744   -0.870719 0.000642088
          34    -0.86884   -0.870664 0.000625364
          35   -0.863536    -0.87046 0.000640476
          36   -0.877296    -0.87065 0.000650749
          37   -0.872704   -0.870706 0.000635346
          38   -0.876008   -0.870845 0.000633947
          39   -0.872416   -0.870886  0.00061879
          40   -0.871136   -0.870892 0.000603154
          41    -0.87252   -0.870932 0.000589598
          42   -0.867856   -0.870858  0.00058003
          43   -0.871152   -0.870865 0.000566421
          44   -0.868224   -0.870805 0.000556644
          45     -0.8672   -0.870725     0.00055
          46   -0.869848   -0.870706 0.000538248
          47    -0.86596   -0.870605 0.000536264
          48   -0.866952   -0.870529  0.00053046
          49   -0.873704   -0.870594 0.000523548
          50   -0.868528   -0.870552 0.000514631
          51   -0.866416   -0.870471 0.000510917
          52   -0.871024   -0.870482 0.000501108
          53    -0.86968   -0.870467 0.000491795
          54   -0.871768   -0.870491 0.000483203
          55   -0.868544   -0.870455 0.000475655
          56   -0.875688   -0.870549 0.000476339
          57   -0.868672   -0.870516 0.000469064
          58   -0.871136   -0.870527  0.00046103
          59   -0.864544   -0.870425 0.000464355
          60   -0.868448   -0.870392 0.000457738
          61   -0.870128   -0.870388 0.000450193
          62   -0.872624   -0.870424 0.000444338
          63   -0.871392   -0.870439 0.000437498
          64   -0.872464   -0.870471 0.000431768
          65   -0.867504   -0.870425 0.000427518
          66   -0.872792   -0.870461 0.000422515
          67   -0.872056   -0.870485 0.000416841
          68   -0.867944   -0.870448 0.000412362
          69   -0.870472   -0.870448 0.000406342
          70   -0.870464   -0.870448 0.000400495
          71    -0.87392   -0.870497  0.00039783
          72   -0.869824   -0.870488 0.000392377
          73   -0.874536   -0.870543 0.000390918
          74   -0.871288   -0.870553 0.000385731
          75   -0.873552   -0.870593 0.000382648
          76   -0.869312   -0.870576 0.000377955
          77   -0.866824   -0.870528 0.000376184
          78   -0.872912   -0.870558 0.000372586
          79    -0.87708   -0.870641  0.00037699
          80   -0.871016   -0.870645 0.000372277
          81   -0.872272   -0.870666   0.0003682
          82   -0.872592   -0.870689  0.00036444
          83   -0.868808   -0.870666 0.000360735
          84    -0.87004   -0.870659 0.000356493
          85   -0.870096   -0.870652 0.000352336
          86     -0.8666   -0.870605 0.000351389
          87   -0.869344   -0.870591 0.000347629
          88    -0.87164   -0.870603 0.000343863
          89   -0.869576   -0.870591 0.000340173
          90   -0.864752   -0.870526 0.000342571
          91   -0.874824   -0.870573 0.000342062
          92    -0.87276   -0.870597 0.000339157
          93    -0.86868   -0.870577 0.000336123
          94   -0.867432   -0.870543 0.000334207
          95   -0.870592   -0.870544 0.000330671
          96   -0.866744   -0.870504 0.000329593
          97   -0.871424   -0.870514 0.000326315
          98   -0.867208    -0.87048 0.000324725
          99   -0.873008   -0.870505 0.000322441
         100   -0.868528   -0.870486 0.000319812
