           1    0.421455    0.421455           0
           2    0.484937    0.453196    0.031741
           3    0.443715    0.450036   0.0185961
           4    0.480928    0.457759   0.0152497
           5    0.432712    0.452749   0.0128306
           6    0.428395     0.44869    0.011235
           7    0.455097    0.449606  0.00953932
           8    0.418337    0.445697  0.00913926
           9    0.478288    0.449318  0.00883618
          10    0.461599    0.450546  0.00799816
          11    0.438809    0.449479  0.00731288
          12    0.423915    0.447349   0.0070074
          13    0.458268    0.448189  0.00650037
          14    0.445044    0.447964  0.00602236
          15    0.420291    0.446119  0.00590225
          16    0.434708    0.445406  0.00556692
          17    0.423469    0.444116  0.00538608
          18    0.445186    0.444175   0.0050784
          19    0.437012    0.443798  0.00481845
          20    0.484864    0.445851  0.00501116
          21    0.402233    0.443774  0.00519946
          22    0.460059    0.444515  0.00501245
          23    0.435424    0.444119  0.00480584
          24     0.45771    0.444686  0.00463596
          25    0.410706    0.443326  0.00464974
          26    0.432892    0.442925  0.00448532
          27    0.442372    0.442905  0.00431605
          28    0.422041    0.442159  0.00422527
          29    0.422434    0.441479  0.00413332
          30     0.43616    0.441302   0.0039971
          31    0.423014    0.440712  0.00391076
          32     0.43063    0.440397  0.00379966
          33    0.452796    0.440773  0.00370184
          34    0.413776    0.439979  0.00367804
          35    0.427603    0.439625  0.00358887
          36    0.439898    0.439633  0.00348777
          37    0.440936    0.439668  0.00339237
          38    0.436173    0.439576  0.00330318
          39    0.476622    0.440526  0.00335466
          40    0.439594    0.440502   0.0032698
          41    0.449796    0.440729   0.0031971
          42    0.431079    0.440499   0.0031285
          43    0.450428     0.44073  0.00306359
          44    0.462696    0.441229   0.0030345
          45    0.441458    0.441235   0.0029663
          46    0.452435    0.441478   0.0029113
          47     0.43099    0.441255  0.00285741
          48    0.429965     0.44102  0.00280712
          49    0.433156    0.440859  0.00275392
          50    0.434879     0.44074  0.00270093
          51    0.387623    0.439698  0.00284494
          52     0.43623    0.439631  0.00279049
          53    0.449058    0.439809   0.0027431
          54    0.445674    0.439918  0.00269401
          55    0.444583    0.440003  0.00264594
          56    0.401462    0.439314  0.00268786
          57    0.412529    0.438845  0.00268178
          58    0.463487    0.439269  0.00266917
          59    0.415786    0.438871  0.00265356
          60     0.45622    0.439161  0.00262493
          61    0.425172    0.438931  0.00259171
          62    0.452096    0.439144  0.00255839
          63    0.461154    0.439493  0.00254158
          64    0.452566    0.439697  0.00250988
          65    0.447716    0.439821  0.00247404
          66    0.416701     0.43947  0.00246132
          67    0.442106     0.43951  0.00242463
          68    0.469498    0.439951  0.00242907
          69    0.464905    0.440312  0.00242078
          70    0.391277    0.439612  0.00248665
          71    0.432597    0.439513  0.00245337
          72    0.422696    0.439279   0.0024303
          73    0.415138    0.438949  0.00241949
          74    0.434484    0.438888  0.00238733
          75    0.424223    0.438693  0.00236339
          76     0.41583    0.438392  0.00235141
          77    0.416355    0.438106  0.00233825
          78    0.435854    0.438077  0.00230826
          79    0.464821    0.438415  0.00230386
          80    0.464548    0.438742  0.00229821
          81    0.452078    0.438907  0.00227562
          82    0.440107    0.438921  0.00224775
          83    0.422359    0.438722  0.00222945
          84    0.438898    0.438724  0.00220275
          85    0.441727    0.438759  0.00217697
          86    0.428683    0.438642  0.00215469
          87    0.431592    0.438561  0.00213132
          88    0.466079    0.438874  0.00213004
          89      0.4508    0.439008  0.00211023
          90    0.425228    0.438855  0.00209226
          91    0.448634    0.438962  0.00207193
          92    0.431792    0.438884  0.00205077
          93    0.448613    0.438989  0.00203129
          94    0.448239    0.439087  0.00201198
          95    0.438938    0.439086  0.00199069
          96    0.458606    0.439289  0.00198031
          97    0.396236    0.438845  0.00200942
          98    0.432488     0.43878  0.00198987
          99    0.442232    0.438815  0.00196997
         100    0.453198    0.438959  0.00195547
