           1    0.725629    0.725629           0
           2     0.71524    0.720434  0.00519443
           3    0.682237    0.707702    0.013081
           4    0.681012    0.701029   0.0114051
           5    0.740462    0.708916   0.0118424
           6    0.677195    0.703629   0.0110203
           7    0.683218    0.700713  0.00975958
           8    0.643614    0.693576   0.0110625
           9    0.701258    0.694429  0.00979351
          10    0.729029    0.697889  0.00941813
          11    0.714866    0.699433  0.00865769
          12    0.671817    0.697131  0.00823159
          13    0.683995    0.696121  0.00763909
          14    0.687485    0.695504  0.00709927
          15    0.711816    0.696591  0.00669793
          16    0.671728    0.695038  0.00645517
          17    0.703162    0.695515  0.00608238
          18    0.685406    0.694954  0.00576195
          19    0.678043    0.694064  0.00552246
          20    0.678746    0.693298  0.00529475
          21    0.693348      0.6933  0.00503631
          22     0.68791    0.693055  0.00480818
          23    0.724737    0.694433  0.00479643
          24    0.704734    0.694862  0.00461225
          25    0.710864    0.695502  0.00446998
          26    0.727092    0.696717  0.00446318
          27    0.720053    0.697581  0.00438081
          28    0.707444    0.697934  0.00423612
          29    0.662707    0.696719  0.00426412
          30    0.670709    0.695852  0.00420978
          31    0.724476    0.696775   0.0041751
          32     0.67892    0.696217  0.00408085
          33    0.659229    0.695096    0.004111
          34    0.664687    0.694202  0.00408731
          35    0.691935    0.694137  0.00396934
          36     0.71317    0.694666  0.00389357
          37    0.688791    0.694507   0.0037902
          38    0.675371    0.694004  0.00372332
          39    0.710158    0.694418  0.00365018
          40    0.730935    0.695331  0.00367302
          41    0.683884    0.695052  0.00359317
          42    0.715301    0.695534  0.00353957
          43    0.706923    0.695799   0.0034664
          44    0.688594    0.695635  0.00339066
          45    0.745141    0.696735  0.00349227
          46    0.661704    0.695973  0.00349938
          47    0.675525    0.695538  0.00345164
          48    0.687673    0.695374  0.00338294
          49    0.730014    0.696081  0.00338776
          50    0.687092    0.695902  0.00332417
          51    0.727047    0.696512  0.00331508
          52    0.700221    0.696584  0.00325149
          53    0.739328     0.69739  0.00328993
          54    0.677857    0.697028  0.00324863
          55    0.697753    0.697042  0.00318905
          56    0.686319     0.69685  0.00313743
          57    0.740464    0.697615  0.00317546
          58    0.699591    0.697649  0.00312042
          59    0.698246    0.697659  0.00306709
          60    0.707871     0.69783  0.00302034
          61    0.688021    0.697669  0.00297476
          62    0.715527    0.697957  0.00294053
          63    0.720475    0.698314  0.00291547
          64    0.688531    0.698161  0.00287362
          65    0.681402    0.697904  0.00284079
          66    0.696535    0.697883   0.0027975
          67    0.686572    0.697714  0.00276059
          68    0.678117    0.697426  0.00273492
          69    0.714537    0.697674  0.00270638
          70    0.688138    0.697538  0.00267091
          71     0.71039    0.697719  0.00263924
          72    0.716036    0.697973  0.00261473
          73    0.720418    0.698281  0.00259693
          74    0.681087    0.698048  0.00257211
          75     0.67768    0.697777  0.00255207
          76    0.692701     0.69771  0.00251916
          77    0.667656    0.697319  0.00251668
          78    0.666708    0.696927  0.00251501
          79     0.72551    0.697289  0.00250919
          80    0.682317    0.697102  0.00248469
          81    0.697593    0.697108  0.00245383
          82    0.712533    0.697296  0.00243101
          83     0.69436    0.697261   0.0024018
          84    0.711289    0.697428   0.0023789
          85     0.70054    0.697464  0.00235104
          86    0.713614    0.697652  0.00233111
          87     0.70528     0.69774  0.00230583
          88    0.701202    0.697779  0.00227982
          89    0.721617    0.698047  0.00226991
          90    0.687693    0.697932   0.0022475
          91    0.671702    0.697644  0.00224128
          92    0.659593     0.69723  0.00225503
          93    0.678153    0.697025  0.00224007
          94    0.675431    0.696795  0.00222798
          95    0.706998    0.696902  0.00220702
          96    0.694542    0.696878  0.00218405
          97    0.699363    0.696903  0.00216157
          98    0.659952    0.696526  0.00217237
          99    0.709239    0.696655  0.00215414
         100    0.693587    0.696624  0.00213272
