           1    0.757172    0.757172           0
           2    0.749332    0.753252     0.00392
           3    0.748908    0.751804  0.00268679
           4    0.747252    0.750666   0.0022146
           5    0.748028    0.750138  0.00179473
           6    0.753412    0.750684  0.00156366
           7    0.765272    0.752768  0.00246769
           8    0.757692    0.753383  0.00222395
           9     0.74868    0.752861  0.00202978
          10    0.741264    0.751701  0.00215427
          11     0.74372    0.750976  0.00207931
          12     0.75368    0.751201  0.00191147
          13    0.754576    0.751461  0.00177736
          14     0.74756    0.751182  0.00166894
          15    0.729324    0.749725  0.00213012
          16    0.750488    0.749773  0.00199311
          17    0.756332    0.750158  0.00191155
          18    0.750924    0.750201  0.00180273
          19    0.744236    0.749887  0.00173387
          20    0.753132    0.750049  0.00165288
          21    0.748436    0.749972  0.00157408
          22    0.744932    0.749743  0.00151821
          23     0.74804    0.749669  0.00145259
          24    0.746464    0.749536  0.00139714
          25    0.737944    0.749072  0.00141804
          26     0.73454    0.748513   0.0014726
          27    0.740288    0.748208  0.00144939
          28    0.738768    0.747871  0.00143678
          29    0.746972     0.74784   0.0013867
          30     0.74892    0.747876  0.00134016
          31     0.74024     0.74763  0.00131941
          32    0.760576    0.748034  0.00134004
          33    0.749704    0.748085  0.00129979
          34    0.747352    0.748064  0.00126116
          35    0.742328      0.7479  0.00123551
          36    0.740908    0.747705  0.00121631
          37    0.746504    0.747673  0.00118342
          38    0.742132    0.747527  0.00116105
          39    0.741508    0.747373  0.00114137
          40    0.737232    0.747119    0.001141
          41     0.74852    0.747153  0.00111334
          42    0.745364    0.747111  0.00108735
          43    0.739976    0.746945  0.00107465
          44    0.748396    0.746978  0.00105046
          45    0.742048    0.746868  0.00103267
          46      0.7453    0.746834  0.00101055
          47    0.746808    0.746834 0.000988816
          48    0.739492    0.746681 0.000980006
          49    0.746336    0.746674 0.000959823
          50    0.741572    0.746572  0.00094595
          51    0.748792    0.746615 0.000928238
          52    0.752648    0.746731 0.000917576
          53    0.730348    0.746422 0.000951697
          54      0.7571     0.74662 0.000954611
          55    0.749232    0.746667 0.000938297
          56    0.753036    0.746781 0.000928381
          57      0.7382    0.746631 0.000924291
          58    0.753276    0.746745 0.000915414
          59    0.751828    0.746831 0.000903879
          60    0.740332    0.746723 0.000895264
          61    0.747608    0.746737 0.000880585
          62    0.753464    0.746846 0.000873033
          63    0.741448     0.74676 0.000863326
          64     0.74986    0.746809 0.000851109
          65    0.746584    0.746805 0.000837919
          66    0.744324    0.746768 0.000825982
          67    0.748388    0.746792  0.00081392
          68    0.749488    0.746831 0.000802841
          69    0.743092    0.746777 0.000792974
          70    0.739644    0.746675 0.000788179
          71    0.746232    0.746669 0.000777024
          72    0.742868    0.746616 0.000767973
          73    0.745516    0.746601 0.000757529
          74    0.756388    0.746734 0.000758836
          75    0.750868    0.746789 0.000750677
          76     0.75234    0.746862 0.000744326
          77    0.756276    0.746984 0.000744701
          78    0.749336    0.747014  0.00073571
          79    0.743196    0.746966 0.000727944
          80    0.753812    0.747051 0.000723863
          81    0.757272    0.747178 0.000725921
          82    0.746292    0.747167 0.000717095
          83    0.741468    0.747098 0.000711723
          84    0.745664    0.747081 0.000703406
          85     0.75366    0.747158 0.000699377
          86    0.731228    0.746973 0.000715588
          87    0.749348       0.747 0.000707842
          88    0.745192     0.74698 0.000700054
          89     0.74548    0.746963 0.000692348
          90    0.753904     0.74704 0.000688942
          91     0.75706     0.74715 0.000690169
          92    0.749188    0.747172 0.000682985
          93    0.753424     0.74724 0.000678938
          94     0.74242    0.747188  0.00067363
          95    0.752076     0.74724 0.000668484
          96    0.729212    0.747052 0.000687624
          97    0.749156    0.747074 0.000680844
          98    0.763284    0.747239 0.000693865
          99    0.751268     0.74728 0.000688025
         100     0.75888    0.747396 0.000690918
