           1     1.61305     1.61305           0
           2     1.64291     1.62798   0.0149262
           3     1.58092     1.61229   0.0178991
           4     1.55234     1.59731   0.0196164
           5     1.80226      1.6383   0.0437171
           6     1.62819     1.63661   0.0357346
           7     1.52554     1.62075   0.0341156
           8     1.48285     1.60351   0.0342056
           9     1.64844      1.6085   0.0305769
          10      1.8272     1.63037   0.0350179
          11     1.64968     1.63213   0.0317235
          12     1.62122     1.63122   0.0289737
          13     1.63602     1.63159   0.0266545
          14     1.60691     1.62982   0.0247401
          15     1.80147     1.64127   0.0257177
          16     1.57139      1.6369   0.0244499
          17     1.58178     1.63366   0.0231944
          18     1.53773     1.62833   0.0225079
          19     1.71004     1.63263   0.0217203
          20      1.6142     1.63171   0.0206263
          21     1.67498     1.63377   0.0197274
          22     1.72927     1.63811   0.0193037
          23     1.77167     1.64392   0.0193378
          24      1.6863     1.64568   0.0185986
          25     1.79696     1.65173   0.0188374
          26     1.91667     1.66192   0.0207698
          27     1.84065     1.66854   0.0210535
          28     1.73798     1.67102   0.0204386
          29     1.59462     1.66839   0.0198965
          30     1.65557     1.66796   0.0192266
          31     1.75476     1.67076   0.0188056
          32      1.5313      1.6664   0.0187228
          33     1.59635     1.66428   0.0182703
          34     1.57993      1.6618   0.0178976
          35     1.71767     1.66339   0.0174519
          36     1.71881     1.66493   0.0170299
          37     1.69284     1.66569   0.0165804
          38     1.68717     1.66625    0.016148
          39     1.75966     1.66865   0.0159099
          40     1.90959     1.67467   0.0166358
          41     1.61301     1.67317   0.0162945
          42      1.7661     1.67538    0.016055
          43     1.74663     1.67704   0.0157645
          44     1.62845     1.67593   0.0154416
          45     1.73738      1.6773   0.0151562
          46     1.69037     1.67758   0.0148258
          47      1.6399     1.67678   0.0145291
          48     1.68147     1.67688   0.0142235
          49     1.71643     1.67769   0.0139535
          50      1.7317     1.67877   0.0137142
          51     1.79864     1.68112   0.0136466
          52     1.60708     1.67969   0.0134571
          53     1.91581     1.68415   0.0139322
          54     1.55147     1.68169   0.0138908
          55     1.71163     1.68224   0.0136468
          56      1.6793     1.68218    0.013401
          57     1.86742     1.68543    0.013559
          58       1.559     1.68325   0.0135003
          59     1.62883     1.68233   0.0133015
          60     1.71095     1.68281   0.0130867
          61     1.72412     1.68348   0.0128881
          62     1.60049     1.68215    0.012749
          63     1.81505     1.68426   0.0127212
          64     1.61093     1.68311   0.0125731
          65     1.71198     1.68355   0.0123862
          66     1.78116     1.68503   0.0122864
          67     1.64723     1.68447   0.0121147
          68      1.6744     1.68432   0.0119362
          69     1.70627     1.68464   0.0117662
          70     1.66709     1.68439   0.0115996
          71     1.62581     1.68356   0.0114648
          72      1.6653     1.68331   0.0113073
          73     1.71639     1.68376   0.0111605
          74     1.51853     1.68153   0.0112328
          75     1.59251     1.68034   0.0111454
          76     1.66933      1.6802   0.0109988
          77     1.56169     1.67866   0.0109636
          78     1.56408     1.67719   0.0109213
          79     1.76483      1.6783   0.0108391
          80     1.54667     1.67665   0.0108285
          81     1.58062     1.67547   0.0107595
          82     1.72299     1.67605   0.0106433
          83     1.73405     1.67675   0.0105374
          84     1.77134     1.67787    0.010472
          85     1.57898     1.67671   0.0104132
          86     1.85445     1.67878   0.0104969
          87     1.65571     1.67851   0.0103789
          88     1.61444     1.67778   0.0102861
          89     1.74278     1.67851   0.0101961
          90     1.54416     1.67702   0.0101921
          91     1.51963     1.67529   0.0102268
          92     1.58086     1.67426   0.0101669
          93     1.56105     1.67305   0.0101304
          94     1.58379      1.6721    0.010067
          95     1.68163      1.6722  0.00996095
          96       1.703     1.67252  0.00986186
          97     1.71027     1.67291  0.00976742
          98     1.45421     1.67068  0.00992148
          99     1.75795     1.67156  0.00986024
         100     1.61712     1.67101   0.0097763
