           1    -0.98141    -0.98141           0
           2   -0.979242   -0.980326    0.001084
           3   -0.978126   -0.979593  0.00096429
           4   -0.975394   -0.978543  0.00125163
           5   -0.979686   -0.978772  0.00099607
           6   -0.982266   -0.979354  0.00100034
           7   -0.987814   -0.980563  0.00147496
           8   -0.985834   -0.981222  0.00143731
           9    -0.97876   -0.980948  0.00129676
          10   -0.977429   -0.980596  0.00121208
          11   -0.974008   -0.979997   0.0012493
          12   -0.984008   -0.980332  0.00118841
          13   -0.982691   -0.980513  0.00110815
          14   -0.979184   -0.980418  0.00103033
          15   -0.967217   -0.979538  0.00130176
          16   -0.980738   -0.979613  0.00121999
          17   -0.982082   -0.979758  0.00115515
          18   -0.978153   -0.979669  0.00109273
          19   -0.980255     -0.9797  0.00103408
          20   -0.983466   -0.979888 0.000998931
          21   -0.978319   -0.979814 0.000953106
          22   -0.978658   -0.979761 0.000910266
          23   -0.980176   -0.979779 0.000869977
          24   -0.978453   -0.979724  0.00083477
          25   -0.974685   -0.979522 0.000825664
          26   -0.973188   -0.979279  0.00082984
          27   -0.974034   -0.979084 0.000821803
          28   -0.975138   -0.978943 0.000804356
          29    -0.97933   -0.978957 0.000776239
          30   -0.979944    -0.97899  0.00075064
          31   -0.974944   -0.978859 0.000737658
          32   -0.985515   -0.979067 0.000743906
          33   -0.981573   -0.979143 0.000724998
          34   -0.977686     -0.9791 0.000704655
          35   -0.977338    -0.97905 0.000686076
          36   -0.973534   -0.978897 0.000684127
          37   -0.979157   -0.978904 0.000665418
          38   -0.976554   -0.978842 0.000650614
          39   -0.975718   -0.978762 0.000638755
          40   -0.975078    -0.97867 0.000629355
          41   -0.978016   -0.978654  0.00061402
          42   -0.978761   -0.978656 0.000599227
          43   -0.975323   -0.978579 0.000590238
          44   -0.976951   -0.978542 0.000577852
          45    -0.97517   -0.978467 0.000569814
          46    -0.97758   -0.978448 0.000557623
          47   -0.978106    -0.97844 0.000545678
          48    -0.97601    -0.97839 0.000536582
          49   -0.977491   -0.978371 0.000525837
          50   -0.976474   -0.978333 0.000516608
          51   -0.980174   -0.978369 0.000507662
          52   -0.980602   -0.978412 0.000499651
          53   -0.972622   -0.978303 0.000502163
          54   -0.982612   -0.978383 0.000499195
          55   -0.981126   -0.978433 0.000492567
          56   -0.982567   -0.978507 0.000489293
          57   -0.975288    -0.97845 0.000483938
          58   -0.978519   -0.978451 0.000475522
          59   -0.981694   -0.978506 0.000470613
          60   -0.975162   -0.978451 0.000466047
          61   -0.978138   -0.978445 0.000458372
          62   -0.980181   -0.978473 0.000451786
          63   -0.976282   -0.978439 0.000445916
          64   -0.979428   -0.978454 0.000439166
          65   -0.977853   -0.978445 0.000432455
          66   -0.977985   -0.978438  0.00042591
          67   -0.979342   -0.978451 0.000419722
          68    -0.97941   -0.978465 0.000413743
          69    -0.97641   -0.978436 0.000408789
          70   -0.972705   -0.978354 0.000411141
          71   -0.976638    -0.97833 0.000406028
          72   -0.974958   -0.978283 0.000403079
          73   -0.976671   -0.978261 0.000398132
          74    -0.98355   -0.978332 0.000399165
          75   -0.980542   -0.978362 0.000394908
          76   -0.982332   -0.978414 0.000393163
          77   -0.984527   -0.978493 0.000396062
          78   -0.977923   -0.978486  0.00039102
          79   -0.975767   -0.978452  0.00038757
          80   -0.979458   -0.978464 0.000382901
          81   -0.982702   -0.978516 0.000381747
          82    -0.97737   -0.978503 0.000377322
          83   -0.976342   -0.978476 0.000373657
          84   -0.977869   -0.978469 0.000369252
          85    -0.97934   -0.978479 0.000365026
          86   -0.970038   -0.978381 0.000373873
          87    -0.97855   -0.978383 0.000369556
          88   -0.974342   -0.978337 0.000368207
          89   -0.977744   -0.978331 0.000364107
          90   -0.980893   -0.978359 0.000361162
          91     -0.9841   -0.978422   0.0003627
          92   -0.980598   -0.978446 0.000359514
          93   -0.980421   -0.978467 0.000356261
          94   -0.975084   -0.978431 0.000354284
          95   -0.979647   -0.978444 0.000350768
          96    -0.96757   -0.978331 0.000365108
          97   -0.977727   -0.978324 0.000361378
          98   -0.986401   -0.978407 0.000367043
          99   -0.982526   -0.978448 0.000365691
         100    -0.98592   -0.978523 0.000369646
