         0.5   -0.974152 0.000488238
        0.55   -0.955236 0.000541426
         0.6   -0.934408 0.000462021
        0.65   -0.913914 0.000421585
         0.7   -0.892361  0.00038544
        0.75   -0.870486 0.000319812
         0.8   -0.848233 0.000288319
        0.85   -0.826144 0.000263287
         0.9   -0.804351 0.000295988
        0.95   -0.782611 0.000243985
           1   -0.761794 0.000245725
        1.05    -0.74088 0.000228193
         1.1    -0.72047 0.000208375
        1.15   -0.701234 0.000226571
         1.2   -0.682356 0.000204159
        1.25   -0.664262 0.000195447
         1.3   -0.646549 0.000198117
        1.35   -0.629585 0.000195638
         1.4   -0.613249 0.000184431
        1.45   -0.597778 0.000168075
         1.5   -0.582841 0.000169487
        1.55   -0.568489 0.000184249
         1.6   -0.554555 0.000189618
        1.65   -0.541265 0.000179125
         1.7   -0.528334  0.00018496
        1.75   -0.516328 0.000173965
         1.8   -0.504634 0.000174435
        1.85   -0.493332 0.000176595
         1.9   -0.482633 0.000167422
        1.95   -0.472177 0.000173441
           2   -0.462117 0.000164689
