         0.5    0.324939  0.00420246
        0.55    0.394543  0.00257605
         0.6    0.420402  0.00260973
        0.65    0.429289  0.00228149
         0.7    0.430841  0.00198739
        0.75    0.438959  0.00195547
         0.8    0.440886  0.00149384
        0.85    0.441211  0.00138084
         0.9    0.437796  0.00135796
        0.95    0.430806  0.00122989
           1    0.420762  0.00106353
        1.05    0.410534 0.000923871
         1.1    0.397913 0.000890927
        1.15    0.385704 0.000840927
         1.2    0.370516 0.000817827
        1.25    0.358431 0.000753556
         1.3    0.345708 0.000761363
        1.35    0.331402 0.000666247
         1.4    0.317643 0.000529503
        1.45    0.305576 0.000594399
         1.5    0.293547 0.000622205
        1.55     0.28159 0.000499316
         1.6    0.270197 0.000445715
        1.65    0.259417 0.000430774
         1.7    0.249142 0.000431727
        1.75    0.238997 0.000394625
         1.8    0.229859 0.000349838
        1.85     0.22109 0.000292837
         1.9    0.212233  0.00032436
        1.95    0.204249   0.0003272
           2    0.196326 0.000303517
