         0.5     79.0914    0.473976
        0.55     59.4898    0.474046
         0.6     43.8025    0.363751
        0.65     32.8882    0.270386
         0.7     24.7484     0.18959
        0.75     19.2134    0.144038
         0.8     15.1491    0.100006
        0.85     12.3573   0.0702211
         0.9     10.2655   0.0600734
        0.95      8.6924   0.0443426
           1     7.41737   0.0342032
        1.05     6.44379   0.0269639
         1.1     5.58773   0.0207471
        1.15     4.95328   0.0212091
         1.2     4.41375   0.0164444
        1.25     3.97963   0.0144038
         1.3     3.56916   0.0106168
        1.35     3.25712   0.0100898
         1.4      2.9661  0.00993923
        1.45     2.75002  0.00818939
         1.5     2.53555  0.00725658
        1.55     2.33951  0.00627694
         1.6     2.17346  0.00544843
        1.65     2.03909  0.00601755
         1.7     1.89954  0.00464049
        1.75     1.79532  0.00435257
         1.8     1.69182  0.00413101
        1.85     1.59542  0.00359711
         1.9     1.50526  0.00354724
        1.95     1.43394   0.0031703
           2     1.36124  0.00297374
