           1     23.9361     23.9361           0
           2     23.2888     23.6125    0.323651
           3      25.814     24.3463    0.757266
           4     24.1725     24.3029    0.537228
           5     22.6742     23.9771    0.528459
           6     22.0947     23.6634    0.533488
           7     21.0677     23.2926    0.583781
           8     23.8897     23.3672    0.511048
           9     25.6275     23.6184    0.515949
          10     24.0595     23.6625    0.463582
          11     22.8456     23.5882    0.425851
          12     28.2281     23.9749    0.548295
          13     22.7454     23.8803    0.513148
          14     24.5524     23.9283    0.477502
          15     24.6396     23.9757    0.447053
          16     22.3364     23.8733    0.430548
          17     25.0181     23.9406    0.409997
          18     27.3615     24.1307    0.430744
          19     27.3132     24.2982     0.44053
          20     26.9302     24.4298    0.438154
          21     24.0054     24.4095    0.417257
          22      24.504     24.4138    0.397862
          23     25.7371     24.4714    0.384499
          24     25.8697     24.5296    0.372711
          25     21.4378      24.406     0.37828
          26     22.2427     24.3228    0.372842
          27     22.8558     24.2684    0.362858
          28     22.3933     24.2015    0.356014
          29     25.0145     24.2295    0.344661
          30     25.7034     24.2786    0.336579
          31     22.1238     24.2091    0.332879
          32     25.2697     24.2423    0.324008
          33     22.8685     24.2006    0.316783
          34     24.9279      24.222    0.308068
          35      19.535     24.0881    0.327744
          36     31.1893     24.2854    0.374645
          37     29.6915     24.4315    0.392582
          38     24.8766     24.4432    0.382291
          39     24.2997     24.4395    0.372378
          40     27.3543     24.5124    0.370191
          41     24.5111     24.5124    0.361049
          42     25.9812     24.5473     0.35408
          43     25.3892     24.5669    0.346301
          44     23.3623     24.5395    0.339445
          45     22.0264     24.4837    0.336483
          46     24.8356     24.4913    0.329176
          47     26.6753     24.5378     0.32543
          48     25.2092     24.5518    0.318885
          49     26.7555     24.5968    0.315531
          50     25.0481     24.6058    0.309288
          51     23.8814     24.5916    0.303495
          52     24.3241     24.5864    0.297646
          53     27.9741     24.6504    0.298891
          54     28.1746     24.7156    0.300477
          55     24.7719     24.7166    0.294965
          56     25.8007      24.736    0.290296
          57     25.5749     24.7507    0.285537
          58     22.0895     24.7048    0.284298
          59     24.6508     24.7039    0.279439
          60     23.9472     24.6913    0.275032
          61     24.3972     24.6865    0.270528
          62     24.9292     24.6904    0.266158
          63     24.0664     24.6805    0.262086
          64     24.7773      24.682    0.257963
          65     26.8328     24.7151     0.25611
          66     25.2657     24.7234    0.252338
          67     26.5665     24.7509    0.250061
          68     25.7141     24.7651    0.246763
          69     24.8492     24.7663    0.243163
          70      24.126     24.7572    0.239839
          71     23.7558     24.7431    0.236857
          72     24.8552     24.7446    0.233549
          73     23.5147     24.7278    0.230943
          74     24.6538     24.7268    0.227803
          75      25.595     24.7384    0.225043
          76     23.4414     24.7213    0.222717
          77     26.7828     24.7481     0.22143
          78     24.7427      24.748    0.218573
          79     21.8543     24.7114    0.218875
          80     25.0205     24.7152    0.216156
          81     25.8006     24.7286    0.213891
          82     25.1071     24.7333    0.211317
          83      23.384      24.717    0.209388
          84     28.1041     24.7573    0.210773
          85     26.5976      24.779    0.209401
          86     23.0328     24.7587    0.207945
          87     23.4822      24.744    0.206064
          88     22.6967     24.7207    0.205033
          89     24.5594     24.7189    0.202724
          90     27.3274     24.7479    0.202544
          91     25.5202     24.7564    0.200485
          92      25.678     24.7664    0.198547
          93     26.0307       24.78     0.19687
          94     24.2493     24.7744    0.194847
          95     25.1127     24.7779    0.192818
          96     23.1067     24.7605    0.191591
          97      25.279     24.7659    0.189681
          98     25.7137     24.7755    0.187984
          99     26.2727     24.7906    0.186689
         100     20.5617     24.7484     0.18959
