           1    0.433034    0.433034           0
           2    0.428847     0.43094  0.00209345
           3    0.418296    0.426726  0.00438465
           4    0.476229    0.439101   0.0127583
           5    0.409629    0.433207    0.011507
           6    0.421949    0.431331  0.00958092
           7    0.413068    0.428722  0.00850729
           8    0.445599    0.430831  0.00766364
           9    0.447585    0.432693  0.00701035
          10    0.407654    0.430189  0.00675169
          11    0.426326    0.429838  0.00611722
          12    0.433877    0.430174  0.00559437
          13    0.416412    0.429116  0.00525382
          14    0.455762    0.431019  0.00522323
          15    0.409026    0.429553  0.00507881
          16    0.402865    0.427885  0.00503509
          17    0.441715    0.428698  0.00479909
          18    0.440719    0.429366  0.00457364
          19    0.448374    0.430367   0.0044404
          20    0.465837     0.43214  0.00457063
          21    0.411668    0.431165  0.00445549
          22    0.426044    0.430933  0.00425452
          23    0.426197    0.430727  0.00407055
          24    0.415917     0.43011   0.0039458
          25    0.396653    0.428771  0.00401432
          26    0.435464    0.429029  0.00386541
          27    0.412493    0.428416  0.00376958
          28    0.421937    0.428185  0.00363982
          29    0.439224    0.428566  0.00353263
          30     0.43226    0.428689  0.00341507
          31    0.370912    0.426825  0.00379261
          32    0.448913    0.427515  0.00373649
          33    0.443775    0.428008  0.00365486
          34    0.452928    0.428741  0.00362069
          35     0.40936    0.428187  0.00355906
          36    0.451107    0.428824   0.0035169
          37     0.47565    0.430089  0.00364715
          38    0.451339    0.430649  0.00359365
          39    0.424474     0.43049  0.00350387
          40    0.460208    0.431233  0.00349503
          41    0.439333    0.431431  0.00341444
          42    0.436278    0.431546  0.00333415
          43    0.442063    0.431791  0.00326486
          44    0.450109    0.432207  0.00321685
          45     0.41567     0.43184  0.00316595
          46    0.418888    0.431558  0.00310913
          47    0.446693     0.43188  0.00305926
          48    0.429945     0.43184  0.00299512
          49    0.409045    0.431375  0.00297001
          50    0.427001    0.431287  0.00291132
          51    0.442683     0.43151   0.0028624
          52    0.425262     0.43139  0.00280939
          53    0.449221    0.431727  0.00277633
          54    0.424111    0.431586  0.00272808
          55    0.421702    0.431406  0.00268404
          56    0.415019    0.431113  0.00265187
          57    0.410782    0.430757  0.00262924
          58    0.412904    0.430449  0.00260178
          59    0.425484    0.430365  0.00255869
          60    0.432574    0.430402  0.00251595
          61     0.42442    0.430304   0.0024763
          62    0.430238    0.430302  0.00243604
          63    0.431333    0.430319  0.00239711
          64    0.431244    0.430333  0.00235941
          65    0.445223    0.430562  0.00233409
          66    0.409142    0.430238  0.00232126
          67    0.440111    0.430385  0.00229109
          68    0.451776      0.4307  0.00227896
          69    0.463852     0.43118  0.00229651
          70    0.426898    0.431119   0.0022643
          71    0.411797    0.430847   0.0022487
          72    0.443923    0.431028  0.00222468
          73    0.422458    0.430911  0.00219713
          74    0.442756    0.431071  0.00217314
          75    0.421559    0.430944  0.00214771
          76    0.392334    0.430436  0.00217931
          77    0.466148      0.4309  0.00220026
          78    0.426821    0.430848  0.00217249
          79    0.422058    0.430737   0.0021477
          80    0.485315    0.431419  0.00222772
          81    0.401753    0.431053  0.00223033
          82    0.443748    0.431207  0.00220839
          83    0.423186    0.431111  0.00218376
          84    0.453523    0.431377  0.00217404
          85    0.435722    0.431429  0.00214892
          86    0.409273    0.431171  0.00213936
          87    0.443455    0.431312  0.00211933
          88    0.422606    0.431213  0.00209744
          89    0.408117    0.430954  0.00208992
          90    0.460076    0.431277  0.00209174
          91    0.404293    0.430981  0.00208978
          92    0.415783    0.430816  0.00207353
          93    0.445541    0.430974  0.00205721
          94    0.453158     0.43121  0.00204885
          95    0.463023    0.431545  0.00205464
          96    0.422899    0.431455  0.00203512
          97    0.401076    0.431142  0.00203823
          98    0.427167    0.431101  0.00201773
          99    0.412196     0.43091  0.00200636
         100    0.424017    0.430841  0.00198739
