           1   -0.894112   -0.894112           0
           2   -0.892832   -0.893472     0.00064
           3   -0.898432   -0.895125  0.00169412
           4   -0.888304    -0.89342  0.00208403
           5    -0.89072    -0.89288  0.00170221
           6   -0.887016   -0.891903  0.00169907
           7   -0.883992   -0.890773  0.00182734
           8    -0.89008   -0.890686  0.00158488
           9   -0.893632   -0.891013  0.00143555
          10   -0.894616   -0.891374  0.00133358
          11   -0.888904   -0.891149  0.00122699
          12   -0.900896   -0.891961  0.00138359
          13   -0.888752   -0.891714  0.00129644
          14   -0.889704   -0.891571  0.00120883
          15   -0.890816   -0.891521  0.00112648
          16    -0.89028   -0.891443  0.00105658
          17   -0.892856   -0.891526 0.000995956
          18   -0.897408   -0.891853  0.00099423
          19   -0.898936   -0.892226  0.00101164
          20   -0.895776   -0.892403 0.000976006
          21   -0.889272   -0.892254 0.000940264
          22   -0.891432   -0.892217 0.000897285
          23   -0.898064   -0.892471 0.000894284
          24   -0.895784   -0.892609 0.000867268
          25   -0.886312   -0.892357 0.000869152
          26    -0.88912   -0.892233 0.000844285
          27    -0.89036   -0.892163 0.000815369
          28   -0.887024    -0.89198 0.000806862
          29   -0.891768   -0.891972 0.000778577
          30   -0.892368   -0.891986 0.000752292
          31    -0.88968   -0.891911 0.000731411
          32   -0.893048   -0.891947 0.000709077
          33   -0.885696   -0.891757 0.000712879
          34   -0.888928   -0.891674 0.000696582
          35   -0.884208   -0.891461 0.000709228
          36   -0.904112   -0.891812 0.000773665
          37    -0.90084   -0.892056 0.000791035
          38   -0.895776   -0.892154 0.000776134
          39   -0.891264   -0.892131 0.000756316
          40   -0.895032   -0.892204 0.000740724
          41   -0.893016   -0.892224 0.000722703
          42   -0.891128   -0.892198 0.000705768
          43   -0.893456   -0.892227 0.000689781
          44   -0.890544   -0.892189 0.000675006
          45   -0.884312   -0.892014 0.000682657
          46   -0.890424   -0.891979 0.000668545
          47    -0.89592   -0.892063 0.000659518
          48   -0.894096   -0.892105  0.00064702
          49   -0.898736    -0.89224 0.000647966
          50   -0.892688   -0.892249 0.000634938
          51   -0.890656   -0.892218 0.000623147
          52   -0.892704   -0.892228 0.000611117
          53   -0.894736   -0.892275 0.000601341
          54    -0.89956    -0.89241 0.000605326
          55   -0.892616   -0.892414  0.00059423
          56   -0.895368   -0.892466 0.000585902
          57   -0.893432   -0.892483 0.000575781
          58    -0.88924   -0.892427 0.000568523
          59   -0.891392    -0.89241 0.000559079
          60   -0.891488   -0.892394 0.000549897
          61   -0.890216   -0.892359 0.000541985
          62   -0.892496   -0.892361 0.000533176
          63   -0.888808   -0.892305 0.000527667
          64   -0.891664   -0.892294 0.000519453
          65   -0.895232    -0.89234 0.000513392
          66   -0.896952    -0.89241 0.000510361
          67   -0.892568   -0.892412 0.000502692
          68   -0.892904   -0.892419 0.000495297
          69   -0.888208   -0.892358 0.000491867
          70   -0.894336   -0.892386 0.000485612
          71   -0.890256   -0.892356 0.000479663
          72   -0.892144   -0.892353 0.000472963
          73   -0.892056   -0.892349 0.000466457
          74   -0.889408    -0.89231 0.000461824
          75   -0.894552    -0.89234 0.000456605
          76   -0.896712   -0.892397 0.000454215
          77   -0.892448   -0.892398 0.000448278
          78   -0.892504   -0.892399 0.000442496
          79   -0.890888    -0.89238 0.000437277
          80   -0.890264   -0.892354 0.000432586
          81    -0.89568   -0.892395 0.000429181
          82   -0.893928   -0.892413 0.000424327
          83    -0.88912   -0.892374 0.000421057
          84   -0.898752    -0.89245 0.000422888
          85    -0.89592    -0.89249 0.000419873
          86   -0.887376   -0.892431 0.000419202
          87    -0.89084   -0.892413 0.000414758
          88    -0.88976   -0.892382 0.000411125
          89    -0.89364   -0.892397 0.000406725
          90   -0.895576   -0.892432 0.000403729
          91   -0.894648   -0.892456 0.000400009
          92    -0.89692   -0.892505 0.000398601
          93   -0.892176   -0.892501 0.000394308
          94   -0.889016   -0.892464 0.000391849
          95   -0.890968   -0.892448 0.000388022
          96   -0.887688   -0.892399 0.000387147
          97   -0.896288   -0.892439 0.000385228
          98   -0.890024   -0.892414 0.000382072
          99     -0.8956   -0.892446  0.00037956
         100   -0.883856   -0.892361  0.00038544
