           1    -0.76092    -0.76092           0
           2   -0.762112   -0.761516    0.000596
           3   -0.765152   -0.762728   0.0012599
           4    -0.75648   -0.761166   0.0017982
           5    -0.76256   -0.761445  0.00142051
           6   -0.761288   -0.761419  0.00116013
           7   -0.763992   -0.761786  0.00104714
           8   -0.763568   -0.762009   0.0009338
           9    -0.76252   -0.762066 0.000825489
          10   -0.765712    -0.76243 0.000823465
          11   -0.760632   -0.762267 0.000762584
          12   -0.766336   -0.762606 0.000774335
          13   -0.759304   -0.762352 0.000756218
          14   -0.762592   -0.762369 0.000700332
          15    -0.75724   -0.762027 0.000736202
          16   -0.760432   -0.761927 0.000695834
          17   -0.760848   -0.761864 0.000656699
          18   -0.759744   -0.761746 0.000630245
          19   -0.762464   -0.761784 0.000597348
          20   -0.763592   -0.761874 0.000573859
          21   -0.762928   -0.761925  0.00054815
          22   -0.759176     -0.7618 0.000537365
          23    -0.76512   -0.761944 0.000533379
          24   -0.759552   -0.761844 0.000520306
          25   -0.764488    -0.76195  0.00051014
          26   -0.759968   -0.761874  0.00049602
          27   -0.760256   -0.761814 0.000481042
          28   -0.760488   -0.761767 0.000465956
          29   -0.767144   -0.761952 0.000486339
          30   -0.762848   -0.761982 0.000470797
          31   -0.760656   -0.761939 0.000457361
          32   -0.768448   -0.762142 0.000487317
          33    -0.76068   -0.762098 0.000474394
          34   -0.760792    -0.76206  0.00046183
          35    -0.76052   -0.762016 0.000450594
          36   -0.762272   -0.762023 0.000437956
          37    -0.76312   -0.762053 0.000426986
          38   -0.761816   -0.762046 0.000415644
          39   -0.761944   -0.762044 0.000404855
          40    -0.76156   -0.762032 0.000394789
          41   -0.761576    -0.76202   0.0003852
          42    -0.76364   -0.762059 0.000377889
          43   -0.766048   -0.762152 0.000380478
          44   -0.758432   -0.762067 0.000381223
          45   -0.760336   -0.762029 0.000374636
          46   -0.760232    -0.76199 0.000368477
          47   -0.759088   -0.761928   0.0003658
          48   -0.762792   -0.761946  0.00035855
          49    -0.76588   -0.762026 0.000360217
          50    -0.76376   -0.762061 0.000354639
          51   -0.761872   -0.762057 0.000347635
          52   -0.761192   -0.762041  0.00034129
          53    -0.76112   -0.762023 0.000335239
          54   -0.762816   -0.762038   0.0003293
          55   -0.763464   -0.762064 0.000324295
          56   -0.761896   -0.762061 0.000318466
          57   -0.761416    -0.76205 0.000313033
          58   -0.757136   -0.761965 0.000319042
          59    -0.76396   -0.761999 0.000315406
          60   -0.759856   -0.761963 0.000312154
          61    -0.76176    -0.76196 0.000307012
          62    -0.76112   -0.761946 0.000302323
          63   -0.761904   -0.761945 0.000297486
          64   -0.763216   -0.761965 0.000293474
          65   -0.760512   -0.761943 0.000289787
          66   -0.764584   -0.761983 0.000288155
          67    -0.76232   -0.761988 0.000283866
          68   -0.758648   -0.761939 0.000283941
          69   -0.761256   -0.761929  0.00027997
          70   -0.759784   -0.761898 0.000277638
          71   -0.760696   -0.761881 0.000274223
          72   -0.756328   -0.761804 0.000281173
          73   -0.759744   -0.761776 0.000278727
          74   -0.761432   -0.761771 0.000274974
          75   -0.763096   -0.761789 0.000271857
          76   -0.767152    -0.76186 0.000277382
          77   -0.762216   -0.761864 0.000273796
          78   -0.760152   -0.761842 0.000271153
          79   -0.760864    -0.76183 0.000267984
          80   -0.761376   -0.761824 0.000264674
          81   -0.763232   -0.761842 0.000261963
          82   -0.759376   -0.761812  0.00026049
          83   -0.762192   -0.761816 0.000257374
          84   -0.760488     -0.7618 0.000254782
          85   -0.761072   -0.761792 0.000251913
          86     -0.7608    -0.76178 0.000249233
          87   -0.765816   -0.761827 0.000250681
          88   -0.758328   -0.761787 0.000250985
          89   -0.762136   -0.761791  0.00024818
          90   -0.760664   -0.761778 0.000245726
          91   -0.759272   -0.761751 0.000244566
          92   -0.764976   -0.761786 0.000244421
          93    -0.75808   -0.761746  0.00024504
          94   -0.761304   -0.761741 0.000242464
          95   -0.761808   -0.761742   0.0002399
          96    -0.75524   -0.761674  0.00024686
          97    -0.76272   -0.761685  0.00024454
          98   -0.766552   -0.761735 0.000247074
          99   -0.764872   -0.761766 0.000246611
         100    -0.76456   -0.761794 0.000245725
