           1     7.20978     7.20978           0
           2     7.44655     7.32817    0.118384
           3     7.66094     7.43909     0.13029
           4     6.98759     7.32622      0.1457
           5     7.46793     7.35456    0.116363
           6     7.57546     7.39137    0.101894
           7     7.98742     7.47652    0.121104
           8     7.97083     7.53831    0.121727
           9     7.36214     7.51874    0.109123
          10     7.55859     7.52272   0.0976843
          11     7.55556     7.52571   0.0884092
          12     7.54866     7.52762   0.0807289
          13     7.35183      7.5141   0.0754809
          14     7.15399     7.48838   0.0744652
          15     6.88442     7.44811   0.0801678
          16     7.40374     7.44534   0.0750414
          17      7.6153     7.45534   0.0711945
          18     7.37908      7.4511   0.0672564
          19     7.41744     7.44933   0.0636429
          20     7.77179     7.46545   0.0624926
          21     7.35029     7.45997   0.0596948
          22     7.23929     7.44994   0.0577939
          23     7.69504     7.46059   0.0562428
          24      7.1607      7.4481   0.0552792
          25      7.5474     7.45207   0.0531705
          26     6.89066     7.43048   0.0554606
          27     7.57166     7.43571   0.0536225
          28     7.42991      7.4355   0.0516723
          29     7.83145     7.44915   0.0516944
          30     8.14558     7.47237   0.0550731
          31     7.28686     7.46638    0.053602
          32     7.45163     7.46592    0.051902
          33     7.43713     7.46505   0.0503122
          34     7.17726     7.45659   0.0495384
          35     7.51661      7.4583   0.0481328
          36     7.35938     7.45555   0.0468573
          37     7.66462      7.4612   0.0459223
          38     7.64641     7.46608   0.0449624
          39     7.48019     7.46644   0.0437958
          40     7.76449     7.47389   0.0433323
          41     7.01538     7.46271   0.0437168
          42     7.19477     7.45633   0.0431376
          43     7.74955     7.46315   0.0426709
          44     6.75202     7.44698   0.0447129
          45     7.11156     7.43953    0.044339
          46     7.51329     7.44113   0.0433941
          47     7.37364      7.4397    0.042485
          48      7.3093     7.43698   0.0416791
          49     7.65755     7.44148   0.0410671
          50     7.07567     7.43417   0.0408971
          51     8.01413     7.44554    0.041669
          52     7.09091     7.43872    0.041425
          53     7.14822     7.43324   0.0410039
          54      7.7784     7.43963   0.0407419
          55     7.40606     7.43902   0.0399989
          56     7.81946     7.44581   0.0398613
          57      7.8265     7.45249   0.0397213
          58     7.23699     7.44878   0.0392069
          59     7.73179     7.45357    0.038834
          60     7.63636     7.45662   0.0383026
          61     6.88074     7.44718   0.0388345
          62     7.76292     7.45227   0.0385409
          63     7.65923     7.45556   0.0380663
          64      7.5091     7.45639   0.0374761
          65     7.47854     7.45673   0.0368966
          66     7.50786     7.45751   0.0363415
          67     7.49713      7.4581   0.0357999
          68     7.77158     7.46271   0.0355695
          69     7.06554     7.45695   0.0355197
          70     7.64326     7.45961   0.0351096
          71     7.10658     7.45464   0.0349669
          72      6.9356     7.44743   0.0352235
          73     6.92574     7.44029   0.0354651
          74     7.65578      7.4432   0.0351036
          75     7.35122     7.44197    0.034654
          76     8.08539     7.45044   0.0352275
          77     6.62894     7.43977   0.0363671
          78     7.15819     7.43616   0.0360789
          79     7.77995     7.44051   0.0358841
          80     6.98127     7.43477   0.0358947
          81     7.14059     7.43114   0.0356343
          82     7.59316     7.43312   0.0352525
          83     7.02926     7.42825   0.0351635
          84     7.10091     7.42435   0.0349602
          85     7.24906     7.42229   0.0346079
          86     7.35894     7.42155   0.0342111
          87     7.75445     7.42538   0.0340314
          88     7.55598     7.42686   0.0336751
          89     7.72814     7.43025   0.0334663
          90     7.27238      7.4285   0.0331388
          91      6.9199     7.42291   0.0332457
          92     7.38922     7.42254   0.0328844
          93      6.8957     7.41688   0.0330185
          94     6.74893     7.40977   0.0334293
          95     7.48014     7.41051   0.0330838
          96     6.63769     7.40246   0.0337127
          97     8.24035      7.4111   0.0344634
          98     7.12354     7.40816   0.0342359
          99     7.97846     7.41392   0.0343745
         100     7.75873     7.41737   0.0342032
