           1     0.41439     0.41439           0
           2    0.422369    0.418379  0.00398965
           3    0.407633    0.414797  0.00425883
           4     0.43074    0.418783  0.00499556
           5       0.435    0.422026   0.0050491
           6    0.396173    0.417718  0.00596341
           7    0.433155    0.419923  0.00550139
           8    0.411587    0.418881  0.00487695
           9    0.415778    0.418536  0.00431485
          10    0.424737    0.419156  0.00390881
          11    0.444108    0.421425  0.00420074
          12    0.403497    0.419931  0.00411548
          13    0.414344    0.419501  0.00381001
          14     0.42424    0.419839  0.00354359
          15    0.417827    0.419705  0.00330163
          16    0.404279    0.418741  0.00323539
          17    0.430364    0.419425  0.00311508
          18    0.427773    0.419889  0.00297331
          19    0.414224     0.41959  0.00282823
          20    0.404891    0.418855  0.00278194
          21    0.422867    0.419047  0.00265304
          22    0.423038    0.419228  0.00253607
          23    0.427297    0.419579  0.00244857
          24    0.423094    0.419725  0.00234889
          25    0.402609    0.419041  0.00235471
          26    0.409728    0.418682  0.00229051
          27    0.430461    0.419119   0.0022468
          28     0.43394    0.419648  0.00222884
          29    0.417192    0.419563  0.00215228
          30     0.42737    0.419824  0.00209552
          31     0.41329    0.419613  0.00203773
          32        0.41    0.419312  0.00199576
          33    0.419977    0.419333  0.00193444
          34    0.419201    0.419329  0.00187669
          35    0.412818    0.419143  0.00183175
          36    0.439742    0.419715  0.00186984
          37    0.418265    0.419676  0.00181902
          38    0.425915     0.41984  0.00177811
          39    0.447587    0.420551  0.00187235
          40    0.421734    0.420581  0.00182518
          41    0.418724    0.420536  0.00178069
          42    0.412682    0.420349  0.00174781
          43    0.429211    0.420555  0.00171908
          44    0.416005    0.420451  0.00168273
          45    0.427834    0.420615  0.00165307
          46    0.440413    0.421046  0.00167304
          47     0.40943    0.420799  0.00165561
          48     0.40201    0.420407  0.00166735
          49    0.438495    0.420776  0.00167417
          50    0.422077    0.420802  0.00164055
          51    0.420817    0.420803  0.00160806
          52    0.416793    0.420726  0.00157872
          53    0.414017    0.420599  0.00155381
          54    0.430708    0.420786  0.00153621
          55    0.408968    0.420571  0.00152325
          56    0.423148    0.420617  0.00149651
          57     0.43302    0.420835  0.00148604
          58     0.42295    0.420871  0.00146065
          59     0.42408    0.420926  0.00143671
          60    0.427455    0.421035  0.00141674
          61    0.410981     0.42087  0.00140304
          62    0.434881    0.421096   0.0013986
          63    0.415179    0.421002  0.00137943
          64    0.420987    0.421002   0.0013577
          65    0.413811    0.420891  0.00134122
          66    0.407813    0.420693  0.00133552
          67    0.428403    0.420808  0.00132046
          68    0.419077    0.420782  0.00130115
          69    0.414609    0.420693  0.00128527
          70    0.430366    0.420831  0.00127429
          71    0.413064    0.420722  0.00126097
          72    0.436094    0.420935  0.00126153
          73    0.425661       0.421  0.00124581
          74    0.411961    0.420878  0.00123492
          75    0.399425    0.420592  0.00125147
          76    0.417602    0.420552  0.00123552
          77    0.417642    0.420515  0.00121995
          78    0.402463    0.420283  0.00122625
          79    0.434459    0.420463  0.00122385
          80    0.430561    0.420589  0.00121503
          81    0.407094    0.420422  0.00121145
          82    0.420717    0.420426  0.00119659
          83    0.406608    0.420259  0.00119375
          84    0.427284    0.420343  0.00118241
          85    0.418631    0.420323  0.00116859
          86    0.429088    0.420425  0.00115941
          87    0.422981    0.420454  0.00114639
          88    0.437204    0.420645  0.00114916
          89    0.421116     0.42065  0.00113619
          90    0.417418    0.420614  0.00112406
          91    0.411078    0.420509  0.00111657
          92    0.415338    0.420453   0.0011058
          93    0.425608    0.420508  0.00109525
          94    0.421771    0.420522  0.00108362
          95    0.417693    0.420492  0.00107256
          96    0.408051    0.420362  0.00106921
          97     0.44379    0.420604  0.00108535
          98    0.420286    0.420601  0.00107422
          99    0.435773    0.420754   0.0010743
         100    0.421552    0.420762  0.00106353
