0.0378829
0.0383527
0.0388166
0.0392842
0.0397726
0.0403066
0.0409119
0.0416118
0.0424211
0.0433463
0.0443801
0.0454982
0.046666
0.0478362
0.0489642
0.050012
0.0509593
0.0518052
0.0525653
0.0532605
0.0539099
0.054509
0.0550204
0.0553648
0.0554312
0.0551098
0.0543369
0.0531285
0.0515835
0.0498539
0.0481002
0.0464562
0.0450182
0.0438432
0.0429635
0.0423966
0.0421565
0.042261
0.0427265
0.0435701
0.0447925
0.0463693
0.0482315
0.0502677
0.0523449
0.054356
0.0562644
0.0581026
0.059914
0.0616773
0.0632523
0.0643743
0.0646968
0.0639112
0.0619276
0.0589929
0.055612
0.0523248
0.0495164
0.0473669
0.0459041
0.0450737
0.0447921
0.0449743
0.0455467
0.0464446
0.0476056
0.0489559
0.0504002
0.0518109
0.0530293
0.0538861
0.054249
0.0540669
0.0533939
0.0523723
0.0511866
0.0500121
0.048986
0.0482029
0.0477214
0.0475786
0.047799
0.0483969
0.0493799
0.0507367
0.0524076
0.0542693
0.0561175
0.0576904
0.0587418
0.0591383
0.0589157
0.0582523
0.0573854
0.0565167
0.0557715
0.0552065
0.0548291
0.0546228
0.0545666
0.05465
0.0548833
0.0552947
0.0559287
0.0568446
0.0581045
0.0597588
0.0618351
0.0643062
0.0670673
0.0699094
0.0725252
0.0745327
0.075558
0.0753535
0.0738903
0.0713783
0.0681882
0.0647151
0.061273
0.058057
0.05516
0.0526044
0.0503747
0.0484384
0.0467602
0.0453083
0.0440573
0.0429884
0.0420903
0.0413561
0.0407859
0.0403853
0.0401569
0.0401067
0.0402315
0.0405206
0.0409462
0.0414637
0.0420086
0.0425044
0.0428788
0.0430743
0.0430656
0.0428665
0.0425184
0.0420763
0.0415948
0.0411149
0.0406654
0.0402581
0.0398998
0.0395908
0.0393318
0.0391267
0.0389803
0.0389017
0.0389021
0.0389952
0.0391928
0.0395085
0.0399541
0.0405376
0.0412662
0.042133
0.0431235
0.0442031
0.0453178
0.0463897
0.0473329
0.048052
0.0484661
0.0485274
0.0482297
0.0476101
0.0467376
0.0456997
0.0445816
0.0434581
0.0423879
0.0414134
0.0405599
0.0398433
0.0392744
0.0388588
0.0386007
0.0385032
0.0385717
0.0388096
0.0392223
0.0398129
0.0405813
0.0415222
0.0426196
0.0438477
0.0451682
0.0465389
0.0479172
0.0492786
0.0506273
0.0520014
0.0534761
0.0551433
0.0570893
0.0593606
0.0619284
0.0646586
0.0673056
0.0695485
0.0710877
0.0717487
0.0715485
0.0706742
0.0693865
0.06793
0.0664715
0.0650948
0.0638182
0.0626234
0.0614847
0.0603745
0.0592676
0.0581419
0.05697
0.05573
0.0544077
0.0530081
0.0515636
0.0501289
0.048778
0.0475836
0.0466074
0.0458838
0.0454182
0.0451817
0.0451175
0.0451462
0.0451879
0.0451775
0.0450802
0.0449031
0.0446923
0.0445206
0.0444754
0.0446476
0.0451181
0.0459592
0.0472258
0.0489437
0.0510932
0.0535811
0.0562161
0.0587008
0.0606678
0.0617735
0.0618147
0.0608144
0.0589977
0.0566865
0.0541928
0.0517398
0.0494612
0.047417
0.0456159
0.0440455
0.0426856
0.0415136
0.0405096
0.0396587
0.0389517
0.0383801
0.0379383
0.0376204
0.0374225
0.0373388
0.0373639
0.0374934
0.0377282
0.0380713
0.0385341
0.0391367
0.0399092
0.0408876
0.042111
0.0436186
0.0454386
0.0475796
0.0500194
0.0526909
0.05547
0.0581568
0.0604776
0.0621251
0.0628607
0.0626333
0.0616267
0.0601857
0.0586638
0.0573175
0.056268
0.0555321
0.0550678
0.0548104
0.0546907
0.0546495
0.0546365
0.0546139
0.0545516
0.0544371
0.0542747
0.0540789
0.0538754
0.0536894
0.0535389
0.053434
0.0533795
0.0533868
0.0534718
0.0536582
0.0539643
0.054379
0.0548485
0.0552636
0.0554744
0.0553314
0.0547441
0.0537172
0.0523482
0.0507863
0.0491854
0.0476628
0.0462959
0.04512
0.0441392
0.0433459
0.0427201
0.0422378
0.0418767
0.0416163
0.0414414
0.041343
0.0413218
0.041389
0.0415642
0.0418766
0.0423651
0.0430662
0.0440115
0.0452077
0.04662
0.0481553
0.0496687
0.0509921
0.0519948
0.0526282
0.0529224
0.0529294
0.0526505
0.0520174
0.0509497
0.0494379
0.0475868
0.0455841
0.0436333
0.0418893
0.0404345
0.0392929
0.0384483
0.0378613
0.0374902
0.037291
0.0372278
0.0372709
0.0373989
0.0375947
0.0378536
0.0381755
0.03857
0.0390496
0.0396293
0.0403251
0.0411435
0.042078
0.0430986
0.044149
0.0451433
0.0459806
0.0465707
0.0468598
0.04685
0.0465952
0.0461881
0.045729
0.0453004
0.0449589
0.0447346
0.0446362
0.0446542
0.0447708
0.0449652
0.045218
0.0455104
0.045831
0.0461724
0.0465333
0.0469155
0.0473249
0.0477638
0.0482351
0.0487396
0.0492779
0.0498474
0.0504488
0.0510814
0.0517451
0.0524348
0.0531453
0.0538623
0.0545626
0.0552173
0.0557955
0.0562687
0.0566171
0.0568319
0.0569198
0.0568988
0.0567953
0.0566353
0.0564438
0.0562345
0.056007
0.0557548
0.0554563
0.0550889
0.054628
0.0540592
0.0533804
0.0526045
0.0517563
0.0508698
0.0499868
0.0491482
0.0483948
0.0477628
0.0472826
0.0469776
0.0468618
0.0469389
0.0471985
0.0476159
0.0481502
0.0487534
0.049373
0.0499617
0.0504835
0.0509137
0.0512352
0.0514312
0.0514847
0.0513825
0.051124
0.0507209
0.050204
0.049614
0.0489976
0.0483911
0.0478237
0.0473104
0.0468528
0.0464431
0.0460664
0.045709
0.045359
0.0450121
0.0446646
0.0443191
0.0439782
0.0436398
0.0432984
0.0429457
0.0425705
0.042168
0.0417427
0.0413108
0.0408986
0.0405375
0.0402596
0.040092
0.0400553
0.0401612
0.0404118
0.0408026
0.0413214
0.0419526
0.0426764
0.0434757
0.0443262
0.0452079
0.0460933
0.0469528
0.0477467
0.048431
0.0489556
0.0492733
0.0493531
0.0491887
0.0488036
0.0482525
0.0476093
0.0469555
0.0463646
0.0458939
0.0455821
0.0454478
0.0454917
0.0457008
0.046054
0.0465267
0.0470938
0.0477322
0.0484217
0.0491428
0.0498732
0.0505853
0.0512464
0.051813
0.0522382
0.0524852
0.052528
0.0523612
0.051999
0.051481
0.0508569
0.0501837
0.0495157
0.0489028
0.0483823
0.0479789
0.0477025
0.0475462
0.0474835
0.0474725
0.0474624
0.0473981
0.0472431
0.0469867
0.0466555
0.046311
0.0460415
0.0459425
0.0461019
0.0465728
0.0473552
0.0483606
0.0493954
0.0501883
0.0504782
0.0501433
0.0492782
0.0481607
0.0471359
0.0465034
0.0464602
0.0470903
0.048369
0.0501586
0.0522063
0.0541717
0.0557205
0.0566403
0.0569009
0.0566135
0.0559252
0.0549417
0.0537243
0.052318
0.050791
0.0492283
0.0477202
0.0463371
0.0451258
0.0441075
0.0432785
0.0426226
0.0421181
0.0417354
0.0414456
0.0412185
0.0410249
0.0408392
0.0406421
0.0404168
0.0401549
0.0398542
0.0395211
0.0391613
0.0387884
0.0384144
0.0380531
0.0377142
0.0374082
0.0371432
0.0369263
0.0367614
0.0366498
0.0365958
0.0366045
0.0366772
0.0368201
0.037037
0.0373367
0.0377326
0.0382404
0.0388813
0.0396834
0.0406825
0.0419183
0.043429
0.0452441
0.0473581
0.0497073
0.0521434
0.054431
0.0562942
0.0575096
0.0579918
0.0578207
0.0571831
0.0562853
0.0552939
0.0543218
0.0534422
0.0527057
0.0521505
0.0518012
0.0516646
0.0517185
0.0519097
0.0521423
0.0522834
0.0521864
0.0517302
0.0508597
0.0496133
0.048114
0.0465202
0.0449873
0.0436335
0.0425296
0.0417041
0.0411559
0.0408651
0.0408023
0.0409333
0.041219
0.0416253
0.0421202
0.0426744
0.0432554
0.0438258
0.0443365
0.0447286
0.0449436
0.0449478
0.0447474
0.0443982
0.0439984
0.0436559
0.0434665
0.04349
0.0437448
0.0442104
0.044839
0.0455678
0.0463465
0.0471467
0.0479685
0.0488344
0.0497714
0.0507802
0.0518172
0.0527918
0.0535874
0.0541063
0.0543166
0.0542754
0.0541132
0.0539895
0.0540457
0.0543735
0.055005
0.0559109
0.057017
0.0582249
0.0594297
0.0605455
0.0615057
0.0622558
0.0627417
0.0629127
0.0627325
0.0621916
0.0613036
0.0600961
0.0585982
0.0568538
0.054938
0.0529573
0.0510362
0.0492878
0.0477964
0.0466084
0.0457348
0.0451625
0.0448578
0.0447775
0.0448748
0.0451031
0.0454203
0.0457935
0.0461994
0.0466251
0.047069
0.0475335
0.0480247
0.0485469
0.0490995
0.0496744
0.0502539
0.050811
0.0513114
0.0517098
0.0519564
0.0520028
0.0518151
0.0513812
0.0507212
0.0498871
0.0489593
0.0480292
0.0471962
0.0465527
0.0461834
0.0461516
0.0464839
0.0471462
0.0480134
0.0488594
0.0493939
0.0493646
0.0486755
0.047439
0.0459101
0.0443738
0.0430479
0.0420512
0.0414216
0.0411437
0.0411787
0.0414774
0.041988
0.0426616
0.0434487
0.0443091
0.0452222
0.0461932
0.0472577
0.0484724
0.0498869
0.0515025
0.0532337
0.0548824
0.0561504
0.0567132
0.0563525
0.0550851
0.0531861
0.0510739
0.0491344
0.0476113
0.0465924
0.0460469
0.0458835
0.0459948
0.0462829
0.0466758
0.0471257
0.0476085
0.0481128
0.048638
0.0491844
0.0497593
0.0503707
0.0510294
0.0517469
0.0525367
0.0534013
0.0543308
0.0552988
0.0562503
0.0571118
0.0577937
0.058213
0.0583141
0.058087
0.057575
0.0568538
0.0560206
0.0551572
0.0543089
0.0534754
0.0526179
0.0516716
0.050581
0.0493151
0.047886
0.0463466
0.0447735
0.0432496
0.0418457
0.0406119
0.0395768
0.0387508
0.0381289
0.0376982
0.0374441
0.0373458
0.0373834
0.0375364
0.0377876
0.038117
0.038507
0.0389403
0.039398
0.0398665
0.0403274
0.0407678
0.0411716
0.0415244
0.041815
0.0420309
0.0421643
0.0422146
0.0421864
0.0420902
0.0419463
0.0417752
0.0416002
0.0414423
0.0413196
0.0412445
0.0412232
0.0412642
0.0413691
0.0415383
0.0417751
0.0420786
0.0424497
0.0428905
0.0433999
0.0439765
0.0446185
0.0453189
0.0460684
0.0468537
0.0476579
0.0484613
0.0492436
0.0499867
0.0506742
0.0512988
0.0518571
0.0523536
0.0527952
0.0531898
0.0535444
0.0538623
0.0541408
0.0543724
0.0545473
0.054658
0.0546968
0.0546702
0.0545913
0.0544757
0.0543485
0.0542372
0.0541667
0.0541593
0.0542375
0.0544176
0.0547066
0.0551037
0.0555975
0.0561703
0.0567928
0.0574316
0.0580474
0.0585992
0.0590528
0.0593834
0.0595778
0.0596357
0.0595586
0.0593403
0.0589569
0.0583591
0.0574872
0.0562957
0.0547795
0.0529892
0.0510253
0.0490127
0.0470736
0.0453072
0.0437805
0.0425294
0.0415701
0.0409034
0.0405215
0.040411
0.0405556
0.0409346
0.0415226
0.0422865
0.043188
0.0441841
0.0452303
0.0462893
0.0473413
0.0483782
0.0494175
0.0504844
0.0516071
0.0527991
0.0540431
0.0552859
0.0564436
0.0574172
0.0581192
0.0584963
0.0585412
0.0582884
0.0577965
0.0571267
0.0563363
0.0554684
0.0545528
0.0536098
0.0526492
0.051679
0.0507015
0.0497244
0.0487586
0.0478244
0.0469464
0.0461596
0.0454983
0.0449999
0.0446945
0.0446059
0.0447415
0.0450912
0.0456207
0.0462669
0.0469301
0.0474827
0.0477784
0.047681
0.047101
0.0460335
0.0445653
0.0428463
0.0410495
0.0393278
0.0377925
0.0365137
0.0355272
0.0348485
0.0344876
0.034455
0.034772
0.0354729
0.036608
0.0382381
0.0404271
0.0432091
0.0465392
0.0502267
0.0538833
0.0569567
0.0589049
0.0594442
0.0586758
0.0569927
0.0548565
0.0526439
0.050585
0.0487899
0.0472817
0.0460383
0.0450167
0.0441661
0.0434373
0.0427909
0.0421972
0.0416341
0.0410918
0.040574
0.0400884
0.0396486
0.0392721
0.0389724
0.0387636
0.0386536
0.0386462
0.038735
0.0389137
0.0391708
0.0394954
0.0398726
0.0402936
0.0407526
0.0412482
0.0417864
0.0423757
0.0430225
0.043736
0.0445164
0.0453599
0.0462479
0.0471533
0.0480366
0.0488499
0.0495425
0.0500688
0.0503919
0.0504955
0.0503824
0.0500767
0.0496204
0.0490703
0.0484845
0.0479204
0.0474274
0.047044
0.0467992
0.0467099
0.0467847
0.0470229
0.0474183
0.0479622
0.0486377
0.0494261
0.0502942
0.0511999
0.0520892
0.052899
0.0535677
0.054043
0.0543009
0.054348
0.0542253
0.0539863
0.0536717
0.0532896
0.0528054
0.0521592
0.0513043
0.0502502
0.0490734
0.0478955
0.0468381
0.0459866
0.0453728
0.0449871
0.0448016
0.0448053
0.0450207
0.0455165
0.0463825
0.0477011
0.0494702
0.0515237
0.0534635
0.0547232
0.0548123
0.0536223
0.0515076
0.049066
0.0468267
0.0451058
0.0440151
0.0435409
0.043605
0.0440997
0.0448966
0.0458476
0.0467956
0.0475982
0.0481513
0.0484137
0.04841
0.0482109
0.0479005
0.0475507
0.0472074
0.0468953
0.0466245
0.04641
0.0462721
0.0462501
0.0463874
0.0467343
0.0473209
0.0481359
0.0491038
0.0500711
0.0508354
0.0512049
0.0510855
0.0505214
0.0496733
0.0487482
0.0479153
0.0472732
0.0468554
0.0466432
0.0465921
0.0466537
0.0467808
0.0469379
0.0470992
0.0472555
0.0474059
0.0475605
0.0477306
0.0479302
0.0481692
0.0484522
0.0487749
0.0491196
0.0494565
0.0497458
0.0499375
0.0499817
0.0498413
0.0495021
0.0489818
0.0483305
0.0476182
0.0469218
0.0463068
0.0458257
0.0455081
0.0453739
0.045429
0.0456697
0.0460873
0.0466681
0.0473929
0.0482293
0.049138
0.0500656
0.0509499
0.0517183
0.0523004
0.0526346
0.0526792
0.0524221
0.0518843
0.0511169
0.0501977
0.0492194
0.0482758
0.0474547
0.0468311
0.0464614
0.0463828
0.0466092
0.0471358
0.0479343
0.0489553
0.0501353
0.0513957
0.0526526
0.0538235
0.0548403
0.0556597
0.0562697
0.0566872
0.0569464
0.0570833
0.0570949
0.0569378
0.0565272
0.0557728
0.0546429
0.053196
0.051578
0.0499746
0.0485488
0.0474044
0.0465732
0.04603
0.0457127
0.045545
0.0454578
0.0454036
0.0453576
0.045322
0.0453117
0.0453469
0.0454506
0.0456453
0.0459568
0.0464175
0.0470613
0.0479309
0.0490697
0.0505135
0.05228
0.0543608
0.0566973
0.0591715
0.0616178
0.0638445
0.0656988
0.0671197
0.0681508
0.0689012
0.0694729
0.0699003
0.0701228
0.0700162
0.0694548
0.0683854
0.0668767
0.0650963
0.0632582
0.0615529
0.0601184
0.0590255
0.0582888
0.0578792
0.0577316
0.057761
0.0578726
0.0579752
0.0579927
0.0578752
0.0576118
0.0572321
0.0568027
0.0564129
0.0561493
0.0560769
0.0562057
0.0564815
0.0567825
0.0569377
0.0567823
0.0562143
0.0552245
0.0538954
0.0523549
0.0507391
0.0491541
0.0476706
0.0463335
0.0451662
0.0441873
0.043407
0.0428358
0.0424842
0.0423663
0.0424918
0.0428777
0.0435331
0.0444638
0.0456598
0.0470857
0.0486707
0.0503015
0.0518255
0.053065
0.053858
0.0541016
0.0537765
0.0529577
0.0517803
0.0503968
0.0489445
0.0475148
0.0461583
0.0448952
0.0437277
0.042657
0.0416903
0.040844
0.0401381
0.0395926
0.0392199
0.0390194
0.0389815
0.0390827
0.0392876
0.0395521
0.0398272
0.0400645
0.0402195
0.0402609
0.0401728
0.0399588
0.0396387
0.039247
0.038826
0.0384218
0.0380755
0.037828
0.0377119
0.0377594
0.038002
0.0384714
0.0392081
0.040255
0.0416538
0.043419
0.0455067
0.0477679
0.0499171
0.0515768
0.0524084
0.0522886
0.0513797
0.0500362
0.0486366
0.0474564
0.046647
0.0462694
0.0463362
0.0468384
0.0477566
0.0490441
0.0506015
0.0522427
0.0537043
0.0547042
0.0550537
0.0547572
0.0540148
0.0531259
0.0523642
0.0519064
0.0518171
0.0520747
0.0525978
0.0532768
0.0539999
0.0546775
0.055265
0.0557572
0.0561915
0.0566206
0.0570887
0.0576065
0.0581377
0.0586185
0.058969
0.0591273
0.0590589
0.0587583
0.0582398
0.0575211
0.0566261
0.0555811
0.0544288
0.0532269
0.0520486
0.0509691
0.0500504
0.0493274
0.0487936
0.0483974
0.0480485
0.04764
0.047081
0.0463277
0.0453993
0.0443632
0.0433119
0.0423362
0.0414996
0.0408421
0.0403785
0.0401057
0.0400112
0.0400755
0.0402779
0.0405952
0.0410049
0.041481
0.0419988
0.0425359
0.0430664
0.0435749
0.0440472
0.0444749
0.0448559
0.0451855
0.0454659
0.0456963
0.045878
0.0460154
0.0461184
0.0462
0.0462809
0.0463836
0.0465306
0.0467419
0.047026
0.0473829
0.0478013
0.0482587
0.0487234
0.0491634
0.049557
0.0498997
0.0502115
0.0505385
0.0509451
0.0514978
0.0522515
0.0532253
0.0543938
0.0556817
0.0569702
0.0581094
0.0589519
0.0593727
0.0592981
0.0587223
0.057712
0.0563938
0.0549282
0.0534773
0.0521787
0.0511251
0.0503672
0.0499118
0.0497361
0.0497905
0.0500027
0.0502813
0.0505113
0.0505767
0.0503743
0.0498401
0.048971
0.0478356
0.0465579
0.0452862
0.0441656
0.0433077
0.0427919
0.0426557
0.0429019
0.0435083
0.0444186
0.0455468
0.0467821
0.0480047
0.0491141
0.0500605
0.0508662
0.0516107
0.0524027
0.0533422
0.0544859
0.0558418
0.0573715
0.0589971
0.0606164
0.062109
0.0633493
0.0642089
0.0645778
0.0643911
0.0636602
0.0624841
0.0610216
0.0594547
0.0579299
0.0565469
0.0553519
0.0543523
0.0535335
0.0528734
0.0523519
0.0519558
0.0516775
0.0515104
0.051449
0.0514885
0.0516226
0.051842
0.0521344
0.0524846
0.0528755
0.0532806
0.0536716
0.0540196
0.0542983
0.0544899
0.0545904
0.0546038
0.0545315
0.0543662
0.0540824
0.0536434
0.0530211
0.0522173
0.0512708
0.0502561
0.0492535
0.0483349
0.0475435
0.0468903
0.0463664
0.045955
0.0456344
0.0453998
0.0452576
0.0452186
0.0452875
0.0454547
0.0456887
0.0459457
0.046185
0.046394
0.0466077
0.0469057
0.0473968
0.0481944
0.0493819
0.050995
0.0529989
0.0552794
0.0576438
0.0598464
0.0616381
0.0628227
0.0632935
0.0630473
0.0621774
0.0608502
0.0592697
0.0576312
0.0560868
0.0547173
0.0535332
0.0524896
0.051517
0.0505495
0.0495557
0.0485444
0.0475566
0.0466523
0.0458842
0.0452887
0.0448858
0.0446755
0.044642
0.0447579
0.0449889
0.0452964
0.0456447
0.0460126
0.046399
0.0468328
0.0473669
0.0480671
0.0489942
0.050173
0.0515671
0.0530727
0.0545266
0.0557434
0.0565722
0.0569309
0.056823
0.0563148
0.0555107
0.0545351
0.053517
0.0525722
0.0517844
0.0512062
0.0508527
0.0507086
0.0507315
0.0508666
0.0510414
0.0511791
0.0512001
0.0510365
0.0506378
0.0499857
0.0490995
0.0480272
0.0468373
0.0456017
0.0443838
0.0432343
0.0421841
0.0412522
0.0404438
0.0397573
0.0391836
0.0387084
0.0383182
0.0379946
0.0377259
0.0374987
0.037308
0.0371502
0.0370267
0.0369444
0.0369087
0.0369257
0.0370005
0.0371367
0.0373317
0.0375816
0.0378871
0.0382414
0.0386459
0.0391037
0.0396241
0.0402172
0.0409003
0.0416879
0.0425932
0.0436217
0.0447669
0.0460093
0.0473133
0.0486229
0.0498629
0.050945
0.0517817
0.0522995
0.0524613
0.0522777
0.0518088
0.0511627
0.0504676
0.0498578
0.0494599
0.0493828
0.049717
0.050523
0.0518226
0.05356
0.0555543
0.0574884
0.0589572
0.0596235
0.0593988
0.0584976
0.0573238
0.0562852
0.0556757
0.055651
0.0562419
0.0573663
0.0588114
0.0602248
0.0611706
0.0612709
0.0603809
0.0586502
0.056433
0.0541069
0.0519531
0.0501276
0.0486903
0.0476399
0.0469473
0.0465629
0.0464175
0.0464216
0.0464598
0.0464019
0.0461227
0.045536
0.044622
0.0434278
0.0420496
0.0406022
0.0391864
0.0378742
0.0367103
0.0357116
0.0348782
0.0342058
0.0336875
0.0333176
0.0330921
0.0330159
0.0331011
0.0333661
0.033842
0.0345628
0.0355756
0.0369203
0.0386197
0.040654
0.0429275
0.0452528
0.047375
0.0490481
0.0501415
0.0506911
0.0508621
0.0508394
0.0507479
0.0506337
0.0504933
0.0503112
0.0500747
0.0497664
0.049364
0.0488392
0.0481728
0.0473708
0.0464675
0.045512
0.0445554
0.0436385
0.0427838
0.041998
0.0412815
0.0406328
0.0400528
0.0395475
0.0391261
0.0388013
0.0385844
0.038483
0.0385025
0.0386455
0.0389102
0.0392902
0.0397786
0.0403638
0.0410375
0.0417888
0.0426057
0.0434775
0.0443947
0.0453504
0.0463374
0.0473566
0.0484094
0.0495049
0.0506539
0.0518654
0.0531423
0.0544737
0.0558308
0.0571669
0.0584214
0.0595313
0.0604457
0.0611306
0.0615793
0.0617983
0.0617992
0.0615806
0.0611258
0.060411
0.0594233
0.0581823
0.0567459
0.0551992
0.0536356
0.0521335
0.0507404
0.0494755
0.0483345
0.0473039
0.0463671
0.0455185
0.0447548
0.0440787
0.0434921
0.0429927
0.0425752
0.0422259
0.0419298
0.0416675
0.0414193
0.0411724
0.040916
0.0406524
0.0403877
0.0401371
0.0399191
0.0397531
0.0396528
0.0396294
0.0396799
0.0397936
0.0399492
0.0401187
0.0402716
0.040381
0.0404307
0.0404194
0.0403623
0.0402894
0.0402391
0.0402489
0.0403533
0.0405752
0.0409263
0.0414026
0.041986
0.0426461
0.0433474
0.044049
0.0447161
0.045325
0.0458651
0.0463411
0.0467663
0.047163
0.0475521
0.0479501
0.0483668
0.0488048
0.0492548
0.0497057
0.0501384
0.050528
0.0508507
0.0510761
0.0511741
0.0511115
0.050853
0.0503693
0.0496386
0.0486605
0.0474662
0.0461156
0.0446926
0.0432912
0.0419953
0.0408703
0.0399594
0.0392837
0.03885
0.0386576
0.0386971
0.0389591
0.0394354
0.0401146
0.0409871
0.0420342
0.0432363
0.0445563
0.045941
0.0473214
0.0486103
0.0497113
0.0505377
0.0510283
0.0511707
0.0510053
0.0506185
0.0501258
0.0496418
0.0492672
0.0490722
0.0490955
0.0493453
0.049802
0.0504219
0.0511388
0.0518718
0.0525316
0.0530334
0.0533131
0.0533341
0.0530917
0.0526105
0.0519413
0.0511411
0.0502651
0.0493619
0.0484681
0.0476137
0.0468197
0.0461031
0.045483
0.0449773
0.0446047
0.0443784
0.0443049
0.0443802
0.0445844
0.0448847
0.0452396
0.0456049
0.0459495
0.0462621
0.0465528
0.0468523
0.0471988
0.0476275
0.0481633
0.0488182
0.0495852
0.050448
0.0513815
0.0523535
0.0533332
0.0542897
0.0552014
0.0560496
0.0568214
0.0575055
0.0580914
0.0585627
0.0589004
0.0590819
0.0590865
0.0589022
0.0585314
0.0579957
0.0573359
0.0566076
0.0558761
0.055208
0.0546611
0.0542853
0.0541108
0.0541574
0.054431
0.054929
0.0556466
0.0565744
0.0577019
0.0590144
0.0604785
0.0620357
0.0635808
0.06495
0.0659294
0.0662949
0.0658782
0.0646427
0.062709
0.0603195
0.0577573
0.0552717
0.0530261
0.0511037
0.0495196
0.0482463
0.0472337
0.0464296
0.0457857
0.0452629
0.0448334
0.044483
0.0442036
0.0439963
0.0438651
0.0438146
0.0438529
0.0439825
0.0442063
0.0445225
0.0449293
0.0454198
0.0459868
0.0466174
0.0472935
0.0479913
0.0486754
0.049302
0.0498196
0.0501764
0.0503294
0.0502573
0.0499618
0.0494772
0.0488586
0.0481748
0.0474995
0.0468944
0.0464106
0.0460833
0.0459272
0.0459338
0.0460677
0.0462635
0.0464275
0.0464524
0.0462446
0.045751
0.0449796
0.0439988
0.0429126
0.0418317
0.0408466
0.040019
0.0393753
0.0389193
0.0386334
0.0384896
0.0384556
0.0384943
0.0385771
0.0386777
0.0387788
0.0388708
0.0389499
0.0390168
0.0390729
0.0391223
0.0391657
0.0392047
0.0392359
0.0392562
0.039263
0.0392569
0.0392396
0.0392237
0.0392264
0.0392735
0.0393991
0.0396469
0.0400646
0.0407089
0.0416384
0.0429144
0.0445907
0.0467087
0.0492878
0.0523118
0.0557153
0.0593689
0.0630737
0.0665528
0.0694712
0.0714872
0.0723395
0.07194
0.0704194
0.0680918
0.0653604
0.0626027
0.060093
0.0579839
0.0563246
0.0551067
0.054287
0.0538123
0.0536343
0.0537062
0.0539864
0.0544389
0.0550296
0.0557256
0.0564923
0.0572934
0.0580916
0.0588545
0.0595589
0.0601914
0.0607577
0.0612718
0.0617524
0.0622206
0.0626972
0.0632041
0.0637617
0.0643681
0.0649696
0.0654457
0.0656108
0.0652755
0.0643072
0.0626932
0.0605516
0.0580862
0.0555179
0.0530274
0.0507353
0.0487063
0.0469716
0.045547
0.0444401
0.0436659
0.0432347
0.0431544
0.0434288
0.0440535
0.0450156
0.0462916
0.0478461
0.0496285
0.0515682
0.0535795
0.0555608
0.0574043
0.0590088
0.060297
0.0612236
0.0617913
0.06204
0.0620423
0.0618816
0.0616409
0.061384
0.0611406
0.0608986
0.0606109
0.0602143
0.05966
0.0589405
0.058094
0.057196
0.0563186
0.0555023
0.054743
0.0540008
0.0532213
0.052364
0.0514274
0.0504483
0.0494926
0.0486297
0.0479213
0.047405
0.0470962
0.0469892
0.0470638
0.0472932
0.0476484
0.0480982
0.0486183
0.0491889
0.0497937
0.0504203
0.0510564
0.0516923
0.0523174
0.0529255
0.0535166
0.0540936
0.0546576
0.0551856
0.0556155
0.0558201
0.0556261
0.0548703
0.0534859
0.0515508
0.0492695
0.0468992
0.0446588
0.0426968
0.0410861
0.0398423
0.0389509
0.0383832
0.038113
0.0381148
0.0383733
0.0388823
0.0396425
0.0406518
0.0419018
0.0433649
0.0449666
0.0465824
0.0480321
0.0491154
0.0496637
0.0496022
0.0489756
0.0479245
0.0466334
0.0452724
0.0439731
0.0428131
0.0418336
0.0410488
0.040459
0.0400617
0.0398595
0.0398574
0.0400595
0.0404667
0.0410694
0.0418414
0.0427384
0.0437042
0.0446851
0.0456541
0.0466195
0.0476384
0.0488037
0.0502136
0.0519447
0.0540213
0.0564078
0.0590065
0.0616795
0.0642828
0.0666776
0.0687278
0.0702885
0.0711958
0.0712963
0.0704929
0.0687961
0.0663388
0.0633539
0.0601178
0.0568943
0.0538974
0.0512742
0.0491189
0.0474773
0.0463737
0.0458184
0.0458133
0.0463545
0.047418
0.0489467
0.0508139
0.0528045
0.0546153
0.0559136
0.0564522
0.0561868
0.0552964
0.0540965
0.0529133
0.0519884
0.0514497
0.0513186
0.0515355
0.0519829
0.052517
0.0529862
0.0532693
0.0533003
0.0530869
0.0527008
0.0522518
0.0518546
0.051592
0.0515045
0.0515837
0.0517811
0.0520271
0.0522482
0.0523837
0.0523916
0.0522593
0.0519893
0.0516037
0.0511298
0.0506041
0.0500666
0.0495605
0.0491299
0.0488161
0.0486495
0.0486445
0.0487928
0.04906
0.0493899
0.0497132
0.0499686
0.0501157
0.050147
0.0500888
0.049987
0.0498916
0.0498459
0.0498795
0.0500101
0.0502449
0.0505838
0.0510196
0.0515402
0.0521302
0.0527736
0.053464
0.0542113
0.0550398
0.0559939
0.0571177
0.0584204
0.0598372
0.0611924
0.0622171
0.0626363
0.0623073
0.0613009
0.0598636
0.0582926
0.0568289
0.0556115
0.0546909
0.0540607
0.0536867
0.0535223
0.0535174
0.0536194
0.0537755
0.0539365
0.0540536
0.054085
0.0539997
0.0537783
0.0534168
0.0529255
0.052328
0.0516519
0.0509255
0.0501713
0.0493972
0.0486018
0.0477767
0.0469068
0.0459863
0.0450216
0.0440306
0.0430442
0.0421006
0.041239
0.0404918
0.0398852
0.039433
0.0391404
0.0390021
0.0390085
0.039144
0.0393906
0.0397288
0.0401453
0.0406271
0.0411705
0.0417725
0.042433
0.0431434
0.0438781
0.0445932
0.0452166
0.0456565
0.0458136
0.0456074
0.0449979
0.0440061
0.0427093
0.0412252
0.0396813
0.0381946
0.0368519
0.0357089
0.0347924
0.0341102
0.0336532
0.0334071
0.0333524
0.0334701
0.0337419
0.0341478
0.0346723
0.0352997
0.0360163
0.0368147
0.037687
0.038635
0.039667
0.0408045
0.0420839
0.0435579
0.045297
0.0473746
0.049843
0.0526821
0.0557278
0.0586077
0.0607689
0.0616517
0.060974
0.0589072
0.0559944
0.0528805
0.0500873
0.0479361
0.0465773
0.0460572
0.046371
0.0474925
0.0493744
0.0519253
0.0549781
0.0582581
0.0613912
0.0639838
0.0657495
0.0666126
0.0666934
0.0662088
0.0653749
0.064351
0.0632437
0.0621212
0.0610241
0.0599832
0.0590219
0.0581644
0.0574384
0.0568791
0.0565192
0.0563953
0.0565392
0.0569752
0.0577141
0.0587485
0.0600442
0.0615302
0.0630907
0.0645689
0.0657847
0.0665723
0.0668284
0.0665395
0.0657801
0.0646762
0.0633595
0.0619402
0.0605048
0.0591154
0.0578211
0.0566676
0.0556859
0.0548919
0.0542809
0.0538268
0.0534896
0.0532195
0.0529669
0.0526915
0.0523651
0.0519671
0.0514835
0.0509087
0.0502401
0.0494904
0.0486818
0.0478438
0.0470074
0.0462063
0.0454661
0.0448095
0.0442518
0.0438018
0.0434646
0.0432376
0.0431129
0.0430727
0.0430947
0.0431538
0.0432276
0.0433016
0.0433741
0.0434614
0.0435892
0.0437944
0.0441092
0.0445607
0.0451639
0.0459129
0.0467859
0.0477417
0.0487276
0.0496798
0.0505346
0.0512341
0.0517394
0.0520348
0.0521306
0.0520679
0.051903
0.0517022
0.0515331
0.0514522
0.0515017
0.0517058
0.0520692
0.0525759
0.0531967
0.0538899
0.054605
0.055288
0.0558795
0.0563267
0.0565762
0.0565866
0.0563303
0.0558035
0.0550254
0.054047
0.0529419
0.0518037
0.0507329
0.0498341
0.0491977
0.0488903
0.0489437
0.0493411
0.0500166
0.0508634
0.051759
0.0526043
0.0533638
0.0540698
0.0548073
0.0556504
0.0566135
0.0576033
0.0584214
0.0588377
0.0587097
0.0580657
0.0570891
0.0560213
0.0550566
0.0542989
0.0537694
0.0534391
0.053258
0.0531782
0.0531621
0.0531957
0.053275
0.0534092
0.0536118
0.0538904
0.0542381
0.0546296
0.0550188
0.0553391
0.055524
0.0555099
0.055253
0.0547365
0.053984
0.0530461
0.0520018
0.0509424
0.0499646
0.0491594
0.0486036
0.0483623
0.0484817
0.0489888
0.0498832
0.051131
0.0526446
0.0542649
0.0557619
0.0568499
0.0572473
0.0567701
0.055403
0.0533087
0.0507716
0.0481007
0.0455531
0.0433055
0.041457
0.0400466
0.0390763
0.0385292
0.0383717
0.038567
0.0390649
0.0398087
0.0407267
0.0417408
0.0427769
0.043775
0.0447046
0.0455721
0.0464139
0.0472841
0.0482332
0.0493022
0.050502
0.0518183
0.053218
0.054648
0.0560529
0.0573789
0.0585905
0.0596717
0.0606351
0.0615224
0.0623868
0.0632826
0.0642449
0.0652571
0.0662385
0.0670368
0.0674718
0.0673911
0.0667267
0.0655224
0.0639012
0.062018
0.0600151
0.0580024
0.0560639
0.0542687
0.0526757
0.0513403
0.0503075
0.0496011
0.0492044
0.0490547
0.0490226
0.048932
0.0486004
0.0478997
0.046811
0.0454249
0.0439022
0.0424108
0.0410829
0.039994
0.0391737
0.0386131
0.038288
0.0381619
0.0381969
0.0383503
0.0385835
0.0388573
0.0391403
0.0394042
0.039634
0.0398236
0.0399763
0.0401028
0.0402144
0.0403214
0.0404267
0.0405292
0.0406228
0.0406961
0.0407378
0.0407416
0.0407054
0.0406316
0.0405293
0.0404084
0.0402819
0.0401603
0.0400502
0.0399595
0.0398888
0.0398415
0.0398177
0.039818
0.0398451
0.0399002
0.0399892
0.040115
0.0402777
0.040473
0.0406905
0.0409107
0.0411093
0.0412519
0.0413122
0.0412676
0.0411137
0.0408603
0.040532
0.0401636
0.03979
0.0394443
0.0391513
0.0389266
0.0387813
0.0387181
0.0387404
0.0388451
0.0390316
0.0392965
0.0396398
0.0400618
0.0405608
0.0411394
0.0417985
0.0425418
0.0433742
0.0442985
0.0453226
0.0464529
0.0476977
0.0490604
0.0505375
0.0521165
0.0537676
0.0554398
0.0570641
0.0585478
0.0598013
0.0607443
0.0613247
0.0615239
0.0613557
0.0608627
0.0601121
0.0591835
0.0581678
0.0571584
0.0562357
0.0554572
0.0548521
0.0544245
0.0541494
0.0539826
0.0538717
0.0537612
0.0536041
0.0533659
0.0530238
0.0525622
0.0519681
0.0512266
0.0503287
0.0492711
0.0480591
0.0467159
0.0452788
0.043785
0.0422769
0.0407928
0.0393679
0.0380288
0.0368003
0.0356977
0.0347335
0.0339152
0.0332468
0.0327293
0.0323608
0.0321433
0.0320767
0.0321622
0.0324028
0.0328051
0.033378
0.0341257
0.0350569
0.0361702
0.0374497
0.0388579
0.0403313
0.0417765
0.0430818
0.0441479
0.0449153
0.04538
0.0456004
0.0456661
0.0456678
0.045674
0.045717
0.0458008
0.0459065
0.0460109
0.0460905
0.0461305
0.0461322
0.0461048
0.0460672
0.0460463
0.0460733
0.0461761
0.0463824
0.0467161
0.0471935
0.0478245
0.0486119
0.0495517
0.050635
0.0518462
0.0531671
0.0545739
0.0560371
0.0575117
0.0589349
0.060216
0.0612452
0.0619043
0.0620914
0.0617478
0.0608736
0.0595309
0.0578254
0.055884
0.0538405
0.0518137
0.0499064
0.0481953
0.0467344
0.0455539
0.0446639
0.044057
0.0437161
0.043612
0.043709
0.043967
0.0443437
0.0448008
0.0453051
0.0458294
0.046355
0.0468715
0.0473699
0.0478463
0.0482912
0.048692
0.0490277
0.0492736
0.0494028
0.0493934
0.0492284
0.0488991
0.048401
0.0477402
0.0469249
0.0459743
0.0449193
0.0437949
0.0426466
0.0415216
0.0404649
0.0395142
0.0386988
0.0380411
0.0375554
0.0372508
0.0371355
0.0372123
0.0374859
0.037958
0.0386269
0.0394881
0.0405338
0.0417504
0.043119
0.0446153
0.0462146
0.0478886
0.0496144
0.0513764
0.0531701
0.0549969
0.0568628
0.0587678
0.0606831
0.0625337
0.0641861
0.0654638
0.0661873
0.0662385
0.0656104
0.0644058
0.0627975
0.060969
0.0590708
0.057211
0.0554544
0.0538396
0.0523902
0.0511238
0.0500574
0.0492077
0.0485878
0.048212
0.0480834
0.0481926
0.0485101
0.0489833
0.0495343
0.0500581
0.0504297
0.0505227
0.0502395
0.0495445
0.0484801
0.047162
0.0457462
0.0443905
0.043226
0.0423381
0.0417617
0.04148
0.0414284
0.0415067
0.0416022
0.0416177
0.0415004
0.0412635
0.040983
0.0407731
0.0407598
0.0410554
0.0417468
0.0428817
0.044456
0.0463879
0.0485012
0.0505186
0.0521096
0.0529995
0.0530872
0.0524783
0.0514175
0.0501689
0.0489279
0.0477981
0.0468063
0.0459377
0.0451596
0.0444393
0.0437483
0.0430692
0.0423924
0.041718
0.0410583
0.0404353
0.0398799
0.0394329
0.0391381
0.0390387
0.0391715
0.0395524
0.0401697
0.0409665
0.0418453
0.0426793
0.0433411
0.0437498
0.0438923
0.0438314
0.0436735
0.0435305
0.0434932
0.0436183
0.0439276
0.044418
0.045064
0.0458189
0.0466188
0.0473944
0.0480728
0.0485923
0.0489132
0.049024
0.0489425
0.0487115
0.0483891
0.0480392
0.0477156
0.0474576
0.0472811
0.0471871
0.0471736
0.0472397
0.0473937
0.0476524
0.0480316
