1.70729
1.7065
1.70594
1.70553
1.70518
1.70477
1.70416
1.70321
1.70184
1.69998
1.69766
1.69497
1.69205
1.68911
1.68633
1.68388
1.68183
1.68014
1.67871
1.67738
1.67601
1.6746
1.67331
1.67252
1.67281
1.67475
1.67871
1.68465
1.69212
1.70041
1.70877
1.71662
1.72355
1.72938
1.73402
1.73744
1.73961
1.74048
1.73995
1.73793
1.73435
1.72929
1.72303
1.71607
1.70902
1.70234
1.69612
1.69007
1.68383
1.67739
1.67137
1.6671
1.66635
1.67078
1.68094
1.69565
1.71235
1.72838
1.7419
1.75215
1.75915
1.76327
1.765
1.76478
1.76295
1.7598
1.75556
1.75052
1.74506
1.73976
1.73534
1.73262
1.73226
1.7345
1.73908
1.74528
1.7522
1.75902
1.76509
1.77002
1.77357
1.77561
1.77604
1.77478
1.77176
1.767
1.76072
1.75348
1.74624
1.74029
1.73688
1.73666
1.73942
1.74423
1.74989
1.75539
1.76014
1.76392
1.76676
1.7688
1.77018
1.77097
1.77117
1.77063
1.76912
1.76633
1.76191
1.75554
1.74699
1.73629
1.72383
1.71051
1.69779
1.68752
1.68152
1.68105
1.68624
1.69602
1.70853
1.72185
1.7345
1.74562
1.75492
1.7624
1.76826
1.77276
1.77613
1.77858
1.78028
1.78133
1.78182
1.78179
1.78123
1.78013
1.77845
1.77616
1.77324
1.76972
1.76572
1.76142
1.75711
1.75315
1.74989
1.7476
1.74638
1.74617
1.74675
1.74784
1.74918
1.75057
1.75189
1.75311
1.75421
1.75522
1.75615
1.75699
1.75772
1.75831
1.75871
1.75886
1.75868
1.75812
1.75709
1.75554
1.7534
1.75068
1.74741
1.74371
1.7398
1.73602
1.73277
1.7305
1.72957
1.73024
1.73252
1.73625
1.74108
1.74663
1.75251
1.75838
1.76403
1.76929
1.7741
1.77841
1.78223
1.78556
1.7884
1.79075
1.79261
1.79396
1.79477
1.79501
1.79467
1.79375
1.7923
1.79041
1.78825
1.78599
1.78383
1.78187
1.78005
1.77815
1.77575
1.77232
1.76737
1.76056
1.75195
1.7421
1.7322
1.7238
1.71841
1.71688
1.71909
1.72407
1.7305
1.73716
1.74327
1.74849
1.75281
1.75639
1.75942
1.76208
1.76453
1.7669
1.76937
1.77208
1.77516
1.77863
1.78236
1.78612
1.78957
1.7924
1.79432
1.79517
1.79495
1.79382
1.79207
1.7901
1.78831
1.78705
1.78648
1.78657
1.7871
1.78771
1.78796
1.78742
1.78566
1.7823
1.77702
1.7696
1.76005
1.7487
1.7364
1.72452
1.71486
1.70913
1.70831
1.71227
1.71985
1.72943
1.7395
1.74902
1.75744
1.7646
1.77054
1.77542
1.77943
1.78272
1.78544
1.78769
1.78954
1.79106
1.79229
1.79326
1.79402
1.79458
1.79499
1.79527
1.79543
1.79545
1.79528
1.79481
1.79389
1.79232
1.78987
1.7863
1.7814
1.77506
1.76729
1.7583
1.74861
1.73911
1.73109
1.72609
1.7253
1.729
1.73623
1.74523
1.75422
1.76198
1.76797
1.77219
1.77493
1.77657
1.77746
1.77792
1.7782
1.77848
1.77891
1.77956
1.7804
1.78135
1.78229
1.7831
1.78369
1.78402
1.78408
1.7838
1.78309
1.78181
1.77983
1.77716
1.77403
1.77097
1.76871
1.76802
1.76937
1.77275
1.77767
1.78341
1.78924
1.7946
1.79919
1.80288
1.8057
1.80775
1.80916
1.81005
1.81057
1.81083
1.81089
1.81082
1.81061
1.8102
1.80948
1.80831
1.80646
1.80371
1.79987
1.79484
1.78874
1.78196
1.77518
1.76921
1.76466
1.76172
1.76015
1.75963
1.76014
1.76205
1.76584
1.77162
1.77894
1.78687
1.79447
1.80103
1.8062
1.80996
1.81244
1.81389
1.81455
1.81465
1.81438
1.8139
1.81329
1.81263
1.81194
1.8112
1.81035
1.80931
1.80797
1.80623
1.80402
1.80134
1.79828
1.79509
1.79217
1.79
1.78902
1.78949
1.7914
1.79446
1.79822
1.80218
1.80595
1.80927
1.81201
1.81417
1.8158
1.817
1.81788
1.81854
1.81906
1.8195
1.81988
1.82019
1.82042
1.82054
1.8205
1.8203
1.81992
1.81935
1.81859
1.81762
1.81643
1.81502
1.81336
1.81148
1.80942
1.80728
1.80518
1.80325
1.80162
1.80039
1.79959
1.79918
1.79908
1.79916
1.7993
1.79938
1.79936
1.79923
1.79907
1.799
1.79914
1.79964
1.80059
1.80202
1.8039
1.80613
1.80856
1.81101
1.81331
1.81526
1.81673
1.81758
1.81769
1.81702
1.81552
1.81325
1.81031
1.80687
1.80316
1.7994
1.79579
1.79248
1.78955
1.78706
1.78507
1.78363
1.78282
1.78265
1.78305
1.7839
1.78499
1.78613
1.78713
1.78788
1.78833
1.78848
1.78841
1.78818
1.78789
1.78761
1.78736
1.78717
1.78702
1.78692
1.78686
1.7869
1.78709
1.7875
1.78816
1.78907
1.79017
1.79133
1.79243
1.7933
1.79381
1.79389
1.79346
1.79251
1.79106
1.78915
1.78684
1.7842
1.78128
1.77816
1.77491
1.77162
1.7684
1.7654
1.76282
1.76089
1.75984
1.75981
1.76086
1.76287
1.76561
1.76871
1.77183
1.77461
1.77681
1.77827
1.77893
1.7788
1.77796
1.77651
1.77457
1.77224
1.76962
1.76678
1.76377
1.76066
1.75756
1.75459
1.75193
1.74978
1.74833
1.74768
1.74787
1.74883
1.75039
1.75233
1.75438
1.75631
1.75792
1.75903
1.75956
1.75948
1.75883
1.75774
1.75644
1.75518
1.75425
1.75385
1.75404
1.7547
1.75553
1.7561
1.75592
1.75455
1.75168
1.74728
1.74175
1.73606
1.73159
1.72971
1.73107
1.73519
1.74067
1.74575
1.74892
1.74923
1.74623
1.74002
1.73125
1.72114
1.71135
1.70353
1.6987
1.69693
1.69757
1.69984
1.70321
1.70743
1.71232
1.7176
1.72291
1.72785
1.73209
1.73547
1.73792
1.7395
1.7403
1.74046
1.74011
1.73942
1.73853
1.73756
1.73665
1.73589
1.73535
1.73506
1.73505
1.73528
1.73573
1.73635
1.73708
1.73786
1.73867
1.73946
1.74021
1.74091
1.74155
1.74212
1.74262
1.74305
1.7434
1.74366
1.74382
1.74383
1.74365
1.74319
1.74236
1.74099
1.7389
1.73585
1.7316
1.72593
1.71877
1.71036
1.70134
1.69284
1.68619
1.68251
1.68219
1.68479
1.68932
1.69475
1.70029
1.70541
1.70983
1.71334
1.71579
1.7171
1.71722
1.71627
1.71448
1.71234
1.7105
1.70971
1.71059
1.71346
1.71812
1.72401
1.73034
1.73639
1.74163
1.74577
1.74871
1.75051
1.75128
1.75121
1.75045
1.74919
1.74758
1.74575
1.74382
1.7419
1.74016
1.73881
1.73815
1.73844
1.73989
1.74247
1.7459
1.74971
1.75337
1.75641
1.75855
1.7597
1.76
1.75967
1.75904
1.75836
1.75773
1.75714
1.7564
1.75533
1.75389
1.75223
1.7508
1.75018
1.75085
1.75299
1.7563
1.76013
1.76368
1.76624
1.76736
1.7669
1.76499
1.76199
1.75839
1.75466
1.75119
1.74826
1.74606
1.74483
1.74477
1.74604
1.74867
1.75257
1.75764
1.76377
1.7708
1.77843
1.78622
1.79362
1.80014
1.80543
1.80933
1.81184
1.81305
1.81317
1.81241
1.81099
1.80913
1.80702
1.8048
1.80256
1.80032
1.79807
1.79575
1.79332
1.79073
1.78794
1.78498
1.7819
1.77882
1.77589
1.77333
1.77137
1.77026
1.77018
1.77123
1.77333
1.77624
1.77962
1.78301
1.78598
1.78807
1.78889
1.7881
1.78553
1.78131
1.77604
1.77081
1.76712
1.76626
1.76874
1.77399
1.78071
1.78748
1.79325
1.7975
1.8001
1.8012
1.80102
1.79982
1.79786
1.79536
1.79255
1.78961
1.78661
1.78349
1.78001
1.77581
1.77055
1.76414
1.75691
1.74978
1.74425
1.74196
1.74407
1.75053
1.75994
1.77021
1.77944
1.78647
1.79097
1.79319
1.79366
1.79296
1.7916
1.78991
1.78812
1.78632
1.78454
1.78274
1.78091
1.77898
1.7769
1.7746
1.77198
1.76898
1.76553
1.76164
1.75743
1.75313
1.74908
1.7457
1.7434
1.74245
1.74288
1.74448
1.74684
1.74948
1.75199
1.75416
1.75601
1.75777
1.7598
1.76244
1.76588
1.77009
1.77485
1.77981
1.7846
1.7889
1.79253
1.79537
1.79741
1.79871
1.79934
1.7994
1.79898
1.79817
1.79707
1.79574
1.79426
1.79271
1.79113
1.78959
1.78815
1.78686
1.78577
1.78493
1.7844
1.78422
1.78445
1.7851
1.78619
1.7877
1.78956
1.7917
1.79402
1.79642
1.7988
1.8011
1.80325
1.80524
1.80704
1.80866
1.81008
1.81131
1.81233
1.81315
1.81376
1.81413
1.81428
1.81419
1.81388
1.81338
1.81273
1.812
1.81125
1.81058
1.81005
1.80973
1.80963
1.80977
1.8101
1.81057
1.81115
1.81179
1.81247
1.81322
1.81406
1.81506
1.81626
1.81771
1.81938
1.82124
1.82322
1.82519
1.82704
1.82866
1.82993
1.83075
1.83105
1.83077
1.82991
1.82851
1.82663
1.82438
1.82192
1.8194
1.817
1.81486
1.81309
1.81171
1.81071
1.81005
1.80975
1.80993
1.81085
1.81283
1.81616
1.82091
1.82687
1.83361
1.84055
1.84714
1.85296
1.85774
1.86137
1.86383
1.86515
1.8654
1.86465
1.86299
1.86051
1.85732
1.85354
1.84934
1.84491
1.84043
1.83603
1.83181
1.82774
1.82371
1.81954
1.81503
1.81007
1.80469
1.79912
1.79373
1.78899
1.78533
1.78299
1.78197
1.78209
1.78306
1.78457
1.78637
1.78827
1.79016
1.79197
1.7937
1.79536
1.79698
1.79855
1.80008
1.80149
1.8027
1.80356
1.80393
1.80363
1.80251
1.80045
1.79739
1.79334
1.78842
1.78291
1.77724
1.77201
1.76795
1.76574
1.76583
1.76829
1.77272
1.7784
1.78452
1.79038
1.79552
1.79967
1.80274
1.80472
1.80562
1.80541
1.80402
1.80127
1.79688
1.79047
1.78162
1.77002
1.75572
1.73949
1.72316
1.70945
1.7011
1.69951
1.70409
1.71277
1.72319
1.7335
1.74265
1.75021
1.75618
1.76076
1.76425
1.76694
1.76912
1.77101
1.77277
1.77453
1.77633
1.77818
1.78004
1.78185
1.78353
1.78501
1.78624
1.78719
1.78783
1.7882
1.78831
1.78824
1.78802
1.78773
1.78739
1.78703
1.78664
1.78617
1.78557
1.78478
1.78374
1.78241
1.78079
1.77894
1.77696
1.77502
1.77332
1.77209
1.77154
1.77184
1.77307
1.77521
1.77817
1.78173
1.78565
1.78967
1.79353
1.79701
1.79996
1.80226
1.80385
1.80469
1.8048
1.80418
1.80289
1.80097
1.7985
1.7956
1.79244
1.78927
1.78635
1.78399
1.78241
1.78173
1.78188
1.78266
1.78379
1.78505
1.78641
1.78808
1.79042
1.79371
1.79797
1.80285
1.80776
1.81214
1.81559
1.81801
1.81951
1.82026
1.82036
1.81968
1.81787
1.81437
1.80868
1.80068
1.79109
1.78188
1.77595
1.77587
1.78221
1.79313
1.80553
1.81674
1.82525
1.83061
1.833
1.83285
1.83072
1.82725
1.82314
1.81915
1.81595
1.81403
1.81357
1.81441
1.81617
1.81842
1.82079
1.82308
1.8252
1.82711
1.82879
1.83014
1.83098
1.83107
1.83014
1.828
1.82467
1.82047
1.81616
1.81275
1.81121
1.81204
1.815
1.81926
1.82379
1.82775
1.83068
1.83248
1.83327
1.83332
1.83288
1.83221
1.83149
1.83083
1.83028
1.82982
1.8294
1.82894
1.82837
1.82761
1.82663
1.82543
1.82408
1.8227
1.82148
1.82067
1.8205
1.82119
1.8228
1.82526
1.82835
1.83172
1.83501
1.83794
1.84026
1.84185
1.84263
1.84261
1.84178
1.8402
1.8379
1.83497
1.83152
1.8277
1.82375
1.81994
1.81658
1.81402
1.81253
1.81233
1.81348
1.81588
1.81932
1.82344
1.82783
1.83207
1.83577
1.83861
1.84033
1.8408
1.83994
1.83779
1.83448
1.83022
1.82529
1.82004
1.81485
1.81009
1.80605
1.80292
1.8007
1.79927
1.79842
1.79796
1.79786
1.79835
1.7999
1.80301
1.80791
1.81434
1.82161
1.82882
1.83519
1.84026
1.8439
1.84631
1.84784
1.84889
1.84982
1.85087
1.85217
1.85369
1.85536
1.85707
1.85872
1.8602
1.86138
1.86212
1.86223
1.86149
1.85968
1.85656
1.85198
1.84593
1.83862
1.83054
1.82249
1.81535
1.80984
1.80618
1.80408
1.80288
1.80199
1.80119
1.80077
1.80138
1.80373
1.80812
1.81427
1.8214
1.82849
1.83465
1.83928
1.84211
1.84312
1.84251
1.84065
1.83794
1.83487
1.83188
1.82936
1.82753
1.82644
1.82593
1.82565
1.82514
1.82395
1.82174
1.81841
1.81423
1.80979
1.80596
1.80357
1.80315
1.80474
1.80794
1.81209
1.81657
1.82088
1.82473
1.82797
1.83052
1.83236
1.83348
1.83385
1.83344
1.83221
1.83009
1.82699
1.82283
1.81753
1.81109
1.80359
1.79533
1.78677
1.77863
1.77173
1.76683
1.76446
1.76466
1.76705
1.77096
1.77563
1.78043
1.78494
1.78899
1.79254
1.79566
1.79837
1.8007
1.80259
1.80397
1.80475
1.80488
1.80435
1.80322
1.8016
1.79963
1.79754
1.79553
1.79385
1.79268
1.79219
1.79245
1.79345
1.79509
1.79721
1.79963
1.80215
1.80458
1.80676
1.80853
1.80978
1.81037
1.81012
1.80885
1.80628
1.80217
1.79635
1.78893
1.78059
1.77269
1.76716
1.76572
1.76901
1.77618
1.78542
1.79481
1.80302
1.80936
1.81362
1.81579
1.81594
1.81412
1.81052
1.80558
1.80017
1.7956
1.7933
1.79423
1.79838
1.80469
1.81164
1.81784
1.82244
1.82514
1.8261
1.82575
1.82464
1.82333
1.82223
1.82156
1.82128
1.82115
1.82084
1.82009
1.81879
1.81709
1.81528
1.81375
1.81281
1.81263
1.81323
1.81457
1.81658
1.8192
1.82235
1.82588
1.82955
1.83305
1.83605
1.83828
1.83957
1.83998
1.83978
1.83944
1.83951
1.84044
1.84247
1.8455
1.84919
1.85308
1.85674
1.85985
1.86224
1.86387
1.86476
1.865
1.86468
1.8639
1.86275
1.86133
1.85975
1.8581
1.85648
1.85497
1.85365
1.85255
1.8517
1.8511
1.85075
1.85063
1.85074
1.85107
1.85162
1.85234
1.85316
1.854
1.85475
1.85531
1.85558
1.85553
1.85514
1.85448
1.85366
1.85285
1.85219
1.85181
1.85172
1.85184
1.8519
1.85159
1.85055
1.84846
1.84521
1.84087
1.83577
1.83049
1.82573
1.8222
1.8205
1.82101
1.82375
1.82839
1.83433
1.84079
1.847
1.85233
1.85635
1.85886
1.85985
1.85945
1.85791
1.85558
1.85293
1.85051
1.8489
1.84866
1.85014
1.85339
1.8581
1.8637
1.86949
1.87479
1.87907
1.882
1.88341
1.88328
1.88172
1.87899
1.87547
1.87169
1.86821
1.86549
1.86376
1.86285
1.86231
1.86154
1.86001
1.85739
1.8536
1.84879
1.8433
1.83758
1.83218
1.82769
1.82469
1.82374
1.82516
1.8289
1.83451
1.84119
1.84812
1.85458
1.86017
1.86472
1.86827
1.87096
1.87292
1.87429
1.87516
1.87557
1.87556
1.87513
1.87432
1.87314
1.87163
1.86982
1.86775
1.86551
1.86319
1.86091
1.8588
1.85698
1.85549
1.85436
1.85353
1.853
1.85279
1.85305
1.85397
1.85573
1.85835
1.86166
1.86533
1.86895
1.87221
1.87492
1.87704
1.87867
1.87991
1.88089
1.88163
1.88211
1.88228
1.88208
1.88156
1.88088
1.88027
1.87994
1.87996
1.88016
1.88015
1.87935
1.87716
1.87313
1.867
1.85888
1.84927
1.83904
1.82935
1.82139
1.81609
1.81395
1.81493
1.81858
1.82407
1.83041
1.83666
1.84213
1.84648
1.84973
1.85219
1.85429
1.8564
1.85874
1.86129
1.86387
1.8662
1.86804
1.86923
1.8697
1.86945
1.86857
1.8672
1.86552
1.86372
1.86197
1.86037
1.8589
1.85741
1.85561
1.8531
1.84955
1.84476
1.83884
1.83225
1.82577
1.82029
1.81653
1.81486
1.81525
1.81734
1.82061
1.82446
1.82828
1.83154
1.83386
1.83501
1.83496
1.8338
1.83174
1.82907
1.82613
1.82328
1.82089
1.81932
1.81881
1.81943
1.82113
1.82365
1.8267
1.82992
1.83305
1.83587
1.83827
1.84018
1.84162
1.84261
1.84322
1.84353
1.84362
1.84358
1.84347
1.84336
1.84327
1.84323
1.84322
1.84321
1.84317
1.84306
1.84286
1.84256
1.84215
1.84166
1.84109
1.84047
1.83979
1.83902
1.83813
1.83703
1.83564
1.83387
1.83163
1.82887
1.82556
1.82179
1.81767
1.81346
1.80948
1.80613
1.80384
1.80297
1.8037
1.80601
1.80959
1.81397
1.81852
1.82262
1.82568
1.82718
1.82667
1.82382
1.81848
1.81086
1.80177
1.79278
1.78596
1.78304
1.78447
1.78913
1.79494
1.79982
1.8023
1.80164
1.79766
1.79076
1.78196
1.77301
1.76612
1.76323
1.76509
1.7709
1.77885
1.78705
1.79413
1.79941
1.80267
1.80399
1.80355
1.80161
1.79849
1.79461
1.79053
1.78687
1.78425
1.7831
1.78353
1.78532
1.78802
1.79108
1.79407
1.79667
1.79874
1.80025
1.80124
1.80178
1.80196
1.80181
1.80138
1.80066
1.79959
1.79809
1.79598
1.79308
1.78911
1.78382
1.77702
1.7687
1.75925
1.74953
1.74078
1.73421
1.73043
1.72919
1.72959
1.73064
1.7317
1.73259
1.73333
1.73406
1.73484
1.73578
1.73702
1.73872
1.74101
1.7439
1.74723
1.75078
1.75432
1.75769
1.76081
1.76368
1.76634
1.76883
1.77117
1.77335
1.77534
1.77711
1.77859
1.77976
1.7806
1.78108
1.78123
1.78106
1.7806
1.77987
1.77892
1.77777
1.77645
1.775
1.77343
1.77176
1.77
1.76813
1.76609
1.76384
1.76127
1.7583
1.75488
1.75103
1.74684
1.7425
1.73827
1.73444
1.73124
1.72879
1.72709
1.7261
1.72574
1.72601
1.72702
1.72892
1.7318
1.7356
1.74008
1.74483
1.74943
1.75354
1.75697
1.75969
1.76176
1.76332
1.76446
1.76526
1.76575
1.76593
1.76581
1.76539
1.76471
1.76382
1.76283
1.76181
1.76086
1.76005
1.75943
1.75899
1.75869
1.75847
1.75822
1.75787
1.75733
1.75655
1.75555
1.75437
1.75312
1.75193
1.75096
1.75034
1.75016
1.75043
1.75107
1.75194
1.75286
1.75363
1.75409
1.75413
1.75367
1.75274
1.7514
1.74979
1.74808
1.74643
1.74501
1.7439
1.74315
1.7427
1.74247
1.74231
1.74212
1.74179
1.74126
1.74051
1.73954
1.7384
1.73717
1.73594
1.73481
1.73393
1.73342
1.73344
1.73418
1.7358
1.73843
1.74212
1.74676
1.75209
1.75776
1.76334
1.76848
1.77291
1.77646
1.77909
1.78078
1.78158
1.78154
1.78072
1.77914
1.77684
1.77384
1.77018
1.76593
1.7612
1.75622
1.75127
1.74674
1.74307
1.74069
1.73988
1.74071
1.74299
1.74628
1.75002
1.75365
1.7567
1.75883
1.75987
1.75979
1.75867
1.75672
1.75424
1.75162
1.74925
1.74755
1.74681
1.74721
1.74876
1.75132
1.75466
1.75852
1.76264
1.76681
1.77091
1.77482
1.77849
1.78186
1.78488
1.78748
1.78961
1.79119
1.79221
1.79268
1.79271
1.79245
1.79212
1.79192
1.792
1.79243
1.79313
1.79395
1.79469
1.79516
1.79524
1.79485
1.794
1.79276
1.79123
1.78954
1.7878
1.78612
1.78456
1.78318
1.782
1.78103
1.78029
1.77986
1.7798
1.78025
1.78131
1.78308
1.78556
1.78869
1.7923
1.79618
1.80002
1.80354
1.8065
1.80868
1.80995
1.81024
1.80952
1.80779
1.80507
1.80134
1.79661
1.79087
1.7842
1.7768
1.76909
1.76181
1.756
1.75275
1.75295
1.7568
1.76375
1.7726
1.782
1.79079
1.79823
1.80403
1.8082
1.81096
1.81261
1.81346
1.81377
1.81375
1.81351
1.81315
1.81269
1.81211
1.81139
1.81048
1.80936
1.80799
1.80634
1.8044
1.80217
1.79965
1.79685
1.79381
1.79057
1.78721
1.78389
1.78078
1.77811
1.77611
1.775
1.77487
1.77572
1.77738
1.77959
1.78202
1.78435
1.78627
1.78755
1.78804
1.78766
1.78646
1.7846
1.78241
1.78034
1.77893
1.77866
1.7798
1.78232
1.78589
1.78999
1.79408
1.79775
1.80072
1.80288
1.80426
1.80495
1.80512
1.80495
1.8046
1.80422
1.80395
1.80385
1.80397
1.80434
1.80494
1.80575
1.80677
1.80799
1.80941
1.81105
1.81295
1.81512
1.81758
1.82034
1.82336
1.82658
1.82989
1.83314
1.83614
1.83867
1.84044
1.84117
1.84054
1.83823
1.83396
1.82753
1.81892
1.8083
1.79614
1.78328
1.77095
1.76073
1.75428
1.7529
1.75706
1.76615
1.77864
1.79258
1.8062
1.81826
1.82816
1.83578
1.8413
1.84501
1.84724
1.84826
1.84831
1.84758
1.84622
1.84439
1.84221
1.83981
1.83733
1.83492
1.83271
1.83079
1.82919
1.82786
1.8267
1.8256
1.82444
1.82308
1.82139
1.81921
1.81652
1.81353
1.81081
1.80928
1.80993
1.81343
1.81989
1.82872
1.83895
1.84951
1.85958
1.86866
1.87653
1.88313
1.88848
1.89259
1.89545
1.89703
1.89731
1.89628
1.89394
1.89033
1.88551
1.87962
1.87282
1.8654
1.85771
1.85017
1.84324
1.83737
1.8329
1.82998
1.82858
1.82847
1.82927
1.83056
1.83193
1.83306
1.83382
1.8343
1.83475
1.83552
1.8369
1.83894
1.84146
1.84407
1.84644
1.84835
1.84987
1.85122
1.85273
1.85463
1.85697
1.85957
1.86213
1.86432
1.86586
1.86657
1.86639
1.86538
1.86362
1.86125
1.85841
1.85522
1.85179
1.8482
1.84448
1.84067
1.8368
1.83289
1.82897
1.82502
1.82101
1.8169
1.81261
1.80822
1.804
1.80058
1.79886
1.7997
1.8035
1.80992
1.81795
1.82637
1.83414
1.8406
1.84549
1.84881
1.85072
1.85139
1.851
1.84966
1.84745
1.84436
1.84037
1.83541
1.82945
1.82256
1.81502
1.80737
1.80047
1.79529
1.79266
1.79296
1.79595
1.80093
1.80699
1.81333
1.81935
1.82473
1.82935
1.8332
1.83634
1.83881
1.84064
1.84182
1.84232
1.84213
1.84128
1.83989
1.83816
1.83636
1.83476
1.83348
1.83247
1.83142
1.82983
1.82716
1.82297
1.81708
1.8096
1.80094
1.79171
1.78252
1.77395
1.76656
1.76098
1.75798
1.75831
1.76248
1.77048
1.7817
1.79507
1.8093
1.82321
1.83586
1.84668
1.85535
1.86174
1.86583
1.86762
1.86711
1.86429
1.8592
1.85206
1.84336
1.83408
1.82568
1.81978
1.81761
1.81936
1.8241
1.83019
1.83599
1.84032
1.84259
1.84275
1.84114
1.83836
1.83515
1.83226
1.83031
1.82961
1.83013
1.8315
1.83316
1.83454
1.83522
1.83502
1.83399
1.83237
1.83052
1.82881
1.82752
1.82686
1.82688
1.82757
1.82882
1.8305
1.83244
1.83448
1.8364
1.83802
1.83913
1.83959
1.83933
1.8384
1.83694
1.83525
1.83367
1.83249
1.83194
1.83202
1.83262
1.83349
1.8344
1.83513
1.83555
1.83556
1.83516
1.83433
1.83312
1.83159
1.8298
1.82782
1.82569
1.82334
1.82062
1.81726
1.81297
1.80763
1.8015
1.79543
1.79077
1.78892
1.79065
1.79558
1.80246
1.80975
1.81628
1.82142
1.82497
1.82702
1.82778
1.82748
1.82638
1.82473
1.82275
1.82068
1.81874
1.81709
1.8159
1.81523
1.81509
1.81544
1.81615
1.81709
1.81812
1.81916
1.82017
1.82119
1.8223
1.82359
1.82512
1.8269
1.82887
1.8309
1.83282
1.83448
1.83573
1.83646
1.83663
1.83621
1.83525
1.83378
1.83189
1.82965
1.82714
1.82441
1.82148
1.81835
1.815
1.81139
1.80752
1.80345
1.79937
1.79561
1.79259
1.79082
1.79069
1.79242
1.79595
1.8009
1.80673
1.81285
1.81874
1.82401
1.82847
1.83203
1.83471
1.83659
1.83777
1.83836
1.83846
1.83817
1.83757
1.83674
1.83574
1.83463
1.83343
1.83216
1.83081
1.82932
1.82755
1.8253
1.82225
1.81801
1.8121
1.80414
1.79408
1.78261
1.77152
1.76361
1.76179
1.76758
1.78012
1.79666
1.81401
1.82963
1.84208
1.85079
1.85566
1.85678
1.85431
1.84844
1.83951
1.82824
1.81589
1.80424
1.79521
1.79017
1.78941
1.79224
1.79749
1.80405
1.81115
1.81832
1.82529
1.83192
1.83812
1.84385
1.84904
1.85361
1.85742
1.86033
1.86219
1.86284
1.86214
1.86001
1.85643
1.85152
1.84555
1.83902
1.83267
1.82733
1.82381
1.82259
1.82372
1.8268
1.83121
1.8363
1.84157
1.84666
1.85132
1.85535
1.85859
1.86093
1.86232
1.86279
1.86249
1.86164
1.8605
1.85931
1.85825
1.85746
1.85705
1.85707
1.85756
1.85854
1.85994
1.86169
1.86364
1.86567
1.86762
1.86939
1.87089
1.87205
1.87285
1.87327
1.87335
1.87311
1.87266
1.8721
1.87157
1.87117
1.871
1.87105
1.87125
1.87146
1.87151
1.8712
1.87039
1.869
1.86702
1.86453
1.86169
1.85874
1.85595
1.85361
1.85197
1.85122
1.85143
1.85251
1.8543
1.8565
1.85881
1.8609
1.8625
1.8634
1.86351
1.86277
1.86127
1.85911
1.85649
1.85361
1.85073
1.8481
1.84596
1.84458
1.84416
1.84485
1.8467
1.84966
1.85353
1.858
1.86265
1.86705
1.87072
1.87326
1.87436
1.87387
1.87188
1.8687
1.86488
1.861
1.85754
1.85463
1.85205
1.8493
1.84592
1.84176
1.83726
1.83343
1.83145
1.83209
1.83519
1.83982
1.84473
1.84898
1.85207
1.85396
1.85484
1.855
1.8547
1.85413
1.85336
1.85242
1.85122
1.84969
1.84776
1.84546
1.84288
1.84024
1.83784
1.83602
1.83511
1.83531
1.83672
1.83926
1.84268
1.84662
1.85068
1.85439
1.85737
1.85923
1.85968
1.85848
1.85548
1.85062
1.84401
1.83599
1.82728
1.81896
1.81244
1.80913
1.80997
1.81507
1.82362
1.83424
1.84544
1.85601
1.86519
1.8726
1.87815
1.88189
1.88398
1.88459
1.88392
1.8822
1.87968
1.87669
1.87358
1.87068
1.86826
1.86643
1.86512
1.86412
1.86312
1.86181
1.85998
1.85753
1.85447
1.85096
1.84721
1.84346
1.83994
1.83679
1.83405
1.83162
1.82927
1.82669
1.82354
1.81963
1.81497
1.80995
1.80532
1.80199
1.80075
1.80194
1.80537
1.81043
1.81638
1.82257
1.82854
1.83395
1.83854
1.84208
1.84435
1.84515
1.84439
1.84212
1.83867
1.83468
1.83102
1.82864
1.82819
1.82979
1.83297
1.83694
1.84085
1.84408
1.8463
1.8474
1.84745
1.8466
1.84502
1.84291
1.84046
1.83785
1.83525
1.83279
1.83058
1.82868
1.8271
1.82579
1.8247
1.82374
1.82285
1.82199
1.82116
1.82039
1.81972
1.8192
1.81886
1.8187
1.81871
1.81885
1.81906
1.81929
1.8195
1.81965
1.81973
1.81973
1.81965
1.81949
1.81926
1.81895
1.81854
1.81803
1.81739
1.8166
1.81568
1.81469
1.81369
1.81282
1.81224
1.81208
1.81245
1.81339
1.81485
1.81673
1.81886
1.82108
1.82326
1.82529
1.82711
1.82869
1.83003
1.83113
1.83202
1.83272
1.83322
1.83355
1.83369
1.83366
1.83343
1.83298
1.8323
1.83135
1.83007
1.82842
1.82633
1.82372
1.82054
1.81675
1.81235
1.80742
1.80215
1.79685
1.7919
1.78772
1.78467
1.78298
1.78275
1.78389
1.78622
1.78944
1.79319
1.79706
1.80063
1.80357
1.8056
1.80663
1.80667
1.80587
1.80445
1.80268
1.80082
1.79911
1.7977
1.79669
1.79615
1.79613
1.7967
1.79793
1.79987
1.80248
1.8057
1.80938
1.81336
1.81748
1.82159
1.82557
1.82931
1.83275
1.83583
1.83852
1.84082
1.84273
1.84427
1.84543
1.84623
1.84668
1.84675
1.84642
1.84565
1.84438
1.84253
1.84005
1.83689
1.83308
1.82875
1.82417
1.81977
1.81606
1.81354
1.81248
1.81288
1.81443
1.81666
1.81911
1.82143
1.82348
1.82525
1.82686
1.82844
1.83012
1.83197
1.83403
1.83624
1.83852
1.84075
1.8428
1.84454
1.84584
1.84659
1.84672
1.84618
1.84494
1.84301
1.84041
1.83719
1.83339
1.82906
1.82428
1.81921
1.81408
1.80926
1.80525
1.80258
1.80173
1.80298
1.80632
1.81147
1.81796
1.8252
1.83261
1.83969
1.84604
1.85137
1.8555
1.85836
1.85996
1.86035
1.85967
1.85808
1.85573
1.85283
1.84955
1.84606
1.84251
1.83898
1.83555
1.83223
1.82903
1.82595
1.82299
1.82022
1.8177
1.81554
1.81387
1.81277
1.81234
1.81261
1.81361
1.81534
1.81777
1.82082
1.82441
1.82837
1.83253
1.83669
1.84068
1.84434
1.84758
1.85032
1.85252
1.85417
1.85523
1.85571
1.8556
1.85487
1.85353
1.85158
1.84904
1.84594
1.84235
1.83834
1.83401
1.82944
1.82471
1.81983
1.81477
1.80946
1.80378
1.79766
1.79116
1.78456
1.77847
1.77376
1.7713
1.7717
1.775
1.78069
1.78793
1.79585
1.80377
1.81123
1.81802
1.82402
1.82921
1.83355
1.83701
1.83955
1.8411
1.8416
1.84101
1.83936
1.83675
1.83338
1.82961
1.82591
1.82288
1.82112
1.82114
1.82312
1.82685
1.83177
1.83715
1.84221
1.84634
1.84917
1.85055
1.8506
1.84968
1.84828
1.84701
1.84636
1.84663
1.84774
1.84932
1.85079
1.85152
1.85093
1.84856
1.84411
1.83755
1.82917
1.81978
1.81071
1.80359
1.79979
1.7998
1.80303
1.80822
1.81403
1.81951
1.82423
1.82811
1.83131
1.83404
1.83652
1.83892
1.84136
1.8439
1.84658
1.84934
1.85212
1.85477
1.8571
1.85891
1.85997
1.8601
1.85919
1.85727
1.8546
1.85163
1.84899
1.84729
1.84695
1.848
1.85009
1.85269
1.85519
1.85716
1.85831
1.85852
1.85782
1.8563
1.8542
1.85177
1.84937
1.84734
1.84595
1.8454
1.84575
1.84691
1.84867
1.85075
1.85285
1.85473
1.85623
1.85729
1.85791
1.85815
1.85801
1.85746
1.85639
1.8547
