1.13819
1.13767
1.13729
1.13702
1.13679
1.13651
1.13611
1.13548
1.13456
1.13332
1.13178
1.12998
1.12803
1.12607
1.12422
1.12259
1.12122
1.12009
1.11914
1.11825
1.11734
1.1164
1.11554
1.11502
1.11521
1.1165
1.11914
1.1231
1.12808
1.13361
1.13918
1.14441
1.14904
1.15292
1.15601
1.15829
1.15974
1.16032
1.15997
1.15862
1.15623
1.15286
1.14869
1.14405
1.13935
1.1349
1.13075
1.12671
1.12255
1.11826
1.11425
1.1114
1.1109
1.11385
1.12063
1.13043
1.14157
1.15225
1.16127
1.1681
1.17276
1.17551
1.17667
1.17652
1.1753
1.1732
1.17038
1.16701
1.16338
1.15984
1.15689
1.15508
1.15484
1.15633
1.15939
1.16352
1.16814
1.17268
1.17673
1.18001
1.18238
1.18374
1.18403
1.18319
1.18117
1.178
1.17382
1.16899
1.16416
1.1602
1.15792
1.15777
1.15961
1.16282
1.16659
1.17026
1.17343
1.17595
1.17784
1.1792
1.18012
1.18065
1.18078
1.18042
1.17941
1.17756
1.17461
1.17036
1.16466
1.15752
1.14922
1.14034
1.13186
1.12501
1.12101
1.1207
1.12416
1.13068
1.13902
1.1479
1.15633
1.16375
1.16994
1.17493
1.17884
1.18184
1.18409
1.18572
1.18685
1.18755
1.18788
1.18786
1.18749
1.18675
1.18563
1.1841
1.18216
1.17982
1.17715
1.17428
1.1714
1.16876
1.16659
1.16506
1.16425
1.16411
1.1645
1.16523
1.16612
1.16705
1.16793
1.16874
1.16948
1.17015
1.17077
1.17132
1.17181
1.17221
1.17247
1.17257
1.17245
1.17208
1.17139
1.17036
1.16894
1.16712
1.16494
1.16247
1.15987
1.15735
1.15518
1.15366
1.15305
1.15349
1.15501
1.1575
1.16072
1.16442
1.16834
1.17225
1.17602
1.17953
1.18273
1.18561
1.18815
1.19037
1.19226
1.19383
1.19507
1.19597
1.19651
1.19668
1.19645
1.19583
1.19487
1.19361
1.19216
1.19066
1.18922
1.18791
1.1867
1.18543
1.18383
1.18155
1.17825
1.17371
1.16796
1.1614
1.1548
1.1492
1.14561
1.14458
1.14606
1.14938
1.15367
1.15811
1.16218
1.16566
1.16854
1.17093
1.17295
1.17472
1.17635
1.17793
1.17958
1.18139
1.18344
1.18575
1.18824
1.19074
1.19305
1.19493
1.19621
1.19678
1.19664
1.19588
1.19471
1.1934
1.19221
1.19136
1.19099
1.19105
1.1914
1.19181
1.19198
1.19161
1.19044
1.1882
1.18468
1.17973
1.17337
1.1658
1.1576
1.14968
1.14324
1.13942
1.13888
1.14151
1.14657
1.15295
1.15967
1.16601
1.17163
1.1764
1.18036
1.18361
1.18628
1.18848
1.19029
1.19179
1.19303
1.19404
1.19486
1.19551
1.19601
1.19639
1.19666
1.19685
1.19695
1.19697
1.19685
1.19654
1.19593
1.19488
1.19325
1.19087
1.1876
1.18338
1.17819
1.1722
1.16574
1.1594
1.15406
1.15072
1.1502
1.15267
1.15749
1.16349
1.16948
1.17465
1.17865
1.18146
1.18329
1.18438
1.18498
1.18528
1.18546
1.18565
1.18594
1.18637
1.18693
1.18757
1.18819
1.18873
1.18913
1.18935
1.18938
1.1892
1.18872
1.18787
1.18655
1.18477
1.18269
1.18064
1.17914
1.17868
1.17958
1.18183
1.18512
1.18894
1.19283
1.1964
1.19946
1.20192
1.2038
1.20517
1.2061
1.2067
1.20705
1.20722
1.20726
1.20721
1.20707
1.2068
1.20632
1.20554
1.2043
1.20247
1.19991
1.19656
1.19249
1.18797
1.18345
1.17947
1.17644
1.17448
1.17343
1.17309
1.17343
1.1747
1.17722
1.18108
1.18596
1.19125
1.19632
1.20069
1.20414
1.20664
1.20829
1.20926
1.2097
1.20977
1.20959
1.20926
1.20886
1.20842
1.20796
1.20747
1.2069
1.20621
1.20531
1.20416
1.20268
1.20089
1.19885
1.19673
1.19478
1.19333
1.19268
1.19299
1.19427
1.19631
1.19881
1.20145
1.20397
1.20618
1.20801
1.20945
1.21053
1.21133
1.21192
1.21236
1.21271
1.213
1.21325
1.21346
1.21361
1.21369
1.21367
1.21354
1.21328
1.2129
1.21239
1.21175
1.21096
1.21001
1.20891
1.20765
1.20628
1.20485
1.20345
1.20216
1.20108
1.20026
1.19972
1.19945
1.19939
1.19944
1.19953
1.19959
1.19957
1.19949
1.19938
1.19933
1.19943
1.19976
1.20039
1.20135
1.2026
1.20409
1.20571
1.20734
1.20887
1.21018
1.21115
1.21172
1.2118
1.21134
1.21035
1.20883
1.20687
1.20458
1.20211
1.1996
1.19719
1.19499
1.19303
1.19137
1.19004
1.18909
1.18855
1.18843
1.1887
1.18927
1.18999
1.19075
1.19142
1.19192
1.19222
1.19232
1.19227
1.19212
1.19193
1.19174
1.19158
1.19145
1.19135
1.19128
1.19124
1.19126
1.19139
1.19166
1.19211
1.19271
1.19345
1.19422
1.19495
1.19553
1.19588
1.19592
1.19564
1.195
1.19404
1.19277
1.19123
1.18947
1.18752
1.18544
1.18328
1.18108
1.17893
1.17693
1.17521
1.17393
1.17322
1.17321
1.1739
1.17525
1.17707
1.17914
1.18122
1.18307
1.18454
1.18551
1.18595
1.18587
1.1853
1.18434
1.18304
1.1815
1.17975
1.17785
1.17585
1.17378
1.1717
1.16972
1.16795
1.16652
1.16555
1.16512
1.16525
1.16589
1.16693
1.16822
1.16959
1.17088
1.17194
1.17269
1.17304
1.17298
1.17255
1.17183
1.17096
1.17012
1.1695
1.16923
1.16936
1.1698
1.17035
1.17073
1.17062
1.1697
1.16779
1.16485
1.16117
1.15737
1.1544
1.15314
1.15404
1.15679
1.16045
1.16383
1.16595
1.16615
1.16415
1.16002
1.15417
1.14743
1.1409
1.13569
1.13247
1.13128
1.13171
1.13323
1.13547
1.13829
1.14154
1.14507
1.14861
1.1519
1.15473
1.15698
1.15862
1.15967
1.1602
1.1603
1.16008
1.15961
1.15902
1.15838
1.15777
1.15726
1.1569
1.15671
1.1567
1.15686
1.15716
1.15757
1.15805
1.15858
1.15911
1.15964
1.16014
1.16061
1.16103
1.16141
1.16174
1.16203
1.16227
1.16244
1.16254
1.16255
1.16243
1.16213
1.16157
1.16066
1.15927
1.15724
1.1544
1.15062
1.14585
1.14024
1.13423
1.12856
1.12413
1.12168
1.12146
1.12319
1.12621
1.12984
1.13352
1.13694
1.13989
1.14222
1.14386
1.14473
1.14482
1.14418
1.14299
1.14156
1.14033
1.1398
1.1404
1.1423
1.14542
1.14934
1.15356
1.1576
1.16109
1.16385
1.16581
1.167
1.16752
1.16747
1.16697
1.16613
1.16505
1.16383
1.16254
1.16127
1.16011
1.15921
1.15876
1.15896
1.15993
1.16165
1.16393
1.16648
1.16891
1.17094
1.17237
1.17314
1.17333
1.17312
1.1727
1.17224
1.17182
1.17142
1.17093
1.17022
1.16926
1.16816
1.1672
1.16679
1.16723
1.16866
1.17087
1.17342
1.17579
1.17749
1.17824
1.17793
1.17666
1.17466
1.17226
1.16977
1.16746
1.1655
1.16404
1.16322
1.16318
1.16403
1.16578
1.16838
1.17176
1.17585
1.18053
1.18562
1.19081
1.19575
1.20009
1.20362
1.20622
1.20789
1.2087
1.20878
1.20827
1.20733
1.20609
1.20468
1.2032
1.2017
1.20021
1.19871
1.19717
1.19555
1.19382
1.19196
1.18999
1.18794
1.18588
1.18393
1.18222
1.18091
1.18017
1.18012
1.18082
1.18222
1.18416
1.18641
1.18868
1.19065
1.19205
1.19259
1.19206
1.19035
1.18754
1.18402
1.18054
1.17808
1.17751
1.17916
1.18266
1.18714
1.19166
1.1955
1.19833
1.20007
1.2008
1.20068
1.19988
1.19857
1.19691
1.19503
1.19307
1.19108
1.189
1.18667
1.18387
1.18037
1.17609
1.17127
1.16652
1.16283
1.16131
1.16271
1.16702
1.17329
1.18014
1.18629
1.19098
1.19398
1.19546
1.19577
1.19531
1.1944
1.19327
1.19208
1.19088
1.18969
1.1885
1.18727
1.18599
1.1846
1.18306
1.18132
1.17932
1.17702
1.17443
1.17162
1.16875
1.16605
1.1638
1.16227
1.16163
1.16192
1.16299
1.16456
1.16632
1.16799
1.16944
1.17067
1.17185
1.1732
1.17496
1.17725
1.18006
1.18323
1.18654
1.18973
1.1926
1.19502
1.19691
1.19828
1.19914
1.19956
1.1996
1.19932
1.19878
1.19804
1.19716
1.19618
1.19514
1.19409
1.19306
1.1921
1.19124
1.19051
1.18995
1.1896
1.18948
1.18963
1.19007
1.19079
1.1918
1.19304
1.19447
1.19602
1.19761
1.1992
1.20073
1.20217
1.20349
1.20469
1.20577
1.20672
1.20754
1.20822
1.20877
1.20917
1.20942
1.20952
1.20946
1.20925
1.20892
1.20849
1.208
1.2075
1.20705
1.2067
1.20649
1.20642
1.20651
1.20673
1.20705
1.20743
1.20786
1.20832
1.20881
1.20937
1.21004
1.21084
1.2118
1.21292
1.21416
1.21548
1.21679
1.21803
1.21911
1.21995
1.2205
1.2207
1.22051
1.21994
1.21901
1.21775
1.21625
1.21461
1.21293
1.21133
1.20991
1.20873
1.20781
1.20714
1.2067
1.2065
1.20662
1.20723
1.20855
1.21077
1.21394
1.21791
1.22241
1.22703
1.23142
1.2353
1.23849
1.24091
1.24255
1.24343
1.2436
1.2431
1.24199
1.24034
1.23821
1.23569
1.2329
1.22994
1.22695
1.22402
1.22121
1.2185
1.21581
1.21303
1.21002
1.20671
1.20313
1.19941
1.19582
1.19266
1.19022
1.18866
1.18798
1.18806
1.18871
1.18972
1.19092
1.19218
1.19344
1.19465
1.1958
1.19691
1.19798
1.19904
1.20005
1.201
1.2018
1.20238
1.20262
1.20242
1.20167
1.2003
1.19826
1.19556
1.19228
1.18861
1.18482
1.18134
1.17863
1.17716
1.17722
1.17886
1.18181
1.1856
1.18968
1.19359
1.19701
1.19978
1.20183
1.20315
1.20374
1.20361
1.20268
1.20085
1.19792
1.19364
1.18775
1.18002
1.17048
1.15966
1.14877
1.13964
1.13407
1.13301
1.13606
1.14185
1.14879
1.15567
1.16176
1.16681
1.17079
1.17384
1.17617
1.17796
1.17941
1.18067
1.18185
1.18302
1.18422
1.18545
1.18669
1.1879
1.18902
1.19001
1.19083
1.19146
1.19189
1.19213
1.19221
1.19216
1.19202
1.19182
1.19159
1.19135
1.19109
1.19078
1.19038
1.18986
1.18916
1.18827
1.1872
1.18596
1.18464
1.18335
1.18221
1.18139
1.18103
1.18123
1.18204
1.18348
1.18544
1.18782
1.19043
1.19311
1.19569
1.19801
1.19997
1.20151
1.20256
1.20313
1.2032
1.20279
1.20193
1.20065
1.199
1.19707
1.19496
1.19285
1.1909
1.18933
1.18827
1.18782
1.18792
1.18844
1.1892
1.19003
1.19094
1.19205
1.19361
1.19581
1.19865
1.2019
1.20518
1.20809
1.21039
1.21201
1.21301
1.21351
1.21357
1.21312
1.21191
1.20958
1.20579
1.20045
1.19406
1.18792
1.18397
1.18391
1.18814
1.19542
1.20369
1.21116
1.21683
1.22041
1.222
1.2219
1.22048
1.21817
1.21543
1.21276
1.21063
1.20935
1.20905
1.20961
1.21078
1.21228
1.21386
1.21539
1.2168
1.21807
1.21919
1.22009
1.22065
1.22071
1.22009
1.21867
1.21644
1.21365
1.21077
1.2085
1.20747
1.20803
1.21
1.21284
1.21586
1.2185
1.22046
1.22165
1.22218
1.22221
1.22192
1.22148
1.22099
1.22055
1.22018
1.21988
1.2196
1.2193
1.21891
1.21841
1.21775
1.21695
1.21605
1.21513
1.21432
1.21378
1.21367
1.21412
1.2152
1.21684
1.2189
1.22114
1.22334
1.22529
1.22684
1.2279
1.22842
1.2284
1.22786
1.2268
1.22527
1.22331
1.22101
1.21847
1.21583
1.21329
1.21106
1.20935
1.20836
1.20822
1.20898
1.21059
1.21288
1.21563
1.21855
1.22138
1.22385
1.22574
1.22689
1.2272
1.22663
1.2252
1.22299
1.22015
1.21686
1.21336
1.2099
1.20673
1.20404
1.20194
1.20047
1.19952
1.19895
1.19864
1.19857
1.1989
1.19993
1.20201
1.20527
1.20956
1.21441
1.21921
1.22346
1.22684
1.22927
1.23088
1.23189
1.23259
1.23321
1.23392
1.23478
1.23579
1.23691
1.23805
1.23915
1.24013
1.24092
1.24141
1.24149
1.241
1.23978
1.23771
1.23465
1.23062
1.22574
1.22036
1.21499
1.21024
1.20656
1.20412
1.20272
1.20192
1.20133
1.20079
1.20051
1.20092
1.20249
1.20541
1.20951
1.21426
1.21899
1.2231
1.22619
1.22807
1.22874
1.22834
1.2271
1.22529
1.22325
1.22126
1.21957
1.21835
1.21762
1.21728
1.2171
1.21676
1.21597
1.21449
1.21227
1.20948
1.20653
1.20397
1.20238
1.2021
1.20316
1.20529
1.20806
1.21105
1.21392
1.21649
1.21864
1.22035
1.22157
1.22232
1.22257
1.2223
1.22148
1.22006
1.218
1.21522
1.21169
1.20739
1.2024
1.19689
1.19118
1.18575
1.18115
1.17789
1.1763
1.17644
1.17803
1.18064
1.18375
1.18695
1.18996
1.19266
1.19503
1.1971
1.19892
1.20047
1.20173
1.20265
1.20316
1.20325
1.2029
1.20215
1.20106
1.19976
1.19836
1.19702
1.1959
1.19512
1.1948
1.19497
1.19563
1.19672
1.19814
1.19976
1.20144
1.20306
1.2045
1.20569
1.20652
1.20691
1.20675
1.2059
1.20419
1.20145
1.19757
1.19262
1.18706
1.18179
1.1781
1.17714
1.17934
1.18412
1.19028
1.19654
1.20201
1.20624
1.20908
1.21053
1.21062
1.20941
1.20701
1.20372
1.20011
1.19707
1.19553
1.19616
1.19892
1.20313
1.20776
1.2119
1.21496
1.21676
1.2174
1.21717
1.21643
1.21555
1.21482
1.21437
1.21418
1.2141
1.21389
1.21339
1.21253
1.21139
1.21019
1.20917
1.20854
1.20842
1.20882
1.20971
1.21105
1.2128
1.2149
1.21725
1.2197
1.22203
1.22404
1.22552
1.22638
1.22665
1.22652
1.2263
1.22634
1.22696
1.22831
1.23034
1.2328
1.23539
1.23783
1.2399
1.24149
1.24258
1.24317
1.24334
1.24312
1.2426
1.24183
1.24089
1.23983
1.23873
1.23765
1.23665
1.23576
1.23503
1.23447
1.23407
1.23383
1.23375
1.23383
1.23405
1.23441
1.23489
1.23544
1.236
1.2365
1.23687
1.23706
1.23702
1.23676
1.23632
1.23577
1.23523
1.23479
1.23454
1.23448
1.23456
1.2346
1.2344
1.2337
1.23231
1.23014
1.22724
1.22385
1.22033
1.21715
1.2148
1.21367
1.21401
1.21583
1.21893
1.22289
1.22719
1.23134
1.23489
1.23757
1.23924
1.2399
1.23963
1.23861
1.23706
1.23529
1.23367
1.2326
1.23244
1.23343
1.23559
1.23873
1.24247
1.24633
1.24986
1.25271
1.25467
1.25561
1.25552
1.25448
1.25266
1.25032
1.24779
1.24547
1.24366
1.2425
1.2419
1.24154
1.24103
1.24001
1.23826
1.23573
1.23253
1.22886
1.22505
1.22146
1.21846
1.21646
1.21583
1.21677
1.21927
1.22301
1.22746
1.23208
1.23639
1.24011
1.24315
1.24552
1.2473
1.24861
1.24953
1.25011
1.25038
1.25037
1.25009
1.24955
1.24876
1.24775
1.24654
1.24517
1.24367
1.24212
1.24061
1.2392
1.23798
1.23699
1.23624
1.23569
1.23533
1.2352
1.23537
1.23598
1.23715
1.2389
1.24111
1.24355
1.24597
1.24814
1.24994
1.25136
1.25244
1.25328
1.25393
1.25442
1.25474
1.25485
1.25472
1.25438
1.25392
1.25351
1.25329
1.2533
1.25344
1.25343
1.2529
1.25144
1.24875
1.24467
1.23925
1.23284
1.22603
1.21957
1.21426
1.21073
1.2093
1.20996
1.21239
1.21605
1.22027
1.22444
1.22809
1.23098
1.23315
1.23479
1.23619
1.2376
1.23916
1.24086
1.24258
1.24413
1.24536
1.24616
1.24646
1.2463
1.24571
1.2448
1.24368
1.24248
1.24131
1.24025
1.23927
1.23828
1.23707
1.2354
1.23303
1.22984
1.22589
1.2215
1.21718
1.21352
1.21102
1.20991
1.21017
1.21156
1.21374
1.21631
1.21885
1.22103
1.22257
1.22334
1.22331
1.22253
1.22116
1.21938
1.21742
1.21552
1.21393
1.21288
1.21254
1.21296
1.21408
1.21577
1.2178
1.21995
1.22203
1.22391
1.22551
1.22679
1.22775
1.22841
1.22882
1.22902
1.22908
1.22905
1.22898
1.2289
1.22885
1.22882
1.22881
1.22881
1.22878
1.22871
1.22857
1.22837
1.2281
1.22777
1.2274
1.22698
1.22653
1.22602
1.22542
1.22469
1.22376
1.22258
1.22109
1.21924
1.21704
1.21453
1.21178
1.20897
1.20632
1.20409
1.20256
1.20198
1.20247
1.204
1.2064
1.20931
1.21235
1.21508
1.21712
1.21812
1.21778
1.21588
1.21232
1.20724
1.20118
1.19519
1.19064
1.18869
1.18965
1.19275
1.19663
1.19988
1.20154
1.20109
1.19844
1.19384
1.18798
1.18201
1.17742
1.17549
1.17673
1.1806
1.1859
1.19137
1.19609
1.1996
1.20178
1.20266
1.20236
1.20107
1.19899
1.19641
1.19369
1.19125
1.1895
1.18873
1.18902
1.19022
1.19201
1.19406
1.19604
1.19778
1.19916
1.20016
1.20082
1.20119
1.2013
1.20121
1.20092
1.20044
1.19973
1.19872
1.19732
1.19539
1.19274
1.18922
1.18468
1.17913
1.17283
1.16635
1.16052
1.15614
1.15362
1.1528
1.15306
1.15376
1.15447
1.15506
1.15556
1.15604
1.15656
1.15719
1.15801
1.15915
1.16068
1.1626
1.16482
1.16719
1.16955
1.17179
1.17387
1.17579
1.17756
1.17922
1.18078
1.18223
1.18356
1.18474
1.18573
1.18651
1.18706
1.18739
1.18749
1.18738
1.18707
1.18658
1.18595
1.18518
1.1843
1.18333
1.18229
1.18118
1.18
1.17875
1.1774
1.17589
1.17418
1.1722
1.16992
1.16735
1.16456
1.16166
1.15885
1.1563
1.15416
1.15252
1.1514
1.15073
1.15049
1.15068
1.15135
1.15261
1.15453
1.15707
1.16005
1.16322
1.16629
1.16903
1.17132
1.17313
1.17451
1.17554
1.1763
1.17684
1.17716
1.17729
1.17721
1.17693
1.17647
1.17588
1.17522
1.17454
1.17391
1.17337
1.17295
1.17266
1.17246
1.17231
1.17215
1.17191
1.17155
1.17104
1.17037
1.16958
1.16875
1.16795
1.16731
1.16689
1.16677
1.16695
1.16738
1.16796
1.16857
1.16909
1.1694
1.16942
1.16911
1.16849
1.1676
1.16653
1.16538
1.16429
1.16334
1.1626
1.1621
1.1618
1.16164
1.16154
1.16142
1.1612
1.16084
1.16034
1.15969
1.15893
1.15811
1.15729
1.15654
1.15595
1.15561
1.15563
1.15612
1.1572
1.15895
1.16141
1.1645
1.16806
1.17184
1.17556
1.17899
1.18194
1.18431
1.18606
1.18719
1.18772
1.1877
1.18715
1.18609
1.18456
1.18256
1.18012
1.17728
1.17414
1.17081
1.16751
1.16449
1.16205
1.16046
1.15992
1.16048
1.16199
1.16419
1.16668
1.1691
1.17113
1.17255
1.17325
1.17319
1.17245
1.17115
1.1695
1.16774
1.16617
1.16503
1.16454
1.16481
1.16584
1.16755
1.16977
1.17234
1.17509
1.17788
1.1806
1.18321
1.18566
1.18791
1.18992
1.19166
1.19307
1.19413
1.19481
1.19512
1.19514
1.19497
1.19475
1.19461
1.19467
1.19495
1.19542
1.19597
1.19646
1.19678
1.19682
1.19656
1.196
1.19517
1.19416
1.19303
1.19187
1.19075
1.18971
1.18879
1.188
1.18735
1.18686
1.18657
1.18654
1.18683
1.18754
1.18872
1.19037
1.19246
1.19487
1.19745
1.20001
1.20236
1.20433
1.20579
1.20664
1.20683
1.20635
1.2052
1.20338
1.20089
1.19774
1.19391
1.18947
1.18453
1.17939
1.17454
1.17066
1.1685
1.16863
1.1712
1.17583
1.18173
1.188
1.19386
1.19882
1.20268
1.20546
1.20731
1.20841
1.20898
1.20918
1.20916
1.20901
1.20877
1.20846
1.20807
1.20759
1.20699
1.20624
1.20533
1.20423
1.20293
1.20145
1.19977
1.1979
1.19587
1.19371
1.19148
1.18926
1.18718
1.1854
1.18408
1.18333
1.18325
1.18381
1.18492
1.18639
1.18802
1.18957
1.19085
1.1917
1.19202
1.19177
1.19097
1.18973
1.18827
1.1869
1.18596
1.18578
1.18654
1.18821
1.19059
1.19332
1.19606
1.1985
1.20048
1.20192
1.20284
1.2033
1.20342
1.2033
1.20306
1.20282
1.20263
1.20256
1.20265
1.20289
1.20329
1.20383
1.20451
1.20533
1.20627
1.20737
1.20863
1.21008
1.21172
1.21356
1.21558
1.21772
1.21993
1.22209
1.22409
1.22578
1.22696
1.22745
1.22703
1.22549
1.22264
1.21836
1.21261
1.20553
1.19743
1.18885
1.18063
1.17382
1.16952
1.1686
1.17137
1.17743
1.18576
1.19506
1.20414
1.21218
1.21877
1.22385
1.22753
1.23001
1.23149
1.23217
1.23221
1.23172
1.23082
1.22959
1.22814
1.22654
1.22488
1.22328
1.2218
1.22053
1.21946
1.21857
1.2178
1.21707
1.21629
1.21539
1.21426
1.21281
1.21101
1.20902
1.20721
1.20619
1.20662
1.20895
1.21326
1.21915
1.22597
1.23301
1.23972
1.24578
1.25102
1.25542
1.25899
1.26173
1.26363
1.26468
1.26487
1.26419
1.26263
1.26022
1.25701
1.25308
1.24855
1.2436
1.23847
1.23344
1.22883
1.22491
1.22193
1.21999
1.21905
1.21898
1.21951
1.22037
1.22128
1.22204
1.22255
1.22286
1.22316
1.22368
1.2246
1.22596
1.22764
1.22938
1.23096
1.23223
1.23324
1.23415
1.23516
1.23642
1.23798
1.23971
1.24142
1.24288
1.2439
1.24438
1.24426
1.24358
1.24241
1.24083
1.23894
1.23682
1.23453
1.23213
1.22965
1.22711
1.22453
1.22193
1.21931
1.21668
1.21401
1.21126
1.20841
1.20548
1.20267
1.20039
1.19924
1.1998
1.20233
1.20661
1.21197
1.21758
1.22276
1.22706
1.23032
1.23254
1.23381
1.23426
1.234
1.23311
1.23163
1.22958
1.22692
1.22361
1.21963
1.21504
1.21001
1.20492
1.20031
1.19686
1.19511
1.19531
1.1973
1.20062
1.20466
1.20889
1.2129
1.21649
1.21956
1.22213
1.22422
1.22587
1.2271
1.22788
1.22821
1.22809
1.22752
1.22659
1.22544
1.22424
1.22317
1.22232
1.22165
1.22095
1.21989
1.2181
1.21531
1.21138
1.2064
1.20063
1.19447
1.18835
1.18263
1.17771
1.17399
1.17199
1.17221
1.17498
1.18032
1.1878
1.19671
1.2062
1.21547
1.22391
1.23112
1.2369
1.24116
1.24389
1.24508
1.24474
1.24286
1.23947
1.23471
1.22891
1.22272
1.21712
1.21319
1.21174
1.21291
1.21607
1.22012
1.22399
1.22688
1.22839
1.2285
1.22743
1.22557
1.22343
1.22151
1.22021
1.21974
1.22009
1.221
1.22211
1.22303
1.22348
1.22335
1.22266
1.22158
1.22035
1.2192
1.21835
1.2179
1.21792
1.21838
1.21921
1.22033
1.22163
1.22299
1.22427
1.22534
1.22609
1.22639
1.22622
1.2256
1.22463
1.2235
1.22244
1.22166
1.22129
1.22135
1.22175
1.22233
1.22294
1.22342
1.2237
1.22371
1.22344
1.22289
1.22208
1.22106
1.21987
1.21855
1.21713
1.21556
1.21375
1.2115
1.20865
1.20509
1.201
1.19695
1.19384
1.19262
1.19377
1.19706
1.20164
1.2065
1.21086
1.21428
1.21665
1.21801
1.21852
1.21832
1.21759
1.21648
1.21517
1.21379
1.21249
1.2114
1.2106
1.21015
1.21006
1.21029
1.21077
1.21139
1.21208
1.21277
1.21345
1.21413
1.21487
1.21573
1.21675
1.21794
1.21925
1.2206
1.22188
1.22299
1.22382
1.22431
1.22442
1.22414
1.2235
1.22252
1.22126
1.21977
1.21809
1.21627
1.21432
1.21224
1.21
1.20759
1.20501
1.2023
1.19958
1.19707
1.19506
1.19388
1.19379
1.19495
1.1973
1.2006
1.20449
1.20857
1.21249
1.21601
1.21898
1.22135
1.22314
1.2244
1.22518
1.22557
1.22564
1.22545
1.22505
1.2245
1.22383
1.22309
1.22229
1.22144
1.22054
1.21954
1.21836
1.21686
1.21484
1.21201
1.20807
1.20276
1.19605
1.18841
1.18102
1.17574
1.17453
1.17839
1.18674
1.19778
1.20934
1.21975
1.22805
1.23386
1.2371
1.23785
1.23621
1.23229
1.22634
1.21883
1.21059
1.20283
1.19681
1.19344
1.19294
1.19483
1.19833
1.2027
1.20744
1.21221
1.21686
1.22128
1.22541
1.22923
1.2327
1.23574
1.23828
1.24022
1.24146
1.24189
1.24143
1.24001
1.23762
1.23434
1.23036
1.22602
1.22178
1.21822
1.21587
1.21506
1.21581
1.21787
1.22081
1.2242
1.22772
1.23111
1.23421
1.2369
1.23906
1.24062
1.24154
1.24186
1.24166
1.24109
1.24033
1.23954
1.23883
1.23831
1.23803
1.23804
1.23837
1.23902
1.23996
1.24113
1.24243
1.24378
1.24508
1.24626
1.24726
1.24803
1.24857
1.24885
1.2489
1.24874
1.24844
1.24807
1.24771
1.24745
1.24733
1.24736
1.2475
1.24764
1.24767
1.24747
1.24693
1.246
1.24468
1.24302
1.24113
1.23916
1.2373
1.23574
1.23465
1.23415
1.23428
1.23501
1.2362
1.23767
1.23921
1.2406
1.24167
1.24227
1.24234
1.24185
1.24084
1.23941
1.23766
1.23574
1.23382
1.23206
1.23064
1.22972
1.22944
1.2299
1.23114
1.23311
1.23569
1.23866
1.24177
1.2447
1.24715
1.24884
1.24957
1.24925
1.24792
1.2458
1.24325
1.24067
1.23836
1.23642
1.2347
1.23287
1.23061
1.22784
1.22484
1.22229
1.22097
1.22139
1.22346
1.22654
1.22982
1.23265
1.23472
1.23597
1.23656
1.23667
1.23647
1.23608
1.23558
1.23494
1.23415
1.23313
1.23184
1.2303
1.22858
1.22682
1.22523
1.22402
1.2234
1.22354
1.22448
1.22617
1.22845
1.23108
1.23378
1.23626
1.23824
1.23948
1.23978
1.23899
1.23699
1.23375
1.22934
1.224
1.21819
1.21264
1.20829
1.20608
1.20664
1.21004
1.21575
1.22283
1.23029
1.23734
1.24346
1.2484
1.2521
1.25459
1.25599
1.25639
1.25595
1.2548
1.25312
1.25113
1.24905
1.24712
1.24551
1.24429
1.24342
1.24275
1.24208
1.24121
1.23999
1.23835
1.23631
1.23397
1.23147
1.22897
1.22663
1.22453
1.2227
1.22108
1.21951
1.21779
1.2157
1.21308
1.20998
1.20663
1.20355
1.20133
1.2005
1.20129
1.20358
1.20695
1.21092
1.21505
1.21903
1.22263
1.22569
1.22805
1.22957
1.2301
1.22959
1.22808
1.22578
1.22312
1.22068
1.21909
1.21879
1.21986
1.22198
1.22462
1.22723
1.22939
1.23086
1.2316
1.23163
1.23106
1.23001
1.22861
1.22698
1.22524
1.2235
1.22186
1.22039
1.21912
1.21806
1.2172
1.21647
1.21583
1.21523
1.21466
1.21411
1.21359
1.21315
1.2128
1.21257
1.21247
1.21247
1.21257
1.21271
1.21286
1.213
1.2131
1.21315
1.21315
1.2131
1.21299
1.21284
1.21263
1.21236
1.21202
1.21159
1.21107
1.21046
1.20979
1.20913
1.20855
1.20816
1.20805
1.2083
1.20893
1.2099
1.21115
1.21257
1.21405
1.21551
1.21686
1.21807
1.21913
1.22002
1.22076
1.22135
1.22181
1.22215
1.22236
1.22246
1.22244
1.22228
1.22199
1.22153
1.2209
1.22005
1.21895
1.21755
1.21582
1.2137
1.21117
1.20823
1.20494
1.20143
1.1979
1.1946
1.19181
1.18978
1.18866
1.1885
1.18926
1.19082
1.19296
1.19546
1.19804
1.20042
1.20238
1.20374
1.20442
1.20445
1.20391
1.20296
1.20178
1.20055
1.19941
1.19847
1.1978
1.19743
1.19742
1.1978
1.19862
1.19991
1.20165
1.2038
1.20625
1.20891
1.21165
1.2144
1.21705
1.21954
1.22183
1.22388
1.22568
1.22722
1.22849
1.22951
1.23029
1.23082
1.23112
1.23117
1.23095
1.23043
1.22959
1.22836
1.2267
1.2246
1.22206
1.21917
1.21611
1.21318
1.21071
1.20902
1.20832
1.20859
1.20962
1.21111
1.21274
1.21429
1.21565
1.21683
1.21791
1.21896
1.22008
1.22132
1.22268
1.22416
1.22568
1.22717
1.22853
1.22969
1.23056
1.23106
1.23115
1.23079
1.22996
1.22867
1.22694
1.22479
1.22226
1.21937
1.21619
1.21281
1.20939
1.20618
1.2035
1.20172
1.20115
1.20198
1.20421
1.20765
1.21197
1.2168
1.22174
1.22646
1.2307
1.23425
1.237
1.23891
1.23997
1.24023
1.23978
1.23872
1.23716
1.23522
1.23303
1.23071
1.22834
1.22599
1.2237
1.22149
1.21935
1.2173
1.21533
1.21348
1.2118
1.21036
1.20924
1.20851
1.20822
1.20841
1.20908
1.21023
1.21184
1.21388
1.21627
1.21891
1.22169
1.22446
1.22712
1.22956
1.23172
1.23355
1.23502
1.23611
1.23682
1.23714
1.23706
1.23658
1.23569
1.23439
1.23269
1.23063
1.22823
1.22556
1.22267
1.21963
1.21647
1.21322
1.20985
1.20631
1.20252
1.19844
1.1941
1.18971
1.18565
1.1825
1.18087
1.18113
1.18333
1.18713
1.19195
1.19724
1.20251
1.20749
1.21201
1.21602
1.21947
1.22237
1.22468
1.22637
1.2274
1.22773
1.22734
1.22624
1.2245
1.22225
1.21974
1.21727
1.21525
1.21408
1.2141
1.21541
1.2179
1.22118
1.22476
1.22814
1.23089
1.23278
1.2337
1.23374
1.23312
1.23219
1.23134
1.23091
1.23108
1.23182
1.23288
1.23386
1.23435
1.23395
1.23237
1.22941
1.22503
1.21945
1.21319
1.20714
1.2024
1.19986
1.19986
1.20202
1.20548
1.20935
1.21301
1.21615
1.21874
1.22087
1.22269
1.22435
1.22595
1.22757
1.22927
1.23105
1.2329
1.23475
1.23651
1.23807
1.23927
1.23998
1.24007
1.23946
1.23818
1.2364
1.23442
1.23266
1.23153
1.2313
1.232
1.2334
1.23512
1.23679
1.23811
1.23887
1.23902
1.23854
1.23754
1.23613
1.23452
1.23292
1.23156
1.23063
1.23027
1.2305
1.23127
1.23245
1.23383
1.23523
1.23649
1.23749
1.23819
1.23861
1.23877
1.23868
1.2383
1.23759
1.23647
