-0.352421
-0.351639
-0.351073
-0.350665
-0.350327
-0.34992
-0.349307
-0.348355
-0.346984
-0.345133
-0.342812
-0.340119
-0.33719
-0.334243
-0.331464
-0.329016
-0.326967
-0.32528
-0.323838
-0.322507
-0.321142
-0.319735
-0.318444
-0.317654
-0.317937
-0.319879
-0.323837
-0.329777
-0.337247
-0.345532
-0.353892
-0.361742
-0.36868
-0.374508
-0.379145
-0.382565
-0.384744
-0.385607
-0.385081
-0.383048
-0.379474
-0.374415
-0.368159
-0.361197
-0.354142
-0.347463
-0.341244
-0.335188
-0.328947
-0.322507
-0.316498
-0.312222
-0.311472
-0.315906
-0.326072
-0.340774
-0.357483
-0.373519
-0.387043
-0.397304
-0.404303
-0.408421
-0.410143
-0.409919
-0.408094
-0.404944
-0.400702
-0.395662
-0.390211
-0.384908
-0.380486
-0.377766
-0.377399
-0.379637
-0.384213
-0.39042
-0.397348
-0.404164
-0.410243
-0.415178
-0.418738
-0.420779
-0.421201
-0.419944
-0.416942
-0.412183
-0.405908
-0.398664
-0.391421
-0.385474
-0.382058
-0.381836
-0.384601
-0.389425
-0.39508
-0.40057
-0.405321
-0.409106
-0.411944
-0.413969
-0.415338
-0.41614
-0.416332
-0.415784
-0.414274
-0.411482
-0.407056
-0.400689
-0.392138
-0.381428
-0.368953
-0.355649
-0.34293
-0.332649
-0.326656
-0.326179
-0.331356
-0.341134
-0.353651
-0.366965
-0.379605
-0.390736
-0.400033
-0.407522
-0.413387
-0.417884
-0.421257
-0.423713
-0.425409
-0.426466
-0.426953
-0.42692
-0.426369
-0.425261
-0.423586
-0.42129
-0.418374
-0.41486
-0.410858
-0.406556
-0.402247
-0.398296
-0.395032
-0.392737
-0.391527
-0.391317
-0.391892
-0.39298
-0.394313
-0.395709
-0.397033
-0.398261
-0.399368
-0.400377
-0.401303
-0.402135
-0.402866
-0.403459
-0.403862
-0.404006
-0.403834
-0.403269
-0.402242
-0.4007
-0.398564
-0.39585
-0.392575
-0.38887
-0.384954
-0.381185
-0.377932
-0.375651
-0.374732
-0.375398
-0.377681
-0.381402
-0.38624
-0.391783
-0.397654
-0.403532
-0.409179
-0.414432
-0.419229
-0.423544
-0.427359
-0.430682
-0.433517
-0.435875
-0.437732
-0.439083
-0.439895
-0.440142
-0.439807
-0.438889
-0.437441
-0.435558
-0.433405
-0.431154
-0.429
-0.427036
-0.425212
-0.423312
-0.420908
-0.417482
-0.412526
-0.405714
-0.397096
-0.38725
-0.377338
-0.368943
-0.363547
-0.362017
-0.364235
-0.369215
-0.375641
-0.382301
-0.388416
-0.393639
-0.397956
-0.401542
-0.40457
-0.407224
-0.409671
-0.412043
-0.414522
-0.417246
-0.420329
-0.423793
-0.427517
-0.431279
-0.434737
-0.437566
-0.439479
-0.440335
-0.44012
-0.438992
-0.437237
-0.435267
-0.433481
-0.432208
-0.431633
-0.431726
-0.43226
-0.432877
-0.433145
-0.432601
-0.430846
-0.427493
-0.422212
-0.414802
-0.40525
-0.393902
-0.381596
-0.369723
-0.360066
-0.354318
-0.353496
-0.357455
-0.365031
-0.374615
-0.384671
-0.39419
-0.402614
-0.409757
-0.415695
-0.420581
-0.424583
-0.427869
-0.430585
-0.432838
-0.43469
-0.436206
-0.437427
-0.438397
-0.439142
-0.439699
-0.440106
-0.440392
-0.440551
-0.440578
-0.440413
-0.439955
-0.439038
-0.437464
-0.435015
-0.431443
-0.426548
-0.420206
-0.412428
-0.403443
-0.393748
-0.384244
-0.376232
-0.371234
-0.37045
-0.374143
-0.381374
-0.390373
-0.399375
-0.407131
-0.41312
-0.417348
-0.420093
-0.421724
-0.422619
-0.423079
-0.423359
-0.423634
-0.424066
-0.424711
-0.425539
-0.426489
-0.427429
-0.428236
-0.428826
-0.429156
-0.429214
-0.428932
-0.428225
-0.426947
-0.424961
-0.422291
-0.419164
-0.416097
-0.413837
-0.413147
-0.414496
-0.417869
-0.422789
-0.428529
-0.434346
-0.439716
-0.444299
-0.447984
-0.450817
-0.452868
-0.454269
-0.455167
-0.455684
-0.455935
-0.455999
-0.455929
-0.455719
-0.455307
-0.454591
-0.45342
-0.451566
-0.448825
-0.444985
-0.439955
-0.433844
-0.427066
-0.420292
-0.41433
-0.409787
-0.406844
-0.40528
-0.404763
-0.405266
-0.407173
-0.41096
-0.416746
-0.424056
-0.431999
-0.4396
-0.446148
-0.45132
-0.455071
-0.457543
-0.458993
-0.45965
-0.45976
-0.459502
-0.459019
-0.458407
-0.457756
-0.457065
-0.456329
-0.455475
-0.454426
-0.453088
-0.451347
-0.449137
-0.446449
-0.443392
-0.440201
-0.437278
-0.43511
-0.434133
-0.434604
-0.436504
-0.43957
-0.443331
-0.44729
-0.451058
-0.45438
-0.457131
-0.459283
-0.460909
-0.462111
-0.462996
-0.463652
-0.464176
-0.464609
-0.464986
-0.465299
-0.465534
-0.465641
-0.465606
-0.465407
-0.465028
-0.464453
-0.463693
-0.462725
-0.461539
-0.460113
-0.458466
-0.456587
-0.454525
-0.45238
-0.450275
-0.448346
-0.446722
-0.445489
-0.444687
-0.444279
-0.444177
-0.444252
-0.444391
-0.444471
-0.444439
-0.444326
-0.44416
-0.444082
-0.444215
-0.444717
-0.445675
-0.447122
-0.449009
-0.451237
-0.453668
-0.456115
-0.458406
-0.460364
-0.46183
-0.46267
-0.462783
-0.462105
-0.46061
-0.458338
-0.455393
-0.451959
-0.448243
-0.444478
-0.440869
-0.437557
-0.43463
-0.432136
-0.430136
-0.428704
-0.427904
-0.42773
-0.42814
-0.428986
-0.430085
-0.431209
-0.432212
-0.432964
-0.433411
-0.433565
-0.433482
-0.433257
-0.432968
-0.432685
-0.432427
-0.43223
-0.432082
-0.431974
-0.431925
-0.431969
-0.432153
-0.432553
-0.433212
-0.434127
-0.435228
-0.436396
-0.437488
-0.438356
-0.438877
-0.43895
-0.43852
-0.437572
-0.436117
-0.434203
-0.431885
-0.429242
-0.426311
-0.423195
-0.419939
-0.416648
-0.413422
-0.41043
-0.407853
-0.405923
-0.40487
-0.404846
-0.405888
-0.407903
-0.410636
-0.413747
-0.416858
-0.419638
-0.421843
-0.423307
-0.423965
-0.423833
-0.422989
-0.42154
-0.419599
-0.417274
-0.414656
-0.411812
-0.408803
-0.405703
-0.402609
-0.399634
-0.396968
-0.394831
-0.393379
-0.392734
-0.39292
-0.393889
-0.395448
-0.39738
-0.39943
-0.401367
-0.402972
-0.404092
-0.404626
-0.404544
-0.403886
-0.402799
-0.401499
-0.400237
-0.399311
-0.398907
-0.399094
-0.399755
-0.400593
-0.401165
-0.400992
-0.399613
-0.396749
-0.392352
-0.386827
-0.38114
-0.376673
-0.374794
-0.376154
-0.380283
-0.385763
-0.390846
-0.394027
-0.394325
-0.391322
-0.385117
-0.376347
-0.366226
-0.356431
-0.348612
-0.34378
-0.342009
-0.342655
-0.344924
-0.348298
-0.352504
-0.357397
-0.362683
-0.367995
-0.372927
-0.377182
-0.380568
-0.383014
-0.384583
-0.385387
-0.385537
-0.385197
-0.384505
-0.383608
-0.382646
-0.381742
-0.380974
-0.380431
-0.38015
-0.380142
-0.380369
-0.380823
-0.381433
-0.382157
-0.382935
-0.383741
-0.384533
-0.385287
-0.385976
-0.386598
-0.387173
-0.387686
-0.388113
-0.38847
-0.388727
-0.388886
-0.388908
-0.388726
-0.388268
-0.387429
-0.386063
-0.383971
-0.38092
-0.376676
-0.371008
-0.363858
-0.355444
-0.34642
-0.337909
-0.331264
-0.327583
-0.327265
-0.329864
-0.334404
-0.339845
-0.345383
-0.350511
-0.354929
-0.358443
-0.360902
-0.362204
-0.362321
-0.361367
-0.359587
-0.357446
-0.355608
-0.354818
-0.355698
-0.358557
-0.363232
-0.369116
-0.375459
-0.381523
-0.386764
-0.390893
-0.393826
-0.395615
-0.396391
-0.396311
-0.395542
-0.394278
-0.392666
-0.390834
-0.388894
-0.386977
-0.385238
-0.383894
-0.383225
-0.383527
-0.384973
-0.387546
-0.390988
-0.394802
-0.398463
-0.401502
-0.403637
-0.404796
-0.405092
-0.404768
-0.404148
-0.403466
-0.402838
-0.402233
-0.401498
-0.400432
-0.398983
-0.397329
-0.395897
-0.395266
-0.395934
-0.398067
-0.401379
-0.405208
-0.408755
-0.411313
-0.412435
-0.411962
-0.410047
-0.407055
-0.403447
-0.399723
-0.396253
-0.393311
-0.39111
-0.389874
-0.389815
-0.39109
-0.393721
-0.397637
-0.402706
-0.408831
-0.415862
-0.423501
-0.431294
-0.438692
-0.445213
-0.450508
-0.454411
-0.456925
-0.458143
-0.458261
-0.457499
-0.456082
-0.45423
-0.452128
-0.44991
-0.447664
-0.445427
-0.443171
-0.44086
-0.438432
-0.435838
-0.433051
-0.430084
-0.427003
-0.423924
-0.420989
-0.418416
-0.416451
-0.415344
-0.415272
-0.41632
-0.418417
-0.421336
-0.424701
-0.428102
-0.431068
-0.433171
-0.43399
-0.433197
-0.430633
-0.426418
-0.421141
-0.415915
-0.412221
-0.411362
-0.413845
-0.419089
-0.425811
-0.432583
-0.438356
-0.442603
-0.445203
-0.446295
-0.446107
-0.444902
-0.44294
-0.440438
-0.437632
-0.434694
-0.431693
-0.428563
-0.425077
-0.420878
-0.415623
-0.40921
-0.401973
-0.394843
-0.389303
-0.387013
-0.389121
-0.395577
-0.405001
-0.415275
-0.424498
-0.43153
-0.436028
-0.43825
-0.438724
-0.438028
-0.436664
-0.434979
-0.433191
-0.431384
-0.429593
-0.427786
-0.425951
-0.424022
-0.421941
-0.419634
-0.417026
-0.414011
-0.410555
-0.406678
-0.402465
-0.398169
-0.394117
-0.390742
-0.388442
-0.387489
-0.387923
-0.389507
-0.391874
-0.394516
-0.397026
-0.399192
-0.401043
-0.4028
-0.404842
-0.407477
-0.41091
-0.41512
-0.419877
-0.42484
-0.429632
-0.433944
-0.437573
-0.440419
-0.442461
-0.44376
-0.444401
-0.444452
-0.444027
-0.443217
-0.442117
-0.440786
-0.43931
-0.437751
-0.436169
-0.43464
-0.433194
-0.43191
-0.430816
-0.429978
-0.429451
-0.429268
-0.429486
-0.430141
-0.431228
-0.432726
-0.434596
-0.436734
-0.439055
-0.441453
-0.443835
-0.446122
-0.448267
-0.450266
-0.452067
-0.453678
-0.455107
-0.45633
-0.457358
-0.458184
-0.458785
-0.459162
-0.45931
-0.459217
-0.458906
-0.458403
-0.457751
-0.457017
-0.456275
-0.455608
-0.455079
-0.454761
-0.454666
-0.454801
-0.455127
-0.455601
-0.456181
-0.456824
-0.457507
-0.458249
-0.459089
-0.460085
-0.461278
-0.462735
-0.46442
-0.466274
-0.468247
-0.470221
-0.472066
-0.473675
-0.474957
-0.475789
-0.476085
-0.475807
-0.474946
-0.473545
-0.47166
-0.46942
-0.466955
-0.464431
-0.462033
-0.459898
-0.458121
-0.456746
-0.455743
-0.455087
-0.454792
-0.454967
-0.455879
-0.457863
-0.461192
-0.465941
-0.471911
-0.478649
-0.485589
-0.492186
-0.498006
-0.502787
-0.50642
-0.508876
-0.510191
-0.510433
-0.509683
-0.508022
-0.505541
-0.502343
-0.498569
-0.494373
-0.489936
-0.48545
-0.481069
-0.476838
-0.472778
-0.468744
-0.464572
-0.460068
-0.455106
-0.449727
-0.444157
-0.438772
-0.434041
-0.430376
-0.428025
-0.427007
-0.427133
-0.428099
-0.429618
-0.431416
-0.433312
-0.435198
-0.43701
-0.438747
-0.440402
-0.442018
-0.443593
-0.445118
-0.446526
-0.44774
-0.448601
-0.448973
-0.44867
-0.447555
-0.445488
-0.442419
-0.438362
-0.433439
-0.427912
-0.422239
-0.417015
-0.412952
-0.41073
-0.410825
-0.413287
-0.417707
-0.423381
-0.429492
-0.43535
-0.440488
-0.444637
-0.447703
-0.449683
-0.450577
-0.450376
-0.448989
-0.446242
-0.441851
-0.435451
-0.426609
-0.415008
-0.400703
-0.384477
-0.368152
-0.354451
-0.346102
-0.344512
-0.349095
-0.357772
-0.3682
-0.378516
-0.387672
-0.39523
-0.401199
-0.405786
-0.409273
-0.411968
-0.414154
-0.416047
-0.417804
-0.419554
-0.42136
-0.423201
-0.425052
-0.426857
-0.428531
-0.430024
-0.431261
-0.432209
-0.432842
-0.43321
-0.433332
-0.433265
-0.433045
-0.43275
-0.432412
-0.432047
-0.431656
-0.431187
-0.430577
-0.429789
-0.428744
-0.427423
-0.425803
-0.423953
-0.421972
-0.420025
-0.418323
-0.417097
-0.416548
-0.416854
-0.418086
-0.42023
-0.423183
-0.426755
-0.430677
-0.434694
-0.438551
-0.442037
-0.444992
-0.447292
-0.448877
-0.449712
-0.449809
-0.4492
-0.447907
-0.445997
-0.44352
-0.440615
-0.437457
-0.434278
-0.431364
-0.428995
-0.427419
-0.426733
-0.426898
-0.427681
-0.428801
-0.430056
-0.431419
-0.433092
-0.435429
-0.438727
-0.442985
-0.44786
-0.452773
-0.457151
-0.460605
-0.463031
-0.464525
-0.46528
-0.465374
-0.464703
-0.462876
-0.459385
-0.453698
-0.4457
-0.436109
-0.426895
-0.420966
-0.42089
-0.427239
-0.438164
-0.450562
-0.461773
-0.470282
-0.475645
-0.478029
-0.477886
-0.475768
-0.472296
-0.468185
-0.464191
-0.460986
-0.45906
-0.458593
-0.459429
-0.461188
-0.463433
-0.465808
-0.468106
-0.470225
-0.472155
-0.473834
-0.475189
-0.476017
-0.476112
-0.475185
-0.473052
-0.469722
-0.465527
-0.46122
-0.457809
-0.456279
-0.457103
-0.460059
-0.464331
-0.468857
-0.472812
-0.475749
-0.477538
-0.478326
-0.478374
-0.477937
-0.477265
-0.476531
-0.475871
-0.475314
-0.474859
-0.474437
-0.473984
-0.473416
-0.472666
-0.471691
-0.470488
-0.469132
-0.467758
-0.466545
-0.465738
-0.465585
-0.466271
-0.467883
-0.470348
-0.473433
-0.476808
-0.480105
-0.483033
-0.485351
-0.486954
-0.48775
-0.487724
-0.486902
-0.485323
-0.483032
-0.480092
-0.476639
-0.472827
-0.468882
-0.465069
-0.461721
-0.459158
-0.45767
-0.457465
-0.458608
-0.461014
-0.464459
-0.46859
-0.472982
-0.477219
-0.480919
-0.483752
-0.48548
-0.485942
-0.485089
-0.482935
-0.479613
-0.47535
-0.470422
-0.465179
-0.459991
-0.45523
-0.451191
-0.448051
-0.445824
-0.444392
-0.443552
-0.443072
-0.442972
-0.443469
-0.445017
-0.448135
-0.453029
-0.459459
-0.466731
-0.473939
-0.480307
-0.485364
-0.489012
-0.491424
-0.492949
-0.493997
-0.494929
-0.495982
-0.497286
-0.498814
-0.500485
-0.5022
-0.503848
-0.505326
-0.506515
-0.507246
-0.507363
-0.506635
-0.504816
-0.50169
-0.49712
-0.491067
-0.483748
-0.475687
-0.467628
-0.460485
-0.454972
-0.451319
-0.449217
-0.448019
-0.447131
-0.446328
-0.445912
-0.44653
-0.448868
-0.453265
-0.459422
-0.466554
-0.473636
-0.479799
-0.484431
-0.487261
-0.488281
-0.487672
-0.485798
-0.483093
-0.480029
-0.477051
-0.474523
-0.472689
-0.471593
-0.47108
-0.470803
-0.470298
-0.469116
-0.466896
-0.463571
-0.459389
-0.454943
-0.45111
-0.448726
-0.448304
-0.449898
-0.453094
-0.45727
-0.461758
-0.466075
-0.469933
-0.473167
-0.475731
-0.477573
-0.478692
-0.479065
-0.478665
-0.477422
-0.475302
-0.472191
-0.468027
-0.462726
-0.456276
-0.448783
-0.440521
-0.431975
-0.423831
-0.416933
-0.412053
-0.40967
-0.409873
-0.412264
-0.416167
-0.420845
-0.425636
-0.430151
-0.434205
-0.437761
-0.440875
-0.443592
-0.445925
-0.447819
-0.449202
-0.449982
-0.450106
-0.449587
-0.448463
-0.446836
-0.444872
-0.442776
-0.440772
-0.439083
-0.437923
-0.437436
-0.437699
-0.438696
-0.440339
-0.442467
-0.444892
-0.447403
-0.449835
-0.452005
-0.453786
-0.455037
-0.455614
-0.455374
-0.454097
-0.451539
-0.447424
-0.441604
-0.434196
-0.425852
-0.41796
-0.412419
-0.410974
-0.414263
-0.421438
-0.430677
-0.440065
-0.448274
-0.454625
-0.45889
-0.461055
-0.461189
-0.459365
-0.455767
-0.450819
-0.445412
-0.440845
-0.438543
-0.439477
-0.443622
-0.449941
-0.456889
-0.463091
-0.467685
-0.470395
-0.47136
-0.47101
-0.469905
-0.468597
-0.467518
-0.466837
-0.46655
-0.466415
-0.466114
-0.465363
-0.464058
-0.462361
-0.460553
-0.459033
-0.458092
-0.457906
-0.458509
-0.459841
-0.461855
-0.464469
-0.467618
-0.471144
-0.474822
-0.478331
-0.481335
-0.483561
-0.484854
-0.485265
-0.485064
-0.484719
-0.484778
-0.485713
-0.48775
-0.490782
-0.494474
-0.498366
-0.502004
-0.505109
-0.507502
-0.50913
-0.510028
-0.510267
-0.509947
-0.509162
-0.508015
-0.506594
-0.505012
-0.503369
-0.501739
-0.500245
-0.498924
-0.497831
-0.496987
-0.496377
-0.496026
-0.495903
-0.496014
-0.496352
-0.4969
-0.49761
-0.498434
-0.499272
-0.500024
-0.500584
-0.500846
-0.500786
-0.500402
-0.499746
-0.498928
-0.498109
-0.497457
-0.497075
-0.49699
-0.497101
-0.49717
-0.496859
-0.495816
-0.493729
-0.490472
-0.486131
-0.481042
-0.475751
-0.470989
-0.467453
-0.465754
-0.466254
-0.468987
-0.47363
-0.479569
-0.486029
-0.492242
-0.497561
-0.501578
-0.504076
-0.505062
-0.504663
-0.50313
-0.500814
-0.498151
-0.495731
-0.494134
-0.493895
-0.495368
-0.498615
-0.503329
-0.50893
-0.514723
-0.520021
-0.524321
-0.52725
-0.528654
-0.528536
-0.526983
-0.524253
-0.520743
-0.516967
-0.513486
-0.510769
-0.509036
-0.508122
-0.507582
-0.506822
-0.505284
-0.502655
-0.498859
-0.494041
-0.488548
-0.482829
-0.477438
-0.472941
-0.469949
-0.468995
-0.47041
-0.474161
-0.479765
-0.486471
-0.493385
-0.499853
-0.505439
-0.509992
-0.513542
-0.516221
-0.518183
-0.519563
-0.520437
-0.520845
-0.520826
-0.520408
-0.519599
-0.518418
-0.516894
-0.515077
-0.513021
-0.510776
-0.50846
-0.506187
-0.504075
-0.502239
-0.500755
-0.499622
-0.498797
-0.498268
-0.498059
-0.498309
-0.499231
-0.500995
-0.503618
-0.506938
-0.510591
-0.514213
-0.517466
-0.520161
-0.522286
-0.523916
-0.525145
-0.526124
-0.526878
-0.527366
-0.527527
-0.527331
-0.526817
-0.526143
-0.525531
-0.525199
-0.525223
-0.525426
-0.525406
-0.524604
-0.522411
-0.518374
-0.512249
-0.504137
-0.494523
-0.48429
-0.474602
-0.466646
-0.461346
-0.459194
-0.46018
-0.463831
-0.469324
-0.475658
-0.481908
-0.487368
-0.491711
-0.494962
-0.497428
-0.499515
-0.501626
-0.503958
-0.506504
-0.509087
-0.511415
-0.513249
-0.51444
-0.5149
-0.514646
-0.513769
-0.512411
-0.510738
-0.508936
-0.507184
-0.505578
-0.504115
-0.502627
-0.500816
-0.498317
-0.494755
-0.489945
-0.484017
-0.477428
-0.470946
-0.465465
-0.4617
-0.460039
-0.460425
-0.46251
-0.465781
-0.46964
-0.473472
-0.476728
-0.47905
-0.480207
-0.480156
-0.478992
-0.476944
-0.474267
-0.471318
-0.468461
-0.466087
-0.464513
-0.463995
-0.464628
-0.466319
-0.468846
-0.471888
-0.475116
-0.478252
-0.481072
-0.48347
-0.485384
-0.486822
-0.487811
-0.488416
-0.488728
-0.488811
-0.488775
-0.488667
-0.488564
-0.488479
-0.488434
-0.488424
-0.488405
-0.488353
-0.48824
-0.488037
-0.48772
-0.48731
-0.486831
-0.486255
-0.485634
-0.484949
-0.484185
-0.48328
-0.482191
-0.480806
-0.479042
-0.476803
-0.474034
-0.470739
-0.466973
-0.462864
-0.458645
-0.454656
-0.451311
-0.449022
-0.448153
-0.448889
-0.451192
-0.454795
-0.459171
-0.463723
-0.467825
-0.470881
-0.472377
-0.471863
-0.469028
-0.463693
-0.456055
-0.446965
-0.437976
-0.431145
-0.428218
-0.42965
-0.434319
-0.440134
-0.445016
-0.447506
-0.446841
-0.442873
-0.435978
-0.427176
-0.418222
-0.411328
-0.408436
-0.410283
-0.416099
-0.424054
-0.432247
-0.439328
-0.444603
-0.447858
-0.449177
-0.448736
-0.446791
-0.443679
-0.439809
-0.43573
-0.432067
-0.429443
-0.428295
-0.428725
-0.430516
-0.433215
-0.436281
-0.439265
-0.441872
-0.443933
-0.445431
-0.446427
-0.446979
-0.447153
-0.446998
-0.446569
-0.445848
-0.44478
-0.443279
-0.44117
-0.438282
-0.434319
-0.42903
-0.422223
-0.413896
-0.404442
-0.394727
-0.385979
-0.379405
-0.375619
-0.374381
-0.374778
-0.375829
-0.376898
-0.377777
-0.378526
-0.379249
-0.38003
-0.380981
-0.382225
-0.383932
-0.38623
-0.389118
-0.392445
-0.395996
-0.399546
-0.402919
-0.406036
-0.408909
-0.411568
-0.414055
-0.416392
-0.418572
-0.420571
-0.422333
-0.423814
-0.424987
-0.425831
-0.426324
-0.426472
-0.426301
-0.42583
-0.425111
-0.424153
-0.422992
-0.421668
-0.420212
-0.418647
-0.416977
-0.415222
-0.413342
-0.411312
-0.409054
-0.406482
-0.403515
-0.400097
-0.396241
-0.392046
-0.387704
-0.383481
-0.379656
-0.376444
-0.373992
-0.372298
-0.371311
-0.370952
-0.371227
-0.372238
-0.374131
-0.377012
-0.380818
-0.385291
-0.390044
-0.394649
-0.398757
-0.402186
-0.404897
-0.406966
-0.408509
-0.409659
-0.410459
-0.410951
-0.411134
-0.411006
-0.410591
-0.409911
-0.409043
-0.408052
-0.407033
-0.406089
-0.405273
-0.404652
-0.404202
-0.403904
-0.403679
-0.403437
-0.403077
-0.40254
-0.401755
-0.400746
-0.399562
-0.398309
-0.397122
-0.396153
-0.395538
-0.395358
-0.395626
-0.396273
-0.397147
-0.39806
-0.398836
-0.399297
-0.399334
-0.398878
-0.39794
-0.396598
-0.394994
-0.393273
-0.391627
-0.390206
-0.389101
-0.388343
-0.387885
-0.387648
-0.387493
-0.3873
-0.386968
-0.386433
-0.385658
-0.384686
-0.383543
-0.382304
-0.38108
-0.379956
-0.379071
-0.378557
-0.378575
-0.379313
-0.380926
-0.383555
-0.387244
-0.391878
-0.397213
-0.402884
-0.40847
-0.413612
-0.418039
-0.42159
-0.424213
-0.425912
-0.426709
-0.426673
-0.425853
-0.424274
-0.421978
-0.418974
-0.415329
-0.411074
-0.406347
-0.401362
-0.396405
-0.391869
-0.388206
-0.385823
-0.385025
-0.385861
-0.388133
-0.391424
-0.395161
-0.3988
-0.401851
-0.403987
-0.405029
-0.404946
-0.403828
-0.401876
-0.399398
-0.396768
-0.394405
-0.392713
-0.391982
-0.392375
-0.393913
-0.396483
-0.399824
-0.403674
-0.407792
-0.41197
-0.416072
-0.419984
-0.423648
-0.427024
-0.430048
-0.432659
-0.43478
-0.436364
-0.437385
-0.437863
-0.437894
-0.437641
-0.437301
-0.437099
-0.437185
-0.437608
-0.438314
-0.439137
-0.439876
-0.44035
-0.440425
-0.440022
-0.439175
-0.437939
-0.436408
-0.434714
-0.43297
-0.431294
-0.429738
-0.428358
-0.427173
-0.426207
-0.425473
-0.425038
-0.424985
-0.425428
-0.426488
-0.428246
-0.430726
-0.433854
-0.437469
-0.44134
-0.445185
-0.448711
-0.451677
-0.453854
-0.455132
-0.455419
-0.454697
-0.452973
-0.45024
-0.44651
-0.441777
-0.436035
-0.42937
-0.421968
-0.414253
-0.406971
-0.401149
-0.397899
-0.398096
-0.40195
-0.408892
-0.417743
-0.427145
-0.435916
-0.443359
-0.449157
-0.453331
-0.456095
-0.45776
-0.458618
-0.458928
-0.458896
-0.458667
-0.458298
-0.457832
-0.457251
-0.456528
-0.455635
-0.45451
-0.453139
-0.451487
-0.449552
-0.447316
-0.444796
-0.441994
-0.438947
-0.435709
-0.432357
-0.429034
-0.42592
-0.423246
-0.421251
-0.420139
-0.420006
-0.420855
-0.422515
-0.424728
-0.427171
-0.429486
-0.431402
-0.432685
-0.433171
-0.432791
-0.431589
-0.429731
-0.427529
-0.425452
-0.424041
-0.423767
-0.42491
-0.427436
-0.431006
-0.435107
-0.439203
-0.442873
-0.445836
-0.448004
-0.449379
-0.450075
-0.450248
-0.450058
-0.449709
-0.44933
-0.449055
-0.448961
-0.44909
-0.449453
-0.450044
-0.450859
-0.451875
-0.453097
-0.454511
-0.456152
-0.458044
-0.460215
-0.462673
-0.46544
-0.468463
-0.471681
-0.474992
-0.478249
-0.481252
-0.483788
-0.485574
-0.486318
-0.485684
-0.483368
-0.479098
-0.472682
-0.464073
-0.453447
-0.441292
-0.428431
-0.416105
-0.405883
-0.399425
-0.398044
-0.402208
-0.411297
-0.42379
-0.437741
-0.451363
-0.463424
-0.473312
-0.480937
-0.486452
-0.490164
-0.492402
-0.493422
-0.493467
-0.492738
-0.49139
-0.489559
-0.487374
-0.484968
-0.482487
-0.48008
-0.477873
-0.475945
-0.474343
-0.473006
-0.471843
-0.470741
-0.469572
-0.468209
-0.46652
-0.464354
-0.461664
-0.45867
-0.455938
-0.454414
-0.455051
-0.45855
-0.465004
-0.473841
-0.48407
-0.494631
-0.504702
-0.513776
-0.521644
-0.528244
-0.533584
-0.537707
-0.54057
-0.542157
-0.542445
-0.541413
-0.539071
-0.535456
-0.530642
-0.524746
-0.517948
-0.510529
-0.502834
-0.49529
-0.48836
-0.482486
-0.477993
-0.475075
-0.47367
-0.473561
-0.474359
-0.475653
-0.477025
-0.478159
-0.478921
-0.479397
-0.479853
-0.480634
-0.482014
-0.48405
-0.486571
-0.489191
-0.491554
-0.493473
-0.494997
-0.496355
-0.49786
-0.499763
-0.502096
-0.504698
-0.507255
-0.509448
-0.51098
-0.51169
-0.511515
-0.510496
-0.508741
-0.506378
-0.503531
-0.50035
-0.496928
-0.493331
-0.489614
-0.485805
-0.481939
-0.47803
-0.474104
-0.470161
-0.466158
-0.462043
-0.457756
-0.453375
-0.449157
-0.445734
-0.444002
-0.444841
-0.448637
-0.45505
-0.463092
-0.471503
-0.479269
-0.485732
-0.49062
-0.493947
-0.495851
-0.496531
-0.49613
-0.494793
-0.492586
-0.48951
-0.485511
-0.480554
-0.47461
-0.467716
-0.460174
-0.452522
-0.445619
-0.440434
-0.437805
-0.438103
-0.441094
-0.446075
-0.452134
-0.458471
-0.46448
-0.46986
-0.474478
-0.478325
-0.481462
-0.483945
-0.485779
-0.48695
-0.487446
-0.487254
-0.486405
-0.485014
-0.483285
-0.48149
-0.479892
-0.478605
-0.477589
-0.476536
-0.474939
-0.472268
-0.468082
-0.462203
-0.454728
-0.446072
-0.436846
-0.427656
-0.419083
-0.411699
-0.406125
-0.403127
-0.403457
-0.407625
-0.415623
-0.426851
-0.440221
-0.454454
-0.46836
-0.481013
-0.49184
-0.500497
-0.506892
-0.510985
-0.512774
-0.512266
-0.509446
-0.504373
-0.497222
-0.488523
-0.479248
-0.470842
-0.46494
-0.462774
-0.464532
-0.469264
-0.475352
-0.481151
-0.485484
-0.487757
-0.487919
-0.486304
-0.483533
-0.48032
-0.477435
-0.475479
-0.474788
-0.475312
-0.476684
-0.47835
-0.479726
-0.480413
-0.480215
-0.479179
-0.477561
-0.475712
-0.473995
-0.472704
-0.472049
-0.47207
-0.472762
-0.474006
-0.475685
-0.47763
-0.479662
-0.481587
-0.483203
-0.484312
-0.484772
-0.484513
-0.48357
-0.482114
-0.480419
-0.478836
-0.477662
-0.4771
-0.47719
-0.477791
-0.478668
-0.479576
-0.480305
-0.48072
-0.480741
-0.480341
-0.479518
-0.478312
-0.476777
-0.474987
-0.473022
-0.470901
-0.468545
-0.465821
-0.462456
-0.458164
-0.452831
-0.446708
-0.440637
-0.435971
-0.434135
-0.435867
-0.440803
-0.44767
-0.454967
-0.461505
-0.466643
-0.470194
-0.472246
-0.473002
-0.472711
-0.471615
-0.469963
-0.467998
-0.465931
-0.463985
-0.462346
-0.461148
-0.460475
-0.460338
-0.460685
-0.461393
-0.462334
-0.463374
-0.464409
-0.465427
-0.466456
-0.467558
-0.46885
-0.47039
-0.472171
-0.474138
-0.476168
-0.478095
-0.47975
-0.480999
-0.481729
-0.481893
-0.481475
-0.480513
-0.479047
-0.477151
-0.474901
-0.472385
-0.469641
-0.466717
-0.463592
-0.460252
-0.456643
-0.452762
-0.4487
-0.444621
-0.440859
-0.437843
-0.436068
-0.435938
-0.437677
-0.4412
-0.446152
-0.451983
-0.458108
-0.463992
-0.469269
-0.473725
-0.477286
-0.479957
-0.481832
-0.483003
-0.48359
-0.48369
-0.483389
-0.482793
-0.481961
-0.480963
-0.479859
-0.478658
-0.477397
-0.476043
-0.474546
-0.472774
-0.470519
-0.467481
-0.463237
-0.457329
-0.44937
-0.439312
-0.427836
-0.416744
-0.408833
-0.407015
-0.412794
-0.425338
-0.44189
-0.459233
-0.474852
-0.4873
-0.496001
-0.500865
-0.501997
-0.499537
-0.493663
-0.48474
-0.473476
-0.461126
-0.449479
-0.440445
-0.435408
-0.434656
-0.437484
-0.442738
-0.449304
-0.456416
-0.463591
-0.470551
-0.477177
-0.483379
-0.489108
-0.494302
-0.498875
-0.50268
-0.505597
-0.507455
-0.508098
-0.507391
-0.505255
-0.50168
-0.496769
-0.490801
-0.484283
-0.477933
-0.472599
-0.469079
-0.467861
-0.46899
-0.472075
-0.476478
-0.481566
-0.486843
-0.491926
-0.496576
-0.500619
-0.503862
-0.506197
-0.507575
-0.508046
-0.50776
-0.506916
-0.505766
-0.504563
-0.503508
-0.502727
-0.502316
-0.50234
-0.502822
-0.503801
-0.505215
-0.506966
-0.50892
-0.510951
-0.5129
-0.514671
-0.516167
-0.51733
-0.518138
-0.518571
-0.51865
-0.518412
-0.517957
-0.517401
-0.51687
-0.516479
-0.516303
-0.516357
-0.516552
-0.516768
-0.516805
-0.516503
-0.515708
-0.514316
-0.512336
-0.509844
-0.507013
-0.504064
-0.501278
-0.498936
-0.497304
-0.496551
-0.496746
-0.497845
-0.499629
-0.501833
-0.504142
-0.506226
-0.507823
-0.508733
-0.508834
-0.508094
-0.506586
-0.504432
-0.501809
-0.498936
-0.496048
-0.493423
-0.491287
-0.489905
-0.489482
-0.490174
-0.492027
-0.494996
-0.498868
-0.503335
-0.507985
-0.512388
-0.516062
-0.518598
-0.519694
-0.5192
-0.517205
-0.514034
-0.510207
-0.506324
-0.502865
-0.499957
-0.497383
-0.49462
-0.49123
-0.48707
-0.482567
-0.478728
-0.47675
-0.477382
-0.480483
-0.48511
-0.490026
-0.49427
-0.497365
-0.499258
-0.50014
-0.500299
-0.499996
-0.499436
-0.498667
-0.49771
-0.496508
-0.494974
-0.49305
-0.490747
-0.488169
-0.48552
-0.483139
-0.481333
-0.480417
-0.480615
-0.482035
-0.484565
-0.487989
-0.491939
-0.496001
-0.499727
-0.502697
-0.504565
-0.505017
-0.503822
-0.500819
-0.495966
-0.489354
-0.481333
-0.472627
-0.464312
-0.457784
-0.454467
-0.455304
-0.460397
-0.468958
-0.479582
-0.490777
-0.501354
-0.51054
-0.517951
-0.523499
-0.527251
-0.529335
-0.529956
-0.529287
-0.527572
-0.525051
-0.522056
-0.518942
-0.516037
-0.513609
-0.511779
-0.510475
-0.509474
-0.508467
-0.507173
-0.505335
-0.502873
-0.499828
-0.496315
-0.492569
-0.488818
-0.4853
-0.482146
-0.479409
-0.476991
-0.474631
-0.472036
-0.468897
-0.464981
-0.460333
-0.455311
-0.450683
-0.447355
-0.446107
-0.447305
-0.450734
-0.455798
-0.461753
-0.467945
-0.473911
-0.47932
-0.483904
-0.487446
-0.489721
-0.490531
-0.489763
-0.487512
-0.48406
-0.480056
-0.476393
-0.474003
-0.473557
-0.475151
-0.478335
-0.482299
-0.48622
-0.489456
-0.491675
-0.492762
-0.49281
-0.491952
-0.490378
-0.488266
-0.485822
-0.483209
-0.480608
-0.478138
-0.475931
-0.474033
-0.472451
-0.47115
-0.470054
-0.469092
-0.468193
-0.467339
-0.466519
-0.465748
-0.465077
-0.46456
-0.464218
-0.464057
-0.464068
-0.464202
-0.464419
-0.464651
-0.464853
-0.46501
-0.465079
-0.465078
-0.464992
-0.464829
-0.464595
-0.464277
-0.463879
-0.46336
-0.462703
-0.461908
-0.460988
-0.459986
-0.458992
-0.458111
-0.457527
-0.45736
-0.457735
-0.458673
-0.460137
-0.462016
-0.464145
-0.466374
-0.468551
-0.470575
-0.472397
-0.473976
-0.475323
-0.476424
-0.477314
-0.478001
-0.47851
-0.47884
-0.478982
-0.478951
-0.478721
-0.478283
-0.477601
-0.476633
-0.475357
-0.473704
-0.471614
-0.469004
-0.465813
-0.462016
-0.457612
-0.452686
-0.44743
-0.442115
-0.43717
-0.432984
-0.429932
-0.428244
-0.428003
-0.429148
-0.431486
-0.434703
-0.438451
-0.44233
-0.44591
-0.448837
-0.450871
-0.45191
-0.451951
-0.45114
-0.449715
-0.447933
-0.446072
-0.44436
-0.442949
-0.441939
-0.441394
-0.441368
-0.44195
-0.443185
-0.445106
-0.447728
-0.45096
-0.454636
-0.458621
-0.462743
-0.466858
-0.470827
-0.474573
-0.478001
-0.481079
-0.483774
-0.486075
-0.487981
-0.489505
-0.490676
-0.49148
-0.491919
-0.491989
-0.491667
-0.4909
-0.489618
-0.487785
-0.485308
-0.482148
-0.478338
-0.474014
-0.469435
-0.465027
-0.461328
-0.45881
-0.457745
-0.458148
-0.459697
-0.461925
-0.464372
-0.466693
-0.468743
-0.470513
-0.472124
-0.473699
-0.475373
-0.47724
-0.479288
-0.481491
-0.483771
-0.486006
-0.488049
-0.489784
-0.491085
-0.491839
-0.491972
-0.491435
-0.490204
-0.488284
-0.485688
-0.482463
-0.478654
-0.474326
-0.469552
-0.464484
-0.45935
-0.454533
-0.450513
-0.447832
-0.446972
-0.448213
-0.45156
-0.456716
-0.463194
-0.470433
-0.47784
-0.484929
-0.49128
-0.496611
-0.500741
-0.503592
-0.505177
-0.505581
-0.504903
-0.5033
-0.500947
-0.49803
-0.494747
-0.491259
-0.487699
-0.484173
-0.480742
-0.477417
-0.474222
-0.471139
-0.46819
-0.465407
-0.462878
-0.460708
-0.459025
-0.457925
-0.457489
-0.457756
-0.458767
-0.460493
-0.462926
-0.465997
-0.469575
-0.473538
-0.477697
-0.481859
-0.485843
-0.489506
-0.492744
-0.495479
-0.497677
-0.499319
-0.500378
-0.500861
-0.500742
-0.500008
-0.498659
-0.496707
-0.494161
-0.491061
-0.487468
-0.483467
-0.479131
-0.474564
-0.46983
-0.464955
-0.459894
-0.45458
-0.448909
-0.442789
-0.436278
-0.429674
-0.423587
-0.418868
-0.416408
-0.416809
-0.420109
-0.425803
-0.433047
-0.440965
-0.448885
-0.456349
-0.463137
-0.469145
-0.474335
-0.478682
-0.482143
-0.484669
-0.486223
-0.48672
-0.486132
-0.484476
-0.481861
-0.478505
-0.474743
-0.47105
-0.468017
-0.466262
-0.466275
-0.468242
-0.471972
-0.476898
-0.482264
-0.487322
-0.491455
-0.494283
-0.495662
-0.495708
-0.494769
-0.493373
-0.4921
-0.491453
-0.491716
-0.492831
-0.494412
-0.495887
-0.496616
-0.496028
-0.493657
-0.489211
-0.482635
-0.474259
-0.464873
-0.455802
-0.448681
-0.444882
-0.444885
-0.448117
-0.453306
-0.459118
-0.464608
-0.469318
-0.473199
-0.476394
-0.479128
-0.481605
-0.484006
-0.486439
-0.488981
-0.49166
-0.494432
-0.49721
-0.499861
-0.502192
-0.503998
-0.505066
-0.505195
-0.50429
-0.502372
-0.499703
-0.496746
-0.494108
-0.492425
-0.492078
-0.493126
-0.495223
-0.497811
-0.500321
-0.502289
-0.503431
-0.503645
-0.502938
-0.501414
-0.499291
-0.496875
-0.494472
-0.492432
-0.491047
-0.490502
-0.49085
-0.492004
-0.493758
-0.495844
-0.497953
-0.499841
-0.501328
-0.502373
-0.503003
-0.50324
-0.503102
-0.502546
-0.501473
-0.499781
