3.06216
3.06137
3.0608
3.06039
3.06004
3.05962
3.05901
3.05807
3.05669
3.05483
3.05252
3.04982
3.04691
3.04397
3.0412
3.03875
3.03669
3.035
3.03358
3.03224
3.03088
3.02947
3.02817
3.02739
3.02769
3.02963
3.03359
3.03953
3.04699
3.05528
3.06365
3.07149
3.07843
3.08426
3.0889
3.09232
3.09449
3.09536
3.09483
3.09281
3.08922
3.08416
3.0779
3.07095
3.06391
3.05722
3.05099
3.04495
3.03871
3.03227
3.02625
3.02197
3.02123
3.02565
3.03581
3.05052
3.06722
3.08324
3.09676
3.107
3.11399
3.11811
3.11985
3.11964
3.11781
3.11466
3.11042
3.10538
3.09992
3.0946
3.09019
3.08748
3.08712
3.08937
3.09394
3.10013
3.10706
3.11387
3.11994
3.12486
3.1284
3.13044
3.13088
3.12961
3.12658
3.12182
3.11554
3.10829
3.10105
3.09511
3.0917
3.09148
3.09424
3.09904
3.1047
3.11022
3.11497
3.11874
3.12158
3.12363
3.12501
3.12581
3.126
3.12547
3.12397
3.12118
3.11677
3.11039
3.10184
3.09114
3.0787
3.06538
3.05266
3.04239
3.03638
3.03591
3.04112
3.0509
3.06341
3.07674
3.08939
3.10051
3.1098
3.11727
3.12314
3.12763
3.131
3.13345
3.13514
3.13619
3.13669
3.13665
3.13609
3.13499
3.13331
3.13102
3.1281
3.12459
3.12058
3.11627
3.11197
3.108
3.10474
3.10246
3.10124
3.10103
3.10161
3.1027
3.10405
3.10543
3.10675
3.10796
3.10906
3.11007
3.11099
3.11184
3.11258
3.11316
3.11356
3.11371
3.11353
3.11296
3.11194
3.11037
3.10824
3.10552
3.10225
3.09855
3.09465
3.09086
3.08761
3.08534
3.08441
3.08508
3.08736
3.09109
3.09593
3.10148
3.10736
3.11323
3.11887
3.12415
3.12897
3.13328
3.1371
3.14043
3.14327
3.14563
3.14749
3.14884
3.14965
3.14988
3.14954
3.14861
3.14715
3.14527
3.14309
3.14084
3.13867
3.1367
3.13489
3.13298
3.13058
3.12716
3.12221
3.11541
3.1068
3.09695
3.08706
3.07866
3.07327
3.07173
3.07394
3.07893
3.08536
3.09203
3.09813
3.10335
3.10767
3.11124
3.11428
3.11694
3.11938
3.12176
3.12421
3.12692
3.13
3.13346
3.1372
3.14095
3.14441
3.14723
3.14915
3.15
3.14979
3.14865
3.1469
3.14492
3.14314
3.14189
3.14132
3.14142
3.14195
3.14254
3.14278
3.14224
3.14048
3.13711
3.13182
3.1244
3.11485
3.1035
3.0912
3.07932
3.06966
3.06395
3.06313
3.06709
3.07467
3.08424
3.09433
3.10385
3.11227
3.11944
3.12538
3.13026
3.13427
3.13757
3.14029
3.14253
3.14439
3.14592
3.14716
3.14813
3.14889
3.14946
3.14987
3.15014
3.1503
3.15032
3.15014
3.14966
3.14875
3.14718
3.14473
3.14116
3.13626
3.12992
3.12215
3.11316
3.10347
3.09397
3.08595
3.08094
3.08015
3.08386
3.09108
3.10008
3.10907
3.11683
3.12282
3.12704
3.12978
3.13142
3.13231
3.13276
3.13303
3.13333
3.13376
3.1344
3.13525
3.13621
3.13715
3.13796
3.13855
3.13889
3.13894
3.13866
3.13795
3.13666
3.1347
3.13203
3.1289
3.12584
3.12359
3.1229
3.12425
3.12763
3.13256
3.1383
3.14413
3.14949
3.15407
3.15778
3.16059
3.16264
3.16404
3.16494
3.16546
3.16572
3.16579
3.16571
3.16549
3.16509
3.16438
3.16319
3.16135
3.15859
3.15475
3.14973
3.14363
3.13685
3.13007
3.12409
3.11954
3.1166
3.11502
3.1145
3.11501
3.11693
3.12071
3.1265
3.13382
3.14175
3.14935
3.15592
3.16109
3.16484
3.16733
3.16878
3.16944
3.16954
3.16927
3.16878
3.16818
3.16751
3.16682
3.16607
3.16523
3.16419
3.16285
3.16112
3.15891
3.15622
3.15316
3.14998
3.14706
3.14489
3.1439
3.14437
3.14629
3.14936
3.15311
3.15707
3.16085
3.16416
3.1669
3.16906
3.17069
3.17189
3.17276
3.17342
3.17394
3.17439
3.17477
3.17508
3.17531
3.17543
3.1754
3.1752
3.17482
3.17425
3.17348
3.17251
3.17133
3.16992
3.16825
3.16637
3.16432
3.16218
3.16008
3.15815
3.15652
3.15529
3.15449
3.15408
3.15399
3.15408
3.1542
3.15429
3.15427
3.15413
3.15398
3.15391
3.15407
3.15456
3.1555
3.15692
3.1588
3.16103
3.16346
3.16591
3.16821
3.17016
3.17163
3.17248
3.17261
3.17193
3.17043
3.16816
3.16522
3.16179
3.15808
3.15432
3.15072
3.1474
3.14447
3.14199
3.14
3.13856
3.13774
3.13756
3.13796
3.13881
3.1399
3.14105
3.14205
3.1428
3.14324
3.1434
3.14333
3.14311
3.14282
3.14253
3.1423
3.14211
3.14197
3.14186
3.1418
3.14183
3.14202
3.14244
3.14311
3.14402
3.14511
3.14627
3.14736
3.14824
3.14875
3.14882
3.14839
3.14744
3.146
3.1441
3.1418
3.13915
3.13625
3.13313
3.12989
3.12659
3.12337
3.12037
3.11779
3.11587
3.1148
3.11477
3.11583
3.11784
3.12057
3.12368
3.12679
3.12958
3.13177
3.13323
3.13389
3.13376
3.13293
3.13148
3.12954
3.12721
3.12459
3.12175
3.11874
3.11563
3.1125
3.10954
3.10689
3.10474
3.10327
3.10262
3.10282
3.10377
3.10534
3.10727
3.10933
3.11126
3.11286
3.11397
3.1145
3.11441
3.11377
3.11268
3.11137
3.11013
3.10919
3.10879
3.10898
3.10964
3.11047
3.11103
3.11086
3.1095
3.10662
3.10221
3.09668
3.09098
3.08652
3.08463
3.08598
3.0901
3.09558
3.10065
3.10382
3.10413
3.10114
3.09493
3.08616
3.07606
3.06627
3.05845
3.05361
3.05184
3.05249
3.05476
3.05813
3.06235
3.06723
3.07252
3.07783
3.08277
3.087
3.09037
3.09284
3.09442
3.09521
3.09537
3.09503
3.09434
3.09345
3.09248
3.09156
3.0908
3.09026
3.08997
3.08995
3.0902
3.09065
3.09127
3.092
3.09279
3.0936
3.09439
3.09513
3.09584
3.09649
3.09706
3.09755
3.09798
3.09833
3.0986
3.09875
3.09875
3.09857
3.09812
3.09729
3.09592
3.09384
3.09079
3.08652
3.08084
3.07368
3.06527
3.05626
3.04777
3.04112
3.03745
3.03712
3.03971
3.04424
3.04966
3.05519
3.06031
3.06473
3.06823
3.07069
3.07199
3.07213
3.07117
3.06938
3.06724
3.06539
3.0646
3.06549
3.06836
3.07301
3.0789
3.08522
3.09126
3.0965
3.10064
3.1036
3.1054
3.10618
3.1061
3.10536
3.1041
3.10249
3.10066
3.09874
3.09683
3.09509
3.09374
3.09307
3.09336
3.09482
3.0974
3.10082
3.10462
3.10828
3.11132
3.11346
3.11461
3.1149
3.11458
3.11394
3.11325
3.11263
3.11204
3.1113
3.11024
3.10879
3.10714
3.10571
3.10509
3.10577
3.10791
3.11123
3.11506
3.11861
3.12117
3.12229
3.12183
3.11993
3.11693
3.11334
3.1096
3.10613
3.1032
3.10102
3.09979
3.09973
3.10099
3.10362
3.10751
3.11258
3.11871
3.12573
3.13337
3.14115
3.14855
3.15507
3.16036
3.16426
3.16675
3.16797
3.16808
3.16732
3.1659
3.16403
3.16192
3.15969
3.15745
3.15521
3.15296
3.15065
3.14822
3.14562
3.14283
3.13987
3.1368
3.13372
3.1308
3.12824
3.12628
3.12517
3.1251
3.12614
3.12824
3.13115
3.13453
3.13792
3.14089
3.14298
3.14379
3.14299
3.14042
3.13621
3.13093
3.12571
3.12202
3.12116
3.12363
3.12889
3.13562
3.14239
3.14815
3.15239
3.155
3.1561
3.15593
3.15474
3.15277
3.15028
3.14747
3.14453
3.14153
3.13842
3.13495
3.13074
3.12549
3.11907
3.11184
3.10472
3.09919
3.09691
3.09902
3.10548
3.11488
3.12515
3.13438
3.1414
3.1459
3.14813
3.1486
3.1479
3.14653
3.14484
3.14305
3.14126
3.13948
3.1377
3.13586
3.13394
3.13186
3.12956
3.12694
3.12394
3.1205
3.11661
3.1124
3.10809
3.10404
3.10066
3.09837
3.09741
3.09784
3.09946
3.10181
3.10444
3.10695
3.10912
3.11097
3.11274
3.11476
3.11741
3.12084
3.12505
3.12981
3.13477
3.13956
3.14387
3.14749
3.15032
3.15237
3.15366
3.15428
3.15434
3.15393
3.15313
3.15202
3.15069
3.14922
3.14766
3.14609
3.14454
3.1431
3.14181
3.14072
3.13989
3.13935
3.13918
3.13941
3.14006
3.14115
3.14266
3.14452
3.14667
3.14899
3.15139
3.15377
3.15607
3.15824
3.16021
3.16202
3.16363
3.16505
3.16628
3.16731
3.16813
3.16873
3.16911
3.16925
3.16916
3.16886
3.16836
3.16771
3.16698
3.16623
3.16555
3.16503
3.1647
3.1646
3.16473
3.16506
3.16555
3.16612
3.16676
3.16744
3.16819
3.16903
3.17003
3.17125
3.17268
3.17434
3.17622
3.17818
3.18015
3.18202
3.18365
3.1849
3.18571
3.18601
3.18573
3.18488
3.18347
3.18159
3.17934
3.17688
3.17437
3.17197
3.16983
3.16806
3.16668
3.16568
3.16502
3.16471
3.16489
3.16582
3.1678
3.17113
3.17587
3.18183
3.18857
3.19551
3.20209
3.2079
3.21269
3.21632
3.21878
3.2201
3.22036
3.21962
3.21796
3.21548
3.21229
3.20851
3.20431
3.19989
3.1954
3.191
3.18678
3.18271
3.17869
3.17451
3.16999
3.16504
3.15966
3.15407
3.14868
3.14395
3.14029
3.13795
3.13693
3.13704
3.13802
3.13953
3.14133
3.14323
3.14512
3.14694
3.14866
3.15032
3.15194
3.15352
3.15504
3.15646
3.15766
3.15853
3.15889
3.15859
3.15747
3.15542
3.15236
3.14832
3.1434
3.1379
3.13223
3.12701
3.12294
3.12074
3.12084
3.1233
3.12773
3.13341
3.13954
3.14542
3.15056
3.15471
3.15778
3.15976
3.16066
3.16045
3.15906
3.1563
3.1519
3.14548
3.13663
3.12504
3.11074
3.0945
3.07816
3.06446
3.05611
3.05451
3.05908
3.06777
3.07817
3.08848
3.09762
3.10519
3.11116
3.11574
3.11922
3.12192
3.12409
3.12597
3.12774
3.12951
3.1313
3.13316
3.13503
3.13684
3.13853
3.14
3.14123
3.14216
3.14282
3.14318
3.14329
3.14321
3.143
3.14271
3.14237
3.14202
3.14162
3.14115
3.14057
3.13978
3.13874
3.1374
3.13578
3.13393
3.13195
3.13002
3.12832
3.12708
3.12653
3.12682
3.12805
3.1302
3.13315
3.1367
3.14063
3.14465
3.14851
3.15199
3.15493
3.15723
3.15881
3.15967
3.15978
3.15917
3.15788
3.15594
3.15348
3.15059
3.14743
3.14426
3.14134
3.13898
3.1374
3.13672
3.13686
3.13765
3.13878
3.14004
3.1414
3.14307
3.14541
3.1487
3.15295
3.15783
3.16276
3.16713
3.17058
3.17299
3.17449
3.17524
3.17535
3.17467
3.17286
3.16935
3.16366
3.15566
3.14608
3.13687
3.13094
3.13085
3.13719
3.14809
3.1605
3.1717
3.18021
3.18558
3.18796
3.18781
3.18567
3.18221
3.1781
3.1741
3.17091
3.169
3.16856
3.1694
3.17116
3.1734
3.17577
3.17805
3.18017
3.18207
3.18375
3.18509
3.18594
3.18602
3.18509
3.18295
3.17961
3.17542
3.1711
3.16769
3.16614
3.16698
3.16994
3.17419
3.17872
3.18269
3.18562
3.18742
3.18822
3.18826
3.18783
3.18716
3.18645
3.18579
3.18524
3.18477
3.18436
3.1839
3.18332
3.18256
3.18157
3.18037
3.17903
3.17764
3.17642
3.1756
3.17542
3.1761
3.17772
3.18018
3.18326
3.18662
3.18992
3.19284
3.19517
3.19674
3.19752
3.19749
3.19666
3.19507
3.19276
3.18984
3.18639
3.18258
3.17862
3.17481
3.17145
3.16888
3.1674
3.1672
3.16834
3.17075
3.17418
3.17829
3.18268
3.18692
3.19063
3.19346
3.19519
3.19565
3.19479
3.19265
3.18935
3.18509
3.18015
3.1749
3.16972
3.16495
3.16092
3.15778
3.15557
3.15415
3.15329
3.15285
3.15274
3.15322
3.15478
3.15788
3.16279
3.16923
3.17649
3.1837
3.19008
3.19515
3.1988
3.2012
3.20273
3.20378
3.20471
3.20577
3.20705
3.20856
3.21023
3.21195
3.2136
3.21507
3.21625
3.21699
3.2171
3.21635
3.21454
3.21143
3.20684
3.20079
3.19348
3.1854
3.17736
3.17022
3.16471
3.16105
3.15894
3.15774
3.15685
3.15605
3.15562
3.15624
3.15859
3.16297
3.16912
3.17624
3.18334
3.1895
3.19413
3.19695
3.19795
3.19736
3.19549
3.19279
3.18971
3.18672
3.18419
3.18237
3.18128
3.18077
3.18049
3.17999
3.17879
3.17658
3.17325
3.16906
3.16464
3.16081
3.15841
3.15799
3.15959
3.16278
3.16692
3.17138
3.17568
3.17953
3.18277
3.18531
3.18715
3.18826
3.18863
3.18822
3.18701
3.18488
3.18179
3.17763
3.17233
3.16589
3.15841
3.15014
3.14157
3.13343
3.12652
3.12161
3.11924
3.11944
3.12184
3.12575
3.13042
3.13522
3.13974
3.14378
3.14733
3.15044
3.15315
3.15548
3.15737
3.15874
3.15951
3.15964
3.15911
3.15798
3.15636
3.1544
3.1523
3.15029
3.14861
3.14744
3.14695
3.14721
3.1482
3.14983
3.15195
3.15437
3.1569
3.15933
3.16151
3.16328
3.16453
3.16512
3.16487
3.1636
3.16103
3.15692
3.1511
3.14367
3.13532
3.12742
3.1219
3.12046
3.12375
3.13093
3.14016
3.14956
3.15776
3.16409
3.16835
3.17053
3.17068
3.16887
3.16528
3.16035
3.15493
3.15035
3.14805
3.14899
3.15313
3.15944
3.16639
3.1726
3.1772
3.17989
3.18084
3.18049
3.17938
3.17806
3.17694
3.17628
3.176
3.17588
3.17557
3.17481
3.17352
3.17181
3.17001
3.16847
3.16754
3.16735
3.16795
3.16929
3.1713
3.17393
3.17708
3.18061
3.18427
3.18777
3.19077
3.19299
3.19429
3.1947
3.1945
3.19417
3.19424
3.19517
3.19719
3.20022
3.20391
3.2078
3.21147
3.21458
3.21697
3.2186
3.2195
3.21974
3.21941
3.21863
3.21748
3.21607
3.21448
3.21282
3.21121
3.20969
3.20837
3.20727
3.20642
3.20583
3.20547
3.20535
3.20546
3.2058
3.20634
3.20706
3.20789
3.20873
3.20948
3.21004
3.21032
3.21027
3.20987
3.20921
3.2084
3.20758
3.20692
3.20654
3.20646
3.20657
3.20664
3.20633
3.20528
3.2032
3.19995
3.1956
3.19051
3.18524
3.18047
3.17694
3.17526
3.17577
3.17851
3.18315
3.18909
3.19555
3.20176
3.2071
3.21112
3.21365
3.21464
3.21423
3.21269
3.21035
3.20771
3.20528
3.20367
3.20343
3.20491
3.20816
3.21287
3.21848
3.22426
3.22955
3.23382
3.23675
3.23816
3.23802
3.23646
3.23373
3.23021
3.22642
3.22293
3.22022
3.21848
3.21757
3.21703
3.21626
3.21474
3.21213
3.20834
3.20354
3.19804
3.19233
3.18693
3.18243
3.17944
3.17849
3.17991
3.18365
3.18925
3.19592
3.20285
3.20931
3.2149
3.21945
3.223
3.22569
3.22766
3.22903
3.22988
3.2303
3.23028
3.22986
3.22904
3.22787
3.22637
3.22455
3.22248
3.22024
3.21791
3.21563
3.21353
3.21171
3.21023
3.20909
3.20827
3.20773
3.20753
3.20779
3.20871
3.21046
3.21308
3.21639
3.22006
3.22369
3.22695
3.22967
3.2318
3.23342
3.23468
3.23565
3.23638
3.23686
3.23703
3.23683
3.23631
3.23562
3.235
3.23467
3.23469
3.2349
3.2349
3.23409
3.23192
3.22788
3.22175
3.21363
3.20401
3.19379
3.1841
3.17614
3.17084
3.1687
3.16969
3.17333
3.17881
3.18516
3.19141
3.19689
3.20124
3.20449
3.20695
3.20906
3.21118
3.21353
3.21608
3.21864
3.22098
3.22284
3.22403
3.22449
3.22425
3.22336
3.22199
3.22031
3.21851
3.21676
3.21516
3.21369
3.2122
3.2104
3.20789
3.20434
3.19958
3.19366
3.18707
3.18059
3.1751
3.17135
3.16968
3.17007
3.17217
3.17544
3.17928
3.18309
3.18636
3.18867
3.18982
3.18976
3.18861
3.18654
3.18388
3.18094
3.17809
3.1757
3.17413
3.17362
3.17424
3.17594
3.17846
3.1815
3.18473
3.18784
3.19067
3.19306
3.19498
3.19641
3.19741
3.19803
3.19834
3.19844
3.19838
3.19827
3.19815
3.19807
3.19803
3.19802
3.19802
3.19798
3.19788
3.19768
3.19739
3.19699
3.19648
3.19593
3.19531
3.19463
3.19386
3.19298
3.19187
3.19048
3.1887
3.18646
3.1837
3.18039
3.1766
3.17248
3.16827
3.1643
3.16095
3.15866
3.15778
3.15851
3.16082
3.16439
3.16877
3.17332
3.17742
3.18048
3.18198
3.18148
3.17862
3.17327
3.16566
3.15657
3.14759
3.14078
3.13786
3.13929
3.14394
3.14975
3.15462
3.1571
3.15643
3.15244
3.14554
3.13675
3.1278
3.12092
3.11803
3.11989
3.1257
3.13365
3.14185
3.14894
3.15421
3.15748
3.15879
3.15836
3.15642
3.1533
3.14942
3.14533
3.14168
3.13906
3.1379
3.13834
3.14013
3.14282
3.14589
3.14887
3.15146
3.15354
3.15506
3.15605
3.15658
3.15676
3.15663
3.1562
3.15547
3.15441
3.15289
3.1508
3.14788
3.14391
3.13862
3.13181
3.12349
3.11405
3.10433
3.09559
3.08902
3.08525
3.08401
3.0844
3.08545
3.08651
3.0874
3.08814
3.08887
3.08966
3.09059
3.09181
3.09351
3.0958
3.09868
3.10201
3.10556
3.10909
3.11246
3.11558
3.11845
3.12111
3.1236
3.12594
3.12813
3.13011
3.13188
3.13337
3.13454
3.13536
3.13584
3.136
3.13583
3.13537
3.13464
3.13368
3.13254
3.13123
3.12978
3.12821
3.12655
3.12478
3.12291
3.12087
3.11862
3.11605
3.11308
3.10967
3.10582
3.10163
3.09729
3.09307
3.08923
3.08604
3.08358
3.08189
3.08089
3.08052
3.0808
3.08181
3.08371
3.08658
3.09039
3.09487
3.09962
3.10422
3.10833
3.11176
3.11448
3.11656
3.11812
3.11925
3.12005
3.12054
3.12073
3.12061
3.12019
3.1195
3.11861
3.1176
3.11658
3.11563
3.11483
3.11421
3.11378
3.11348
3.11326
3.11301
3.11266
3.11211
3.11135
3.11036
3.10918
3.10793
3.10674
3.10576
3.10514
3.10496
3.10523
3.10587
3.10674
3.10766
3.10843
3.10889
3.10892
3.10846
3.10754
3.1062
3.10459
3.10288
3.10123
3.09981
3.09871
3.09796
3.09752
3.09729
3.09714
3.09695
3.09662
3.0961
3.09536
3.09439
3.09326
3.09204
3.09079
3.08967
3.08878
3.08828
3.08831
3.08905
3.09067
3.0933
3.09699
3.10164
3.10697
3.11263
3.11821
3.12335
3.12778
3.13134
3.13396
3.13564
3.13645
3.13642
3.13559
3.13401
3.13171
3.12871
3.12503
3.12078
3.11606
3.11107
3.10612
3.1016
3.09794
3.09555
3.09474
3.09557
3.09785
3.10113
3.10488
3.1085
3.11154
3.11367
3.11471
3.11463
3.11351
3.11157
3.10909
3.10646
3.1041
3.10239
3.10165
3.10205
3.10361
3.10616
3.1095
3.11336
3.11748
3.12166
3.12574
3.12965
3.13332
3.13669
3.13971
3.14231
3.14444
3.14602
3.14703
3.14751
3.14753
3.14726
3.14694
3.14673
3.14682
3.14725
3.14794
3.14876
3.1495
3.14998
3.15005
3.14967
3.14882
3.14758
3.14606
3.14437
3.14263
3.14094
3.13939
3.13801
3.13683
3.13585
3.13511
3.13467
3.13462
3.13508
3.13614
3.1379
3.14038
3.14352
3.14714
3.15101
3.15485
3.15838
3.16132
3.16351
3.16477
3.16507
3.16435
3.16261
3.15989
3.15617
3.15143
3.14571
3.13903
3.13162
3.12392
3.11665
3.11084
3.10761
3.1078
3.11166
3.1186
3.12745
3.13685
3.14566
3.1531
3.1589
3.16306
3.16582
3.16746
3.16831
3.16862
3.1686
3.16836
3.16801
3.16754
3.16697
3.16625
3.16534
3.16422
3.16284
3.16119
3.15925
3.15703
3.15451
3.15171
3.14867
3.14542
3.14207
3.13874
3.13563
3.13297
3.13098
3.12986
3.12974
3.13058
3.13224
3.13445
3.13688
3.13921
3.14114
3.14242
3.1429
3.14253
3.14133
3.13947
3.13729
3.13523
3.13383
3.13356
3.1347
3.13721
3.14077
3.14486
3.14896
3.15263
3.1556
3.15776
3.15913
3.15983
3.16
3.15984
3.15949
3.15912
3.15884
3.15873
3.15886
3.15922
3.15983
3.16065
3.16167
3.16288
3.16431
3.16596
3.16785
3.17002
3.1725
3.17525
3.17826
3.18148
3.18479
3.18803
3.19103
3.19354
3.19531
3.19603
3.1954
3.19309
3.18882
3.18239
3.17377
3.16315
3.15098
3.13812
3.1258
3.11558
3.10913
3.10775
3.1119
3.12099
3.13349
3.14743
3.16104
3.1731
3.183
3.19061
3.19614
3.19986
3.20208
3.2031
3.20315
3.20241
3.20106
3.19922
3.19704
3.19464
3.19217
3.18975
3.18754
3.18563
3.18404
3.18272
3.18157
3.18046
3.1793
3.17795
3.17626
3.17407
3.17138
3.16838
3.16569
3.16415
3.1648
3.16831
3.17477
3.18361
3.19383
3.2044
3.21447
3.22355
3.23142
3.23802
3.24338
3.24747
3.25032
3.2519
3.25218
3.25115
3.24882
3.24521
3.24039
3.23449
3.2277
3.22028
3.21258
3.20504
3.19812
3.19226
3.1878
3.18488
3.18349
3.18337
3.18418
3.18547
3.18683
3.18796
3.18872
3.1892
3.18964
3.1904
3.19178
3.19383
3.19634
3.19896
3.20132
3.20323
3.20473
3.20609
3.20761
3.20951
3.21184
3.21444
3.21701
3.21919
3.22073
3.22144
3.22127
3.22026
3.21849
3.21612
3.21329
3.2101
3.20666
3.20306
3.19934
3.19553
3.19166
3.18776
3.18383
3.17987
3.17587
3.17175
3.16747
3.16306
3.15884
3.15543
3.15372
3.15456
3.15836
3.16478
3.17281
3.18124
3.189
3.19546
3.20035
3.20368
3.20559
3.20625
3.20587
3.20453
3.20231
3.19922
3.19523
3.19027
3.18429
3.17741
3.16986
3.16223
3.15533
3.15015
3.14752
3.14782
3.1508
3.15578
3.16185
3.16818
3.17422
3.1796
3.18421
3.18807
3.19121
3.19368
3.19551
3.19669
3.1972
3.19701
3.19616
3.19477
3.19304
3.19124
3.18962
3.18836
3.18736
3.1863
3.18472
3.18205
3.17786
3.17195
3.16447
3.15582
3.14657
3.13738
3.12882
3.12142
3.11584
3.11283
3.11316
3.11733
3.12533
3.13655
3.14992
3.16415
3.17805
3.19071
3.20152
3.21019
3.21658
3.22067
3.22247
3.22195
3.21913
3.21404
3.2069
3.1982
3.18892
3.18052
3.17462
3.17244
3.17419
3.17893
3.18502
3.19082
3.19515
3.19742
3.19759
3.19598
3.19319
3.18998
3.18709
3.18514
3.18444
3.18496
3.18632
3.18797
3.18936
3.19004
3.18983
3.1888
3.18718
3.18533
3.18362
3.18234
3.18166
3.18169
3.18237
3.18363
3.18531
3.18726
3.1893
3.19122
3.19283
3.19395
3.19441
3.19416
3.19322
3.19177
3.19009
3.18849
3.18733
3.18677
3.18685
3.18744
3.18832
3.18923
3.18996
3.19037
3.19038
3.18997
3.18914
3.18793
3.1864
3.18461
3.18263
3.18048
3.17814
3.17542
3.17206
3.16777
3.16243
3.1563
3.15022
3.14556
3.14371
3.14544
3.15037
3.15724
3.16453
3.17106
3.1762
3.17975
3.1818
3.18255
3.18225
3.18115
3.17949
3.1775
3.17543
3.17349
3.17184
3.17065
3.16998
3.16985
3.17019
3.1709
3.17184
3.17287
3.17391
3.17492
3.17593
3.17705
3.17833
3.17985
3.18164
3.1836
3.18563
3.18755
3.18921
3.19045
3.19119
3.19136
3.19095
3.18998
3.18851
3.18663
3.1844
3.18189
3.17917
3.17624
3.17312
3.16975
3.16614
3.16227
3.1582
3.15413
3.15036
3.14735
3.14556
3.14544
3.14717
3.1507
3.15565
3.16148
3.16759
3.17348
3.17876
3.18322
3.18678
3.18947
3.19136
3.19254
3.19313
3.19323
3.19295
3.19235
3.19152
3.19053
3.1894
3.1882
3.18693
3.18558
3.18408
3.18232
3.18007
3.17703
3.17279
3.16688
3.15891
3.14885
3.13739
3.1263
3.1184
3.11657
3.12236
3.13489
3.15144
3.16878
3.1844
3.19686
3.20558
3.21045
3.21156
3.20908
3.20321
3.19428
3.18301
3.17065
3.15901
3.14998
3.14492
3.14416
3.147
3.15224
3.1588
3.16589
3.17305
3.18003
3.18666
3.19286
3.19859
3.20378
3.20834
3.21216
3.21507
3.21693
3.21758
3.21689
3.21476
3.21118
3.20626
3.20029
3.19377
3.18741
3.18207
3.17854
3.17732
3.17845
3.18153
3.18594
3.19104
3.19631
3.2014
3.20606
3.21008
3.21332
3.21567
3.21706
3.21753
3.21722
3.21637
3.21524
3.21405
3.21299
3.2122
3.21177
3.21179
3.2123
3.21327
3.21467
3.21641
3.21837
3.22039
3.22234
3.22411
3.22561
3.22677
3.22756
3.22798
3.22804
3.22781
3.22736
3.2268
3.22626
3.22587
3.22569
3.22573
3.22594
3.22616
3.22621
3.22589
3.22508
3.22369
3.22171
3.21922
3.21638
3.21342
3.21062
3.20828
3.20664
3.2059
3.20611
3.20718
3.20897
3.21117
3.21348
3.21557
3.21717
3.21808
3.21818
3.21745
3.21594
3.21379
3.21116
3.20829
3.20542
3.20277
3.20064
3.19925
3.19883
3.19952
3.20138
3.20433
3.20819
3.21266
3.21732
3.22171
3.22538
3.22792
3.22902
3.22854
3.22655
3.22337
3.21955
3.21568
3.21221
3.20931
3.20672
3.20399
3.20061
3.19645
3.19195
3.18813
3.18616
3.18679
3.1899
3.19452
3.19944
3.20369
3.20678
3.20867
3.20955
3.20971
3.20941
3.20882
3.20806
3.20712
3.20593
3.2044
3.20248
3.20017
3.19758
3.19495
3.19254
3.19072
3.1898
3.19001
3.19141
3.19395
3.19736
3.20131
3.20535
3.20906
3.21204
3.21389
3.21434
3.21314
3.21014
3.20527
3.19866
3.19065
3.18193
3.17361
3.16709
3.16378
3.16463
3.16974
3.17828
3.18889
3.2001
3.21067
3.21985
3.22726
3.23279
3.23653
3.23862
3.23922
3.23855
3.23682
3.23431
3.23133
3.22821
3.22532
3.22291
3.22108
3.21977
3.21877
3.21777
3.21646
3.21463
3.21218
3.20912
3.20561
3.20185
3.19811
3.19458
3.19143
3.18869
3.18625
3.18391
3.18134
3.17819
3.17427
3.1696
3.16459
3.15996
3.15662
3.15539
3.15658
3.16
3.16506
3.171
3.1772
3.18317
3.18857
3.19317
3.19671
3.19898
3.19978
3.19902
3.19674
3.19329
3.1893
3.18564
3.18327
3.18282
3.18442
3.18761
3.19157
3.19547
3.1987
3.20092
3.20203
3.20209
3.20124
3.19966
3.19756
3.19511
3.1925
3.18989
3.18744
3.18522
3.18333
3.18174
3.18044
3.17935
3.17839
3.17751
3.17664
3.1758
3.17503
3.17437
3.17384
3.1735
3.17335
3.17336
3.1735
3.1737
3.17393
3.17415
3.1743
3.17439
3.17438
3.1743
3.17415
3.17392
3.17362
3.17321
3.1727
3.17207
3.17129
3.17038
3.16938
3.16838
3.16753
3.16694
3.16679
3.16716
3.1681
3.16957
3.17144
3.17357
3.17579
3.17797
3.18
3.18182
3.18341
3.18473
3.18585
3.18674
3.18743
3.18793
3.18825
3.1884
3.18836
3.18813
3.18768
3.187
3.18606
3.18478
3.18313
3.18104
3.17844
3.17528
3.17148
3.16708
3.16215
3.15687
3.15159
3.14663
3.14245
3.1394
3.13772
3.1375
3.13864
3.14096
3.14418
3.14793
3.15179
3.15536
3.15829
3.16034
3.16136
3.1614
3.1606
3.15918
3.15742
3.15558
3.15387
3.15246
3.15145
3.1509
3.15089
3.15145
3.15268
3.15463
3.15723
3.16043
3.16412
3.1681
3.17222
3.17633
3.18031
3.18405
3.1875
3.19058
3.19327
3.19557
3.19749
3.19903
3.20018
3.20099
3.20143
3.20151
3.20118
3.2004
3.19914
3.19728
3.19479
3.19164
3.18783
3.18349
3.1789
3.17451
3.17079
3.16826
3.16722
3.16761
3.16917
3.1714
3.17384
3.17617
3.17821
3.17999
3.18159
3.18318
3.18486
3.18671
3.18877
3.19098
3.19326
3.19549
3.19755
3.19929
3.20059
3.20134
3.20147
3.20092
3.19967
3.19773
3.19514
3.19192
3.18812
3.18378
3.17901
3.17394
3.16881
3.164
3.15999
3.15733
3.15648
3.15774
3.16108
3.16623
3.17272
3.17996
3.18738
3.19446
3.20081
3.20613
3.21027
3.21313
3.21473
3.21512
3.21445
3.21285
3.21052
3.20763
3.20436
3.20087
3.19731
3.19379
3.19035
3.18704
3.18384
3.18075
3.1778
3.17503
3.17252
3.17038
3.16871
3.16762
3.16719
3.16747
3.16846
3.17019
3.17261
3.17565
3.17924
3.18321
3.18736
3.19153
3.19551
3.19918
3.20242
3.20516
3.20737
3.20901
3.21009
3.21057
3.21045
3.20974
3.20841
3.20646
3.20392
3.20082
3.19723
3.19321
3.18889
3.18432
3.17958
3.1747
3.16965
3.16434
3.15866
3.15254
3.14603
3.13944
3.13336
3.12865
3.12619
3.12659
3.12989
3.13558
3.14282
3.15074
3.15865
3.16612
3.1729
3.1789
3.18408
3.18841
3.19188
3.19444
3.19598
3.19648
3.19589
3.19425
3.19163
3.18826
3.18447
3.18077
3.17773
3.17599
3.17601
3.17799
3.18172
3.18665
3.19203
3.19709
3.20123
3.20405
3.20544
3.2055
3.20458
3.20319
3.20191
3.20127
3.20154
3.20264
3.20422
3.20569
3.20643
3.20583
3.20345
3.19901
3.19246
3.18408
3.17469
3.16562
3.15851
3.1547
3.15471
3.15794
3.16313
3.16894
3.17442
3.17914
3.18302
3.18622
3.18895
3.19143
3.19383
3.19627
3.19882
3.20149
3.20426
3.20703
3.20967
3.21201
3.21382
3.21487
3.215
3.21408
3.21218
3.2095
3.20652
3.20387
3.20216
3.20183
3.20287
3.20497
3.20756
3.21006
3.21203
3.21319
3.2134
3.21269
3.21119
3.2091
3.20667
3.20428
3.20224
3.20085
3.2003
3.20065
3.20181
3.20358
3.20565
3.20775
3.20962
3.21113
3.2122
3.21283
3.21306
3.21293
3.21237
3.2113
3.20962
