               1       0.0475829       0.0475829               0
               2       0.0518303       0.0497066      0.00212373
               3       0.0499361       0.0497831      0.00122852
               4       0.0618637       0.0528033      0.00314259
               5       0.0449045       0.0512235      0.00290191
               6       0.0427991       0.0498194      0.00275418
               7       0.0470827       0.0494285      0.00236031
               8       0.0570892       0.0503861      0.00225727
               9       0.0498432       0.0503257      0.00199164
              10       0.0469947       0.0499926      0.00181225
              11       0.0543292       0.0503869      0.00168598
              12       0.0459249        0.050015      0.00158336
              13       0.0416753       0.0493735       0.0015915
              14        0.047684       0.0492528      0.00147838
              15       0.0531386       0.0495119      0.00140046
              16       0.0480709       0.0494218      0.00131311
              17       0.0440554       0.0491062       0.0012732
              18       0.0488821       0.0490937      0.00120045
              19       0.0482221       0.0490478      0.00113644
              20       0.0455916        0.048875      0.00109188
              21       0.0436019       0.0486239      0.00106851
              22       0.0477233        0.048583      0.00101961
              23       0.0477989       0.0485489     0.000974866
              24       0.0544707       0.0487956     0.000965426
              25       0.0487201       0.0487926     0.000926009
              26       0.0477707       0.0487533     0.000890548
              27       0.0517608       0.0488647      0.00086414
              28       0.0427664       0.0486469     0.000860717
              29        0.043272       0.0484616     0.000850936
              30       0.0543295       0.0486572     0.000845032
              31       0.0495745       0.0486867     0.000817854
              32       0.0525732       0.0488082     0.000801143
              33       0.0419413       0.0486001     0.000803885
              34       0.0460696       0.0485257     0.000783427
              35        0.046005       0.0484537     0.000764115
              36       0.0500154        0.048497     0.000743853
              37       0.0479604       0.0484825     0.000723615
              38        0.047894       0.0484671     0.000704485
              39       0.0485547       0.0484693     0.000686187
              40       0.0520144       0.0485579     0.000674659
              41       0.0501969       0.0485979     0.000659212
              42       0.0617181       0.0489103     0.000715158
              43       0.0491847       0.0489167     0.000698358
              44       0.0422732       0.0487657     0.000698808
              45       0.0464272       0.0487137     0.000685077
              46       0.0554977       0.0488612     0.000686057
              47       0.0441995        0.048762     0.000678589
              48       0.0493573       0.0487744     0.000664417
              49       0.0501169       0.0488018     0.000651293
              50       0.0559931       0.0489456     0.000654142
              51       0.0520822       0.0490071      0.00064413
              52       0.0520065       0.0490648      0.00063425
              53       0.0488706       0.0490612     0.000622178
              54       0.0495119       0.0490695     0.000610605
              55        0.039857        0.048902     0.000622364
              56       0.0543586       0.0489994     0.000618868
              57       0.0454062       0.0489364     0.000611173
              58        0.044467       0.0488593     0.000605467
              59       0.0427432       0.0487557     0.000604078
              60       0.0540381       0.0488437     0.000600414
              61       0.0405691       0.0487081      0.00060587
              62       0.0475321       0.0486891      0.00059632
              63       0.0454803       0.0486382     0.000588984
              64       0.0482778       0.0486325     0.000579736
              65       0.0545632       0.0487238     0.000577994
              66        0.055229       0.0488223     0.000577641
              67       0.0469181       0.0487939     0.000569663
              68        0.040715       0.0486751     0.000573661
              69       0.0537706        0.048749     0.000570089
              70       0.0596954       0.0489053     0.000583241
              71       0.0526754       0.0489584     0.000577414
              72        0.052494       0.0490075     0.000571452
              73       0.0469938         0.04898     0.000564244
              74       0.0447995       0.0489235     0.000559427
              75       0.0574837       0.0490376     0.000563595
              76       0.0526651       0.0490853     0.000558175
              77       0.0505683       0.0491046     0.000551214
              78       0.0558847       0.0491915     0.000551001
              79       0.0428559       0.0491113     0.000549862
              80       0.0388459        0.048983     0.000557902
              81       0.0573094       0.0490858     0.000560479
              82        0.060235       0.0492218     0.000570054
              83       0.0473854       0.0491996     0.000563578
              84        0.050686       0.0492173      0.00055711
              85       0.0539933       0.0492735     0.000553376
              86       0.0528107       0.0493146     0.000548448
              87       0.0466003       0.0492834     0.000543005
              88       0.0592238       0.0493964     0.000548555
              89       0.0424525       0.0493184     0.000547939
              90       0.0404464       0.0492198     0.000550712
              91       0.0431944       0.0491536     0.000548636
              92       0.0552158       0.0492195     0.000546626
              93       0.0375107       0.0490936     0.000555181
              94        0.049087       0.0490935     0.000549243
              95       0.0499968        0.049103     0.000543514
              96       0.0428313       0.0490377     0.000541776
              97       0.0560254       0.0491097     0.000540979
              98       0.0446741       0.0490645      0.00053734
              99       0.0447313       0.0490207     0.000533683
             100       0.0464249       0.0489947     0.000528956
