               1         1.12687         1.12687               0
               2         1.14073          1.1338      0.00693148
               3          1.1706         1.14607        0.012904
               4         1.15873         1.14923      0.00965796
               5         1.17527         1.15444      0.00911476
               6         1.16552         1.15629      0.00766762
               7         1.18491         1.16038      0.00766273
               8         1.17672         1.16242      0.00694356
               9         1.17317         1.16361      0.00623904
              10         1.18174         1.16543      0.00586747
              11         1.18494          1.1672      0.00559586
              12         1.19552         1.16956      0.00562714
              13         1.20064         1.17195      0.00570168
              14         1.20884         1.17459      0.00589996
              15          1.2035         1.17651      0.00582097
              16         1.19321         1.17756      0.00554415
              17         1.18651         1.17808       0.0052344
              18         1.17515         1.17792      0.00493773
              19         1.16301         1.17714      0.00473614
              20         1.15133         1.17585      0.00467467
              21          1.1504         1.17463       0.0046087
              22         1.15161         1.17359      0.00451715
              23         1.16825         1.17336      0.00432252
              24         1.18404          1.1738      0.00416236
              25         1.18919         1.17442      0.00403956
              26         1.18437          1.1748      0.00389993
              27         1.17999         1.17499      0.00375763
              28         1.18912          1.1755      0.00365594
              29          1.2022         1.17642      0.00364583
              30         1.21319         1.17764      0.00372939
              31         1.22482         1.17916      0.00391494
              32         1.19968         1.17981      0.00384445
              33         1.19092         1.18014      0.00374132
              34         1.17162         1.17989      0.00363827
              35         1.18972         1.18017      0.00354393
              36         1.19873         1.18069      0.00348242
              37         1.20825         1.18143      0.00346793
              38         1.21764         1.18239      0.00350733
              39         1.21891         1.18332      0.00354228
              40         1.21168         1.18403      0.00352461
              41         1.22977         1.18515      0.00361405
              42         1.21489         1.18585      0.00359736
              43         1.20657         1.18634      0.00354558
              44         1.19597         1.18656      0.00347097
              45         1.19857         1.18682      0.00340345
              46         1.21232         1.18738      0.00337447
              47         1.23464         1.18838      0.00345164
              48         1.23278         1.18931      0.00350328
              49         1.23666         1.19027      0.00356453
              50         1.23524         1.19117      0.00360645
              51         1.24334          1.1922      0.00368007
              52          1.2391          1.1931      0.00371961
              53          1.2364         1.19392      0.00373912
              54         1.21872         1.19437      0.00369788
              55         1.22478         1.19493      0.00367187
              56         1.20189         1.19505      0.00360784
              57         1.19418         1.19504      0.00354402
              58         1.16991          1.1946      0.00350923
              59         1.18118         1.19438      0.00345673
              60         1.16408         1.19387      0.00343593
              61         1.17052         1.19349      0.00340074
              62         1.16193         1.19298      0.00338394
              63          1.1744         1.19268      0.00334282
              64         1.18238         1.19252      0.00329411
              65         1.19403         1.19255      0.00324312
              66         1.19459         1.19258      0.00319375
              67         1.19343         1.19259      0.00314575
              68          1.1998          1.1927      0.00310095
              69         1.20642         1.19289      0.00306215
              70         1.22009         1.19328      0.00304298
              71         1.24139         1.19396      0.00307537
              72         1.23413         1.19452      0.00308325
              73         1.21829         1.19484       0.0030581
              74         1.21597         1.19513      0.00302997
              75         1.21026         1.19533       0.0029961
              76         1.22106         1.19567      0.00297574
              77         1.22204         1.19601      0.00295675
              78         1.20893         1.19618      0.00292329
              79         1.21471         1.19641      0.00289557
              80         1.21558         1.19665      0.00286917
              81         1.20665         1.19678      0.00283621
              82         1.23095         1.19719      0.00283224
              83         1.24404         1.19776      0.00285426
              84         1.23923         1.19825      0.00286298
              85         1.23527         1.19869      0.00286242
              86         1.23252         1.19908      0.00285616
              87         1.23664         1.19951      0.00285596
              88         1.21966         1.19974      0.00283259
              89         1.22378         1.20001      0.00281358
              90          1.2118         1.20014      0.00278523
              91         1.21641         1.20032      0.00276025
              92         1.19796         1.20029       0.0027302
              93         1.22125         1.20052      0.00271007
              94         1.22111         1.20074      0.00269002
              95         1.22341         1.20098      0.00267223
              96          1.2239         1.20122        0.002655
              97         1.20678         1.20127      0.00262812
              98         1.22639         1.20153      0.00261375
              99         1.22404         1.20176      0.00259719
             100         1.23528         1.20209      0.00259285
