               1        -0.33544        -0.33544               0
               2       -0.356224       -0.345832        0.010392
               3       -0.401062       -0.364242       0.0193629
               4       -0.383251       -0.368994       0.0144929
               5       -0.408038       -0.376803       0.0136749
               6       -0.393428       -0.379574       0.0115042
               7       -0.422512       -0.385708       0.0114961
               8       -0.410238       -0.388774       0.0104174
               9        -0.40493       -0.390569      0.00936098
              10       -0.417754       -0.393288      0.00880298
              11       -0.422546       -0.395947       0.0083951
              12       -0.438397       -0.399485      0.00844066
              13       -0.446078       -0.403069       0.0085516
              14       -0.458375       -0.407019       0.0088481
              15       -0.450344       -0.409908      0.00872884
              16       -0.434898        -0.41147      0.00831313
              17       -0.424815       -0.412255      0.00784819
              18       -0.407769       -0.412005      0.00740354
              19       -0.389584       -0.410825      0.00710178
              20       -0.372084       -0.408888      0.00701028
              21       -0.370667       -0.407068      0.00691204
              22       -0.372517       -0.405498      0.00677492
              23       -0.397465       -0.405148      0.00648307
              24       -0.421125       -0.405814      0.00624266
              25       -0.428882       -0.406737      0.00605843
              26       -0.421637        -0.40731      0.00584889
              27       -0.415036       -0.407596      0.00563537
              28       -0.428724       -0.408351      0.00548255
              29        -0.44833       -0.409729      0.00546681
              30       -0.464816       -0.411565      0.00559153
              31       -0.482262       -0.413846      0.00586933
              32       -0.444556       -0.414806      0.00576341
              33       -0.431372       -0.415308      0.00560855
              34       -0.402443       -0.414929      0.00545423
              35       -0.429595       -0.415348      0.00531265
              36       -0.443102       -0.416119      0.00522021
              37       -0.457398       -0.417235      0.00519829
              38       -0.471512       -0.418663      0.00525739
              39        -0.47347       -0.420069      0.00531014
              40        -0.46265       -0.421133      0.00528403
              41       -0.489779       -0.422807      0.00541869
              42       -0.467492       -0.423871      0.00539406
              43       -0.455046       -0.424596      0.00531679
              44       -0.439185       -0.424928      0.00520512
              45       -0.443107       -0.425332      0.00510415
              46       -0.463745       -0.426167      0.00506132
              47       -0.497237       -0.427679      0.00517816
              48       -0.494439        -0.42907      0.00525648
              49       -0.500224       -0.430522      0.00534897
              50       -0.498126       -0.431874       0.0054125
              51       -0.510283       -0.433411      0.00552359
              52       -0.503897       -0.434767      0.00558336
              53       -0.499812       -0.435994      0.00561282
              54       -0.473278       -0.436685        0.005551
              55       -0.482346       -0.437515      0.00551202
              56       -0.448032       -0.437703      0.00541596
              57       -0.436458       -0.437681      0.00532014
              58       -0.400059       -0.437032      0.00526769
              59       -0.417001       -0.436693      0.00518876
              60        -0.39133       -0.435937      0.00515727
              61       -0.400985       -0.435364      0.00510428
              62       -0.388054       -0.434601      0.00507892
              63       -0.406747       -0.434159      0.00501717
              64       -0.418743       -0.433918      0.00494403
              65       -0.436214       -0.433953       0.0048675
              66       -0.437033          -0.434      0.00479341
              67       -0.435291       -0.434019      0.00472137
              68       -0.444809       -0.434178      0.00465412
              69       -0.454765       -0.434476      0.00459587
              70       -0.475274       -0.435059      0.00456708
              71       -0.507193       -0.436075       0.0046155
              72       -0.496317       -0.436911      0.00462722
              73       -0.472576         -0.4374      0.00458947
              74       -0.469085       -0.437828      0.00454723
              75       -0.460545       -0.438131      0.00449641
              76       -0.476773        -0.43864      0.00446589
              77       -0.478249       -0.439154      0.00443742
              78       -0.458626       -0.439404      0.00438727
              79       -0.467324       -0.439757      0.00434578
              80       -0.468613       -0.440118      0.00430624
              81         -0.4552       -0.440304      0.00425682
              82       -0.491684        -0.44093      0.00425102
              83       -0.511339       -0.441779      0.00428431
              84       -0.504172       -0.442522      0.00429768
              85       -0.498222       -0.443177      0.00429708
              86       -0.494083       -0.443769      0.00428787
              87       -0.500311       -0.444419      0.00428784
              88       -0.474855       -0.444765      0.00425292
              89       -0.481039       -0.445172      0.00422457
              90        -0.46304       -0.445371      0.00418208
              91       -0.469903        -0.44564      0.00414465
              92       -0.442199       -0.445603      0.00409952
              93       -0.477132       -0.445942      0.00406935
              94       -0.476935       -0.446272       0.0040393
              95       -0.480336        -0.44663      0.00401261
              96       -0.480995       -0.446988      0.00398669
              97       -0.455283       -0.447074      0.00394631
              98       -0.484689       -0.447457      0.00392464
              99       -0.481154       -0.447798      0.00389968
             100       -0.498025         -0.4483      0.00389303
