               1          1.6903          1.6903               0
               2          1.7111          1.7007       0.0103972
               3         1.75591          1.7191        0.019356
               4          1.7381         1.72385       0.0144869
               5          1.7629         1.73166       0.0136721
               6         1.74827         1.73443       0.0115014
               7         1.77737         1.74056       0.0114941
               8         1.76508         1.74363       0.0104153
               9         1.75975         1.74542      0.00935857
              10         1.77261         1.74814      0.00880121
              11         1.77741          1.7508      0.00839379
              12         1.79328         1.75434       0.0084407
              13         1.80096         1.75793      0.00855252
              14         1.81327         1.76188      0.00884994
              15         1.80525         1.76477      0.00873146
              16         1.78982         1.76634      0.00831623
              17         1.77977         1.76713       0.0078516
              18         1.76273         1.76688      0.00740659
              19         1.74451         1.76571      0.00710421
              20           1.727         1.76377      0.00701201
              21         1.72559         1.76195      0.00691305
              22         1.72741         1.76038      0.00677572
              23         1.75238         1.76003      0.00648378
              24         1.77606          1.7607      0.00624354
              25         1.78378         1.76162      0.00605934
              26         1.77656          1.7622      0.00584989
              27         1.76999         1.76249      0.00563645
              28         1.78368         1.76324      0.00548391
              29          1.8033         1.76463      0.00546874
              30         1.81978         1.76646      0.00559409
              31         1.83723         1.76875      0.00587242
              32         1.79952         1.76971      0.00576667
              33         1.78638         1.77021      0.00561199
              34         1.75743         1.76984       0.0054574
              35         1.78458         1.77026      0.00531589
              36         1.79809         1.77103      0.00522363
              37         1.81237         1.77215      0.00520189
              38         1.82646         1.77358        0.005261
              39         1.82837         1.77498      0.00531342
              40         1.81752         1.77605      0.00528692
              41         1.84465         1.77772      0.00542107
              42         1.82234         1.77878      0.00539604
              43         1.80985          1.7795      0.00531837
              44         1.79395         1.77983      0.00520646
              45         1.79785         1.78023      0.00510517
              46         1.81848         1.78107       0.0050617
              47         1.85196         1.78257      0.00517746
              48         1.84917         1.78396      0.00525492
              49         1.85499         1.78541       0.0053468
              50         1.85286         1.78676      0.00540968
              51         1.86502         1.78829       0.0055201
              52         1.85865         1.78965      0.00557942
              53          1.8546         1.79087      0.00560868
              54         1.82809         1.79156      0.00554681
              55         1.83717         1.79239       0.0055078
              56         1.80283         1.79258      0.00541177
              57         1.79126         1.79255      0.00531603
              58         1.75486          1.7919      0.00526384
              59         1.77178         1.79156      0.00518509
              60         1.74612         1.79081      0.00515389
              61         1.75578         1.79023      0.00510112
              62          1.7429         1.78947      0.00507591
              63         1.76161         1.78903      0.00501423
              64         1.77357         1.78878      0.00494116
              65         1.79104         1.78882      0.00486467
              66         1.79188         1.78887      0.00479063
              67         1.79015         1.78888      0.00471862
              68          1.7997         1.78904      0.00465143
              69         1.80963         1.78934      0.00459322
              70         1.83013         1.78992      0.00456447
              71         1.86208         1.79094      0.00461305
              72         1.85119         1.79178      0.00462487
              73         1.82743         1.79227      0.00458716
              74         1.82395         1.79269      0.00454496
              75          1.8154           1.793      0.00449416
              76         1.83159         1.79351      0.00446361
              77         1.83307         1.79402      0.00443513
              78          1.8134         1.79427      0.00438494
              79         1.82207         1.79462      0.00434336
              80         1.82338         1.79498      0.00430376
              81         1.80997         1.79516      0.00425432
              82         1.84642         1.79579      0.00424836
              83         1.86606         1.79664       0.0042814
              84         1.85885         1.79738      0.00429447
              85          1.8529         1.79803      0.00429363
              86         1.84878         1.79862      0.00428424
              87         1.85496         1.79927      0.00428394
              88         1.82949         1.79961      0.00424888
              89         1.83568         1.80002      0.00422037
              90         1.81771         1.80021      0.00417784
              91         1.82462         1.80048      0.00414037
              92         1.79694         1.80044       0.0040953
              93         1.83188         1.80078       0.0040651
              94         1.83167         1.80111      0.00403503
              95         1.83512         1.80147      0.00400835
              96         1.83584         1.80182      0.00398251
              97         1.81016         1.80191      0.00394217
              98         1.83958          1.8023      0.00392063
              99         1.83606         1.80264      0.00389578
             100         1.85292         1.80314      0.00388927
