               1         3.04517         3.04517               0
               2         3.06597         3.05557       0.0104024
               3         3.11075         3.07396        0.019349
               4         3.09294         3.07871        0.014481
               5         3.11777         3.08652       0.0136693
               6         3.10312         3.08929       0.0114987
               7         3.13223         3.09542       0.0114921
               8         3.11993         3.09848       0.0104133
               9         3.11458         3.10027      0.00935616
              10         3.12748         3.10299      0.00879944
              11         3.13227         3.10565      0.00839248
              12         3.14817          3.1092      0.00844075
              13         3.15585         3.11279      0.00855345
              14         3.16816         3.11674      0.00885178
              15         3.16016         3.11964      0.00873407
              16         3.14474          3.1212      0.00831933
              17         3.13472           3.122      0.00785501
              18         3.11768         3.12176      0.00740966
              19         3.09943         3.12058      0.00710666
              20         3.08192         3.11865      0.00701374
              21         3.08052         3.11684      0.00691407
              22         3.08231         3.11527      0.00677653
              23         3.10729         3.11492      0.00648449
              24         3.13099         3.11559      0.00624442
              25         3.13868         3.11651      0.00606026
              26         3.13148         3.11709       0.0058509
              27         3.12494         3.11738      0.00563754
              28         3.13864         3.11814      0.00548527
              29         3.15827         3.11952      0.00547068
              30         3.17475         3.12136      0.00559665
              31         3.19219         3.12365      0.00587551
              32         3.15448         3.12461      0.00576994
              33         3.14139         3.12512      0.00561543
              34         3.11241         3.12475      0.00546058
              35         3.13956         3.12517      0.00531914
              36         3.15308         3.12594      0.00522707
              37         3.16734         3.12706       0.0052055
              38         3.18141         3.12849      0.00526462
              39         3.18327          3.1299      0.00531671
              40         3.17238         3.13096      0.00528981
              41         3.19953         3.13263      0.00542347
              42         3.17719         3.13369      0.00539802
              43         3.16466         3.13441      0.00531996
              44         3.14872         3.13474      0.00520781
              45          3.1526         3.13514      0.00510622
              46         3.17321         3.13596      0.00506211
              47         3.20669         3.13747      0.00517677
              48          3.2039         3.13885      0.00525338
              49         3.20975          3.1403      0.00534465
              50          3.2076         3.14165      0.00540687
              51         3.21975         3.14318      0.00551663
              52         3.21339         3.14453      0.00557549
              53          3.2094         3.14575      0.00560456
              54          3.1829         3.14644      0.00554264
              55         3.19199         3.14727      0.00550359
              56         3.15764         3.14745      0.00540759
              57         3.14607         3.14743      0.00531193
              58         3.10966         3.14678         0.00526
              59         3.12655         3.14643      0.00518144
              60         3.10091         3.14568      0.00515053
              61         3.11057          3.1451      0.00509797
              62         3.09774         3.14434      0.00507291
              63         3.11646         3.14389       0.0050113
              64          3.1284         3.14365      0.00493831
              65         3.14586         3.14369      0.00486187
              66         3.14673         3.14373      0.00478786
              67         3.14501         3.14375      0.00471589
              68         3.15459         3.14391      0.00464875
              69         3.16449         3.14421      0.00459058
              70         3.18498         3.14479      0.00456187
              71         3.21696         3.14581      0.00461062
              72         3.20607         3.14664      0.00462254
              73         3.18229         3.14713      0.00458486
              74         3.17882         3.14756       0.0045427
              75         3.17025         3.14786      0.00449192
              76         3.18642         3.14837      0.00446136
              77         3.18789         3.14888      0.00443284
              78         3.16817         3.14913      0.00438262
              79         3.17681         3.14948      0.00434095
              80         3.17814         3.14984      0.00430129
              81         3.16473         3.15002      0.00425183
              82         3.20116         3.15065      0.00424571
              83         3.22077         3.15149      0.00427849
              84         3.21353         3.15223      0.00429128
              85         3.20758         3.15288       0.0042902
              86         3.20347         3.15347      0.00428062
              87         3.20961         3.15412      0.00428005
              88         3.18413         3.15446      0.00424486
              89         3.19031         3.15486      0.00421619
              90         3.17237         3.15505      0.00417362
              91         3.17933         3.15532      0.00413611
              92         3.15168         3.15528       0.0040911
              93         3.18662         3.15562      0.00406088
              94         3.18641         3.15595      0.00403078
              95          3.1899          3.1563       0.0040041
              96         3.19069         3.15666      0.00397834
              97         3.16504         3.15675      0.00393806
              98         3.19447         3.15713      0.00391663
              99         3.19097         3.15747       0.0038919
             100         3.20781         3.15798      0.00388553
