               0                  0                  0
        0.064633                  0                  0
        0.129266                  0                  0
        0.193899                  0                  0
        0.258532                  0                  0
        0.323165                  0                  0
        0.387798                  0                  0
        0.452431                  0                  0
        0.517064                  0                  0
        0.581697                  0                  0
         0.64633                  0                  0
        0.710963                  0                  0
        0.775596                  0                  0
         0.84023                  0                  0
        0.904863           0.165746          0.0131087
        0.969496            1.14984          0.0454213
         1.03413            2.30824          0.0636234
         1.09876            2.55998          0.0573453
         1.16339            2.30921          0.0536329
         1.22803            1.97329          0.0490401
         1.29266            1.76594          0.0429389
         1.35729            1.59369          0.0397891
         1.42193             1.4469          0.0336193
         1.48656            1.34267          0.0310066
         1.55119             1.2646          0.0276677
         1.61583            1.19587          0.0268323
         1.68046            1.22904          0.0290273
         1.74509            1.17782          0.0262082
         1.80973            1.13501           0.024515
         1.87436            1.13052          0.0250306
         1.93899            1.14581          0.0248032
         2.00362             1.1526           0.021462
         2.06826            1.13036          0.0208691
         2.13289            1.12346          0.0196535
         2.19752            1.09626          0.0214672
         2.26216            1.11429          0.0212531
         2.32679            1.06995          0.0179887
         2.39142            1.09799          0.0180835
         2.45606            1.07114           0.015992
         2.52069            1.04638          0.0165661
         2.58532            1.03434          0.0157593
         2.64995            1.01962           0.015752
         2.71459            1.00929          0.0150617
         2.77922            1.02784          0.0138727
         2.84385            1.00523          0.0151725
         2.90849            1.02013          0.0169916
         2.97312              1.006          0.0168946
         3.03775            1.01305          0.0175487
         3.10239            1.02365          0.0149102
         3.16702            1.03002          0.0135615
         3.23165            1.02199           0.015451
         3.29629            1.02754          0.0137946
         3.36092           0.988579          0.0130838
         3.42555            1.00084          0.0127487
         3.49018             1.0072          0.0122291
         3.55482            1.00795           0.011309
         3.61945            1.01369          0.0122907
         3.68408             1.0268          0.0127557
         3.74872            1.00036          0.0117337
         3.81335             0.9854          0.0122683
         3.87798           0.966863          0.0101478
         3.94262           0.981297         0.00982666
         4.00725            0.97549          0.0106298
         4.07188            0.97377         0.00983675
         4.13651           0.953325          0.0095911
         4.20115            0.96342          0.0101541
         4.26578           0.973618         0.00888811
         4.33041           0.983189         0.00912177
         4.39505           0.981838         0.00975799
         4.45968           0.987298          0.0103613
         4.52431           0.993777          0.0104655
         4.58895           0.995485         0.00909972
         4.65358           0.993957         0.00973093
         4.71821           0.985341          0.0103841
         4.78285           0.990665          0.0105759
         4.84748            0.97719         0.00912586
         4.91211           0.974256         0.00852426
         4.97674           0.973034         0.00813473
         5.04138           0.998121         0.00868818
         5.10601           0.984703         0.00858243
         5.17064           0.996208          0.0077758
         5.23528           0.988362         0.00748049
         5.29991           0.997928         0.00772955
         5.36454           0.991634         0.00749164
         5.42918            1.00641         0.00746173
         5.49381           0.994253         0.00810623
         5.55844           0.996466         0.00746869
         5.62307           0.996491         0.00830743
         5.68771           0.988538         0.00790704
         5.75234           0.985105         0.00761922
         5.81697            0.99372         0.00719922
         5.88161           0.986969         0.00681549
         5.94624           0.969502         0.00614496
         6.01087           0.969104         0.00737577
         6.07551           0.982079         0.00646083
         6.14014           0.975804         0.00629836
         6.20477           0.983485         0.00598414
          6.2694           0.982799         0.00658655
         6.33404           0.984969         0.00634697
         6.39867           0.980312         0.00611027
