           1    0.636732    0.636732           0
           2    0.668505    0.652619   0.0158863
           3    0.644817    0.650018  0.00953348
           4     0.66005    0.652526  0.00719259
           5      0.6865    0.659321   0.0087868
           6    0.662199      0.6598  0.00719041
           7    0.660428     0.65989  0.00607767
           8     0.62464    0.655484  0.00686426
           9    0.654267    0.655349  0.00605522
          10    0.683257    0.658139  0.00609274
          11    0.687963    0.660851  0.00614189
          12    0.606966     0.65636  0.00718328
          13    0.654775    0.656238  0.00660878
          14    0.644779     0.65542  0.00617305
          15    0.692828    0.657914  0.00626459
          16     0.63726    0.656623  0.00600048
          17    0.634041    0.655294  0.00579088
          18    0.642666    0.654593  0.00550459
          19     0.63014    0.653306  0.00536352
          20    0.627649    0.652023   0.0052475
          21    0.629919     0.65097  0.00510114
          22    0.665327    0.651623  0.00490733
          23    0.630996    0.650726  0.00477411
          24    0.636345    0.650127  0.00460997
          25    0.660849    0.650556  0.00444248
          26    0.680748    0.651717  0.00442334
          27    0.662718    0.652125  0.00427582
          28    0.686949    0.653368  0.00430391
          29    0.633532    0.652684   0.0042088
          30    0.630868    0.651957  0.00413061
          31    0.668004    0.652475  0.00402854
          32    0.643668    0.652199  0.00391031
          33    0.621783    0.651278  0.00390044
          34    0.655785     0.65141   0.0037863
          35     0.65577    0.651535  0.00367864
          36    0.694075    0.652717  0.00376523
          37    0.673245    0.653271  0.00370385
          38    0.661418    0.653486  0.00361143
          39    0.695401    0.654561  0.00367813
          40    0.665103    0.654824  0.00359467
          41    0.660462    0.654962   0.0035086
          42    0.650251    0.654849  0.00342588
          43    0.667567    0.655145   0.0033583
          44    0.668866    0.655457  0.00329588
          45    0.688275    0.656186  0.00330331
          46    0.651835    0.656092  0.00323209
          47    0.628915    0.655513    0.003215
          48    0.602587    0.654411  0.00333486
          49    0.677819    0.654889  0.00330085
          50    0.658998    0.654971   0.0032352
          51    0.648037    0.654835  0.00317404
          52    0.650999    0.654761  0.00311328
          53    0.702688    0.655665  0.00318504
          54    0.662364    0.655789  0.00312796
          55    0.656105    0.655795  0.00307057
          56    0.628462    0.655307  0.00305449
          57    0.693311    0.655974  0.00307361
          58    0.643777    0.655763  0.00302746
          59    0.643671    0.655559  0.00298275
          60    0.670698    0.655811  0.00294346
          61     0.64647    0.655658  0.00289885
          62    0.650126    0.655568   0.0028531
          63    0.697889     0.65624   0.0028867
          64      0.6502    0.656146  0.00284281
          65    0.636186    0.655839  0.00281552
          66     0.69762    0.656472  0.00284389
          67    0.641353    0.656246   0.0028102
          68    0.632154    0.655892  0.00279114
          69     0.64404     0.65572  0.00275575
          70    0.646387    0.655587  0.00271937
          71    0.669442    0.655782  0.00268789
          72    0.676211    0.656066  0.00266544
          73    0.687197    0.656492  0.00266304
          74    0.631923     0.65616   0.0026477
          75    0.639264    0.655935  0.00262186
          76    0.623541    0.655509  0.00262201
          77     0.65977    0.655564  0.00258832
          78    0.612966    0.655018  0.00261264
          79    0.659467    0.655074  0.00257997
          80    0.669054    0.655249   0.0025535
          81    0.633306    0.654978  0.00253629
          82    0.670075    0.655162  0.00251193
          83    0.669781    0.655338  0.00248772
          84     0.66517    0.655455  0.00246071
          85    0.657216    0.655476  0.00243168
          86     0.66468    0.655583  0.00240562
          87    0.674434      0.6558  0.00238766
          88    0.668967    0.655949  0.00236511
          89    0.648067    0.655861  0.00234006
          90    0.643136    0.655719  0.00231823
          91    0.611476    0.655233   0.0023436
          92    0.648484     0.65516  0.00231914
          93    0.609842    0.654673  0.00234525
          94    0.628168    0.654391  0.00233724
          95    0.626424    0.654096  0.00233117
          96     0.65016    0.654055  0.00230712
          97    0.622602    0.653731  0.00230612
          98    0.630273    0.653492  0.00229499
          99    0.648503    0.653441  0.00227225
         100     0.61693    0.653076  0.00227885
