           1     1.12734     1.12734           0
           2     1.35226      1.2398    0.112459
           3     1.23098     1.23686   0.0649947
           4     1.31335     1.25598   0.0497778
           5     1.44974     1.29473    0.054667
           6      1.4483     1.32033   0.0514528
           7     1.31283     1.31926   0.0434988
           8     1.18318     1.30225   0.0413329
           9     1.30815      1.3029   0.0364581
          10     1.38166     1.31078   0.0335467
          11     1.44826     1.32328   0.0328175
          12     1.19454     1.31255   0.0318211
          13     1.30398     1.31189   0.0292785
          14     1.35757     1.31515   0.0273023
          15     1.50988     1.32813   0.0285406
          16     1.26825     1.32439   0.0269583
          17     1.19254     1.31664    0.026484
          18     1.29469     1.31542   0.0249991
          19     1.37321     1.31846   0.0238417
          20     1.17981     1.31153   0.0236568
          21     1.25634      1.3089    0.022655
          22     1.36356     1.31138   0.0217432
          23     1.23917     1.30824   0.0210122
          24     1.26516     1.30645   0.0201976
          25     1.32039     1.30701   0.0193809
          26     1.50949     1.31479   0.0201835
          27     1.33686     1.31561   0.0194388
          28     1.53984     1.32362   0.0203717
          29     1.25652     1.32131   0.0197924
          30     1.29945     1.32058   0.0191351
          31     1.35746     1.32177   0.0185458
          32     1.37111     1.32331   0.0180229
          33     1.20044     1.31959   0.0178607
          34     1.31548     1.31947   0.0173278
          35     1.38126     1.32123   0.0169178
          36     1.40077     1.32344    0.016589
          37       1.393     1.32532   0.0162435
          38     1.35818     1.32618   0.0158339
          39     1.47032     1.32988   0.0158592
          40     1.44468     1.33275   0.0157218
          41     1.29786      1.3319   0.0153572
          42      1.3175     1.33156    0.014991
          43     1.39186     1.33296   0.0147052
          44     1.31861     1.33263   0.0143708
          45     1.35503     1.33313   0.0140567
          46      1.2886     1.33216   0.0137817
          47     1.30895     1.33167   0.0134944
          48     1.25664     1.33011   0.0133024
          49      1.3008     1.32951   0.0130418
          50     1.40199     1.33096   0.0128603
          51     1.26925     1.32975   0.0126635
          52     1.27994     1.32879   0.0124545
          53     1.59982      1.3339   0.0132443
          54     1.23685     1.33211   0.0131204
          55     1.37226     1.33284   0.0129003
          56     1.26793     1.33168   0.0127208
          57     1.58196     1.33607   0.0132447
          58     1.22756      1.3342   0.0131481
          59      1.2673     1.33306    0.012973
          60     1.38927       1.334   0.0127893
          61     1.34408     1.33417    0.012579
          62     1.24985     1.33281   0.0124489
          63     1.53445     1.33601    0.012661
          64      1.3455     1.33615   0.0124625
          65     1.21389     1.33427   0.0124126
          66     1.55478     1.33761   0.0126714
          67     1.20589     1.33565   0.0126348
          68      1.1564     1.33301   0.0127236
          69     1.27711      1.3322    0.012564
          70     1.26819     1.33129   0.0124169
          71     1.36048      1.3317   0.0122477
          72     1.52071     1.33432   0.0123584
          73     1.35322     1.33458   0.0121907
          74     1.18746     1.33259   0.0121881
          75     1.33338     1.33261   0.0120245
          76     1.26183     1.33167   0.0119017
          77     1.34331     1.33183   0.0117471
          78     1.16382     1.32967   0.0117939
          79     1.31702     1.32951   0.0116447
          80     1.29537     1.32908   0.0115061
          81     1.29376     1.32865   0.0113716
          82     1.30993     1.32842   0.0112344
          83      1.4077     1.32938   0.0111392
          84     1.32311      1.3293   0.0110061
          85     1.34188     1.32945   0.0108768
          86      1.3795     1.33003   0.0107653
          87     1.36953     1.33048   0.0106506
          88     1.29112     1.33004   0.0105383
          89     1.32992     1.33004   0.0104192
          90     1.27788     1.32946   0.0103191
          91     1.18729     1.32789    0.010324
          92     1.24574       1.327   0.0102501
          93     1.12794     1.32486   0.0103628
          94     1.26201     1.32419   0.0102737
          95     1.15025     1.32236   0.0103286
          96      1.3822     1.32298   0.0102394
          97     1.20988     1.32182   0.0102002
          98     1.27499     1.32134   0.0101068
          99     1.40628      1.3222    0.010041
         100     1.14857     1.32046   0.0100905
