           1    -1.05156    -1.05156           0
           2     -1.0414    -1.04648   0.0050812
           3    -1.04794    -1.04697  0.00297375
           4    -1.04664    -1.04689  0.00210436
           5    -1.04584    -1.04668  0.00164346
           6    -1.04728    -1.04678  0.00134565
           7    -1.05115     -1.0474  0.00129766
           8    -1.04843    -1.04753  0.00113106
           9     -1.0484    -1.04763   0.0010022
          10    -1.04189    -1.04706  0.00106434
          11    -1.03945    -1.04636  0.00118515
          12    -1.05198    -1.04683  0.00117881
          13    -1.04583    -1.04675  0.00108708
          14    -1.04784    -1.04683  0.00100942
          15    -1.03264    -1.04589  0.00133364
          16    -1.04976    -1.04613  0.00127081
          17    -1.05072     -1.0464  0.00122395
          18    -1.04594    -1.04637  0.00115424
          19    -1.04581    -1.04634   0.0010922
          20    -1.05262    -1.04666   0.0010826
          21    -1.04597    -1.04662  0.00103027
          22     -1.0424    -1.04643  0.00100096
          23     -1.0487    -1.04653 0.000961507
          24    -1.04969    -1.04666 0.000929929
          25    -1.04676    -1.04667 0.000891965
          26    -1.04145    -1.04647 0.000880132
          27    -1.04802    -1.04652  0.00084885
          28    -1.04301     -1.0464 0.000827558
          29    -1.04544    -1.04636 0.000799195
          30    -1.04958    -1.04647 0.000779515
          31    -1.04782    -1.04652 0.000755201
          32    -1.04731    -1.04654 0.000731639
          33    -1.05282    -1.04673  0.00073422
          34    -1.04772    -1.04676 0.000712898
          35    -1.04142    -1.04661 0.000708831
          36    -1.04558    -1.04658 0.000689449
          37    -1.04513    -1.04654 0.000671696
          38    -1.04404    -1.04647 0.000657086
          39    -1.04085    -1.04633 0.000656073
          40    -1.04689    -1.04634 0.000639613
          41     -1.0459    -1.04633 0.000623913
          42    -1.04421    -1.04628 0.000610977
          43    -1.04146    -1.04617 0.000607035
          44    -1.04691    -1.04619 0.000593314
          45    -1.04387    -1.04613 0.000582261
          46    -1.04697    -1.04615 0.000569751
          47    -1.04765    -1.04618 0.000558402
          48    -1.04771    -1.04622 0.000547567
          49    -1.04599    -1.04621 0.000536295
          50    -1.04507    -1.04619 0.000525953
          51    -1.04665     -1.0462 0.000515616
          52    -1.04627     -1.0462 0.000505605
          53    -1.04266    -1.04613 0.000500442
          54    -1.04531    -1.04612 0.000491324
          55    -1.04504     -1.0461 0.000482705
          56    -1.04971    -1.04616  0.00047837
          57     -1.0437    -1.04612 0.000471891
          58    -1.05012    -1.04619 0.000468799
          59    -1.04699     -1.0462 0.000460982
          60    -1.04329    -1.04615 0.000455833
          61    -1.04715    -1.04617 0.000448595
          62    -1.05243    -1.04627 0.000452713
          63    -1.04138    -1.04619  0.00045218
          64    -1.04533    -1.04618 0.000445262
          65    -1.04796    -1.04621 0.000439217
          66    -1.03961    -1.04611 0.000443922
          67    -1.04964    -1.04616 0.000440408
          68    -1.04946    -1.04621 0.000436592
          69    -1.04644    -1.04621 0.000430231
          70    -1.04369    -1.04618 0.000425571
          71    -1.04685    -1.04618 0.000419643
          72    -1.04378    -1.04615  0.00041512
          73    -1.04618    -1.04615 0.000409394
          74    -1.05202    -1.04623 0.000411526
          75    -1.04785    -1.04625 0.000406575
          76    -1.04857    -1.04628 0.000402346
          77    -1.05086    -1.04634 0.000401507
          78    -1.04812    -1.04637 0.000396977
          79    -1.04469    -1.04634 0.000392491
          80    -1.04744    -1.04636 0.000387796
          81    -1.04949     -1.0464 0.000384925
          82    -1.04562    -1.04639  0.00038032
          83    -1.04574    -1.04638 0.000375792
          84     -1.0478     -1.0464 0.000371678
          85    -1.04643     -1.0464 0.000367279
          86    -1.03885    -1.04631 0.000373439
          87     -1.0463    -1.04631 0.000369121
          88    -1.04172    -1.04626 0.000368603
          89    -1.04855    -1.04628 0.000365346
          90    -1.04628    -1.04628 0.000361264
          91    -1.05249    -1.04635  0.00036372
          92    -1.04757    -1.04636 0.000359988
          93    -1.05179    -1.04642 0.000360841
          94    -1.04442     -1.0464 0.000357617
          95    -1.05086    -1.04645 0.000356928
          96    -1.04231     -1.0464 0.000355806
          97    -1.04884    -1.04643 0.000353016
          98    -1.04806    -1.04645 0.000349791
          99    -1.04862    -1.04647 0.000346934
         100    -1.05292    -1.04653 0.000349463
