           1    0.842424    0.842424           0
           2    0.820012    0.831218    0.011206
           3     0.83404    0.832159  0.00653781
           4    0.832248    0.832181  0.00462299
           5     0.82812    0.831369   0.0036719
           6    0.829852    0.831116  0.00300874
           7    0.836688    0.831912  0.00266452
           8    0.832936     0.83204  0.00231109
           9     0.83494    0.832362   0.0020635
          10    0.821612    0.831287  0.00213591
          11     0.81738    0.830023  0.00230891
          12    0.837944    0.830683  0.00220868
          13    0.828548    0.830519  0.00203832
          14     0.82812    0.830347  0.00189488
          15    0.808308    0.828878  0.00229579
          16    0.835972    0.829321  0.00219281
          17      0.8375    0.829803  0.00211522
          18    0.829796    0.829802  0.00199425
          19     0.82354    0.829473  0.00191495
          20    0.839928    0.829995   0.0018904
          21    0.830072    0.829999  0.00179813
          22    0.821896    0.829631  0.00175357
          23    0.833528      0.8298  0.00168414
          24    0.835804     0.83005  0.00163173
          25    0.831668    0.830115  0.00156644
          26    0.818856    0.829682  0.00156605
          27    0.832676    0.829793    0.001511
          28    0.819872    0.829439  0.00149853
          29    0.827636    0.829376  0.00144727
          30    0.833916    0.829528  0.00140636
          31    0.830652    0.829564  0.00136072
          32    0.826936    0.829482  0.00132007
          33    0.838944    0.829769  0.00131118
          34     0.83226    0.829842  0.00127414
          35    0.821428    0.829601  0.00126034
          36    0.827584    0.829545  0.00122611
          37    0.826776    0.829471  0.00119486
          38    0.825512    0.829366  0.00116764
          39    0.820076    0.829128  0.00116199
          40    0.829236    0.829131  0.00113257
          41    0.831684    0.829193  0.00110636
          42    0.826632    0.829132  0.00108141
          43    0.821232    0.828948  0.00107183
          44    0.831928    0.829016  0.00104937
          45    0.826104    0.828951  0.00102783
          46    0.831964    0.829017  0.00100737
          47    0.830192    0.829042 0.000986017
          48    0.828908    0.829039 0.000965261
          49    0.829328    0.829045 0.000945375
          50    0.824928    0.828963 0.000929927
          51    0.831368     0.82901  0.00091273
          52    0.831544    0.829059 0.000896331
          53    0.819916    0.828886 0.000896018
          54    0.832064    0.828945 0.000881236
          55    0.828324    0.828934 0.000865139
          56     0.83642    0.829067 0.000860004
          57     0.82164    0.828937 0.000854771
          58    0.839064    0.829112 0.000857861
          59    0.830688    0.829138 0.000843619
          60    0.821348    0.829009 0.000839541
          61    0.828748    0.829004 0.000825674
          62      0.8404    0.829188 0.000832784
          63    0.818224    0.829014 0.000837735
          64    0.825292    0.828956  0.00082659
          65    0.834856    0.829047 0.000818821
          66    0.816192    0.828852 0.000829508
          67     0.83694    0.828973 0.000825904
          68    0.838468    0.829112 0.000825563
          69    0.829612    0.829119 0.000813542
          70    0.828596    0.829112 0.000801871
          71      0.8297     0.82912  0.00079054
          72    0.821256    0.829011 0.000787098
          73    0.832456    0.829058 0.000777674
          74     0.83908    0.829194 0.000778956
          75    0.830968    0.829217 0.000768864
          76    0.832768    0.829264 0.000760117
          77    0.835052    0.829339 0.000753937
          78    0.833496    0.829393 0.000746114
          79    0.828584    0.829382  0.00073668
          80    0.833164     0.82943 0.000728948
          81    0.833324    0.829478 0.000721496
          82    0.831888    0.829507 0.000713249
          83     0.82624    0.829468 0.000705702
          84    0.831296    0.829489  0.00069759
          85    0.831076    0.829508 0.000689586
          86    0.819852    0.829396 0.000690708
          87    0.829824    0.829401  0.00068274
          88     0.82594    0.829361 0.000676082
          89    0.832896    0.829401 0.000669621
          90    0.829604    0.829403 0.000662143
          91    0.837916    0.829497 0.000661474
          92    0.832676    0.829531 0.000655157
          93     0.84242     0.82967 0.000662726
          94    0.826452    0.829636 0.000656531
          95    0.840204    0.829747  0.00065904
          96    0.823968    0.829687 0.000654911
          97     0.83438    0.829735 0.000649928
          98    0.833184     0.82977 0.000644224
          99    0.830648    0.829779 0.000637745
         100    0.840904    0.829891 0.000641062
