           1    0.428218    0.428218           0
           2    0.386094    0.407156   0.0210618
           3    0.426076    0.413463   0.0136982
           4    0.423593    0.415995   0.0100117
           5    0.397033    0.412203  0.00863275
           6    0.395415    0.409405  0.00758361
           7    0.392965    0.407056  0.00682608
           8    0.364569    0.401745  0.00794686
           9    0.410556    0.402724  0.00707652
          10    0.423163    0.404768  0.00665124
          11    0.398273    0.404178  0.00604517
          12    0.368219    0.401181  0.00627954
          13    0.398132    0.400947   0.0057811
          14    0.385198    0.399822  0.00546919
          15    0.391854    0.399291  0.00511917
          16     0.41995    0.400582  0.00495958
          17    0.358794    0.398124  0.00526744
          18    0.411281    0.398855   0.0050197
          19    0.336059     0.39555  0.00578516
          20    0.415991    0.396572  0.00558264
          21    0.358055    0.394738  0.00561799
          22    0.372982    0.393749  0.00544705
          23    0.428345    0.395253  0.00541784
          24    0.391565    0.395099  0.00518946
          25    0.336484    0.392755  0.00550211
          26    0.377784    0.392179  0.00531752
          27    0.407015    0.392728  0.00514621
          28    0.358764    0.391515  0.00510521
          29    0.381172    0.391159  0.00493892
          30    0.393768    0.391246  0.00477225
          31    0.411744    0.391907  0.00466286
          32    0.373673    0.391337  0.00455061
          33    0.370815    0.390715  0.00445418
          34    0.411347    0.391322  0.00436359
          35    0.446114    0.392887  0.00451704
          36     0.37528    0.392398  0.00441693
          37    0.406131    0.392769   0.0043119
          38    0.372208    0.392228  0.00423163
          39    0.377788    0.391858   0.0041383
          40    0.354638    0.390928  0.00413946
          41     0.40805    0.391345  0.00405877
          42     0.37528    0.390963  0.00397938
          43    0.388264      0.3909  0.00388624
          44    0.481051    0.392949  0.00431444
          45    0.396775    0.393034  0.00421833
          46    0.369368    0.392519  0.00415756
          47    0.375881    0.392165  0.00408351
          48    0.408203    0.392499  0.00401147
          49    0.361267    0.391862  0.00398012
          50     0.40818    0.392188  0.00391334
          51     0.36524     0.39166  0.00387207
          52    0.426564    0.392331  0.00385575
          53    0.369905    0.391908  0.00380589
          54    0.425937    0.392538  0.00378754
          55    0.407216    0.392805   0.0037276
          56    0.394781     0.39284   0.0036606
          57    0.391708    0.392821  0.00359586
          58     0.41152    0.393143    0.003548
          59      0.4016    0.393286  0.00349029
          60    0.383936     0.39313  0.00343516
          61    0.384202    0.392984  0.00338155
          62    0.388468    0.392911  0.00332736
          63    0.382771     0.39275  0.00327807
          64    0.381084    0.392568  0.00323159
          65    0.333287    0.391656  0.00330963
          66     0.39974    0.391779   0.0032614
          67    0.451985    0.392677  0.00333567
          68    0.359946    0.392196  0.00332131
          69    0.354395    0.391648  0.00331836
          70    0.380634    0.391491  0.00327439
          71    0.378228    0.391304  0.00323334
          72     0.38641    0.391236  0.00318884
          73    0.330155    0.390399  0.00325426
          74     0.35604    0.389935  0.00324339
          75    0.325689    0.389078  0.00331253
          76    0.356236    0.388646   0.0032971
          77    0.407645    0.388893  0.00326334
          78    0.407746    0.389134  0.00323028
          79    0.382213    0.389047  0.00319033
          80    0.365417    0.388752  0.00316402
          81    0.391395    0.388784  0.00312488
          82    0.422822    0.389199  0.00311433
          83    0.418963    0.389558  0.00309741
          84    0.360974    0.389218  0.00307917
          85    0.398833    0.389331  0.00304483
          86    0.379021    0.389211  0.00301161
          87    0.365778    0.388941  0.00298895
          88    0.411585    0.389199  0.00296597
          89    0.435791    0.389722  0.00297882
          90    0.430603    0.390177  0.00298035
          91    0.395454    0.390235  0.00294799
          92    0.419381    0.390551  0.00293293
          93    0.386404    0.390507  0.00290157
          94    0.391953    0.390522  0.00287057
          95     0.30236    0.389594  0.00298796
          96    0.407945    0.389785  0.00296285
          97    0.405087    0.389943  0.00293639
          98    0.399592    0.390041  0.00290794
          99    0.379957     0.38994  0.00288021
         100    0.443458    0.390475  0.00290106
