           1   -0.940568   -0.940568           0
           2   -0.948568   -0.944568       0.004
           3     -0.9588   -0.949312  0.00527626
           4   -0.948808   -0.949186    0.003733
           5   -0.951968   -0.949742  0.00294462
           6    -0.95224   -0.950159  0.00244004
           7   -0.935352   -0.948043  0.00295414
           8   -0.961536    -0.94973  0.00306427
           9   -0.950368   -0.949801  0.00270336
          10   -0.950816   -0.949902  0.00242009
          11   -0.938488   -0.948865  0.00242254
          12   -0.964608   -0.950177  0.00257134
          13    -0.96232   -0.951111  0.00254305
          14   -0.957152   -0.951542  0.00239363
          15   -0.949952   -0.951436  0.00223087
          16    -0.95232   -0.951491  0.00208752
          17   -0.956224    -0.95177  0.00198054
          18   -0.955912      -0.952   0.0018814
          19   -0.965008   -0.952685  0.00190677
          20   -0.955504   -0.952826  0.00181441
          21   -0.950096   -0.952696  0.00173074
          22   -0.958016   -0.952937  0.00166782
          23   -0.951968   -0.952895  0.00159421
          24   -0.954664   -0.952969  0.00152812
          25   -0.967296   -0.953542  0.00157377
          26    -0.96592   -0.954018  0.00158521
          27   -0.947856    -0.95379  0.00154235
          28     -0.9466   -0.953533  0.00150826
          29   -0.967008   -0.953998   0.0015277
          30   -0.951032   -0.953899  0.00147921
          31   -0.953416   -0.953883  0.00143078
          32   -0.963888   -0.954196  0.00142019
          33    -0.95936   -0.954352  0.00138534
          34   -0.959024    -0.95449  0.00135099
          35   -0.953864   -0.954472  0.00131194
          36   -0.958752   -0.954591  0.00128051
          37   -0.959288   -0.954718  0.00125187
          38   -0.951784   -0.954641  0.00122093
          39    -0.95932   -0.954761  0.00119525
          40     -0.9622   -0.954947  0.00117973
          41   -0.959352   -0.955054  0.00115561
          42   -0.958752   -0.955142  0.00113119
          43   -0.945696   -0.954922   0.0011262
          44   -0.949552     -0.9548  0.00110706
          45    -0.96144   -0.954948  0.00109219
          46   -0.957192   -0.954997   0.0010693
          47   -0.949984    -0.95489  0.00105172
          48   -0.951952   -0.954829  0.00103139
          49   -0.956912   -0.954871  0.00101102
          50   -0.954728   -0.954868 0.000990596
          51   -0.953056   -0.954833 0.000971629
          52   -0.950752   -0.954754 0.000955987
          53   -0.961832   -0.954888 0.000947236
          54   -0.946576   -0.954734 0.000942188
          55   -0.959416   -0.954819 0.000928808
          56   -0.954688   -0.954817 0.000912074
          57   -0.953848     -0.9548 0.000896091
          58   -0.950472   -0.954725 0.000883662
          59   -0.951624   -0.954673 0.000870145
          60   -0.956032   -0.954695 0.000855819
          61    -0.95624   -0.954721 0.000842053
          62    -0.95392   -0.954708 0.000828461
          63   -0.957048   -0.954745 0.000816051
          64      -0.959   -0.954811 0.000805946
          65   -0.967976   -0.955014 0.000818891
          66   -0.954056   -0.954999 0.000806518
          67   -0.950224   -0.954928 0.000797581
          68   -0.961856    -0.95503 0.000792341
          69   -0.957488   -0.955066 0.000781586
          70   -0.954952   -0.955064 0.000770341
          71      -0.953   -0.955035  0.00075997
          72   -0.952112   -0.954994 0.000750439
          73     -0.9704   -0.955205 0.000769589
          74   -0.963944   -0.955323 0.000768248
          75   -0.968128   -0.955494 0.000776926
          76   -0.944192   -0.955345 0.000780925
          77   -0.945768   -0.955221 0.000780689
          78   -0.956848   -0.955242 0.000770898
          79    -0.95464   -0.955234 0.000761115
          80   -0.957512   -0.955263  0.00075208
          81    -0.95624   -0.955275 0.000742835
          82   -0.947632   -0.955182 0.000739616
          83   -0.962464   -0.955269   0.0007359
          84   -0.957512   -0.955296 0.000727577
          85   -0.949576   -0.955229 0.000722108
          86      -0.949   -0.955156 0.000717328
          87   -0.947808   -0.955072 0.000714048
          88   -0.947472   -0.954986 0.000711151
          89    -0.93768   -0.954791 0.000729506
          90   -0.955808   -0.954802 0.000721444
          91   -0.952768    -0.95478 0.000713822
          92   -0.959008   -0.954826 0.000707514
          93   -0.959096   -0.954872  0.00070137
          94    -0.95308   -0.954853  0.00069413
          95   -0.969984   -0.955012 0.000705012
          96   -0.952176   -0.954983 0.000698255
          97   -0.961728   -0.955052 0.000694509
          98    -0.95516   -0.955053 0.000687386
          99   -0.961192   -0.955115 0.000683227
         100   -0.948464   -0.955049 0.000679623
