           1     47.5354     47.5354           0
           2     54.4135     50.9745     3.43901
           3     63.3851     55.1113     4.58868
           4      55.658      55.248     3.24756
           5      56.413      55.481     2.52632
           6      56.518     55.6538     2.06996
           7     41.7702     53.6705     2.64467
           8     64.7821     55.0594      2.6786
           9     56.4692     55.2161     2.36749
          10     56.5178     55.3462     2.12155
          11     43.3525     54.2559     2.20714
          12     67.3091     55.3437     2.28971
          13      65.671     56.1381     2.25107
          14       62.88     56.6196       2.139
          15      53.032     56.3805     2.00561
          16     58.0381     56.4841     1.87893
          17     61.8798     56.8015     1.79326
          18     59.9885     56.9785     1.69995
          19     64.7024      57.385     1.65858
          20     60.4505     57.5383     1.58092
          21     54.6485     57.4007     1.51004
          22     63.2291     57.6656     1.46393
          23     60.1318     57.7729     1.40294
          24     57.7621     57.7724     1.34321
          25     70.5238     58.2825     1.38566
          26     69.8616     58.7278     1.40381
          27     51.6045      58.464     1.37634
          28     49.8142     58.1551     1.36178
          29     70.6422     58.5857     1.38273
          30     53.4064      58.413     1.34696
          31     56.2014     58.3417     1.30474
          32     68.4977      58.659     1.30256
          33     64.7298      58.843     1.27581
          34     65.3411     59.0341     1.25238
          35     58.9586      59.032     1.21608
          36     61.3565     59.0965     1.18358
          37     62.0031     59.1751     1.15382
          38     54.5933     59.0545      1.1295
          39     62.6102     59.1457     1.10393
          40     65.7559      59.311     1.08859
          41     63.8756     59.4223     1.06753
          42     62.0267     59.4843     1.04365
          43     50.2951     59.2706     1.04125
          44     55.7231       59.19      1.0205
          45     65.8553     59.3381      1.0085
          46     60.0269     59.3531     0.98645
          47      54.274      59.245    0.971264
          48     56.4056     59.1858    0.952652
          49     58.3772     59.1693    0.933154
          50     60.0127     59.1862    0.914456
          51     56.0337     59.1244    0.898475
          52     56.1532     59.0673    0.882878
          53      66.047     59.1989    0.876015
          54     52.3484     59.0721     0.86895
          55     63.6188     59.1548    0.857001
          56     59.7967     59.1662    0.841637
          57     57.7498     59.1414    0.827112
          58     54.7295     59.0653    0.816279
          59     56.1032     59.0151    0.803894
          60     59.6988     59.0265    0.790464
          61     60.8973     59.0572    0.778002
          62     58.3638      59.046    0.765433
          63     61.3483     59.0825    0.754071
          64       61.88     59.1262    0.743481
          65     72.0535     59.3251    0.758491
          66     56.9066     59.2885    0.747809
          67      55.831     59.2369    0.738369
          68     64.8008     59.3187    0.732017
          69      59.374     59.3195     0.72133
          70     58.8781     59.3132    0.710979
          71     56.7412      59.277    0.701829
          72     57.1171      59.247    0.692663
          73     72.5005     59.4285    0.706823
          74     66.8887     59.5293    0.704457
          75     70.1048     59.6703    0.709161
          76     48.1055     59.5182    0.716121
          77     52.3476      59.425    0.712869
          78     60.6517     59.4408    0.703846
          79     58.8585     59.4334    0.694918
          80     59.6823     59.4365    0.686184
          81       59.46     59.4368    0.677659
          82     52.3416     59.3503    0.674914
          83     68.2462     59.4574    0.675293
          84     60.4303      59.469    0.667306
          85     54.6008     59.4118    0.661891
          86     52.0423     59.3261    0.659738
          87     51.2853     59.2336    0.658627
          88     51.5185      59.146    0.656976
          89     44.9282     58.9862    0.668908
          90      60.953     59.0081    0.661795
          91     56.3274     58.9786    0.655145
          92     65.8464     59.0533     0.65227
          93     61.9766     59.0847    0.645984
          94     57.6801     59.0698    0.639249
          95     72.6934     59.2132    0.648539
          96     58.0657     59.2012    0.641859
          97     67.8248     59.2901    0.641398
          98     58.6084     59.2832    0.634858
          99     65.1889     59.3428    0.631238
         100     53.8499     59.2879    0.627303
