           1    0.334056    0.334056           0
           2    0.339842    0.336949  0.00289331
           3    0.327968    0.333955  0.00342807
           4    0.336226    0.334523   0.0024896
           5    0.339401    0.335499  0.00216117
           6    0.322139    0.333272  0.00284106
           7    0.332051    0.333098  0.00240747
           8    0.326152    0.332229  0.00225846
           9    0.329525    0.331929  0.00201431
          10    0.337338     0.33247  0.00188109
          11    0.336127    0.332802  0.00173368
          12    0.329437    0.332522  0.00160728
          13    0.332508    0.332521  0.00147848
          14    0.319025    0.331557  0.00167418
          15    0.338987    0.332052  0.00163539
          16    0.332145    0.332058  0.00152978
          17     0.34137    0.332606  0.00153784
          18    0.333403     0.33265  0.00145057
          19    0.329486    0.332483  0.00138217
          20    0.329332    0.332326  0.00132068
          21    0.330313     0.33223  0.00125987
          22    0.320472    0.331696  0.00131477
          23       0.333    0.331752  0.00125759
          24     0.33063    0.331706  0.00120495
          25    0.324284    0.331409  0.00119327
          26     0.32458    0.331146  0.00117616
          27    0.339631     0.33146  0.00117458
          28    0.337341     0.33167  0.00115117
          29     0.32133    0.331314  0.00116659
          30    0.337335    0.331514  0.00114477
          31    0.335251    0.331635  0.00111376
          32    0.324526    0.331413  0.00110104
          33    0.336177    0.331557  0.00107688
          34    0.335528    0.331674  0.00105123
          35    0.331261    0.331662  0.00102082
          36    0.327669    0.331551 0.000998241
          37    0.325177    0.331379 0.000986055
          38    0.337894     0.33155  0.00097495
          39     0.33521    0.331644 0.000954248
          40     0.33211    0.331656 0.000930159
          41    0.324755    0.331488 0.000922672
          42     0.32797    0.331404 0.000904323
          43    0.334246     0.33147 0.000885513
          44     0.32488     0.33132  0.00087802
          45    0.339813    0.331509 0.000878792
          46    0.326608    0.331402 0.000866053
          47    0.326252    0.331293 0.000854482
          48    0.329497    0.331255 0.000837327
          49    0.333137    0.331294  0.00082096
          50    0.327432    0.331217 0.000808072
          51    0.333528    0.331262 0.000793365
          52    0.330677    0.331251 0.000778039
          53    0.326001    0.331152 0.000769618
          54    0.330325    0.331136 0.000755386
          55    0.338334    0.331267 0.000752986
          56    0.342545    0.331469 0.000766351
          57    0.333774    0.331509 0.000753872
          58    0.335251    0.331573 0.000743564
          59    0.331222    0.331568 0.000730877
          60    0.344536    0.331784 0.000750393
          61    0.331725    0.331783  0.00073799
          62    0.329687    0.331749 0.000726776
          63    0.335517    0.331809 0.000717643
          64    0.324598    0.331696  0.00071527
          65    0.326192    0.331611 0.000709253
          66    0.328939    0.331571 0.000699598
          67    0.330493    0.331555 0.000689265
          68    0.327776    0.331499 0.000681323
          69    0.331865    0.331504 0.000671397
          70    0.319476    0.331333 0.000683683
          71    0.329151    0.331302 0.000674685
          72    0.345071    0.331493  0.00069219
          73    0.325808    0.331415  0.00068707
          74    0.342522    0.331565 0.000694143
          75    0.336514    0.331631 0.000687996
          76     0.31747    0.331445 0.000703989
          77    0.346385    0.331639 0.000721371
          78    0.337215    0.331711 0.000715641
          79    0.331066    0.331702 0.000706572
          80    0.349025    0.331919 0.000730513
          81    0.328807     0.33188  0.00072246
          82    0.338485    0.331961 0.000718126
          83    0.331316    0.331953 0.000709464
          84    0.334685    0.331986 0.000701721
          85    0.322031    0.331869 0.000703237
          86    0.331773    0.331868 0.000695013
          87    0.329193    0.331837 0.000687665
          88    0.325431    0.331764 0.000683692
          89    0.333739    0.331786  0.00067633
          90    0.323565    0.331695 0.000674982
          91    0.330876    0.331686 0.000667584
          92    0.342963    0.331808  0.00067157
          93    0.334514    0.331838 0.000664946
          94     0.34656    0.331994 0.000676222
          95    0.342619    0.332106 0.000678349
          96    0.336789    0.332155 0.000673015
          97    0.334031    0.332174 0.000666322
          98    0.328452    0.332136  0.00066058
          99    0.336991    0.332185  0.00065571
         100    0.342646     0.33229 0.000657494
