           1     1.34068     1.34068           0
           2     1.42433      1.3825   0.0418231
           3     1.40245     1.38915   0.0250455
           4     1.35479     1.38056   0.0196838
           5     1.39221     1.38289   0.0154241
           6     1.34514      1.3766    0.014078
           7     1.41365     1.38189   0.0130223
           8     1.33007     1.37541   0.0130054
           9     1.39332      1.3774    0.011641
          10     1.39541      1.3792   0.0105666
          11     1.41326      1.3823   0.0100467
          12     1.38602     1.38261  0.00917654
          13     1.38198     1.38256  0.00844133
          14      1.4129     1.38473  0.00811012
          15     1.35185     1.38254   0.0078618
          16     1.36136     1.38121  0.00747216
          17     1.39337     1.38193   0.0070552
          18     1.39103     1.38244  0.00667091
          19     1.40296     1.38352  0.00640185
          20     1.41949     1.38531   0.0063341
          21     1.38152     1.38513  0.00602765
          22     1.38154     1.38497  0.00574946
          23     1.41647     1.38634  0.00566193
          24     1.38782      1.3864  0.00542124
          25     1.35122     1.38499  0.00538697
          26     1.30949     1.38209  0.00593475
          27     1.39134     1.38243  0.00572098
          28     1.37043       1.382   0.0055295
          29     1.37388     1.38172  0.00534278
          30     1.42313      1.3831  0.00534297
          31     1.33104     1.38142   0.0054338
          32     1.41086     1.38234  0.00534108
          33     1.39766     1.38281  0.00519746
          34      1.3672     1.38235  0.00506313
          35     1.39807      1.3828  0.00493682
          36     1.37034     1.38245  0.00481018
          37     1.35993     1.38184  0.00471781
          38      1.3644     1.38138  0.00461486
          39     1.42121     1.38241  0.00460953
          40     1.41584     1.38324  0.00456989
          41     1.42409     1.38424  0.00456704
          42     1.34014     1.38319  0.00457895
          43     1.37916     1.38309  0.00447218
          44     1.43928     1.38437   0.0045521
          45     1.40321     1.38479  0.00446944
          46     1.37804     1.38464  0.00437365
          47     1.30626     1.38298  0.00459305
          48     1.43656     1.38409  0.00463285
          49     1.38727     1.38416  0.00453778
          50     1.43074     1.38509  0.00454264
          51     1.37932     1.38498  0.00445412
          52     1.40782     1.38541  0.00438966
          53     1.35546     1.38485  0.00434298
          54     1.35331     1.38427  0.00430163
          55     1.39287     1.38442  0.00422559
          56     1.42532     1.38515  0.00421324
          57     1.38033     1.38507  0.00413953
          58     1.38003     1.38498  0.00406846
          59     1.38327     1.38495  0.00399901
          60     1.44129     1.38589  0.00404236
          61     1.41241     1.38633  0.00399924
          62     1.36221     1.38594  0.00395339
          63     1.35305     1.38541  0.00392499
          64     1.35212     1.38489  0.00389806
          65     1.41972     1.38543  0.00387484
          66     1.38432     1.38541  0.00381572
          67     1.29023     1.38399  0.00401789
          68     1.39672     1.38418  0.00396278
          69     1.42504     1.38477  0.00394959
          70     1.35516     1.38435  0.00391567
          71     1.33592     1.38367  0.00391992
          72     1.41797     1.38414  0.00389435
          73     1.36472     1.38388  0.00384984
          74     1.44991     1.38477   0.0039009
          75     1.36986     1.38457  0.00385366
          76      1.3438     1.38403  0.00384028
          77     1.43515      1.3847  0.00384777
          78     1.37644     1.38459  0.00379959
          79     1.38591     1.38461  0.00375122
          80     1.50923     1.38617  0.00401828
          81     1.36555     1.38591  0.00397652
          82     1.38657     1.38592  0.00392773
          83     1.37614      1.3858  0.00388191
          84     1.40533     1.38603  0.00384246
          85     1.41005     1.38632  0.00380749
          86     1.39038     1.38636  0.00376325
          87     1.38258     1.38632     0.00372
          88     1.35163     1.38593  0.00369855
          89     1.41483     1.38625  0.00367116
          90     1.39577     1.38636  0.00363168
          91     1.37879     1.38627  0.00359251
          92     1.41683     1.38661  0.00356873
          93     1.38241     1.38656  0.00353044
          94     1.47265     1.38748  0.00361075
          95     1.40926     1.38771  0.00357989
          96     1.41646     1.38801  0.00355505
          97     1.38916     1.38802  0.00351823
          98      1.3251     1.38738  0.00354083
          99     1.39117     1.38741  0.00350509
         100     1.41971     1.38774  0.00348486
