           1      0.3128      0.3128           0
           2    0.301432    0.307116    0.005684
           3    0.293788    0.302673  0.00552328
           4    0.317672    0.306423  0.00541417
           5    0.315844    0.308307  0.00459763
           6    0.299152    0.306781  0.00405221
           7    0.298144    0.305547  0.00364024
           8    0.310044    0.306109  0.00320226
           9    0.305568    0.306049  0.00282477
          10    0.307648    0.306209   0.0025316
          11    0.299924    0.305638  0.00236013
          12    0.299524    0.305128  0.00221391
          13    0.298448    0.304614  0.00210034
          14    0.293832    0.303844   0.0020915
          15    0.314176    0.304533  0.00206532
          16    0.298276    0.304142  0.00197111
          17    0.307212    0.304323  0.00186033
          18    0.304336    0.304323  0.00175393
          19    0.304656    0.304341  0.00165915
          20    0.299644    0.304106  0.00159143
          21    0.296952    0.303765  0.00155161
          22    0.306668    0.303897  0.00148527
          23    0.301768    0.303805  0.00142224
          24     0.29742    0.303539  0.00138744
          25    0.302092    0.303481  0.00133204
          26    0.310004    0.303732  0.00130414
          27    0.306892    0.303849  0.00126036
          28    0.306636    0.303948  0.00121859
          29    0.300376    0.303825  0.00118225
          30     0.29816    0.303636  0.00115767
          31     0.31102    0.303874  0.00114475
          32     0.30054     0.30377  0.00111329
          33      0.3041     0.30378  0.00107907
          34     0.30354    0.303773  0.00104688
          35    0.315788    0.304116  0.00107293
          36    0.300972    0.304029  0.00104635
          37     0.29882    0.303888  0.00102737
          38     0.30374    0.303884 0.000999975
          39    0.305772    0.303933 0.000975199
          40    0.293784    0.303679 0.000983787
          41    0.288168    0.303301  0.00103138
          42    0.305392    0.303351  0.00100776
          43    0.294432    0.303143  0.00100566
          44     0.28326    0.302691  0.00108148
          45    0.317012     0.30301  0.00110403
          46    0.303132    0.303012  0.00107977
          47    0.307872    0.303116  0.00106159
          48     0.30126    0.303077  0.00103996
          49    0.308972    0.303197  0.00102559
          50    0.291936    0.302972   0.0010298
          51    0.294856    0.302813  0.00102188
          52    0.301244    0.302783  0.00100249
          53    0.309156    0.302903 0.000990715
          54    0.306032    0.302961 0.000973921
          55    0.310832    0.303104 0.000966701
          56      0.3042    0.303124 0.000949483
          57    0.297252    0.303021 0.000938348
          58     0.29976    0.302964  0.00092374
          59    0.307444     0.30304 0.000911118
          60    0.309312    0.303145 0.000901881
          61    0.290764    0.302942 0.000909899
          62    0.302012    0.302927 0.000895228
          63    0.306908     0.30299 0.000883168
          64     0.30694    0.303052 0.000871447
          65    0.300744    0.303016  0.00085867
          66    0.306628    0.303071 0.000847328
          67    0.300692    0.303035 0.000835341
          68    0.301036    0.303006  0.00082349
          69    0.303056    0.303007 0.000811468
          70    0.311884    0.303134 0.000809783
          71    0.311704    0.303254 0.000807371
          72    0.313504    0.303397 0.000808707
          73    0.295872    0.303294 0.000804185
          74    0.305276     0.30332 0.000793695
          75    0.292812     0.30318 0.000795478
          76    0.306732    0.303227 0.000786331
          77     0.30284    0.303222 0.000776068
          78     0.30718    0.303273 0.000767733
          79     0.31344    0.303401 0.000768801
          80    0.309912    0.303483  0.00076348
          81    0.300856     0.30345 0.000754693
          82    0.308632    0.303514 0.000748106
          83    0.299708    0.303468 0.000740459
          84    0.295752    0.303376 0.000737334
          85    0.301212     0.30335 0.000729053
          86    0.300128    0.303313 0.000721499
          87      0.3138    0.303433 0.000723273
          88    0.303588    0.303435 0.000715009
          89      0.3114    0.303525 0.000712572
          90    0.305076    0.303542  0.00070482
          91    0.310864    0.303622 0.000701661
          92    0.301256    0.303597 0.000694469
          93    0.308564     0.30365 0.000689034
          94     0.30776    0.303694 0.000683065
          95      0.3128     0.30379   0.0006826
          96     0.30634    0.303816 0.000675975
          97     0.31094     0.30389 0.000672989
          98    0.306476    0.303916 0.000666609
          99      0.3045    0.303922 0.000659867
         100    0.305108    0.303934 0.000653343
