           1   -0.589176   -0.589176           0
           2   -0.585214   -0.587195   0.0019808
           3   -0.580294   -0.584895  0.00256911
           4   -0.591174   -0.586465  0.00240101
           5   -0.588305   -0.586833  0.00189588
           6   -0.586294   -0.586743  0.00155058
           7   -0.582909   -0.586195  0.00142034
           8   -0.589449   -0.586602  0.00129554
           9   -0.589514   -0.586925  0.00118748
          10   -0.588418   -0.587075  0.00107254
          11   -0.586201   -0.586995   0.0009734
          12   -0.583857   -0.586734 0.000926277
          13   -0.583714   -0.586501 0.000883154
          14   -0.583382   -0.586279 0.000847449
          15   -0.587787   -0.586379 0.000795317
          16   -0.584447   -0.586258 0.000753686
          17   -0.587522   -0.586333 0.000711859
          18   -0.584635   -0.586238  0.00067774
          19   -0.586139   -0.586233 0.000641099
          20   -0.581569      -0.586 0.000651383
          21   -0.581054   -0.585764 0.000662837
          22   -0.585726   -0.585763 0.000631993
          23   -0.587234   -0.585827 0.000607267
          24   -0.585204   -0.585801 0.000581992
          25    -0.58785   -0.585883 0.000564216
          26   -0.588625   -0.585988 0.000552245
          27   -0.585434   -0.585968 0.000531794
          28   -0.586183   -0.585975 0.000512507
          29   -0.583563   -0.585892 0.000501465
          30   -0.583992   -0.585829 0.000488584
          31   -0.588492   -0.585915 0.000480306
          32   -0.585012   -0.585887 0.000465909
          33   -0.585108   -0.585863 0.000452186
          34   -0.583876   -0.585805  0.00044256
          35   -0.591494   -0.585967 0.000459444
          36    -0.58333   -0.585894 0.000452466
          37   -0.584884   -0.585867 0.000440913
          38   -0.586588   -0.585886 0.000429573
          39   -0.588554   -0.585954 0.000423973
          40   -0.580797   -0.585825 0.000432883
          41   -0.582138   -0.585735 0.000431666
          42   -0.586454   -0.585752 0.000421611
          43    -0.58335   -0.585696 0.000415461
          44    -0.57934   -0.585552  0.00043085
          45   -0.590882    -0.58567 0.000437508
          46   -0.585706   -0.585671 0.000427892
          47   -0.587102   -0.585702 0.000419795
          48    -0.58334   -0.585652 0.000413891
          49   -0.585434   -0.585648  0.00040538
          50   -0.582955   -0.585594 0.000400824
          51   -0.581923   -0.585522 0.000399425
          52   -0.585033   -0.585513 0.000391782
          53   -0.585927   -0.585521 0.000384398
          54   -0.587014   -0.585548 0.000378226
          55   -0.588318   -0.585599 0.000374686
          56   -0.584816   -0.585585   0.0003682
          57   -0.586578   -0.585602 0.000362102
          58   -0.584368   -0.585581  0.00035644
          59   -0.585841   -0.585585 0.000350374
          60   -0.587254   -0.585613 0.000345607
          61   -0.584169   -0.585589 0.000340717
          62    -0.58373   -0.585559 0.000336515
          63   -0.584542   -0.585543 0.000331524
          64   -0.586708   -0.585561  0.00032681
          65   -0.586405   -0.585574 0.000322005
          66    -0.58495   -0.585565  0.00031723
          67   -0.581954   -0.585511 0.000317072
          68   -0.587519   -0.585541 0.000313767
          69   -0.588011   -0.585576 0.000311253
          70   -0.587593   -0.585605 0.000308124
          71   -0.588549   -0.585647 0.000306569
          72   -0.588765    -0.58569 0.000305368
          73   -0.583446   -0.585659  0.00030272
          74   -0.584895   -0.585649  0.00029878
          75    -0.58221   -0.585603 0.000298313
          76   -0.587266   -0.585625 0.000295174
          77   -0.586424   -0.585635   0.0002915
          78   -0.587212   -0.585655 0.000288448
          79   -0.590504   -0.585717 0.000291312
          80   -0.589118   -0.585759 0.000290773
          81   -0.583395    -0.58573  0.00028864
          82   -0.589774   -0.585779 0.000289333
          83   -0.584878   -0.585769 0.000286032
          84   -0.583078   -0.585737 0.000284416
          85   -0.583978   -0.585716  0.00028181
          86   -0.584026   -0.585696 0.000279206
          87     -0.5894   -0.585739 0.000279243
          88   -0.585638   -0.585738 0.000276054
          89   -0.590136   -0.585787 0.000277372
          90   -0.587863    -0.58581 0.000275241
          91   -0.590781   -0.585865 0.000277626
          92   -0.584339   -0.585848 0.000275092
          93   -0.586185   -0.585852 0.000272142
          94   -0.591624   -0.585913 0.000276146
          95   -0.591984   -0.585977 0.000280597
          96   -0.588748   -0.586006 0.000279155
          97   -0.589572   -0.586043 0.000278697
          98   -0.585783    -0.58604 0.000275851
          99   -0.586148   -0.586041 0.000273053
         100    -0.58735   -0.586054 0.000270625
