42.278
40.2789
37.9501
36.1198
33.3798
32.8579
32.7846
31.7879
31.1865
30.3034
29.1911
27.7849
27.2834
26.7823
26.3435
25.7334
25.2147
24.4365
24.1538
23.3144
22.3168
21.4451
20.4298
19.4259
17.8866
16.8205
16.0358
15.9632
15.6464
15.1809
14.9256
14.6519
14.6304
14.807
14.2078
13.7155
13.3019
13.1689
12.9135
12.9127
12.5299
12.2207
11.9943
11.7945
11.677
11.5145
11.5218
11.3818
11.2872
11.0282
10.9092
10.7459
10.5776
10.5224
10.4556
10.3664
10.2805
10.2256
10.1572
10.1045
10.0847
10.0777
10.0143
10.2035
10.0189
9.84169
9.6757
9.61277
9.48667
9.56919
9.33451
9.1478
8.97217
8.74601
8.56039
8.39285
8.45268
8.42439
8.43941
8.5102
8.39687
8.28797
8.17998
8.17998
8.17998
8.28714
8.2059
8.18562
8.17998
8.13652
8.10322
8.06588
7.91053
7.78999
8.16768
8.15901
8.2523
7.99497
7.43378
7.17034
7.23011
6.71325
6.44899
6.38125
6.17748
6.07613
6.11968
6.1585
6.02812
6.04681
6.02787
6.03007
5.91168
5.83009
5.84309
5.89158
5.78556
5.75415
5.7436
5.7436
5.7436
5.7436
5.7436
5.7436
5.7436
5.7436
5.7436
5.7436
5.7436
5.7436
5.7436
5.7436
5.7436
5.7436
5.7436
5.7436
5.7436
5.7436
5.7436
5.7436
5.7436
5.7436
5.7436
5.7436
5.7436
5.74183
5.73917
5.73297
5.72942
5.71212
5.69549
5.6811
5.66385
5.66647
5.66385
5.66385
5.66727
5.66385
5.66385
5.66385
5.66385
5.66385
5.66342
5.6608
5.65776
5.65253
5.64252
5.63294
5.63032
5.62858
5.62466
5.62466
5.62466
5.62466
5.62466
5.62466
5.62466
5.62466
5.62466
5.62149
5.61198
5.6043
5.58714
5.55322
5.5285
5.48947
5.49357
5.49496
5.47933
5.47699
5.48545
5.47933
5.47689
5.47502
5.4737
5.47254
5.47254
5.47254
5.47254
5.47254
5.47254
5.47254
5.47254
5.47254
5.47254
5.47254
5.47254
5.47254
5.47254
5.47063
5.46776
5.46298
5.45957
5.45589
5.44894
5.47088
5.477
5.51469
5.59249
5.60063
5.57496
5.46854
5.38774
5.38652
5.38652
5.38652
5.38652
5.38652
5.38652
5.38652
5.38652
5.38652
5.38652
5.38652
5.38652
5.39945
5.38652
5.38652
5.38652
5.38652
5.38652
5.38555
5.38458
5.37973
5.38868
5.37185
5.3986
5.52311
5.50403
5.55271
5.42092
5.42136
5.34741
5.2992
5.2992
5.2992
5.2992
5.2992
5.2992
5.2992
5.30603
5.2992
5.2992
5.2992
5.2992
5.2992
5.2992
5.2992
5.32201
5.2992
5.30058
5.2992
5.2992
5.2992
5.2992
5.2992
5.2992
5.2992
5.2992
5.2992
5.2992
5.2992
5.2992
5.2992
5.2992
5.2992
5.2992
5.2992
5.2992
5.2992
5.2992
5.2992
5.2992
5.2992
5.2992
5.2992
5.2992
5.2992
5.2992
5.2992
5.2992
5.2992
5.29987
5.2992
5.2992
5.2992
5.2992
5.2992
5.2992
5.2992
5.2992
5.2992
5.2992
5.2992
5.2992
5.2992
5.2992
5.2992
5.2992
5.2992
5.2992
5.2992
5.2992
5.2992
5.2992
5.2992
5.2992
5.2992
5.2992
5.2992
5.2992
5.2992
5.2992
5.2992
5.2992
5.2992
5.2992
5.2992
5.2992
5.2992
5.2992
5.2992
5.2992
5.2992
5.2992
5.2992
5.2992
5.2992
5.2992
5.2992
5.2992
5.2992
5.2992
5.2992
5.2992
5.2992
5.2992
5.2992
5.2992
5.2992
5.2992
5.2992
5.2992
5.2992
5.2992
5.2992
5.2992
5.2992
5.2992
5.2992
5.2992
5.2992
5.2992
5.2992
5.2992
5.2992
5.2992
5.2992
5.2992
5.2992
5.2992
5.2992
5.2992
5.2992
5.2992
5.2992
5.2992
5.2992
5.2992
5.2992
5.29909
5.29899
5.29835
5.29688
5.29499
5.29415
5.29183
5.29131
5.28983
5.28973
5.28973
5.28973
5.28973
5.28973
5.28947
5.28894
5.2866
5.28399
5.28112
5.27616
5.27251
5.26833
5.26625
5.26625
5.26729
5.26625
5.26625
5.26625
5.26625
5.26625
5.26625
5.26625
5.26625
5.26625
5.26625
5.26625
5.26625
5.26625
5.26625
5.26625
5.26625
5.26625
5.26625
5.26625
5.26625
5.26625
5.26625
5.26625
5.26625
5.26625
5.26625
5.26625
5.26625
5.26625
5.26625
5.26625
5.26625
5.26625
5.26625
5.26625
5.26625
5.26625
5.26625
5.26625
5.26625
5.26625
5.26625
5.26625
5.26625
5.26625
5.26625
5.26625
5.26625
5.26625
5.26625
5.26625
5.26625
5.26625
5.26625
5.26625
5.26625
5.26625
5.26625
5.26625
5.26625
5.26625
5.26625
5.26625
5.26625
5.26625
5.26625
5.26625
5.26625
5.26625
5.26625
5.26625
5.26625
5.26625
5.26625
5.26625
5.26625
5.26625
5.26625
5.26625
5.26625
5.26625
5.26625
5.26625
5.26625
5.26625
