31.1339
31.1339
30.6376
29.9416
28.434
28.2073
27.5797
24.4193
24.4193
24.4193
23.682
23.5483
21.8241
20.8784
20.8784
20.437
18.1087
18.1087
18.1087
18.1087
15.6522
15.6522
15.3528
15.0737
15.0737
14.2927
14.0152
13.7583
13.388
13.7583
13.6149
13.0075
12.799
12.6847
12.6407
12.6407
12.0442
12.0442
12.0135
11.5502
11.5502
11.5502
11.3875
10.6366
10.6366
10.6366
10.6366
10.6366
10.6366
10.6366
10.3985
10.3985
10.1257
10.1257
10.0592
9.95668
9.71536
9.71536
9.71536
9.43489
9.00805
9.00805
8.73802
8.62266
8.62266
8.32605
8.32605
8.32605
8.32605
8.32605
8.29167
8.17998
8.17998
8.17998
8.17998
8.17998
8.17998
8.17998
8.17998
8.17998
8.17998
8.17998
8.17998
8.17998
8.17998
8.17998
8.17998
8.17998
8.17998
6.20507
6.20507
6.20507
6.20507
6.05644
6.05644
6.05644
6.05644
6.05644
6.05644
6.05644
6.05644
6.05644
5.99742
5.99742
5.99742
5.99742
5.83858
5.83858
5.7436
5.7436
5.7436
5.7436
5.7436
5.7436
5.7436
5.7436
5.7436
5.7436
5.7436
5.7436
5.7436
5.7436
5.7436
5.7436
5.7436
5.7436
5.7436
5.7436
5.7436
5.7436
5.7436
5.7436
5.7436
5.7436
5.7436
5.7436
5.7436
5.7436
5.7436
5.7436
5.7436
5.7436
5.7436
5.7436
5.7436
5.66385
5.66385
5.66385
5.66385
5.66385
5.66385
5.66385
5.66385
5.66385
5.66385
5.66385
5.66385
5.66385
5.66385
5.66385
5.66385
5.66385
5.62466
5.62466
5.62466
5.62466
5.62466
5.62466
5.62466
5.62466
5.62466
5.62466
5.62466
5.62466
5.62466
5.62466
5.62466
5.62466
5.62466
5.48201
5.48201
5.48201
5.48201
5.48201
5.47254
5.47254
5.47254
5.47254
5.47254
5.47254
5.47254
5.47254
5.47254
5.47254
5.47254
5.47254
5.47254
5.47254
5.47254
5.47254
5.47254
5.47254
5.47254
5.47254
5.47254
5.47254
5.47254
5.47254
5.47254
5.38652
5.38652
5.38652
5.38652
5.38652
5.38652
5.38652
5.38652
5.38652
5.38652
5.38652
5.38652
5.38652
5.38652
5.38652
5.38652
5.38652
5.38652
5.38652
5.38652
5.38652
5.38652
5.38652
5.38652
5.38652
5.38652
5.38652
5.38652
5.38652
5.38652
5.38652
5.38652
5.2992
5.2992
5.2992
5.2992
5.2992
5.2992
5.2992
5.2992
5.2992
5.2992
5.2992
5.2992
5.2992
5.2992
5.2992
5.2992
5.2992
5.2992
5.2992
5.2992
5.2992
5.2992
5.2992
5.2992
5.2992
5.2992
5.2992
5.2992
5.2992
5.2992
5.2992
5.2992
5.2992
5.2992
5.2992
5.2992
5.2992
5.2992
5.2992
5.2992
5.2992
5.2992
5.2992
5.2992
5.2992
5.2992
5.2992
5.2992
5.2992
5.2992
5.2992
5.2992
5.2992
5.2992
5.2992
5.2992
5.2992
5.2992
5.2992
5.2992
5.2992
5.2992
5.2992
5.2992
5.2992
5.2992
5.2992
5.2992
5.2992
5.2992
5.2992
5.2992
5.2992
5.2992
5.2992
5.2992
5.2992
5.2992
5.2992
5.2992
5.2992
5.2992
5.2992
5.2992
5.2992
5.2992
5.2992
5.2992
5.2992
5.2992
5.2992
5.2992
5.2992
5.2992
5.2992
5.2992
5.2992
5.2992
5.2992
5.2992
5.2992
5.2992
5.2992
5.2992
5.2992
5.2992
5.2992
5.2992
5.2992
5.2992
5.2992
5.2992
5.2992
5.2992
5.2992
5.2992
5.2992
5.2992
5.2992
5.2992
5.2992
5.2992
5.2992
5.2992
5.2992
5.2992
5.2992
5.2992
5.2992
5.2992
5.2992
5.2992
5.2992
5.2992
5.2992
5.2992
5.2992
5.2992
5.2992
5.2992
5.2992
5.2992
5.2992
5.2992
5.2992
5.2992
5.2992
5.2992
5.2992
5.28973
5.28973
5.28973
5.28973
5.28973
5.28973
5.28973
5.28973
5.28973
5.28973
5.28973
5.28973
5.28973
5.28973
5.26625
5.26625
5.26625
5.26625
5.26625
5.26625
5.26625
5.26625
5.26625
5.26625
5.26625
5.26625
5.26625
5.26625
5.26625
5.26625
5.26625
5.26625
5.26625
5.26625
5.26625
5.26625
5.26625
5.26625
5.26625
5.26625
5.26625
5.26625
5.26625
5.26625
5.26625
5.26625
5.26625
5.26625
5.26625
5.26625
5.26625
5.26625
5.26625
5.26625
5.26625
5.26625
5.26625
5.26625
5.26625
5.26625
5.26625
5.26625
5.26625
5.26625
5.26625
5.26625
5.26625
5.26625
5.26625
5.26625
5.26625
5.26625
5.26625
5.26625
5.26625
5.26625
5.26625
5.26625
5.26625
5.26625
5.26625
5.26625
5.26625
5.26625
5.26625
5.26625
5.26625
5.26625
5.26625
5.26625
5.26625
5.26625
5.26625
5.26625
5.26625
5.26625
5.26625
5.26625
5.26625
5.26625
5.26625
5.26625
5.26625
5.26625
5.26625
5.26625
5.26625
5.26625
5.26625
5.26625
