           1   -0.526992   -0.526992           0
           2    -0.52888   -0.527936    0.000944
           3   -0.527392   -0.527755 0.000574393
           4   -0.526592   -0.527464  0.00049945
           5   -0.527384   -0.527448 0.000387203
           6    -0.52992    -0.52786 0.000519322
           7   -0.529736   -0.528128  0.00051426
           8   -0.526968   -0.527983 0.000468372
           9     -0.5304   -0.528252 0.000492692
          10   -0.531136    -0.52854 0.000526684
          11   -0.529064   -0.528588 0.000478779
          12    -0.52708   -0.528462 0.000454763
          13   -0.530536   -0.528622 0.000447711
          14   -0.529312   -0.528671 0.000417423
          15   -0.527552   -0.528596 0.000395694
          16   -0.528816    -0.52861 0.000370393
          17   -0.527712   -0.528557  0.00035191
          18   -0.526928   -0.528467 0.000343908
          19   -0.528736   -0.528481 0.000325613
          20   -0.524984   -0.528306 0.000354953
          21     -0.5288    -0.52833 0.000338446
          22   -0.527808   -0.528306 0.000323565
          23   -0.529256   -0.528347 0.000311925
          24    -0.53056   -0.528439 0.000312555
          25   -0.529072   -0.528465 0.000300858
          26   -0.527768   -0.528438 0.000290294
          27   -0.526512   -0.528367 0.000288299
          28   -0.525816   -0.528275 0.000292364
          29   -0.525984   -0.528196 0.000292959
          30   -0.530256   -0.528265 0.000291233
          31   -0.528344   -0.528268 0.000281693
          32   -0.529488   -0.528306 0.000275402
          33   -0.529928   -0.528355 0.000271415
          34   -0.527072   -0.528317 0.000266001
          35   -0.531024   -0.528395 0.000269619
          36   -0.525984   -0.528328 0.000270443
          37   -0.528824   -0.528341 0.000263374
          38   -0.528504   -0.528345 0.000256385
          39   -0.527296   -0.528318  0.00025117
          40   -0.523992    -0.52821 0.000267638
          41   -0.530288   -0.528261 0.000265903
          42   -0.531312   -0.528334 0.000269472
          43   -0.531616    -0.52841 0.000273979
          44    -0.52664    -0.52837 0.000270686
          45   -0.529872   -0.528403   0.0002667
          46   -0.527864   -0.528391 0.000261101
          47   -0.525688   -0.528334 0.000261879
          48   -0.528048   -0.528328 0.000256435
          49   -0.530128   -0.528365  0.00025382
          50   -0.530704   -0.528411 0.000253054
          51    -0.53004   -0.528443  0.00025009
          52   -0.530344    -0.52848 0.000247943
          53    -0.52712   -0.528454 0.000244569
          54   -0.528344   -0.528452 0.000240006
          55     -0.5304   -0.528488 0.000238249
          56    -0.52596   -0.528442  0.00023827
          57   -0.529648   -0.528464 0.000235006
          58   -0.526104   -0.528423 0.000234475
          59   -0.528888   -0.528431 0.000230601
          60   -0.528968    -0.52844 0.000226902
          61   -0.529792   -0.528462  0.00022425
          62   -0.529392   -0.528477 0.000221113
          63   -0.525552    -0.52843 0.000222473
          64   -0.527352   -0.528414 0.000219617
          65   -0.531664   -0.528464 0.000221919
          66   -0.524448   -0.528403 0.000226842
          67   -0.524696   -0.528347 0.000230179
          68   -0.528792   -0.528354 0.000226863
          69   -0.529976   -0.528378 0.000224783
          70   -0.527296   -0.528362 0.000222087
          71   -0.529472   -0.528378 0.000219494
          72   -0.529232    -0.52839 0.000216749
          73   -0.526952    -0.52837 0.000214664
          74   -0.526472   -0.528344 0.000213291
          75   -0.528824   -0.528351 0.000210525
          76   -0.527096   -0.528334 0.000208392
          77   -0.529272   -0.528346 0.000206028
          78   -0.527984   -0.528342 0.000203422
          79   -0.530152   -0.528365 0.000202134
          80    -0.52852   -0.528366 0.000199601
          81   -0.528808   -0.528372 0.000197197
          82   -0.527752   -0.528364 0.000194924
          83   -0.529056   -0.528373 0.000192741
          84   -0.526504    -0.52835 0.000191728
          85   -0.526952   -0.528334 0.000190172
          86   -0.529952   -0.528353 0.000188887
          87   -0.529512   -0.528366 0.000187178
          88    -0.52632   -0.528343 0.000186494
          89   -0.530984   -0.528373 0.000186759
          90   -0.527976   -0.528368 0.000184725
          91   -0.528616   -0.528371 0.000182704
          92   -0.526832   -0.528354  0.00018148
          93    -0.52752   -0.528345 0.000179742
          94    -0.53064    -0.52837 0.000179487
          95   -0.533544   -0.528424 0.000185753
          96   -0.526048   -0.528399 0.000185467
          97   -0.528544   -0.528401 0.000183551
          98   -0.530704   -0.528424 0.000183182
          99    -0.52812   -0.528421 0.000181348
         100   -0.529304    -0.52843 0.000179742
