           1     1.80146     1.80146           0
           2      1.9536     1.87753   0.0760682
           3     1.87935     1.87814   0.0439222
           4      1.9363     1.89268   0.0342927
           5     1.97808     1.90976   0.0315808
           6     1.79189     1.89011   0.0324159
           7     1.95524     1.89942   0.0289331
           8     1.84564     1.89269   0.0259427
           9     1.84092     1.88694   0.0235914
          10     1.96938     1.89519   0.0226539
          11     1.88507     1.89427   0.0205119
          12     1.84622     1.89026   0.0191481
          13      1.9701      1.8964   0.0186537
          14     1.91831     1.89797   0.0173407
          15     1.92014     1.89945   0.0162108
          16     1.84529     1.89606    0.015537
          17     1.90944     1.89685   0.0146157
          18     1.95489     1.90007    0.014152
          19     1.93629     1.90198   0.0135215
          20     1.84372     1.89907   0.0131542
          21      1.8527     1.89686   0.0127054
          22     1.84992     1.89472   0.0123006
          23     1.89184      1.8946   0.0117543
          24     1.91037     1.89526    0.011273
          25     1.78957     1.89103   0.0116097
          26     1.82461     1.88847   0.0114431
          27     1.90874     1.88922   0.0110367
          28     1.85865     1.88813   0.0106911
          29     1.85734     1.88707   0.0103704
          30     1.89632     1.88738   0.0100235
          31     1.78885      1.8842   0.0102025
          32      1.9685     1.88684   0.0102238
          33     1.89127     1.88697  0.00991001
          34     1.84363     1.88569  0.00969826
          35     2.01174      1.8893   0.0100822
          36     1.88136     1.88908  0.00980064
          37     1.79511     1.88654  0.00986462
          38     1.87373      1.8862  0.00960743
          39     1.85349     1.88536  0.00939535
          40      1.8979     1.88567  0.00916281
          41     1.95883     1.88746  0.00911292
          42     1.84809     1.88652  0.00894256
          43     1.87214     1.88619  0.00873852
          44     1.96068     1.88788  0.00870385
          45     2.01969     1.89081  0.00899835
          46     1.91197     1.89127  0.00881258
          47     1.71079     1.88743  0.00943939
          48     1.96191     1.88898     0.00937
          49     1.97025     1.89064  0.00932546
          50     1.95004     1.89183  0.00921396
          51     1.91247     1.89223  0.00904056
          52     2.00353     1.89437  0.00911972
          53     1.95619     1.89554   0.0090217
          54      1.8938     1.89551  0.00885312
          55       2.011     1.89761  0.00894077
          56     1.88913     1.89745  0.00878096
          57     1.86763     1.89693  0.00864139
          58     1.87432     1.89654  0.00850004
          59     1.83664     1.89553  0.00841618
          60     1.92798     1.89607  0.00829238
          61     1.81991     1.89482  0.00825031
          62     1.88592     1.89468  0.00811742
          63      1.8757     1.89437  0.00799321
          64     1.84851     1.89366   0.0078999
          65     1.93144     1.89424   0.0077991
          66     1.87517     1.89395  0.00768546
          67     1.83107     1.89301  0.00762783
          68     1.98801     1.89441  0.00764357
          69     1.98981     1.89579  0.00765784
          70     1.94755     1.89653  0.00758379
          71     1.96957     1.89756  0.00754665
          72     1.99104     1.89886   0.0075535
          73     1.87019     1.89846  0.00745966
          74     1.93057      1.8989  0.00737094
          75     1.81385     1.89776  0.00735989
          76     1.81983     1.89674  0.00733444
          77     1.95464     1.89749  0.00727751
          78     1.88981     1.89739  0.00718428
          79     1.92444     1.89774  0.00710102
          80     2.04783     1.89961  0.00725837
          81     1.93801     1.90009  0.00718386
          82     1.96457     1.90087  0.00713916
          83     1.91877     1.90109  0.00705592
          84     1.88146     1.90085  0.00697533
          85     1.95677     1.90151  0.00692409
          86     1.87101     1.90116  0.00685229
          87     1.92231      1.9014  0.00677743
          88     1.85702      1.9009  0.00671893
          89     1.96015     1.90156  0.00667628
          90     1.96816      1.9023  0.00664303
          91     1.86293     1.90187  0.00658385
          92     1.94457     1.90233  0.00652842
          93       1.878     1.90207  0.00646314
          94     2.00828      1.9032  0.00649307
          95     1.97416     1.90395  0.00646764
          96     1.83467     1.90323  0.00644047
          97     1.95174     1.90373  0.00639332
          98     1.91101      1.9038  0.00632818
          99     1.98915     1.90466  0.00632298
         100     2.02329     1.90585  0.00637086
