           1    0.250327    0.250327           0
           2     0.25313    0.251728  0.00140168
           3    0.261012    0.254823  0.00319858
           4    0.248317    0.253196  0.00278585
           5     0.25323    0.253203  0.00215792
           6    0.246303    0.252053  0.00210401
           7    0.245048    0.251052  0.00204046
           8    0.246557     0.25049   0.0018543
           9    0.247928    0.250206  0.00165993
          10    0.247499    0.249935  0.00150916
          11    0.240417     0.24907  0.00161623
          12    0.259241    0.249917  0.00170154
          13    0.255818    0.250371  0.00162968
          14    0.243361     0.24987  0.00158971
          15     0.25023    0.249894  0.00148013
          16    0.258996    0.250463  0.00149684
          17     0.25661    0.250825  0.00145178
          18     0.25063    0.250814   0.0013688
          19    0.249586    0.250749  0.00129636
          20      0.2471    0.250567   0.0012433
          21     0.24516    0.250309  0.00121032
          22    0.246951    0.250157  0.00116405
          23    0.246313     0.24999  0.00112477
          24    0.246785    0.249856  0.00108513
          25    0.253779    0.250013  0.00105258
          26    0.255011    0.250205   0.0010294
          27    0.254757    0.250374  0.00100479
          28    0.248982    0.250324 0.000969512
          29    0.248205    0.250251 0.000938332
          30    0.256218     0.25045 0.000928076
          31    0.259634    0.250746 0.000945267
          32    0.249194    0.250698 0.000916535
          33    0.251958    0.250736 0.000889149
          34    0.245191    0.250573 0.000877879
          35    0.255536    0.250715 0.000864144
          36    0.245858     0.25058 0.000850563
          37    0.245363    0.250439 0.000839185
          38    0.244817    0.250291 0.000830094
          39    0.243896    0.250127 0.000824989
          40    0.252701    0.250191 0.000806672
          41    0.251511    0.250223  0.00078741
          42    0.252812    0.250285 0.000770901
          43    0.251362     0.25031 0.000753177
          44    0.250852    0.250322 0.000735963
          45    0.250904    0.250335 0.000719538
          46    0.246371    0.250249  0.00070898
          47    0.245397    0.250146 0.000701369
          48    0.246996     0.25008 0.000689732
          49    0.252122    0.250122 0.000676792
          50    0.255568    0.250231 0.000672004
          51    0.252606    0.250277  0.00066034
          52    0.249111    0.250255 0.000647905
          53    0.251823    0.250285 0.000636252
          54    0.248982     0.25026 0.000624824
          55    0.247707    0.250214 0.000615113
          56    0.258098    0.250355  0.00062022
          57    0.247259      0.2503 0.000611658
          58    0.247704    0.250256 0.000602685
          59    0.246561    0.250193 0.000595682
          60    0.247267    0.250144 0.000587696
          61    0.253588    0.250201 0.000580732
          62    0.249602    0.250191  0.00057137
          63    0.248934    0.250171 0.000562582
          64    0.246085    0.250107 0.000557391
          65    0.249062    0.250091 0.000548984
          66    0.250719    0.250101 0.000540686
          67    0.246926    0.250053 0.000534658
          68     0.24504     0.24998  0.00053187
          69    0.252761     0.25002 0.000525654
          70    0.244538    0.249942 0.000523976
          71    0.243729    0.249854 0.000523901
          72    0.249432    0.249848 0.000516606
          73     0.24439    0.249774 0.000514938
          74    0.250813    0.249788 0.000508126
          75    0.248928    0.249776 0.000501436
          76    0.240325    0.249652 0.000510183
          77    0.258023     0.24976 0.000515116
          78    0.250778    0.249774 0.000508636
          79    0.248891    0.249762 0.000502281
          80    0.252806      0.2498  0.00049742
          81    0.244194    0.249731 0.000496093
          82    0.252292    0.249762    0.000491
          83    0.253053    0.249802 0.000486665
          84    0.257671    0.249896 0.000489877
          85    0.242463    0.249808 0.000491913
          86    0.249547    0.249805 0.000486169
          87    0.250371    0.249812 0.000480592
          88    0.244258    0.249749 0.000479272
          89    0.253569    0.249792 0.000475797
          90    0.243107    0.249717 0.000476307
          91    0.246134    0.249678 0.000472687
          92     0.24722    0.249651 0.000468283
          93     0.25263    0.249683 0.000464327
          94    0.251406    0.249702 0.000459726
          95    0.248253    0.249686 0.000455117
          96    0.247351    0.249662 0.000451008
          97    0.251991    0.249686 0.000446979
          98    0.249146     0.24968 0.000442429
          99    0.248625     0.24967 0.000438067
         100    0.248468    0.249658 0.000433831
