           1    0.494979    0.494979           0
           2    0.508265    0.501622  0.00664336
           3     0.51554    0.506261  0.00601945
           4    0.497844    0.504157  0.00474817
           5     0.53034    0.509393   0.0063991
           6     0.50493    0.508649  0.00527754
           7    0.491281    0.506168  0.00510401
           8    0.499234    0.505301  0.00450439
           9    0.504017    0.505159  0.00397506
          10    0.504929    0.505136  0.00355548
          11    0.499294    0.504605  0.00325961
          12    0.505168    0.504652  0.00297597
          13    0.492594    0.503724  0.00289036
          14     0.49008     0.50275   0.0028479
          15    0.509634    0.503208  0.00269069
          16    0.489676    0.502363  0.00265522
          17    0.517246    0.503238  0.00264333
          18    0.492254    0.502628  0.00256578
          19     0.49549    0.502252  0.00245589
          20    0.520274    0.503153  0.00249804
          21    0.496515    0.502837  0.00239704
          22     0.49011    0.502259  0.00235757
          23    0.509023    0.502553  0.00227185
          24    0.483604    0.501763  0.00231398
          25    0.489069    0.501255  0.00227684
          26    0.490757    0.500852  0.00222447
          27    0.530777     0.50196  0.00241043
          28    0.514949    0.502424  0.00236862
          29    0.474227    0.501452  0.00248371
          30    0.507303    0.501647  0.00240741
          31    0.506739    0.501811  0.00233424
          32    0.501219    0.501792  0.00226019
          33    0.508706    0.502002  0.00220063
          34    0.512128      0.5023   0.0021556
          35    0.517828    0.502743  0.00213961
          36    0.506273    0.502842  0.00208164
          37    0.502044     0.50282  0.00202471
          38    0.500811    0.502767  0.00197142
          39    0.496273    0.502601  0.00192741
          40    0.506905    0.502708  0.00188169
          41    0.480806    0.502174  0.00191138
          42    0.495506    0.502015  0.00187206
          43    0.526836    0.502592  0.00191698
          44    0.494035    0.502398  0.00188298
          45    0.492229    0.502172  0.00185448
          46    0.490335    0.501915  0.00183188
          47    0.491195    0.501687  0.00180693
          48    0.489835     0.50144  0.00178604
          49    0.509115    0.501596  0.00175621
          50     0.51346    0.501834    0.001737
          51    0.494586    0.501691  0.00170852
          52    0.489894    0.501465  0.00169064
          53    0.484304    0.501141  0.00168974
          54    0.505665    0.501225  0.00166027
          55    0.491566    0.501049  0.00163924
          56    0.514353    0.501287  0.00162714
          57    0.523633    0.501679  0.00164571
          58    0.494762    0.501559  0.00162148
          59    0.499324    0.501521  0.00159421
          60    0.516909    0.501778  0.00158826
          61    0.512329    0.501951  0.00157155
          62    0.500982    0.501935  0.00154608
          63    0.521119     0.50224  0.00155151
          64    0.491023    0.502065   0.0015371
          65    0.505704    0.502121   0.0015143
          66    0.492725    0.501978  0.00149796
          67    0.494723     0.50187  0.00147941
          68    0.510607    0.501998  0.00146314
          69    0.504817    0.502039  0.00144236
          70    0.480709    0.501734  0.00145389
          71     0.48921    0.501558  0.00144408
          72    0.513993    0.501731  0.00143432
          73    0.510424     0.50185  0.00141954
          74    0.531601    0.502252   0.0014568
          75    0.521481    0.502508  0.00145993
          76    0.500741    0.502485  0.00144078
          77    0.521776    0.502736  0.00144385
          78    0.506268    0.502781  0.00142594
          79    0.507752    0.502844  0.00140918
          80    0.511021    0.502946   0.0013952
          81    0.495957     0.50286  0.00138057
          82    0.508222    0.502925   0.0013652
          83    0.502203    0.502916  0.00134868
          84     0.49576    0.502831  0.00133524
          85    0.511819    0.502937  0.00132367
          86    0.486459    0.502745  0.00132215
          87    0.489387    0.502592  0.00131585
          88    0.487732    0.502423  0.00131172
          89    0.502459    0.502423   0.0012969
          90    0.507549     0.50248  0.00128368
          91    0.499154    0.502444  0.00127002
          92    0.503266    0.502453  0.00125617
          93    0.508098    0.502513  0.00124407
          94    0.510978    0.502603  0.00123405
          95     0.51066    0.502688  0.00122394
          96     0.50027    0.502663  0.00121138
          97    0.498119    0.502616  0.00119974
          98    0.507141    0.502662  0.00118833
          99    0.510077    0.502737  0.00117865
         100    0.513148    0.502841  0.00117144
