           1   -0.735952   -0.735952           0
           2   -0.727759   -0.731856   0.0040964
           3   -0.729474   -0.731062   0.0024947
           4   -0.732669   -0.731464  0.00180918
           5   -0.732533   -0.731677  0.00141761
           6   -0.725503   -0.730648  0.00154876
           7   -0.723466   -0.729622  0.00166313
           8   -0.736961    -0.73054  0.00170761
           9   -0.734509   -0.730981  0.00156922
          10   -0.731534   -0.731036  0.00140464
          11   -0.731728   -0.731099   0.0012721
          12    -0.72752   -0.730801  0.00119896
          13   -0.728202   -0.730601  0.00112084
          14   -0.727144   -0.730354  0.00106667
          15   -0.733926   -0.730592  0.00102117
          16   -0.731044    -0.73062 0.000955631
          17   -0.729244   -0.730539 0.000901302
          18   -0.728768   -0.730441 0.000855435
          19   -0.729424   -0.730387 0.000810929
          20   -0.728254   -0.730281 0.000776672
          21    -0.72937   -0.730237 0.000740035
          22   -0.732195   -0.730326 0.000711186
          23   -0.733018   -0.730443 0.000689562
          24    -0.72905   -0.730385 0.000662754
          25    -0.73221   -0.730458  0.00063987
          26   -0.731727   -0.730507 0.000616701
          27   -0.734283   -0.730647 0.000609679
          28   -0.727168   -0.730523 0.000600496
          29   -0.725986   -0.730366 0.000600163
          30   -0.726772   -0.730246 0.000592061
          31   -0.734717   -0.730391 0.000590522
          32   -0.728167   -0.730321 0.000575977
          33    -0.72861   -0.730269 0.000560655
          34   -0.729097   -0.730235 0.000545007
          35   -0.733795   -0.730337 0.000538894
          36   -0.731886    -0.73038 0.000525476
          37   -0.728541    -0.73033 0.000513487
          38   -0.734366   -0.730436 0.000510951
          39   -0.734939   -0.730552 0.000510896
          40   -0.721448   -0.730324 0.000547504
          41    -0.72417   -0.730174  0.00055468
          42   -0.729626   -0.730161 0.000541469
          43   -0.727688   -0.730103 0.000531845
          44   -0.720777   -0.729891 0.000561188
          45   -0.734785       -0.73  0.00055925
          46   -0.738793   -0.730191 0.000579395
          47   -0.732049   -0.730231 0.000568309
          48   -0.722958   -0.730079 0.000576605
          49   -0.731502   -0.730108  0.00056546
          50   -0.727899   -0.730064 0.000555794
          51    -0.72543   -0.729973 0.000552312
          52    -0.73019   -0.729977 0.000541602
          53   -0.735762   -0.730087 0.000542378
          54   -0.732318   -0.730128 0.000533842
          55   -0.728243   -0.730094 0.000525165
          56   -0.725706   -0.730015 0.000521619
          57   -0.734022   -0.730086 0.000517184
          58   -0.731981   -0.730118 0.000509238
          59   -0.732044   -0.730151 0.000501596
          60   -0.727817   -0.730112 0.000494697
          61    -0.72743   -0.730068 0.000488503
          62   -0.730874   -0.730081 0.000480735
          63   -0.729832   -0.730077 0.000473059
          64    -0.72823   -0.730048 0.000466503
          65   -0.731838   -0.730076 0.000460095
          66   -0.725569   -0.730007 0.000458187
          67   -0.728035   -0.729978 0.000452256
          68   -0.728666   -0.729959 0.000445973
          69    -0.72678   -0.729913  0.00044187
          70   -0.732869   -0.729955 0.000437555
          71   -0.729637    -0.72995 0.000431371
          72   -0.729843   -0.729949 0.000425341
          73    -0.71847   -0.729792  0.00044798
          74   -0.728146   -0.729769 0.000442444
          75   -0.724326   -0.729697 0.000442498
          76    -0.73263   -0.729735  0.00043834
          77   -0.728318   -0.729717 0.000433002
          78   -0.728728   -0.729704 0.000427602
          79   -0.737621   -0.729805 0.000433885
          80    -0.73369   -0.729853 0.000431171
          81   -0.726266   -0.729809 0.000428111
          82   -0.731395   -0.729828   0.0004233
          83   -0.731359   -0.729847 0.000418576
          84   -0.725986   -0.729801 0.000416108
          85   -0.727046   -0.729768 0.000412459
          86   -0.727823   -0.729746 0.000408262
          87   -0.733591    -0.72979 0.000405955
          88   -0.731725   -0.729812 0.000401918
          89   -0.737743   -0.729901 0.000407246
          90   -0.730396   -0.729906 0.000402733
          91   -0.734118   -0.729953 0.000400964
          92   -0.729161   -0.729944 0.000396675
          93   -0.729199   -0.729936 0.000392468
          94    -0.72891   -0.729925 0.000388424
          95   -0.735974   -0.729989 0.000389553
          96   -0.733067   -0.730021 0.000386805
          97   -0.730511   -0.730026  0.00038283
          98   -0.727683   -0.730002 0.000379657
          99   -0.728137   -0.729983 0.000376274
         100   -0.728408   -0.729967 0.000372825
