           1     0.46212     0.46212           0
           2    0.447916    0.455018    0.007102
           3    0.454132    0.454723  0.00411096
           4    0.461344    0.456378  0.00334517
           5    0.466944    0.458491  0.00334361
           6    0.436796    0.454875  0.00453074
           7    0.445972    0.453603  0.00403489
           8    0.461444    0.454584  0.00362916
           9    0.458264    0.454992  0.00322664
          10    0.454912    0.454984    0.002886
          11     0.45532    0.455015  0.00261067
          12     0.45232     0.45479  0.00239376
          13    0.447172    0.454204  0.00227859
          14      0.4416    0.453304  0.00229364
          15    0.465668    0.454128  0.00228884
          16      0.4465    0.453652  0.00219345
          17     0.44858    0.453353  0.00208188
          18      0.4534    0.453356  0.00196281
          19     0.44932    0.453143  0.00186875
          20    0.454472     0.45321  0.00177409
          21    0.443928    0.452768  0.00174442
          22    0.463176    0.453241  0.00172922
          23    0.453008    0.453231  0.00165236
          24    0.444688    0.452875  0.00162156
          25    0.456732    0.453029  0.00156298
          26    0.452636    0.453014  0.00150174
          27    0.463976     0.45342    0.001501
          28     0.45064    0.453321   0.0014498
          29    0.444612     0.45302  0.00143079
          30     0.45026    0.452928  0.00138533
          31    0.462704    0.453244   0.0013765
          32    0.442796    0.452917   0.0013722
          33    0.446288    0.452716  0.00134506
          34    0.453364    0.452735  0.00130503
          35    0.465016    0.453086  0.00131488
          36    0.457308    0.453204   0.0012832
          37    0.448624     0.45308  0.00125416
          38    0.456308    0.453165  0.00122366
          39    0.462456    0.453403  0.00121545
          40     0.44024    0.453074  0.00122953
          41    0.439608    0.452745  0.00124333
          42    0.453812    0.452771  0.00121363
          43     0.43996    0.452473  0.00122195
          44    0.430484    0.451973  0.00129423
          45    0.466724    0.452301  0.00130692
          46    0.467524    0.452632  0.00132034
          47    0.457804    0.452742  0.00129662
          48    0.442192    0.452522  0.00128821
          49    0.454948    0.452572  0.00126262
          50    0.445616    0.452433   0.0012449
          51    0.444392    0.452275  0.00123039
          52    0.445512    0.452145  0.00121349
          53    0.462768    0.452345  0.00120713
          54    0.454792    0.452391  0.00118543
          55    0.441816    0.452198  0.00117945
          56    0.446812    0.452102  0.00116219
          57    0.454148    0.452138  0.00114218
          58    0.452784    0.452149  0.00112237
          59     0.45982    0.452279  0.00111082
          60    0.452084    0.452276  0.00109215
          61    0.442108    0.452109  0.00108695
          62    0.453608    0.452133  0.00106955
          63      0.4544    0.452169  0.00105305
          64    0.450668    0.452146  0.00103673
          65    0.453312    0.452164  0.00102082
          66    0.448524    0.452109  0.00100674
          67    0.448696    0.452058 0.000992911
          68    0.450408    0.452034 0.000978501
          69     0.44482    0.451929 0.000969867
          70    0.463624    0.452096 0.000970402
          71    0.454704    0.452133 0.000957341
          72    0.457896    0.452213 0.000947339
          73    0.428868    0.451893 0.000987487
          74    0.445128    0.451802 0.000978332
          75    0.440228    0.451647 0.000977457
          76    0.456432     0.45171 0.000966563
          77    0.448108    0.451663 0.000955074
          78     0.44868    0.451625 0.000943525
          79    0.466984     0.45182 0.000951577
          80    0.454328    0.451851  0.00094013
          81    0.445772    0.451776  0.00093148
          82    0.454296    0.451807 0.000920563
          83    0.453316    0.451825 0.000909586
          84    0.439092    0.451673 0.000911386
          85    0.453148    0.451691 0.000900767
          86    0.448716    0.451656 0.000890904
          87    0.458196    0.451731 0.000883806
          88    0.457984    0.451802  0.00087659
          89    0.464796    0.451948 0.000878896
          90     0.45266    0.451956 0.000869111
          91    0.460592    0.452051  0.00086473
          92    0.452604    0.452057 0.000855301
          93    0.452676    0.452064  0.00084608
          94    0.447072    0.452011 0.000838714
          95    0.463792    0.452135 0.000839054
          96    0.461296     0.45223 0.000835734
          97    0.458196    0.452292 0.000829357
          98    0.444976    0.452217 0.000824238
          99    0.450244    0.452197 0.000816113
         100     0.44916    0.452167 0.000808481
