           1     1.76139     1.76139           0
           2     1.84431     1.80285   0.0414599
           3     1.87855     1.82808   0.0347825
           4     1.76193     1.81155   0.0296374
           5     1.81815     1.81287    0.022995
           6     1.86436     1.82145   0.0206437
           7     1.77215      1.8144   0.0188148
           8     1.74602     1.80586   0.0184002
           9      1.8524     1.81103   0.0170316
          10     1.83491     1.81342   0.0154196
          11     1.72088       1.805   0.0162881
          12     1.82406     1.80659   0.0149535
          13     1.80621     1.80656   0.0137553
          14     1.89138     1.81262   0.0141026
          15     1.74487      1.8081    0.013884
          16     1.79587     1.80734   0.0130098
          17     1.81992     1.80808    0.012243
          18     1.79505     1.80736   0.0115655
          19     1.81891     1.80796   0.0109567
          20     1.82973     1.80905   0.0104513
          21     1.85749     1.81136   0.0102052
          22     1.72161     1.80728    0.010551
          23     1.82551     1.80807   0.0101129
          24     1.79551     1.80755   0.0096965
          25     1.77447     1.80623   0.0093942
          26     1.79797     1.80591  0.00903124
          27     1.79926     1.80566   0.0086938
          28     1.81749     1.80608  0.00838819
          29     1.75648     1.80437  0.00827254
          30     1.79907      1.8042  0.00799399
          31     1.72808     1.80174  0.00811236
          32      1.9245     1.80558  0.00874153
          33       1.783     1.80489  0.00850007
          34     1.77165     1.80392  0.00830403
          35     1.78857     1.80348   0.0080752
          36     1.78139     1.80286  0.00787163
          37     1.73035      1.8009  0.00790277
          38     1.77508     1.80022  0.00772196
          39     1.81244     1.80054  0.00752787
          40     1.82327     1.80111  0.00735925
          41     1.80565     1.80122  0.00717836
          42     1.78249     1.80077  0.00701954
          43     1.89285     1.80291  0.00718109
          44     1.86206     1.80426  0.00714362
          45     1.76206     1.80332  0.00704576
          46     1.75489     1.80227  0.00697084
          47     1.67788     1.79962  0.00731637
          48     1.77991     1.79921  0.00717408
          49     1.80749     1.79938  0.00702818
          50     1.84666     1.80032  0.00695081
          51     1.79398      1.8002  0.00681429
          52     1.85028     1.80116  0.00675102
          53     1.74612     1.80012  0.00670334
          54     1.81772     1.80045   0.0065861
          55     1.86192     1.80157  0.00656113
          56     1.88506     1.80306  0.00661316
          57     1.86825      1.8042  0.00659601
          58     1.76014     1.80344  0.00652565
          59     1.78294     1.80309   0.0064235
          60     1.82454     1.80345  0.00632563
          61     1.90884     1.80518  0.00645651
          62     1.75083      1.8043  0.00641172
          63     1.83767     1.80483  0.00633133
          64      1.7221     1.80354  0.00636428
          65     1.78744     1.80329   0.0062705
          66      1.7752     1.80287  0.00618941
          67     1.81102     1.80299  0.00609755
          68     1.79989     1.80294  0.00600738
          69     1.87357     1.80397  0.00600751
          70     1.78242     1.80366  0.00592906
          71     1.76685     1.80314   0.0058679
          72     1.80408     1.80315  0.00578584
          73     1.86457     1.80399  0.00576772
          74     1.96222     1.80613  0.00607776
          75      1.8703     1.80699   0.0060569
          76      1.8581     1.80766   0.0060144
          77     1.86171     1.80836  0.00597713
          78     1.77006     1.80787   0.0059204
          79     1.72003     1.80676  0.00594981
          80      1.9238     1.80822  0.00605439
          81     1.76687     1.80771  0.00600093
          82     1.78998      1.8075  0.00593124
          83     1.76842     1.80703  0.00587823
          84     1.80925     1.80705  0.00580789
          85     1.87083      1.8078  0.00578799
          86     1.79402     1.80764  0.00572254
          87     1.73157     1.80677  0.00572356
          88     1.71474     1.80572  0.00575397
          89     1.79069     1.80555  0.00569146
          90     1.83312     1.80586  0.00563619
          91     1.74835     1.80523  0.00560962
          92       1.717     1.80427  0.00563057
          93     1.79859     1.80421  0.00557004
          94     1.80026     1.80416  0.00551062
          95     1.72307     1.80331  0.00551872
          96     1.75508     1.80281  0.00548399
          97     1.75566     1.80232  0.00544889
          98     1.80711     1.80237  0.00539322
          99     1.80167     1.80236  0.00533847
         100     1.99153     1.80426  0.00561316
