-6.65046
-6.65046
-6.65046
-6.65046
-6.65046
-6.65046
-6.65046
-6.65046
-6.65046
-6.65046
-6.65046
-6.65046
-6.65046
-6.65046
-6.64981
-6.64948
-6.64819
-6.64819
-6.64657
-6.64592
-6.6443
-6.64301
-6.64171
-6.64106
-6.64009
-6.63977
-6.63815
-6.63686
-6.63329
-6.63167
-6.62908
-6.62746
-6.62552
-6.62423
-6.62164
-6.62066
-6.61807
-6.61613
-6.61516
-6.61419
-6.61322
-6.61225
-6.61063
-6.6103
-6.60901
-6.60771
-6.60706
-6.60577
-6.60544
-6.60415
-6.60318
-6.60285
-6.60156
-6.60059
-6.59897
-6.59832
-6.59767
-6.59735
-6.59638
-6.59573
-6.5954
-6.59411
-6.59314
-6.59249
-6.59216
-6.59119
-6.59054
-6.59054
-6.59022
-6.58989
-6.58989
-6.58925
-6.58892
-6.5886
-6.58795
-6.5873
-6.58665
-6.58665
-6.58665
-6.58633
-6.586
-6.58568
-6.58568
-6.58406
-6.58341
-6.58309
-6.58308
-6.58276
-6.58276
-6.58244
-6.58243
-6.58243
-6.58211
-6.58211
-6.58146
-6.58146
-6.58017
-6.57919
-6.57919
-6.57822
-6.5779
-6.57757
-6.57757
-6.57725
-6.57725
-6.57725
-6.57595
-6.57628
-6.57628
-6.57628
-6.57628
-6.57595
-6.57595
-6.57595
-6.57595
-6.57595
-6.57595
-6.57595
-6.57595
-6.57595
-6.57595
-6.57563
-6.57596
-6.57596
-6.57596
-6.57531
-6.57466
-6.57466
-6.57466
-6.57466
-6.57434
-6.57434
-6.57402
-6.57337
-6.57337
-6.57305
-6.57337
-6.57337
-6.57369
-6.57337
-6.57305
-6.57273
-6.5724
-6.57305
-6.57305
-6.57305
-6.57337
-6.5737
-6.5737
-6.57338
-6.57305
-6.57273
-6.57273
-6.57338
-6.57338
-6.57338
-6.57338
-6.57306
-6.57338
-6.5737
-6.5737
-6.57338
-6.57306
-6.57306
-6.57306
-6.57338
-6.57371
-6.57371
-6.57403
-6.57436
-6.57436
-6.57403
-6.57403
-6.57403
-6.57403
-6.57403
-6.57371
-6.57339
-6.57306
-6.57274
-6.57306
-6.57306
-6.57306
-6.57274
-6.57306
-6.57274
-6.57274
-6.57144
-6.57144
-6.57144
-6.57144
-6.57209
-6.57209
-6.57209
-6.57242
-6.57242
-6.57209
-6.57242
-6.57209
-6.57242
-6.57306
-6.57339
-6.57371
-6.57371
-6.57371
-6.57436
-6.57403
-6.57468
-6.57501
-6.57468
-6.57468
-6.57436
-6.57436
-6.57436
-6.57436
-6.57436
-6.57403
-6.57371
-6.57371
-6.57403
-6.57436
-6.57468
-6.57468
-6.57468
-6.57403
-6.57436
-6.57436
-6.57565
-6.575
-6.57436
-6.57338
-6.57435
-6.57435
-6.57468
-6.57468
-6.57435
-6.57435
-6.57435
-6.57468
-6.57435
-6.575
-6.57532
-6.57597
-6.57597
-6.57597
-6.57532
-6.575
-6.57532
-6.57565
-6.57597
-6.57662
-6.57662
-6.57629
-6.57662
-6.57629
-6.57629
-6.57629
-6.57629
-6.57629
-6.57661
-6.57564
-6.57564
-6.57564
-6.57564
-6.57597
-6.57629
-6.57629
-6.57661
-6.57629
-6.57661
-6.57661
-6.57694
-6.57694
-6.57758
-6.57856
-6.57856
-6.57888
-6.57953
-6.5792
-6.57985
-6.57985
-6.57985
-6.57953
-6.57888
-6.57856
-6.57856
-6.57856
-6.57856
-6.57888
-6.57888
-6.57888
-6.57985
-6.57953
-6.58017
-6.58082
-6.58115
-6.58082
-6.58082
-6.58082
-6.58115
-5.92484
-5.92548
-5.92581
-5.92613
-5.92548
-5.92678
-5.9271
-5.92645
-5.92581
-5.92613
-5.92646
-5.92646
-5.9271
-5.92678
-5.92678
-5.9271
-5.92678
-5.9271
-5.9271
-5.92678
-5.92646
-5.92646
-5.92581
-5.92646
-5.92549
-5.92549
-5.92613
-5.92613
-5.92581
-5.92613
-5.92613
-5.9271
-5.92678
-5.92678
-5.92678
-5.92678
-5.92646
-5.92548
-5.92516
-5.92516
-5.92581
-5.92548
-5.92516
-5.92548
-5.92484
-5.92484
-5.92419
-5.92484
-5.92516
-5.92484
-5.92484
-5.92484
-5.92484
-5.92516
-5.92581
-5.92516
-5.92483
-5.92451
-5.92419
-5.92386
-5.92386
-5.92386
-5.92451
-5.92451
-5.92483
-5.92483
-5.92516
-5.92483
-5.92515
-5.92451
-5.92418
-5.92353
-5.92353
-5.92321
-5.92386
-5.92386
-5.92321
-5.92256
-5.92224
-5.92224
-5.92192
-5.92159
-5.92159
-5.92159
-5.92192
-5.92159
-5.92094
-5.92062
-5.92029
-5.91965
-5.91965
-5.91965
-5.91932
-5.919
-5.91932
-5.919
-5.91868
-5.91803
-5.91835
-5.91965
-5.91997
-5.91997
-5.9203
-5.91933
-5.919
-5.919
-5.919
-5.91803
-5.91803
-5.91803
-5.91771
-5.91771
-5.91738
-5.91803
-5.91738
-5.91771
-5.91771
-5.91803
-5.91836
-5.91836
-5.919
-5.91965
-5.91868
-5.919
-5.91868
-5.91868
-5.91836
-5.91771
-5.91739
-5.91771
-5.91739
-5.91674
-5.91642
-5.91609
-5.91577
-5.91577
-5.91577
-5.91545
-5.91545
-5.91545
-5.91545
-5.91577
-5.91545
-5.91545
-5.91512
-5.91512
-5.91512
-5.91577
-5.91545
-5.91577
-5.91545
-5.91512
-5.91512
-5.91512
-5.91512
-5.91512
-5.91577
-5.91577
-5.91577
-5.91609
-5.91609
-5.91642
-5.91642
-5.91642
-5.91706
-5.91706
-5.91706
-5.91771
-5.91803
-5.91771
-5.91771
-5.91803
-5.91803
-5.91836
-5.91803
-5.91901
-5.91868
-5.91836
-5.91803
-5.91836
-5.91836
-5.91836
-5.91901
-5.91933
-5.91933
-5.91933
-5.91901
-5.91901
-5.91868
-5.91868
-5.91803
-5.91836
-5.91836
-5.91836
-5.91868
-5.91836
-5.91836
-5.91836
-5.91771
-5.91771
-5.91771
-5.91739
-5.91706
-5.91706
-5.91739
-5.91739
-5.91771
-5.91771
-5.91836
-5.91836
-5.91803
-5.91803
-5.91771
-5.91771
-5.91739
-5.91739
-5.91706
-5.91674
-5.91641
-5.91674
-5.91738
-5.91771
-5.91803
-5.91803
-5.91803
-5.91868
-5.919
-5.919
-5.919
-5.91836
-5.91803
-5.91771
-5.91738
-5.91706
-5.91738
-5.91835
-5.91868
-5.91803
-5.91771
-5.91803
-5.91771
-5.91771
-5.91771
-5.91803
-5.91835
-5.91803
-5.91836
-5.91868
-5.91868
-5.91933
-5.91933
-5.91933
-5.91997
-5.91965
-5.91965
-5.91965
-5.91997
-5.91965
-5.91933
-5.91997
-5.9203
-5.9203
-5.92062
-5.92095
-5.92127
-5.92095
-5.92127
-5.9216
-5.9216
-5.92095
-5.92095
-5.92095
-5.9203
-5.9203
-5.9203
-5.9203
-5.9203
-5.92063
-5.92095
-5.92127
-5.92095
-5.92063
-5.9203
-5.91998
-5.91966
-5.91933
-5.91933
-5.91933
-5.91933
-5.91901
-5.91836
-5.91901
-5.91901
-5.91901
-5.91869
-5.91836
-5.91771
-5.91674
-5.91642
-5.91642
-5.63914
-5.63978
-5.64011
-5.63946
-5.63914
-5.63978
-5.63978
-5.64075
-5.64075
-5.64108
-5.64075
-5.64043
-5.64011
-5.63946
-5.63913
-5.63946
-5.63914
-5.63881
-5.63849
-5.63816
-5.63816
-5.63816
-5.63816
-5.63849
-5.63849
-5.63913
-5.63914
-5.63881
-5.63913
-5.63913
-5.63913
-5.63881
-5.63881
-5.63849
-5.63816
-5.63784
-5.63784
-5.63784
-5.63816
-5.63849
-5.63946
-5.63881
-5.63881
-5.63849
-5.63881
-5.63946
-5.63913
-5.63978
-5.63913
-5.63913
-5.63913
-5.63946
-5.6401
-5.6401
-5.64043
-5.63946
-5.63913
-5.6401
-5.63978
-5.63978
-5.63945
-5.63945
-5.63913
-5.63881
-5.63913
-5.63913
-5.63848
-5.63881
-5.63913
-5.63848
-5.63881
-5.63881
-5.63881
-5.6388
-5.63848
-5.63978
-5.63945
-5.6388
-5.63913
-5.63913
-5.63913
-5.63945
-5.63945
-5.63977
-5.64042
-5.64074
-5.63977
-5.63977
-5.63945
-5.63945
-5.63977
-5.63977
-5.63977
-5.63977
-5.63945
-5.63977
-5.63977
-5.63977
-5.6401
-5.63945
-5.6401
-5.6401
-5.6401
-5.6401
-5.64009
-5.63977
-5.63945
-5.63977
-5.64042
-5.64107
-5.64074
-5.64042
-5.64139
-5.64236
-5.64236
-5.64204
-5.64139
-5.64171
-5.64171
-5.64171
-5.64171
-5.64171
-5.64204
-5.64171
-5.64171
-5.64139
-5.64139
-5.64139
-5.64204
-5.64236
-5.64172
-5.64139
-5.64172
-5.64204
-5.64301
-5.64301
-5.64366
-5.64366
-5.64366
-5.64334
-5.64398
-5.64431
-5.64431
-5.64431
-5.64496
-5.64463
-5.64496
-5.64528
-5.64528
-5.64528
-5.64593
-5.6469
-5.6469
-5.6469
-5.6469
-5.64755
-5.64755
-5.64787
-5.64787
-5.64787
-5.6482
-5.6482
-5.64852
-5.6482
-5.64885
-5.64917
-5.64852
-5.64852
-5.6482
-5.64755
-5.6482
-5.64787
-5.64787
-5.6469
-5.64723
-5.6469
-5.64723
-5.64755
-5.6469
-5.64658
-5.64626
-5.64593
-5.64561
-5.64561
-5.64593
-5.64593
-5.64593
-5.64529
-5.64529
-5.64528
-5.64528
-5.64528
-5.64496
-5.64464
-5.64496
-5.64431
-5.64431
-5.64431
-5.64431
-5.64431
-5.64464
-5.64464
-5.64431
-5.64399
-5.64367
-5.64334
-5.64399
-5.64431
-5.64464
-5.64464
-5.64496
-5.64464
-5.64464
-5.64431
-5.64399
-5.64367
-5.64367
-5.64269
-5.64399
-5.64399
-5.64366
-5.64399
-5.64399
-5.64399
-5.64464
-5.64399
-5.64431
-5.64431
-5.64399
-5.64366
-5.64399
-5.64496
-5.64528
-5.64528
-5.64528
-5.64496
-5.64431
-5.64431
-5.64463
-5.64496
-5.64496
-5.64463
-5.64496
-5.64431
-5.64399
-5.64463
-5.64496
-5.64463
-5.64463
-5.64496
-5.64561
-5.64593
-5.64625
-5.64658
-5.64658
-5.64625
-5.64463
-5.64431
-5.64463
-5.64399
-5.64302
-5.64269
-5.64237
-5.64204
-5.64204
-5.64302
-5.64334
-5.64366
-5.64269
-5.64204
-5.64205
-5.6414
-5.64107
-5.64205
-5.64237
-5.64269
-5.64334
-5.64334
-5.64399
-5.64399
-5.64399
-5.64399
-5.64431
-5.64366
-5.64334
-5.64334
-5.64334
-5.64366
-5.64399
-5.64366
-5.64334
-5.64302
-5.64269
-5.64237
-5.64269
-5.64269
-5.64302
-5.64302
-5.64237
-5.64269
-5.58471
-5.58471
-5.58503
-5.58471
-5.58471
-5.58374
-5.58406
-5.58374
-5.58374
-5.58374
-5.58374
-5.58374
-5.58406
-5.58406
-5.58341
-5.58342
-5.58277
-5.58342
-5.58342
-5.58277
-5.58277
-5.58309
-5.58309
-5.58342
-5.58277
-5.58309
-5.58245
-5.58212
-5.5818
-5.5818
-5.58212
-5.58212
-5.58148
-5.58148
-5.58115
-5.58212
-5.58212
-5.58245
-5.5818
-5.58212
-5.58212
-5.58148
-5.58115
-5.58083
-5.58115
-5.58083
-5.58115
-5.5805
-5.58115
-5.58115
-5.58115
-5.58083
-5.5805
-5.58018
-5.57985
-5.57985
-5.5805
-5.5805
-5.58018
-5.5805
-5.57985
-5.57985
-5.57953
-5.57985
-5.58018
-5.58017
-5.5805
-5.5805
-5.57953
-5.57888
-5.57855
-5.57855
-5.57855
-5.57791
-5.57791
-5.57855
-5.57888
-5.5792
-5.57888
-5.57888
-5.57952
-5.58017
-5.5805
-5.5805
-5.58082
-5.58114
-5.58114
-5.58147
-5.58147
-5.58147
-5.58179
-5.58211
-5.58211
-5.58211
-5.58244
-5.58179
-5.58179
-5.58179
-5.58211
-5.58244
-5.58244
-5.58147
-5.58147
-5.58179
-5.58179
-5.58179
-5.58147
-5.58179
-5.58244
-5.58244
-5.58244
-5.58244
-5.58212
-5.58179
-5.58179
-5.58082
-5.58082
-5.58082
-5.58115
-5.58115
-5.58017
-5.58018
-5.58018
-5.58018
-5.58082
-5.5805
-5.5805
-5.5805
-5.58018
-5.57953
-5.57985
-5.58018
-5.58018
-5.58018
-5.57986
-5.57986
-5.58018
-5.58083
-5.58018
-5.57986
-5.57986
-5.58018
-5.58018
-5.5805
-5.58083
-5.58083
-5.58083
-5.58115
-5.58083
-5.58115
-5.58147
-5.5818
-5.58147
-5.58115
-5.58115
-5.5818
-5.58212
-5.58277
-5.58309
-5.58277
-5.58277
-5.58342
-5.58309
-5.58277
-5.58277
-5.58309
-5.58341
-5.58309
-5.58277
-5.58277
-5.58309
-5.58212
-5.58212
-5.5818
-5.58147
-5.58147
-5.58147
-5.58179
-5.58212
-5.58212
-5.58212
-5.58212
-5.58212
-5.58212
-5.58212
-5.58212
-5.58212
-5.58212
-5.58212
-5.58212
-5.58115
-5.58082
-5.58147
-5.58147
-5.5818
-5.58244
-5.58212
-5.5818
-5.5818
-5.58147
-5.58245
-5.58277
-5.58277
-5.58309
-5.58309
-5.58342
-5.58374
-5.58439
-5.58439
-5.58439
-5.58406
-5.58471
-5.58439
-5.58471
-5.58471
-5.58504
-5.58601
-5.58601
-5.58633
-5.58633
-5.58601
-5.58601
-5.58633
-5.58698
-5.58698
-5.58666
-5.58666
-5.58633
-5.58666
-5.58795
-5.5873
-5.58601
-5.58633
-5.58666
-5.5873
-5.58698
-5.58666
-5.58698
-5.58633
-5.58569
-5.58536
-5.58536
-5.58471
-5.58504
-5.58439
-5.58407
-5.58407
-5.58342
-5.5831
-5.58374
-5.58342
-5.58342
-5.58342
-5.58439
-5.58439
-5.58407
-5.58407
-5.58374
-5.5831
-5.58309
-5.58309
-5.58309
-5.58374
-5.58374
-5.58374
-5.58374
-5.58342
-5.58374
-5.58407
-5.58407
-5.58471
-5.58407
-5.58374
-5.58342
-5.58374
-5.58374
-5.58407
-5.58471
-5.58472
-5.58439
-5.58439
-5.58439
-5.58439
-5.58569
-5.58634
-5.58569
-5.58601
-5.58569
-5.58536
-5.58504
-5.58472
-5.58536
-5.58472
-5.58504
-5.58504
-5.58536
-5.58536
-5.58569
-5.58601
-5.58601
-5.59433
-5.594
-5.59433
-5.59433
-5.59465
-5.59498
-5.59498
-5.59465
-5.59433
-5.59401
-5.59368
-5.59401
-5.59336
-5.59336
-5.59368
-5.59368
-5.59336
-5.59336
-5.594
-5.59465
-5.59465
-5.594
-5.59433
-5.59465
-5.59433
-5.59433
-5.59433
-5.59465
-5.59401
-5.59433
-5.59401
-5.59368
-5.59336
-5.59303
-5.59271
-5.59239
-5.59271
-5.59271
-5.59271
-5.59303
-5.59303
-5.59336
-5.59303
-5.59303
-5.59239
-5.59206
-5.59206
-5.59239
-5.59271
-5.59271
-5.59239
-5.59239
-5.59174
-5.59141
-5.59141
-5.59109
-5.59077
-5.59109
-5.59109
-5.59077
-5.59044
-5.59141
-5.59174
-5.59141
-5.59174
-5.59174
-5.59141
-5.59141
-5.59141
-5.59174
-5.59109
-5.59141
-5.59174
-5.59141
-5.59174
-5.59077
-5.59077
-5.59076
-5.59044
-5.59044
-5.58979
-5.58979
-5.59012
-5.58979
-5.59012
-5.59012
-5.59076
-5.59076
-5.59109
-5.59141
-5.59141
-5.59141
-5.59076
-5.59044
-5.59012
-5.59044
-5.58979
-5.58979
-5.59012
-5.58979
-5.58979
-5.59012
-5.59044
-5.59012
-5.59012
-5.59044
-5.59044
-5.59012
-5.59044
-5.59077
-5.59109
-5.59044
-5.59044
-5.5898
-5.58979
-5.58947
-5.58882
-5.58915
-5.58947
-5.58915
-5.58947
-5.58882
-5.58947
-5.59109
-5.59142
-5.59077
-5.59077
-5.59044
-5.59044
-5.59077
-5.59044
-5.59044
-5.59044
-5.59012
-5.5898
-5.5898
-5.59012
-5.59044
-5.59109
-5.59109
-5.59109
-5.59174
-5.59304
-5.59239
-5.59239
-5.59304
-5.59239
-5.59239
-5.59239
-5.59239
-5.59239
-5.59336
-5.59401
-5.59433
-5.59433
-5.59433
-5.59465
-5.59401
-5.59401
-5.59401
-5.59368
-5.59465
-5.59433
-5.59401
-5.59368
-5.59368
-5.59239
-5.59239
-5.59271
-5.59239
-5.59303
-5.59271
-5.59303
-5.59238
-5.59271
-5.59271
-5.59303
-5.59206
-5.59238
-5.59174
-5.59238
-5.59271
-5.59271
-5.59271
-5.59271
-5.59303
-5.59303
-5.59303
-5.59303
-5.59303
-5.59368
-5.59465
-5.59465
-5.594
-5.594
-5.59432
-5.59465
-5.59529
-5.59497
-5.59432
-5.59432
-5.594
-5.59432
-5.59465
-5.59432
-5.59432
-5.59432
-5.59335
-5.59367
-5.59367
-5.59335
-5.59303
-5.59303
-5.59367
-5.59367
-5.59367
-5.59367
-5.594
-5.594
-5.59367
-5.59367
-5.59335
-5.59367
-5.59335
-5.59303
-5.5927
-5.59141
-5.59076
-5.58947
-5.58882
-5.58817
-5.58752
-5.58817
-5.58849
-5.58849
-5.58882
-5.58752
-5.58655
-5.58688
-5.5872
-5.58785
-5.58817
-5.5885
-5.5885
-5.5885
-5.58752
-5.58688
-5.5872
-5.5872
-5.58688
-5.58688
-5.58688
-5.58623
-5.58591
-5.58591
-5.58558
-5.58623
-5.58656
-5.58688
-5.5872
-5.58753
-5.58753
-5.5872
-5.5872
-5.5872
-5.58656
-5.58688
-5.58656
-5.58688
-5.58721
-5.58688
-5.58753
-5.58753
-5.58688
-5.58656
-5.58623
-5.58623
-5.58623
-5.58559
-5.58591
-5.58591
-5.58559
-5.58462
-5.58429
-5.58429
-5.58364
-5.58429
-5.58429
-5.58494
-5.58494
-5.58526
-5.58558
-5.58591
-5.58591
-5.58526
-5.58494
-5.58526
-5.58494
-5.58559
-5.58526
-5.4622
-5.46252
-5.46317
-5.46414
-5.46414
-5.46446
-5.46414
-5.46414
-5.46414
-5.46446
-5.46382
-5.46381
-5.46349
-5.46317
-5.46349
-5.46349
-5.46349
-5.46317
-5.46349
-5.46349
-5.46349
-5.46382
-5.46284
-5.46382
-5.46349
-5.46349
-5.46349
-5.46317
-5.46382
-5.46382
-5.46349
-5.46414
-5.46446
-5.46446
-5.46414
-5.46414
-5.46446
-5.46446
-5.46446
-5.46479
-5.46479
-5.46382
-5.46382
-5.46317
-5.46317
-5.46317
-5.46382
-5.46382
-5.46414
-5.46414
-5.46414
-5.46446
-5.46479
-5.46576
-5.46544
-5.46511
-5.46544
-5.46511
-5.46479
-5.46511
-5.46479
-5.46382
-5.46414
-5.46382
-5.46382
-5.46446
-5.46414
-5.46414
-5.46382
-5.46381
-5.46349
-5.46349
-5.46349
-5.46317
-5.46349
-5.46284
-5.46284
-5.46317
-5.46349
-5.46349
-5.46349
-5.46479
-5.46479
-5.46511
-5.46511
-5.46511
-5.46511
-5.46511
-5.46543
-5.46608
-5.46608
-5.4664
-5.46608
-5.46705
-5.46673
-5.46673
-5.46608
-5.46673
-5.46608
-5.46511
-5.46576
-5.46576
-5.46576
-5.46608
-5.46608
-5.46673
-5.46705
-5.46673
-5.46641
-5.46641
-5.46673
-5.46673
-5.46673
-5.46673
-5.46641
-5.46803
-5.46803
-5.46803
-5.46803
-5.46803
-5.469
-5.46965
-5.46997
-5.47029
-5.46965
-5.46965
-5.46965
-5.46965
-5.469
-5.46932
-5.469
-5.46835
-5.46835
-5.46835
-5.46771
-5.46803
-5.46803
-5.46803
-5.46771
-5.46835
-5.46868
-5.46868
-5.46803
-5.46738
-5.46674
-5.46674
-5.46674
-5.46609
-5.46609
-5.46576
-5.46609
-5.46609
-5.46609
-5.46674
-5.46674
-5.46609
-5.46641
-5.46706
-5.46835
-5.46965
-5.46965
-5.46965
-5.46997
-5.47062
-5.4703
-5.4703
-5.47062
-5.47159
-5.47127
-5.47192
-5.47159
-5.47192
-5.47159
-5.47159
-5.47159
-5.47159
-5.47127
-5.47127
-5.47192
-5.47191
-5.47224
-5.47289
-5.47159
-5.47094
-5.47127
-5.47127
-5.47127
-5.47127
-5.47127
-5.47159
-5.47224
-5.47224
-5.47288
-5.47288
-5.47288
-5.47288
-5.47224
-5.47224
-5.47191
-5.47191
-5.47191
-5.47094
-5.47159
-5.47191
-5.47126
-5.47159
-5.47094
-5.47062
-5.47062
-5.46964
-5.46964
-5.469
-5.46867
-5.46835
-5.4677
-5.4677
-5.46738
-5.46673
-5.46641
-5.46608
-5.46641
-5.46641
-5.46641
-5.46608
-5.46608
-5.46576
-5.46543
-5.46511
-5.46511
-5.46511
-5.46511
-5.46511
-5.46511
-5.46543
-5.46576
-5.46576
-5.46543
-5.46543
-5.46479
-5.46543
-5.46479
-5.46446
-5.46479
-5.46608
-5.46576
-5.46608
-5.46641
-5.4664
-5.46738
-5.46738
-5.4677
-5.4677
-5.46738
-5.4677
-5.4677
-5.46803
-5.46867
-5.46867
-5.46932
-5.46932
-5.46965
-5.46965
-5.47029
-5.47062
-5.46964
-5.46964
-5.469
-5.46932
-5.46932
-5.46867
-5.46867
-5.46802
-5.4677
-5.4677
-5.46705
-5.46738
-5.46738
-5.46705
-5.46867
-5.46867
-5.46802
-5.46802
-5.46835
-5.46867
-5.46867
-5.46867
-5.46835
-5.46867
-5.469
-5.469
-5.46932
-5.46867
-5.46835
-5.46867
-5.46867
-5.46932
-5.46932
-5.46932
-5.46932
-5.46932
-5.40632
-5.406
-5.406
-5.40632
-5.40632
-5.40697
-5.40697
-5.40697
-5.40664
-5.40632
-5.40599
-5.40664
-5.40664
-5.40664
-5.40664
-5.40729
-5.40697
-5.40697
-5.40697
-5.40729
-5.40632
-5.40697
-5.40697
-5.40664
-5.40664
-5.40794
-5.40762
-5.40762
-5.40826
-5.40794
-5.40794
-5.40794
-5.40794
-5.40794
-5.40794
-5.40826
-5.40891
-5.40859
-5.40891
-5.40826
-5.40826
-5.40762
-5.40729
-5.40664
-5.40632
-5.406
-5.406
-5.40503
-5.40503
-5.40405
-5.40341
-5.40341
-5.40341
-5.40341
-5.40341
-5.40341
-5.40276
-5.40276
-5.40276
-5.40308
-5.40308
-5.40276
-5.40308
-5.40341
-5.40373
-5.40341
-5.40308
-5.40308
-5.40308
-5.40308
-5.40308
-5.40341
-5.40308
-5.40341
-5.40276
-5.40179
-5.40179
-5.40146
-5.40146
-5.40114
-5.40146
-5.40114
-5.40146
-5.40146
-5.40146
-5.40178
-5.40211
-5.40178
-5.40178
-5.40243
-5.40243
-5.40211
-5.40243
-5.40243
-5.40243
-5.40211
-5.40275
-5.40211
-5.40211
-5.40178
-5.40146
-5.40146
-5.40178
-5.40113
-5.40146
-5.40146
-5.40113
-5.40081
-5.40113
-5.40081
-5.40049
-5.40081
-5.40113
-5.40016
-5.40081
-5.40049
-5.40081
-5.40113
-5.40113
-5.40113
-5.40146
-5.40146
-5.40178
-5.40243
-5.4021
-5.40178
-5.4021
-5.40243
-5.40307
-5.40307
-5.40372
-5.40372
-5.40405
-5.40437
-5.40372
-5.40307
-5.40307
-5.4034
-5.40372
-5.40502
-5.40469
-5.40469
-5.40437
-5.40437
-5.40372
-5.4034
-5.4034
-5.40275
-5.40243
-5.40307
-5.40307
-5.40275
-5.40243
-5.40178
-5.40178
-5.40113
-5.40146
-5.4021
-5.40211
-5.40243
-5.40211
-5.40211
-5.40211
-5.40275
-5.40275
-5.40308
-5.40308
-5.40373
-5.40405
-5.40405
-5.40308
-5.40308
-5.4034
-5.40341
-5.40341
-5.40341
-5.40308
-5.40308
-5.40276
-5.40341
-5.40276
-5.40308
-5.40341
-5.40373
-5.40373
-5.40406
-5.40276
-5.40276
-5.40179
-5.40244
-5.40179
-5.40211
-5.40179
-5.40211
-5.40244
-5.40309
-5.40309
-5.40309
-5.40341
-5.40373
-5.40341
-5.40341
-5.40309
-5.40309
-5.40373
-5.40341
-5.40373
-5.40373
-5.40406
-5.40438
-5.40471
-5.40503
-5.40471
-5.40471
-5.40471
-5.40503
-5.40438
-5.40438
-5.40438
-5.40438
-5.40503
-5.40535
-5.40535
-5.40503
-5.40471
-5.40341
-5.40341
-5.40309
-5.40309
-5.40374
-5.40374
-5.40406
-5.40406
-5.40406
-5.40438
-5.40406
-5.40503
-5.40536
-5.40536
-5.40536
-5.40503
-5.40536
-5.40536
-5.40536
-5.40536
-5.40665
-5.40665
-5.40665
-5.40665
-5.40568
-5.40568
-5.40568
-5.40633
-5.40665
-5.40665
-5.4073
-5.40698
-5.40698
-5.40698
-5.40665
-5.40827
-5.40762
-5.40697
-5.40665
-5.40697
-5.40665
-5.406
-5.40535
-5.40535
-5.40503
-5.40471
-5.40438
-5.40373
-5.4047
-5.40406
-5.40341
-5.40276
-5.40373
-5.40308
-5.40308
-5.40308
-5.40341
-5.40308
-5.40308
-5.40308
-5.40341
-5.40438
-5.4047
-5.40535
-5.40567
-5.40567
-5.40502
-5.40535
-5.40438
-5.40438
-5.40405
-5.40373
-5.40308
-5.40308
-5.40341
-5.46498
-5.4653
-5.46595
-5.4666
-5.46595
-5.46595
-5.46562
-5.46562
-5.46595
-5.46562
-5.46595
-5.46498
-5.46465
-5.46498
-5.46433
-5.46401
-5.46368
-5.46336
-5.46433
-5.46498
-5.46465
-5.46433
-5.46401
-5.46401
-5.46433
-5.46401
-5.46433
-5.46433
-5.46401
-5.46368
-5.46401
-5.46433
-5.46368
-5.46271
-5.46336
-5.46336
-5.46304
-5.46271
-5.46271
-5.46239
-5.46271
-5.46239
-5.46174
-5.46206
-5.46174
-5.46109
-5.46174
-5.46239
-5.46271
-5.46271
-5.46303
-5.46271
-5.46271
-5.46271
-5.46303
-5.46271
-5.46239
-5.46239
-5.46239
-5.46303
-5.46368
-5.46368
-5.46368
-5.46433
-5.46401
-5.46336
-5.46303
-5.46336
-5.46239
-5.46206
-5.46206
-5.46206
-5.46206
-5.46174
-5.46109
-5.46109
-5.46077
-5.46109
-5.46142
-5.46141
-5.46109
-5.46109
-5.46077
-5.46141
-5.46109
-5.46141
-5.46141
-5.46141
-5.46109
-5.46141
-5.46141
-5.46206
-5.46239
-5.46206
-5.46174
-5.46174
-5.46206
-5.46239
-5.46206
-5.46239
-5.46239
-5.46239
-5.46239
-5.46239
-5.46239
-5.46239
-5.46271
-5.46271
-5.46271
-5.46336
-5.46303
-5.46271
-5.46239
-5.46206
-5.46174
-5.46174
-5.46109
-5.46142
-5.46077
-5.46142
-5.46109
-5.46142
-5.46142
-5.46109
-5.46174
-5.46142
-5.46109
-5.46142
-5.46174
-5.46142
-5.46174
-5.46206
-5.46174
-5.46174
-5.46207
-5.46239
-5.46239
-5.46304
-5.46271
-5.46239
-5.46206
-5.46206
-5.46239
-5.46239
-5.46239
-5.46271
-5.46207
-5.46271
-5.46239
-5.46239
-5.46207
-5.46239
-5.46239
-5.46239
-5.46271
-5.46304
-5.46271
-5.46271
-5.46304
-5.46304
-5.46401
-5.46401
-5.46369
-5.46498
-5.46531
-5.46531
-5.46498
-5.46466
-5.46466
-5.46466
-5.46466
-5.46466
-5.46466
-5.46498
-5.46466
-5.46434
-5.46498
-5.46563
-5.4666
-5.4666
-5.46693
-5.46693
-5.4666
-5.4666
-5.4666
-5.46628
-5.46628
-5.46628
-5.4666
-5.46628
-5.46563
-5.46563
-5.46596
-5.46628
-5.4666
-5.4666
-5.4666
-5.46661
-5.46725
-5.46758
-5.46758
-5.46725
-5.46661
-5.46628
-5.46628
-5.46563
-5.46596
-5.46563
-5.46628
-5.46596
-5.46596
-5.46596
-5.46596
-5.46596
-5.4666
-5.4666
-5.46693
-5.46693
-5.46725
-5.46758
-5.46822
-5.46822
-5.46887
-5.46855
-5.46855
-5.46822
-5.46822
-5.4679
-5.46822
-5.4679
-5.4679
-5.46693
-5.4666
-5.4666
-5.46693
-5.46725
-5.4666
-5.46628
-5.46563
-5.46466
-5.46531
-5.46563
-5.46563
-5.46628
-5.46596
-5.46563
-5.46498
-5.46466
-5.46498
-5.46498
-5.46498
-5.46531
-5.46563
-5.46531
-5.46563
-5.46531
-5.46433
-5.46466
-5.46401
-5.46369
-5.46401
-5.46336
-5.46336
-5.46304
-5.46271
-5.46271
-5.46239
-5.46239
-5.46239
-5.46174
-5.46142
-5.46174
-5.46109
-5.46077
-5.46109
-5.46109
-5.46012
-5.45947
-5.45947
-5.45883
-5.45915
-5.45915
-5.45883
-5.45883
-5.45915
-5.45915
-5.45818
-5.45883
-5.45883
-5.45883
-5.45818
-5.45818
-5.45785
-5.45818
-5.45915
-5.45915
-5.45915
-5.45947
-5.45947
-5.45947
