3.14449
3.14643
3.14966
3.15419
3.16001
3.16713
3.17553
3.18522
3.1962
3.20846
3.222
3.23681
3.25289
3.27024
3.29026
3.31083
3.33475
3.3571
3.38419
3.4104
3.43993
3.46996
3.50118
3.53218
3.56505
3.59768
3.63428
3.67131
3.7144
3.75436
3.79753
3.83966
3.88357
3.9271
3.97448
4.01935
4.06873
4.11767
4.16545
4.21416
4.26377
4.31427
4.36704
4.41782
4.47153
4.52603
4.57986
4.63584
4.6904
4.74774
4.80501
4.86148
4.92063
4.97962
5.04052
5.09977
5.15945
5.21882
5.27996
5.34071
5.40103
5.46371
5.52587
5.58749
5.64851
5.71101
5.77284
5.83323
5.89426
5.95519
6.01526
6.07654
6.13688
6.19692
6.25733
6.31735
6.37695
6.43465
6.49184
6.54916
6.60586
6.66191
6.71655
6.77396
6.82847
6.88144
6.93282
6.98399
7.03349
7.0827
7.13017
7.17656
7.22255
7.26669
7.31107
7.35282
7.39616
7.43752
7.47547
7.51422
7.55021
7.58484
7.61738
7.64922
7.67894
7.70723
7.7369
7.76158
7.7855
7.80796
7.82895
7.84916
7.8672
7.88377
7.89886
7.9125
7.92467
7.93541
7.9447
7.95258
7.95905
7.96484
7.96784
7.9702
7.97122
7.97235
7.97219
7.96936
7.9653
7.96004
7.95431
7.94672
7.93873
7.93036
7.91953
7.90839
7.89485
7.88108
7.86568
7.85083
7.83513
7.81864
7.80137
7.78126
7.76188
7.74184
7.72047
7.69853
7.67676
7.65518
7.63315
7.61068
7.58711
7.56177
7.53752
7.51299
7.48821
7.46391
7.43803
7.41199
7.38655
7.36172
7.33685
7.31125
7.28565
7.25939
7.2332
7.20781
7.18183
7.15601
7.13106
7.10702
7.08249
7.05821
7.0342
7.01048
6.98778
6.96541
6.94339
6.92174
6.89906
6.8775
6.85635
6.83634
6.81536
6.79626
6.77692
6.76089
6.74253
6.72468
6.70734
6.6891
6.67281
6.65705
6.64113
6.62646
6.61305
6.59878
6.58648
6.57332
6.56002
6.54798
6.5365
6.52629
6.51664
6.50613
6.49829
6.48888
6.48072
6.47451
6.46814
6.463
6.45767
6.45287
6.44857
6.44477
6.44217
6.44006
6.43771
6.43513
6.43299
6.43129
6.43074
6.4306
6.43228
6.43223
6.43328
6.43187
6.43505
6.43857
6.44311
6.44374
6.44678
6.4494
6.45299
6.45754
6.46162
6.46593
6.46974
6.47515
6.47862
6.48296
6.48674
6.49205
6.49748
6.50442
6.51073
6.5157
6.52071
6.52576
6.53012
6.5359
6.54237
6.5474
6.5538
6.55944
6.56501
6.5705
6.57589
6.58046
6.58773
6.59274
6.59761
6.60231
6.60613
6.60977
6.61392
6.61715
6.62158
6.62437
6.62763
6.62994
6.6327
6.63379
6.6339
6.63585
6.63681
6.63677
6.63856
6.63793
6.63841
6.63858
6.63914
6.64009
6.64002
6.63892
6.6375
6.63576
6.63298
6.63059
6.62787
6.62272
6.62006
6.61496
6.60955
6.60452
6.60059
6.59565
6.5904
6.58414
7.05251
7.0422
7.03307
7.0244
7.01834
7.00853
7.00133
6.99675
6.99267
6.98699
6.98183
6.97789
6.97307
6.97089
6.96855
6.96604
6.96548
6.96405
6.96387
6.96494
6.96657
6.96804
6.97146
6.97261
6.97784
6.98149
6.98428
6.98901
6.99499
7.00009
7.00643
7.01117
7.01925
7.02713
7.03552
7.0444
7.05448
7.06645
7.07748
7.08826
7.09808
7.11046
7.12327
7.13507
7.14939
7.16269
7.17777
7.19038
7.20405
7.21945
7.23445
7.24975
7.26533
7.28045
7.29511
7.31281
7.33
7.34738
7.36492
7.3826
7.3997
7.41691
7.43279
7.45014
7.46683
7.48424
7.50096
7.51907
7.53573
7.55445
7.57239
7.59095
7.60797
7.62558
7.64092
7.6575
7.67533
7.69295
7.70966
7.72544
7.74169
7.7577
7.77273
7.7875
7.80128
7.81619
7.8315
7.84581
7.8598
7.87419
7.88684
7.89917
7.91189
7.92428
7.93493
7.94668
7.9581
7.96991
7.9793
7.98625
7.99502
8.0042
8.01238
8.0231
8.03214
8.04021
8.04802
8.05771
8.06504
8.07215
8.07976
8.08646
8.09368
8.0986
8.10619
8.11151
8.1174
8.12246
8.12741
8.13298
8.13704
8.14104
8.1485
8.1531
8.15908
8.16433
8.17028
8.17694
8.18291
8.18749
8.19351
8.20029
8.20643
8.21262
8.21889
8.22453
8.23026
8.23679
8.24272
8.24876
8.25492
8.26048
8.26759
8.27411
8.28147
8.28826
8.29518
8.30082
8.30872
8.31535
8.32353
8.33185
8.33961
8.3475
8.35553
8.3637
8.37059
8.37902
8.38758
8.39556
8.40437
8.4126
8.42165
8.43081
8.43867
8.44805
8.45753
8.46568
8.47464
8.4851
8.49493
8.50413
8.51412
8.52346
8.53428
8.54233
8.55326
8.56423
8.57524
8.58488
8.59524
8.60563
8.61461
8.62431
8.63471
8.64511
8.65619
8.66655
8.67758
8.68786
8.69952
8.709
8.71912
8.72918
8.73845
8.74905
8.75885
8.76855
8.77956
8.78903
8.79838
8.80831
8.81809
8.82702
8.83508
8.84369
8.85141
8.85967
8.86632
8.8742
8.88257
8.89004
8.89799
8.90501
8.91251
8.91907
8.92609
8.93287
8.93938
8.94422
8.94809
8.95239
8.95641
8.96085
8.965
8.96744
8.97028
8.97352
8.97645
8.98047
8.98346
8.98613
8.98846
8.99047
8.99071
8.9892
8.98876
8.99009
8.99036
8.98886
8.98842
8.98691
8.98504
8.98211
8.97881
8.97657
8.97255
8.96818
8.96416
8.95837
8.95363
8.94855
8.94171
8.93664
8.93053
8.9241
8.91663
8.91025
8.90356
8.89444
8.88573
8.87744
8.86817
8.85861
8.8488
8.84014
8.82983
8.81928
8.80922
8.80036
8.78988
8.77921
8.76977
8.75875
8.74756
8.73623
8.72476
8.71246
8.70005
8.68753
8.67633
8.66504
8.65368
8.64226
8.63078
8.61926
8.607
8.59471
8.5824
8.57079
8.55988
8.54616
8.53386
8.52159
8.51004
8.49854
8.48777
8.47776
8.46639
8.45437
8.63434
8.61974
8.60631
8.59548
8.58441
8.57171
8.5609
8.54845
8.53859
8.52852
8.52033
8.51263
8.50541
8.49937
8.4931
8.48589
8.48056
8.4757
8.47131
8.46738
8.4632
8.45949
8.45623
8.45271
8.45035
8.44702
8.44554
8.4452
8.44389
8.44372
8.44397
8.44535
8.44645
8.44867
8.45131
8.45435
8.4571
8.46024
8.46308
8.46632
8.46853
8.47465
8.47975
8.48593
8.49107
8.49588
8.50317
8.5087
8.51741
8.52505
8.53303
8.54065
8.54789
8.55687
8.56546
8.57719
8.5878
8.59588
8.60708
8.61785
8.6296
8.6409
8.65317
8.66567
8.67698
8.68923
8.7031
8.71505
8.72718
8.7416
8.75407
8.76738
8.78083
8.79439
8.80877
8.81971
8.83424
8.84954
8.86277
8.87672
8.89068
8.90393
8.91786
8.93105
8.94348
8.95653
8.97232
8.98589
9.00004
9.01334
9.02578
9.03876
9.05155
9.06413
9.07719
9.08861
9.10048
9.11209
9.12271
9.13515
9.14446
9.15486
9.16494
9.17467
9.18405
9.19378
9.20314
9.2107
9.21716
9.22323
9.23101
9.23838
9.24251
9.24623
9.25163
9.25732
9.26329
9.26671
9.27041
9.27368
9.27652
9.27893
9.28022
9.28249
9.28363
9.28507
9.28539
9.2853
9.2834
9.2818
9.28194
9.28099
9.27825
9.27515
9.27028
9.26717
9.26232
9.25855
9.25446
9.25076
9.24465
9.23897
9.23371
9.22819
9.22101
9.2157
9.20876
9.2016
9.19494
9.1881
9.17966
9.17036
9.16302
9.15554
9.14795
9.13883
9.13102
9.12243
9.11447
9.10646
9.0977
9.08961
9.08079
9.07339
9.06387
9.05507
9.04841
9.04039
9.03312
9.02662
9.01736
9.0103
9.00262
8.99716
8.98898
8.98233
8.97438
8.96657
8.96101
8.95489
8.94891
8.94308
8.93741
8.93118
8.92441
8.91851
8.91278
8.90863
8.90323
8.898
8.89294
8.88805
8.88404
8.88019
8.8751
8.87229
8.86824
8.86434
8.86061
8.85703
8.85289
8.84962
8.8472
8.84492
8.84279
8.84079
8.83681
8.83367
8.83067
8.82849
8.82573
8.82451
8.8227
8.82171
8.82084
8.82007
8.8187
8.81956
8.81557
8.8145
8.81424
8.81266
8.81187
8.81118
8.80916
8.81005
8.80891
8.80855
8.80898
8.80949
8.80865
8.80648
8.80579
8.80586
8.806
8.80691
8.80857
8.80888
8.80853
8.80823
8.80868
8.80987
8.8097
8.81168
8.81299
8.81221
8.81217
8.81356
8.81428
8.81432
8.81366
8.81374
8.81382
8.81392
8.81474
8.81628
8.82064
8.8222
8.82234
8.82462
8.8276
8.82918
8.83077
8.83237
8.83326
8.83205
8.83225
8.83246
8.83551
8.83786
8.8388
8.84118
8.84286
8.84173
8.84204
8.84237
8.84202
8.8431
8.84281
8.84397
8.84516
8.84639
8.84695
8.84968
8.85176
8.85318
8.85466
8.85551
8.85642
8.85882
8.86131
8.86388
8.86654
8.8693
8.87075
8.87303
8.87471
8.87722
8.88127
8.88334
8.93325
8.93661
8.9395
8.94406
8.94817
8.95467
8.95861
8.96424
8.96945
8.97496
8.98077
8.98688
8.99261
8.99936
9.00785
9.01527
9.02443
9.03112
9.03957
9.04978
9.05894
9.06776
9.07766
9.08721
9.09925
9.10955
9.12234
9.1348
9.14763
9.16014
9.17231
9.18556
9.2006
9.21459
9.22964
9.24223
9.25728
9.27197
9.28912
9.30448
9.32086
9.33896
9.35665
9.37463
9.39148
9.41
9.42735
9.44705
9.46415
9.48286
9.50175
9.52152
9.54144
9.5615
9.58166
9.6012
9.61941
9.63907
9.65946
9.67845
9.69953
9.71916
9.73943
9.7582
9.77685
9.79607
9.81441
9.83328
9.85404
9.87385
9.89269
9.91053
9.92805
9.94664
9.96345
9.97846
9.99376
10.0086
10.0244
10.039
10.0517
10.0638
10.0761
10.0886
10.0997
10.1102
10.1209
10.1301
10.1394
10.148
10.1553
10.1618
10.1684
10.1742
10.1786
10.1844
10.188
10.1909
10.1924
10.1931
10.1938
10.1959
10.1951
10.193
10.1908
10.1879
10.1851
10.1801
10.1738
10.1683
10.1621
10.1554
10.1487
10.1415
10.133
10.1261
10.1165
10.1065
10.0953
10.0843
10.0751
10.0633
10.0511
10.0386
10.0243
10.0119
9.9984
9.98467
9.97139
9.95859
9.94346
9.92814
9.91335
9.8984
9.88402
9.86881
9.85279
9.83596
9.82188
9.80702
9.79139
9.77501
9.7593
9.74285
9.72637
9.71059
9.69479
9.67828
9.66318
9.64667
9.63016
9.61366
9.59857
9.58349
9.56771
9.55052
9.53404
9.51687
9.5004
9.48534
9.46958
9.4524
9.43734
9.42226
9.40648
9.38998
9.37348
9.35838
9.34327
9.32745
9.31091
9.29719
9.28134
9.2662
9.25106
9.23522
9.21938
9.20285
9.18634
9.17056
9.15481
9.13909
9.12342
9.1078
9.09225
9.07676
9.06135
9.04603
9.03081
9.0157
9.00282
8.98866
8.97253
8.95795
8.94282
8.92716
8.9138
8.90062
8.88695
8.87419
8.85883
8.84511
8.83235
8.81913
8.80687
8.79418
8.78177
8.76894
8.75781
8.74697
8.73715
8.72553
8.71633
8.70604
8.69678
8.68714
8.67642
8.66816
8.65952
8.65193
8.64538
8.63847
8.63119
8.62354
8.61766
8.61282
8.60761
8.60345
8.59821
8.59119
8.58874
8.58802
8.58411
8.58052
8.57654
8.575
8.57378
8.57145
8.57154
8.57194
8.57193
8.5715
8.57277
8.57221
8.57405
8.57545
8.57642
8.57907
8.58127
8.58161
8.58433
8.58658
8.58908
8.5897
8.59268
8.59659
8.60003
8.60439
8.60968
8.61377
8.61807
8.62258
8.62588
8.63079
8.6359
8.6412
8.64739
8.65235
8.65748
8.6635
8.66827
8.67603
8.68324
8.6906
8.69671
8.70366
8.71005
8.71587
8.72324
8.73144
8.73906
8.74679
8.75464
8.75976
8.7664
8.77596
8.7835
8.79253
8.80165
8.81084
8.8201
8.82731
8.8374
8.84543
8.85421
8.86234
8.8712
8.8794
8.88762
8.89657
8.9089
8.91855
8.9268
8.93573
8.94395
8.95215
8.96104
8.97061
8.98015
8.98967
8.99915
9.00719
9.01731
9.02598
9.0339
9.04249
9.05174
9.06024
9.06729
9.07431
9.08269
9.09244
9.10004
9.1076
9.11654
9.12473
9.1329
9.14032
9.14984
9.15721
9.16596
9.17469
9.1834
9.19208
9.20074
9.20938
9.21659
9.22448
9.23237
9.23953
9.24739
9.25452
9.26305
9.27086
9.28007
9.28855
9.2963
9.30332
9.31032
9.31799
9.32634
9.33394
9.34292
9.35114
9.3586
9.36671
9.37475
9.38131
9.3885
9.39631
9.40402
9.40881
9.41489
9.42226
9.42809
9.43449
9.44144
9.44753
9.45344
9.45848
9.46544
9.47008
9.47452
9.48015
9.48415
9.49073
9.49495
9.49892
9.50334
9.50679
9.51138
9.51428
9.51619
9.51923
9.52056
9.52231
9.52235
9.5235
9.52365
9.5235
9.52376
9.52374
9.52484
9.52495
9.52478
9.52293
9.52293
9.52126
9.51864
9.51719
9.51481
9.5115
9.50799
9.50569
9.50252
9.49847
9.49497
9.49203
9.48756
9.48298
9.47831
9.47567
9.47156
9.4688
9.4646
9.46108
9.45825
9.45332
9.4484
9.44494
9.44011
9.43745
9.43205
9.42462
9.4201
9.41781
9.41422
9.41148
9.40816
9.40429
9.40198
9.39913
9.39645
9.39466
9.39304
9.39092
9.38828
9.38583
9.38289
9.38156
9.38043
9.37811
9.37458
9.3755
9.37522
9.37374
9.3753
9.37566
9.37624
9.37703
9.37802
9.37711
9.37711
9.37802
9.37984
9.38185
9.38334
9.38715
9.38972
9.39248
9.39612
9.3971
9.40107
9.40521
9.40949
9.41322
9.41991
9.42391
9.42732
9.43227
9.43521
9.44038
9.44422
9.45028
9.45429
9.45908
9.46323
9.47025
9.47449
9.48087
9.48446
9.48877
9.49378
9.49879
9.50378
9.50804
9.51297
9.51784
9.52266
9.52741
9.53067
9.53313
9.53761
9.54339
9.54764
9.55106
9.55434
9.55677
9.56116
9.56609
9.56944
9.57332
9.57559
9.57767
9.58096
9.58334
9.58551
9.58958
9.5906
9.5921
9.59407
9.59581
9.59661
9.59576
9.59609
9.59617
9.59602
9.59492
9.59429
9.59413
9.59303
9.59241
9.59015
9.58908
9.5878
9.5863
9.58672
9.58553
9.58555
9.58398
9.58225
9.58034
9.57546
9.57115
9.56741
9.56285
9.56171
9.55976
9.55491
9.54998
9.5443
9.53927
9.53422
9.52986
9.5255
9.52326
9.52034
9.51535
9.51111
9.50764
9.50355
9.49955
9.49706
9.49398
9.49032
9.48749
9.4827
9.47876
9.47499
9.47138
9.46796
9.46542
9.46378
9.46163
9.45968
9.45934
9.45708
9.45645
9.4546
9.45297
9.45294
9.45099
9.45066
9.45192
9.45267
9.4536
9.45401
9.45458
9.45672
9.4569
9.45793
9.45979
9.46319
9.46528
9.46677
9.46976
9.47
9.47172
9.47208
9.47389
9.47502
9.47617
9.47732
9.47916
9.48239
9.48489
9.48593
9.48832
9.48852
9.49076
9.5838
9.58454
9.58462
9.58403
9.58559
9.58646
9.58877
9.59037
9.59199
9.59289
9.5959
9.59749
9.59977
9.60203
9.60285
9.60435
9.60582
9.60797
9.60868
9.61006
9.6114
9.61201
9.6154
9.61452
9.61643
9.6176
9.61874
9.62055
9.62022
9.62126
9.62299
9.62256
9.62282
9.62375
9.62536
9.62624
9.62639
9.62721
9.62801
9.62806
9.6288
9.63162
9.63228
9.63432
9.63491
9.63546
9.63454
9.635
9.63469
9.63503
9.63531
9.63482
9.63425
9.63219
9.63287
9.63346
9.63254
9.63292
9.63319
9.63193
9.63195
9.63325
9.63159
9.63118
9.62991
9.62706
9.62615
9.62436
9.62309
9.62092
9.61924
9.61665
9.61384
9.61152
9.60755
9.60547
9.60173
9.59703
9.59208
9.58758
9.58282
9.57496
9.56967
9.56339
9.55756
9.55144
9.54506
9.53839
9.53074
9.52211
9.51461
9.50614
9.49881
9.48838
9.48052
9.47169
9.46401
9.45327
9.4451
9.43739
9.42593
9.41565
9.40516
9.39376
9.38286
9.37037
9.3584
9.34769
9.33682
9.3251
9.31254
9.30057
9.2885
9.27634
9.26482
9.24899
9.23665
9.22428
9.2119
9.19952
9.18505
9.17131
9.15833
9.14542
9.13471
9.12269
9.11079
9.09902
9.08881
9.07665
9.06609
9.05644
9.04558
9.03497
9.02601
9.0152
9.00537
8.99584
8.98733
8.97702
8.96775
8.95954
8.95311
8.94704
8.94137
8.93468
8.92839
8.92393
8.91848
8.91418
8.90891
8.9048
8.90114
8.89653
8.89381
8.89296
8.89048
8.88776
8.88411
8.88093
8.88106
8.88168
8.88206
8.88223
8.88498
8.8875
8.88978
8.89111
8.89572
8.89866
8.90416
8.90869
8.91505
8.92113
8.92763
8.93452
8.9425
8.95016
8.95677
8.96515
8.97316
8.98079
8.99298
9.00405
9.0133
9.02351
9.03399
9.04471
9.05566
9.06612
9.07607
9.08762
9.09793
9.1098
9.12181
9.13396
9.14762
9.15998
9.17313
9.18564
9.19822
9.21297
9.22422
9.23621
9.25033
9.26233
9.27644
9.28984
9.3025
9.31726
9.32985
9.34382
9.35703
9.37018
9.38398
9.39629
9.40924
9.42281
9.43559
9.44829
9.45948
9.47128
9.48299
9.4953
9.5068
9.5189
9.53089
9.54276
9.55381
9.56474
9.57555
9.58623
9.59678
9.60649
9.61606
9.62621
9.63692
9.64678
9.65789
9.66603
9.67684
9.68677
9.69514
9.70121
9.71065
9.71849
9.72616
9.73435
9.74024
9.74805
9.75496
9.76238
9.7703
9.77661
9.78342
9.78932
9.79431
9.80049
9.80505
9.8108
9.81563
9.82096
9.82465
9.82884
9.83563
9.84008
9.84574
9.84906
9.85287
9.85789
9.86128
9.86587
9.86956
9.87234
9.87633
9.87801
9.88021
9.88293
9.88123
9.88287
9.88575
9.88705
9.88748
9.88774
9.88855
9.88921
9.89042
9.89008
9.88959
9.88968
9.88893
9.89016
9.89057
9.88944
9.88891
9.88685
9.88609
9.88524
9.88429
9.88324
9.92427
9.9237
9.92245
9.92051
9.9193
9.91671
9.91557
9.91446
9.9141
9.91379
9.91353
9.9112
9.91035
9.90956
9.90884
9.90678
9.90692
9.90643
9.90603
9.90502
9.90692
9.9054
9.90539
9.9062
9.90643
9.90396
9.90514
9.90575
9.90508
9.90668
9.90772
9.90892
9.91028
9.91181
9.91351
9.91469
9.91533
9.91828
9.92001
9.92405
9.92687
9.9313
9.93524
9.94009
9.94444
9.949
9.95308
9.95949
9.96401
9.97086
9.97722
9.98239
9.98778
9.99338
9.9992
10.0052
10.0129
10.0193
10.026
10.0321
10.0391
10.047
10.0537
10.0606
10.0676
10.0762
10.0849
10.0931
10.1013
10.1097
10.1182
10.1261
10.1355
10.1435
10.1538
10.1647
10.1736
10.1832
10.1921
10.2016
10.2098
10.2193
10.2273
10.236
10.2446
10.2523
10.26
10.2689
10.277
10.2835
10.2912
10.2995
10.3061
10.3132
10.32
10.3273
10.3322
10.3397
10.3454
10.3516
10.3574
10.3621
10.3658
10.3713
10.3742
10.3775
10.381
10.3842
10.3855
10.3878
10.3896
10.3896
10.3891
10.3909
10.3887
10.3881
10.3857
10.3827
10.3798
10.3765
10.3719
10.3675
10.3618
10.3549
10.3495
10.3436
10.3357
10.3272
10.3174
10.3085
10.2976
10.2875
10.2761
10.2642
10.2538
10.2429
10.2299
10.2157
10.201
10.1835
10.1691
10.1534
10.1379
10.1212
10.1054
10.0884
10.0702
10.053
10.0346
10.0136
9.9937
9.97407
9.95406
9.93439
9.91297
9.89264
9.8699
9.84617
9.8236
9.8001
9.77779
9.7546
9.73124
9.70634
9.68273
9.65833
9.63457
9.60936
9.58483
9.56102
9.53936
9.51562
9.49126
9.4677
9.44426
9.42097
9.39855
9.3756
9.35357
9.32964
9.30878
9.28606
9.26362
9.24148
9.22036
9.19886
9.18124
9.16115
9.14355
9.12282
9.10531
9.08609
9.06871
9.05036
9.03246
9.0143
8.99802
8.98222
8.9662
8.95068
8.93707
8.92327
8.91068
8.89792
8.88427
8.87327
8.8614
8.85079
8.84001
8.82979
8.82012
8.81102
8.80389
8.79661
8.7899
8.78305
8.77888
8.77387
8.76942
8.76553
8.7608
8.75733
8.75513
8.75419
8.75381
8.75609
8.75609
8.75734
8.75841
8.75861
8.76073
8.76267
8.76582
8.76948
8.77292
8.77825
8.78124
8.7861
8.79213
8.7986
8.80621
8.81284
8.8206
8.82875
8.8373
8.84341
8.85272
8.86239
8.8724
8.88488
8.89556
8.90655
8.91644
8.92733
8.9392
8.94993
8.96302
8.97566
8.98853
9.00233
9.01211
9.02702
9.04213
9.0567
9.07004
9.08493
9.10069
9.11658
9.13118
9.14661
9.16214
9.17777
9.19419
9.20715
9.22371
9.24033
9.25698
9.27014
9.28686
9.30218
9.31751
9.33213
9.34816
9.36346
9.37874
9.39329
9.40637
9.42083
9.43452
9.44886
9.46385
9.48017
9.49431
9.51119
9.52587
9.54118
9.5564
9.57224
9.58658
9.60013
9.58323
9.59612
9.60813
9.61999
9.63452
9.64748
9.661
9.67368
9.68552
9.69864
9.71022
9.72451
9.73728
9.74853
9.7618
9.77428
9.78668
9.799
9.80843
9.81851
9.83065
9.84275
9.85481
9.86613
9.87673
9.88871
9.89926
9.91051
9.92246
9.9344
9.94493
9.95546
9.96811
9.98146
9.99129
10.0025
10.0145
10.0264
10.0377
10.0496
10.0601
10.0721
10.0847
10.0951
10.107
10.1195
10.1291
10.1387
10.1489
10.1598
10.1699
10.1813
10.1919
10.2025
10.2122
10.2232
10.234
10.2441
10.2539
10.2622
10.2704
10.2797
10.2889
10.2965
10.306
10.3159
10.325
10.3323
10.3423
10.3506
10.3579
10.3649
10.3716
10.3788
10.3863
10.3921
10.3983
10.4027
10.4068
10.4113
10.4161
10.4198
10.4238
10.4254
10.4287
10.4301
10.4319
10.4332
10.4349
10.4347
10.4347
10.433
10.4315
10.4309
10.4299
10.4278
10.4245
10.4208
10.418
10.4134
10.409
10.4042
10.3989
10.3932
10.387
10.3805
10.3727
10.3653
10.3574
10.3477
10.3397
10.3314
10.3226
10.3135
10.304
10.2934
10.2839
10.2719
10.2617
10.2484
10.237
10.2238
10.211
10.1987
10.184
10.1713
10.1583
10.1436
10.1288
10.1153
10.1001
10.0848
10.0708
10.0559
10.0403
10.0245
10.0094
9.99279
9.97824
9.96365
9.94902
9.93367
9.91759
9.90223
9.88687
9.87083
9.85693
9.84024
9.82571
9.81054
9.79613
9.78037
9.76539
9.7505
9.73498
9.71955
9.70564
9.69112
9.67601
9.66171
9.64541
9.63136
9.61814
9.60151
9.58714
9.57362
9.56095
9.54843
9.53536
9.52244
9.50969
9.4971
9.48469
9.47174
9.46039
9.44922
9.43612
9.42321
9.40979
9.3987
9.38711
9.37644
9.3667
9.35647
9.34648
9.33743
9.32792
9.31865
9.30894
9.30089
9.29381
9.2856
9.27695
9.26858
9.26051
9.25344
9.24666
9.24019
9.23263
9.22607
9.22055
9.21605
9.21259
9.20876
9.20456
9.20211
9.19789
9.19542
9.1912
9.18944
9.18733
9.18558
9.18419
9.18317
9.18109
9.18079
9.18015
9.18058
9.18067
9.18113
9.18124
9.18312
9.18396
9.18726
9.19021
9.19423
9.19788
9.20258
9.20621
9.21159
9.21658
9.22402
9.23036
9.23629
9.24182
9.24764
9.25586
9.26364
9.27238
9.28208
9.28849
9.29583
9.3041
9.31115
9.32051
9.33005
9.34045
9.35029
9.35885
9.36823
9.37771
9.38656
9.39548
9.40586
9.41486
9.42528
9.43711
9.44609
9.45714
9.46743
9.47623
9.48704
9.49633
9.50618
9.51589
9.52471
9.53406
9.54249
9.5507
9.56007
9.56849
9.57523
9.58379
9.59135
9.59719
9.6034
9.6114
9.61834
9.62351
9.62973
9.63346
9.63751
9.64189
9.64517
9.64735
9.64984
9.65405
9.65434
9.65565
9.65656
9.65851
9.65866
9.65914
9.65785
9.65479
9.65349
9.65187
9.64921
9.64695
9.6444
