-7.85033
-7.84995
-7.84932
-7.84844
-7.84731
-7.84592
-7.84428
-7.84239
-7.84025
-7.83786
-7.83522
-7.83233
-7.82919
-7.8258
-7.82152
-7.81732
-7.8119
-7.80754
-7.80132
-7.79583
-7.78914
-7.78253
-7.77569
-7.76926
-7.76228
-7.75571
-7.74762
-7.73963
-7.72916
-7.72041
-7.71047
-7.70129
-7.69157
-7.68229
-7.67151
-7.66215
-7.65096
-7.64023
-7.63028
-7.62014
-7.60981
-7.5993
-7.58796
-7.57775
-7.56639
-7.55488
-7.54385
-7.53203
-7.52102
-7.50891
-7.49698
-7.48557
-7.47307
-7.46077
-7.44772
-7.43553
-7.42325
-7.41121
-7.39843
-7.38591
-7.37365
-7.36035
-7.34733
-7.3346
-7.32216
-7.30904
-7.29624
-7.28408
-7.27159
-7.25912
-7.247
-7.23426
-7.22188
-7.20955
-7.19697
-7.18445
-7.17201
-7.16031
-7.14871
-7.13689
-7.1252
-7.11363
-7.10252
-7.08994
-7.07849
-7.06752
-7.05706
-7.04646
-7.03637
-7.02616
-7.01648
-7.00702
-6.99746
-6.98845
-6.97903
-6.97051
-6.96095
-6.95197
-6.94422
-6.93578
-6.92826
-6.92101
-6.91438
-6.9077
-6.90165
-6.89588
-6.88912
-6.88428
-6.87942
-6.87485
-6.87059
-6.86631
-6.86266
-6.85931
-6.85627
-6.85352
-6.85108
-6.84893
-6.84708
-6.84552
-6.84424
-6.84294
-6.84256
-6.84213
-6.84198
-6.84145
-6.84118
-6.84182
-6.84271
-6.84385
-6.8449
-6.84651
-6.84803
-6.84944
-6.85171
-6.85386
-6.85686
-6.85973
-6.86311
-6.86601
-6.86908
-6.87232
-6.8757
-6.88021
-6.8842
-6.88832
-6.89289
-6.89757
-6.90204
-6.90628
-6.91061
-6.91502
-6.91983
-6.92536
-6.9303
-6.93529
-6.94032
-6.94508
-6.95051
-6.95597
-6.96112
-6.96595
-6.9708
-6.97596
-6.98112
-6.98659
-6.99204
-6.99714
-7.00254
-7.00789
-7.01289
-7.01752
-7.02242
-7.02726
-7.03205
-7.03677
-7.0411
-7.04536
-7.04954
-7.05364
-7.05831
-7.06257
-7.06674
-7.07049
-7.0748
-7.07836
-7.08215
-7.08454
-7.08812
-7.0916
-7.09497
-7.09889
-7.10204
-7.10508
-7.10834
-7.11116
-7.11354
-7.11646
-7.11861
-7.1213
-7.1242
-7.12666
-7.12901
-7.13092
-7.13272
-7.13505
-7.1363
-7.13841
-7.14009
-7.14101
-7.14214
-7.14285
-7.14377
-7.1446
-7.14532
-7.14594
-7.14614
-7.14624
-7.14657
-7.14713
-7.14761
-7.148
-7.14798
-7.14787
-7.14704
-7.14711
-7.14677
-7.14766
-7.14654
-7.14536
-7.14379
-7.1441
-7.14339
-7.14294
-7.14212
-7.14093
-7.14003
-7.13907
-7.13841
-7.13706
-7.13665
-7.13589
-7.13543
-7.1343
-7.13315
-7.13134
-7.12984
-7.12898
-7.12812
-7.12725
-7.12671
-7.12552
-7.12402
-7.12318
-7.1217
-7.12056
-7.11944
-7.11835
-7.11727
-7.11655
-7.11456
-7.11358
-7.11263
-7.11172
-7.11118
-7.11067
-7.10989
-7.10948
-7.10847
-7.10815
-7.10756
-7.10735
-7.10688
-7.10711
-7.10772
-7.10742
-7.10751
-7.10798
-7.10754
-7.10814
-7.10816
-7.10824
-7.10806
-7.10763
-7.10759
-7.10794
-7.10836
-7.10885
-7.10973
-7.11035
-7.11104
-7.11276
-7.11326
-7.1148
-7.11641
-7.11775
-7.11851
-7.11966
-7.12087
-7.12247
-7.12585
-7.12852
-7.13077
-7.13292
-7.13401
-7.13693
-7.13878
-7.13956
-7.14023
-7.14177
-7.14319
-7.14419
-7.14572
-7.14617
-7.14683
-7.1477
-7.14781
-7.14846
-7.14866
-7.14842
-7.14807
-7.14792
-7.14701
-7.14728
-7.14581
-7.14519
-7.14511
-7.14426
-7.14297
-7.14222
-7.14103
-7.14069
-7.13895
-7.13742
-7.13579
-7.13404
-7.13186
-7.12894
-7.12655
-7.12439
-7.12278
-7.1201
-7.11732
-7.1151
-7.11182
-7.1091
-7.10566
-7.10343
-7.1008
-7.09744
-7.09435
-7.09118
-7.08795
-7.08499
-7.0823
-7.07827
-7.07451
-7.07071
-7.06688
-7.06301
-7.05944
-7.05583
-7.05286
-7.04922
-7.04589
-7.04224
-7.0389
-7.03492
-7.03159
-7.0273
-7.02335
-7.01909
-7.01551
-7.01162
-7.00874
-7.00524
-7.00114
-6.99707
-6.99337
-6.99004
-6.98644
-6.98289
-6.97971
-6.9766
-6.97386
-6.97054
-6.96696
-6.96377
-6.96065
-6.95727
-6.9546
-6.95201
-6.94916
-6.94638
-6.94431
-6.94167
-6.9391
-6.93627
-6.93448
-6.93373
-6.93207
-6.93015
-6.92862
-6.92586
-6.92379
-6.92211
-6.92048
-6.91793
-6.91641
-6.91493
-6.91317
-6.91178
-6.9101
-6.90943
-6.9075
-6.90658
-6.90535
-6.90448
-6.90362
-6.90247
-6.90197
-6.90149
-6.89941
-6.89862
-6.8972
-6.8961
-6.89467
-6.89292
-6.89149
-6.8907
-6.88926
-6.88748
-6.88601
-6.88452
-6.88301
-6.88182
-6.8806
-6.87904
-6.87777
-6.87649
-6.87517
-6.87416
-6.87246
-6.87107
-6.86932
-6.86787
-6.86639
-6.86553
-6.86366
-6.86242
-6.86049
-6.85854
-6.85688
-6.85519
-6.85347
-6.85173
-6.8506
-6.8488
-6.84697
-6.84544
-6.84356
-6.84198
-6.84005
-6.83809
-6.83677
-6.83477
-6.83276
-6.83137
-6.82965
-6.82726
-6.82518
-6.82341
-6.8213
-6.8195
-6.81704
-6.81586
-6.81338
-6.8109
-6.8084
-6.80655
-6.80437
-6.80218
-6.80065
-6.79879
-6.7966
-6.79442
-6.79192
-6.78975
-6.78727
-6.78512
-6.78233
-6.78053
-6.77841
-6.77631
-6.77456
-6.77217
-6.77013
-6.76811
-6.76546
-6.76349
-6.76155
-6.75931
-6.75709
-6.75524
-6.75374
-6.75196
-6.75053
-6.74882
-6.7478
-6.74616
-6.74425
-6.74271
-6.74089
-6.73943
-6.73771
-6.73635
-6.73473
-6.73315
-6.73163
-6.73082
-6.73038
-6.72968
-6.72903
-6.72813
-6.72728
-6.72715
-6.72675
-6.7261
-6.72551
-6.72434
-6.72356
-6.72285
-6.72221
-6.72164
-6.7218
-6.72267
-6.72297
-6.72237
-6.72216
-6.72269
-6.72264
-6.72299
-6.72341
-6.72424
-6.72514
-6.72547
-6.72652
-6.72766
-6.72854
-6.73014
-6.73118
-6.73229
-6.73412
-6.73505
-6.73638
-6.73777
-6.73956
-6.74077
-6.74205
-6.74436
-6.74641
-6.74819
-6.75037
-6.75259
-6.75488
-6.75657
-6.75895
-6.76139
-6.76354
-6.7651
-6.76734
-6.76962
-6.77129
-6.77365
-6.77603
-6.77845
-6.78089
-6.78369
-6.7865
-6.78933
-6.79154
-6.79376
-6.79599
-6.79824
-6.80049
-6.80276
-6.80535
-6.80794
-6.81054
-6.81281
-6.81476
-6.818
-6.82058
-6.82316
-6.82541
-6.82765
-6.82955
-6.83112
-6.83333
-6.83584
-6.84051
-6.84391
-6.8469
-6.84881
-6.85095
-6.85396
-6.85622
-6.85936
-6.86142
-6.86371
-6.86525
-6.86669
-6.86803
-6.86895
-6.8701
-6.8718
-6.87275
-6.87361
-6.87437
-6.87504
-6.87594
-6.87675
-6.87746
-6.87841
-6.87894
-6.88003
-6.88038
-6.88032
-6.88082
-6.88091
-6.88092
-6.88051
-6.88034
-6.87976
-6.8791
-6.87836
-6.87786
-6.87728
-6.87694
-6.87652
-6.87667
-6.87512
-6.87414
-6.87277
-6.87196
-6.8714
-6.8698
-6.8691
-6.86703
-6.86553
-6.86397
-6.86266
-6.86161
-6.85984
-6.85833
-6.85546
-6.85318
-6.85213
-6.84973
-6.84759
-6.84507
-6.84282
-6.84019
-6.83751
-6.83544
-6.83299
-6.82984
-6.82763
-6.82537
-6.82211
-6.81978
-6.8171
-6.81439
-6.81165
-6.80856
-6.80707
-6.80395
-6.80049
-6.798
-6.79517
-6.79234
-6.78983
-6.78701
-6.78451
-6.78235
-6.77988
-6.77613
-6.77338
-6.77032
-6.76762
-6.76528
-6.76264
-6.76005
-6.7575
-6.75467
-6.75254
-6.75013
-6.74779
-6.74582
-6.74296
-6.74145
-6.73936
-6.73734
-6.73539
-6.73351
-6.73139
-6.72935
-6.72803
-6.72712
-6.7263
-6.7246
-6.72297
-6.72274
-6.72259
-6.72156
-6.72029
-6.7188
-6.71836
-6.71769
-6.71711
-6.71662
-6.71622
-6.71623
-6.71568
-6.71554
-6.71517
-6.7152
-6.71532
-6.71617
-6.71678
-6.7165
-6.71662
-6.71747
-6.71838
-6.72003
-6.72077
-6.72222
-6.7231
-6.72404
-6.72472
-6.72643
-6.72787
-6.72904
-6.73026
-6.73218
-6.73317
-6.73485
-6.73658
-6.73802
-6.73949
-6.74165
-6.74415
-6.74572
-6.7473
-6.74891
-6.75118
-6.75282
-6.75479
-6.75644
-6.7581
-6.76009
-6.76175
-6.76373
-6.76505
-6.76734
-6.7693
-6.77027
-6.77187
-6.77313
-6.77405
-6.77624
-6.77744
-6.77893
-6.77942
-6.78118
-6.78227
-6.78396
-6.78562
-6.78627
-6.78721
-6.78811
-6.78898
-6.7898
-6.79091
-6.7923
-6.79333
-6.79432
-6.79462
-6.79553
-6.7964
-6.79723
-6.79801
-6.79843
-6.79882
-6.79981
-6.79979
-6.80038
-6.80094
-6.80146
-6.80194
-6.80272
-6.80314
-6.8032
-6.80323
-6.80323
-6.8032
-6.80412
-6.80468
-6.80522
-6.8054
-6.80589
-6.8057
-6.80582
-6.80558
-6.80533
-6.80506
-6.80509
-6.80413
-6.80542
-6.8054
-6.80504
-6.80531
-6.80525
-6.80517
-6.80572
-6.80496
-6.80515
-6.80502
-6.80454
-6.80405
-6.8042
-6.80498
-6.80511
-6.8049
-6.80469
-6.80415
-6.80327
-6.80304
-6.80312
-6.8032
-6.80295
-6.80238
-6.80245
-6.80154
-6.80096
-6.80135
-6.80141
-6.80083
-6.80056
-6.80062
-6.80101
-6.80108
-6.80114
-6.80121
-6.80096
-6.80039
-6.79853
-6.79797
-6.79806
-6.79718
-6.79598
-6.79544
-6.79489
-6.79435
-6.79414
-6.7949
-6.79502
-6.79514
-6.79397
-6.79313
-6.79294
-6.79211
-6.79159
-6.79238
-6.79252
-6.79266
-6.79313
-6.79294
-6.7934
-6.79321
-6.79302
-6.79282
-6.79295
-6.7921
-6.79157
-6.79136
-6.79113
-6.79123
-6.79131
-6.79073
-6.79015
-6.78954
-6.78893
-6.78829
-6.78829
-6.78794
-6.7879
-6.78751
-6.78645
-6.78633
-6.78441
-6.78387
-6.7836
-6.78264
-6.78195
-6.78023
-6.77976
-6.77859
-6.77768
-6.77672
-6.77569
-6.7746
-6.77377
-6.77256
-6.77062
-6.76927
-6.7672
-6.76636
-6.7648
-6.76252
-6.7608
-6.75934
-6.75748
-6.75587
-6.7532
-6.75143
-6.74862
-6.74604
-6.74339
-6.74098
-6.73881
-6.73625
-6.73295
-6.73022
-6.72709
-6.72519
-6.72223
-6.71953
-6.71578
-6.71293
-6.70969
-6.70573
-6.70203
-6.69827
-6.6951
-6.69122
-6.68794
-6.68363
-6.68057
-6.67681
-6.67302
-6.66886
-6.66467
-6.66044
-6.65619
-6.65224
-6.64893
-6.64495
-6.64064
-6.63698
-6.63234
-6.62836
-6.62407
-6.62045
-6.61684
-6.61294
-6.6094
-6.60557
-6.60082
-6.59644
-6.59244
-6.58883
-6.58528
-6.58116
-6.57777
-6.5751
-6.5722
-6.5694
-6.56605
-6.56312
-6.56095
-6.5589
-6.55664
-6.55418
-6.55217
-6.55029
-6.54823
-6.54662
-6.54483
-6.54319
-6.54202
-6.541
-6.53981
-6.53877
-6.53821
-6.53684
-6.53627
-6.53586
-6.53593
-6.53616
-6.53623
-6.53548
-6.53585
-6.53671
-6.53739
-6.53821
-6.53886
-6.5403
-6.5422
-6.54359
-6.54512
-6.54677
-6.54822
-6.54978
-6.55179
-6.55293
-6.55515
-6.55747
-6.56021
-6.56271
-6.56433
-6.56699
-6.56973
-6.57254
-6.57606
-6.57866
-6.58165
-6.58468
-6.58743
-6.5899
-6.59337
-6.59688
-6.60009
-6.60332
-6.60624
-6.60951
-6.61311
-6.61705
-6.61969
-6.62267
-6.62597
-6.62959
-6.63289
-6.63651
-6.64012
-6.6434
-6.64668
-6.65027
-6.6532
-6.65677
-6.66033
-6.66389
-6.66678
-6.66967
-6.67288
-6.67672
-6.68023
-6.68406
-6.68756
-6.6904
-6.69357
-6.69738
-6.70021
-6.70305
-6.70621
-6.70969
-6.71316
-6.716
-6.71883
-6.72198
-6.72546
-6.72765
-6.7308
-6.73364
-6.73647
-6.73963
-6.74278
-6.74626
-6.74973
-6.75288
-6.75602
-6.75915
-6.76227
-6.76538
-6.76847
-6.77156
-6.77462
-6.77767
-6.7807
-6.7837
-6.78571
-6.78834
-6.79191
-6.7948
-6.79798
-6.80145
-6.80391
-6.80633
-6.80904
-6.81137
-6.81495
-6.81784
-6.82034
-6.82312
-6.82552
-6.82818
-6.83078
-6.83365
-6.8358
-6.83789
-6.83959
-6.8422
-6.84376
-6.84591
-6.84767
-6.84967
-6.85226
-6.8538
-6.85559
-6.85699
-6.858
-6.85925
-6.86076
-6.86252
-6.86356
-6.8642
-6.86509
-6.86559
-6.86666
-6.86864
-6.86861
-6.86786
-6.86866
-6.86939
-6.87038
-6.87034
-6.87023
-6.8707
-6.87014
-6.86952
-6.86916
-6.86907
-6.86827
-6.86839
-6.86748
-6.86684
-6.86647
-6.8654
-6.8646
-6.86472
-6.86382
-6.8632
-6.86253
-6.86279
-6.86202
-6.86089
-6.86004
-6.85882
-6.85724
-6.85626
-6.85524
-6.85419
-6.85374
-6.8526
-6.85143
-6.85022
-6.84866
-6.8477
-6.84671
-6.84537
-6.84465
-6.8426
-6.84084
-6.83906
-6.8379
-6.83639
-6.83518
-6.83426
-6.83268
-6.83075
-6.82913
-6.82748
-6.82581
-6.82543
-6.82438
-6.82202
-6.82062
-6.81855
-6.81648
-6.81439
-6.81229
-6.81115
-6.80871
-6.80724
-6.80544
-6.80395
-6.80214
-6.80065
-6.79916
-6.79734
-6.79339
-6.79126
-6.78979
-6.788
-6.78654
-6.78508
-6.78332
-6.78123
-6.77916
-6.77709
-6.77504
-6.77364
-6.77129
-6.76959
-6.76823
-6.76656
-6.76457
-6.76293
-6.76194
-6.76096
-6.75934
-6.75709
-6.75582
-6.75456
-6.75266
-6.75109
-6.74953
-6.7483
-6.74611
-6.74489
-6.74303
-6.74118
-6.73933
-6.73748
-6.73564
-6.7338
-6.73262
-6.73111
-6.7296
-6.72842
-6.72691
-6.72572
-6.72389
-6.72238
-6.72022
-6.71839
-6.71688
-6.7157
-6.71452
-6.71302
-6.71119
-6.70969
-6.70755
-6.70574
-6.70426
-6.70246
-6.70067
-6.69954
-6.6981
-6.69635
-6.69461
-6.69418
-6.69313
-6.69146
-6.69045
-6.68915
-6.68755
-6.6863
-6.68509
-6.68424
-6.68245
-6.68167
-6.68094
-6.6796
-6.67895
-6.67706
-6.67619
-6.67537
-6.67428
-6.67356
-6.67226
-6.67166
-6.67145
-6.67065
-6.67056
-6.67021
-6.67056
-6.67034
-6.6705
-6.67073
-6.67069
-6.67072
-6.67016
-6.66998
-6.66986
-6.67045
-6.67012
-6.6705
-6.67125
-6.67141
-6.67193
-6.67283
-6.67377
-6.6741
-6.67479
-6.67584
-6.67659
-6.67705
-6.67818
-6.67933
-6.6805
-6.68071
-6.68159
-6.68182
-6.6827
-6.68326
-6.68349
-6.68469
-6.68589
-6.68642
-6.68759
-6.68776
-6.68921
-6.69161
-6.69269
-6.69278
-6.69347
-6.69381
-6.69445
-6.69536
-6.69559
-6.69611
-6.69658
-6.69669
-6.69675
-6.69709
-6.69771
-6.69827
-6.69912
-6.69927
-6.69937
-6.70007
-6.70137
-6.70067
-6.70058
-6.70108
-6.70024
-6.69999
-6.6997
-6.69935
-6.69896
-6.69949
-6.69965
-6.69944
-6.69886
-6.69823
-6.69789
-6.69653
-6.69578
-6.69498
-6.69382
-6.69392
-6.69269
-6.69142
-6.69011
-6.68909
-6.68675
-6.68567
-6.68489
-6.68344
-6.68293
-6.68143
-6.68055
-6.67868
-6.67776
-6.67651
-6.67556
-6.67331
-6.67235
-6.67041
-6.66975
-6.66877
-6.66747
-6.66617
-6.66487
-6.6639
-6.66262
-6.66135
-6.6601
-6.65886
-6.65829
-6.65806
-6.65689
-6.65509
-6.65397
-6.65321
-6.65247
-6.6521
-6.65078
-6.64919
-6.64828
-6.64709
-6.6466
-6.64615
-6.6451
-6.64442
-6.6438
-6.64225
-6.64205
-6.64158
-6.64085
-6.64017
-6.63987
-6.64027
-6.64009
-6.63996
-6.63989
-6.6402
-6.64024
-6.64002
-6.64018
-6.64006
-6.64065
-6.64065
-6.6407
-6.6408
-6.63999
-6.63987
-6.63915
-6.63913
-6.63914
-6.63921
-6.6406
-6.64171
-6.64253
-6.6437
-6.64328
-6.64322
-6.64448
-6.64575
-6.64737
-6.64868
-6.65
-6.651
-6.652
-6.65204
-6.6524
-6.65373
-6.65472
-6.65538
-6.65635
-6.6573
-6.65758
-6.65816
-6.65905
-6.65958
-6.66105
-6.66216
-6.66325
-6.6643
-6.66531
-6.66595
-6.66623
-6.6668
-6.66731
-6.66714
-6.66789
-6.66796
-6.66862
-6.66923
-6.66916
-6.67002
-6.67018
-6.66965
-6.66941
-6.66913
-6.66912
-6.66909
-6.66836
-6.66858
-6.66844
-6.66794
-6.66677
-6.66623
-6.66599
-6.66508
-6.66545
-6.66515
-6.6655
-6.66519
-6.66519
-6.66519
-6.66519
-6.66487
-6.66391
-6.66327
-6.6633
-6.66269
-6.66307
-6.66249
-6.66205
-6.66214
-6.66256
-6.66329
-6.66304
-6.66312
-6.66254
-6.66229
-6.66204
-6.66212
-6.66122
-6.66098
-6.66042
-6.65986
-6.65996
-6.65974
-6.65952
-6.65899
-6.65911
-6.65892
-6.65873
-6.65887
-6.65772
-6.65852
-6.65804
-6.65788
-6.65773
-6.65726
-6.65777
-6.65763
-6.65717
-6.65768
-6.65788
-6.65775
-6.6573
-6.65718
-6.65739
-6.65727
-6.65715
-6.65736
-6.65725
-6.65617
-6.65607
-6.65533
-6.65523
-6.65515
-6.65571
-6.65563
-6.65588
-6.65582
-6.65577
-6.65605
-6.65634
-6.65729
-6.65696
-6.65665
-6.657
-6.65673
-6.65647
-6.65689
-6.65668
-6.65585
-6.65635
-6.65623
-6.65646
-6.65738
-6.65736
-6.6577
-6.65775
-6.65817
-6.65831
-6.65882
-6.65937
-6.65965
-6.66063
-6.66068
-6.66143
-6.66257
-6.66376
-6.66468
-6.66565
-6.66799
-6.66908
-6.67056
-6.67178
-6.67305
-6.67439
-6.67579
-6.67757
-6.67974
-6.68132
-6.68329
-6.68467
-6.68741
-6.6889
-6.69078
-6.69207
-6.69471
-6.69612
-6.69725
-6.70005
-6.70225
-6.70451
-6.70713
-6.70948
-6.71251
-6.71526
-6.7174
-6.71958
-6.72211
-6.72499
-6.72758
-6.7302
-6.73283
-6.73516
-6.73945
-6.74213
-6.74481
-6.7475
-6.75019
-6.75384
-6.75717
-6.76016
-6.76314
-6.76513
-6.76774
-6.77033
-6.77289
-6.77477
-6.77759
-6.77972
-6.78148
-6.78385
-6.78616
-6.78778
-6.7903
-6.79244
-6.79452
-6.7962
-6.79878
-6.80097
-6.80276
-6.80381
-6.80479
-6.80568
-6.80714
-6.8085
-6.80913
-6.81031
-6.81107
-6.81238
-6.81327
-6.81406
-6.81539
-6.81597
-6.8158
-6.8165
-6.81742
-6.81889
-6.82025
-6.82021
-6.82006
-6.82014
-6.82043
-6.81965
-6.81909
-6.81875
-6.81896
-6.81778
-6.81747
-6.81609
-6.81527
-6.81371
-6.81238
-6.81096
-6.80946
-6.80755
-6.80588
-6.80478
-6.80296
-6.80139
-6.80007
-6.79675
-6.794
-6.79217
-6.78996
-6.78769
-6.78537
-6.78301
-6.78092
-6.77912
-6.77663
-6.77475
-6.7722
-6.76962
-6.76701
-6.76373
-6.76109
-6.7581
-6.75542
-6.75273
-6.74906
-6.747
-6.74462
-6.74127
-6.73889
-6.73554
-6.73253
-6.72985
-6.7262
-6.72354
-6.72023
-6.71727
-6.71432
-6.71106
-6.70846
-6.70556
-6.70235
-6.69949
-6.69664
-6.69446
-6.69198
-6.68952
-6.68675
-6.68433
-6.68161
-6.67891
-6.67624
-6.67391
-6.67161
-6.66933
-6.66708
-6.66486
-6.66298
-6.66114
-6.65899
-6.65655
-6.65446
-6.65176
-6.65038
-6.64774
-6.64546
-6.64386
-6.64326
-6.64108
-6.63958
-6.63812
-6.63637
-6.63563
-6.63396
-6.63266
-6.63107
-6.62919
-6.62801
-6.62654
-6.62545
-6.62471
-6.62338
-6.62273
-6.62148
-6.62061
-6.61945
-6.61898
-6.61823
-6.61623
-6.61525
-6.61367
-6.6131
-6.61225
-6.6108
-6.61004
-6.60868
-6.60768
-6.60705
-6.60581
-6.60558
-6.60506
-6.60426
-6.60544
-6.60504
-6.60403
-6.6037
-6.60373
-6.60379
-6.60356
-6.60337
-6.60287
-6.60306
-6.60327
-6.60319
-6.60346
-6.60278
-6.60246
-6.60281
-6.60285
-6.60357
-6.60366
-6.60378
-6.60391
-6.60407
-6.60638
-6.60625
-6.60645
-6.60697
-6.60716
-6.60799
-6.60817
-6.60834
-6.60819
-6.60802
-6.60784
-6.60863
-6.60875
-6.60887
-6.60897
-6.60971
-6.60946
-6.60951
-6.60955
-6.6099
-6.60894
-6.60957
-6.60954
-6.60917
-6.60909
-6.61029
-6.60984
-6.60969
-6.61016
-6.60964
-6.6094
-6.60914
-6.60884
-6.60851
-6.60814
-6.60807
-6.60828
-6.60748
-6.60729
-6.60609
-6.6055
-6.60422
-6.60322
-6.60186
-6.60077
-6.59965
-6.5988
-6.59693
-6.59599
-6.59403
-6.59234
-6.59126
-6.59014
-6.58897
-6.58775
-6.58648
-6.58453
-6.58318
-6.58178
-6.58066
-6.57918
-6.57733
-6.5761
-6.57482
-6.57351
-6.57152
-6.56949
-6.56776
-6.566
-6.56421
-6.5624
-6.56089
-6.55872
-6.55717
-6.55464
-6.55178
-6.54988
-6.54765
-6.54574
-6.54351
-6.54193
-6.53971
-6.53814
-6.53627
-6.53442
-6.53291
-6.53142
-6.52931
-6.52756
-6.52649
-6.52481
-6.52284
-6.52157
-6.52002
-6.51852
-6.51675
-6.51601
-6.51403
-6.51277
-6.51125
-6.50979
-6.50873
-6.50808
-6.50653
-6.50603
-6.50529
-6.50431
-6.50342
-6.50326
-6.50256
-6.50195
-6.50208
-6.50232
-6.50136
-6.50212
-6.50202
-6.50268
-6.50345
-6.50401
-6.50467
-6.50578
-6.50668
-6.50802
-6.5098
-6.51073
-6.51179
-6.51361
-6.51555
-6.51794
-6.51981
-6.52246
-6.52458
-6.52714
-6.52984
-6.53168
-6.53365
-6.53639
-6.53958
-6.54289
-6.54729
-6.55019
-6.55353
-6.55666
-6.56023
-6.56325
-6.56671
-6.5706
-6.57394
-6.5777
-6.58252
-6.58679
-6.59083
-6.59494
-6.59881
-6.6034
-6.60742
-6.61247
-6.6179
-6.62274
-6.62796
-6.63257
-6.63754
-6.64255
-6.64823
-6.65329
-6.6587
-6.66379
-6.66953
-6.67495
-6.68005
-6.68417
-6.68924
-6.69462
-6.69966
-6.70466
-6.70963
-6.71424
-6.71913
-6.72365
-6.72909
-6.73318
-6.73819
-6.74313
-6.748
-6.75248
-6.75721
-6.76025
-6.7645
-6.7677
-6.77243
-6.77577
-6.78
-6.78349
-6.78752
-6.79146
-6.79563
-6.79905
-6.80236
-6.80589
-6.80931
-6.81197
-6.81485
-6.8173
-6.81995
-6.82314
-6.82524
-6.82787
-6.83006
-6.83245
-6.83473
-6.83688
-6.83892
-6.84018
-6.84165
-6.843
-6.84455
-6.84501
-6.84599
-6.84686
-6.8476
-6.84888
-6.84971
-6.85009
-6.85004
-6.84986
-6.8486
-6.84852
-6.848
-6.84768
-6.84791
-6.84738
-6.84706
-6.8463
-6.84545
-6.84481
-6.84342
-6.84322
-6.84229
-6.84093
-6.83948
-6.83761
-6.83631
-6.83459
-6.83278
-6.8309
-6.83023
-6.82819
-6.82607
-6.82388
-6.82064
-6.81832
-6.81593
-6.81412
-6.81193
-6.80936
-6.80739
-6.80439
-6.80167
-6.7989
-6.79577
-6.79454
-6.791
-6.78743
-6.78415
-6.78148
-6.77814
-6.77444
-6.77072
-6.76763
-6.76419
-6.76073
-6.75725
-6.75344
-6.75123
-6.74739
-6.74355
-6.7397
-6.73747
-6.73362
-6.73042
-6.72722
-6.72434
-6.72083
-6.71765
-6.71447
-6.71163
-6.70945
-6.70664
-6.70417
-6.70139
-6.69831
-6.6946
-6.69188
-6.68789
-6.68489
-6.68159
-6.67831
-6.67473
-6.67182
-6.66926
-6.66355
-6.66114
-6.65909
-6.65708
-6.6538
-6.65122
-6.64834
-6.64581
-6.64364
-6.64086
-6.63874
-6.63537
-6.63266
-6.63062
-6.62764
-6.625
-6.62238
-6.61977
-6.61847
-6.61687
-6.6143
-6.61174
-6.60919
-6.60696
-6.60507
-6.60253
-6.60063
-6.59842
-6.59588
-6.59334
-6.59144
-6.58954
-6.58667
-6.58347
-6.58189
-6.57966
-6.57709
-6.57453
-6.57228
-6.56971
-6.56779
-6.56522
-6.56233
-6.56041
-6.55785
-6.55497
-6.55339
-6.55183
-6.54995
-6.54775
-6.5459
-6.54341
-6.54126
-6.53914
-6.53735
-6.53495
-6.53257
-6.53054
-6.52854
-6.52721
-6.52593
-6.52403
-6.52217
-6.521
-6.5189
-6.51652
-6.51451
-6.5132
-6.51065
-6.5088
-6.50733
-6.50592
-6.50457
-6.50296
-6.50109
-6.49993
-6.49851
-6.49782
-6.4972
-6.49632
-6.4952
-6.49449
-6.49352
-6.49362
-6.49282
-6.49276
-6.49246
-6.49224
-6.49179
-6.49208
-6.49213
-6.49293
-6.49349
-6.49351
-6.49361
-6.49414
-6.49508
-6.49612
-6.49661
-6.49784
-6.49885
-6.49994
-6.50113
-6.50242
-6.5038
-6.50527
-6.50715
-6.50881
-6.51055
-6.51302
-6.51461
-6.51628
-6.51803
-6.51986
-6.52177
-6.52408
-6.52581
-6.52858
-6.53044
-6.53367
-6.53598
-6.539
-6.54175
-6.54423
-6.54773
-6.55031
-6.55293
-6.55624
-6.55958
-6.56231
-6.56572
-6.56916
-6.57197
-6.57513
-6.57863
-6.58214
-6.58534
-6.5892
-6.5921
-6.595
-6.5979
-6.60113
-6.60468
-6.6079
-6.61111
-6.61464
-6.61719
-6.62101
-6.62386
-6.62701
-6.62982
-6.63327
-6.63637
-6.63945
-6.64283
-6.64619
-6.64888
-6.65187
-6.65515
-6.65809
-6.66198
-6.66486
-6.6674
-6.67152
-6.67465
-6.67742
-6.67983
-6.68222
-6.6849
-6.68754
-6.69015
-6.69272
-6.69526
-6.69809
-6.70024
-6.70235
-6.70539
-6.7084
-6.71169
-6.71397
-6.71653
-6.71872
-6.72055
-6.72266
-6.72472
-6.72641
-6.72838
-6.73029
-6.73248
-6.73398
-6.73509
-6.7368
-6.73878
-6.74071
-6.74257
-6.74405
-6.74547
-6.74683
-6.74877
-6.75033
-6.7515
-6.75227
-6.75266
-6.75331
-6.7542
-6.75439
-6.75547
-6.75583
-6.75709
-6.75731
-6.75778
-6.75817
-6.75849
-6.75873
-6.75955
-6.75964
-6.75998
-6.75991
-6.7601
-6.7602
-6.76056
-6.76019
-6.76038
-6.75954
-6.75894
-6.75794
-6.75719
-6.75604
-6.75546
-6.75416
-6.75312
-6.75103
-6.74952
-6.74827
-6.74728
-6.74622
-6.74413
-6.7423
-6.74009
-6.7375
-6.73648
-6.73509
-6.73331
-6.73214
-6.72996
-6.72773
-6.72515
-6.72285
-6.72117
-6.71914
-6.71708
-6.71533
-6.71356
-6.71113
-6.70933
-6.70688
-6.70378
-6.70198
-6.69921
-6.69678
-6.69501
-6.69228
-6.69023
-6.68788
-6.68556
-6.6836
-6.68135
-6.67947
-6.67764
-6.67521
-6.67315
-6.6718
-6.66954
-6.66767
-6.66651
-6.6651
-6.66279
-6.66088
-6.65969
-6.65794
-6.65724
-6.65629
-6.65511
-6.65433
-6.65396
-6.65336
-6.65186
-6.65208
-6.65173
-6.65147
-6.65065
-6.65055
-6.65021
-6.6506
-6.65172
-6.65194
-6.65223
-6.65292
-6.65334
-6.65383
