1.19987
1.1995
1.19887
1.19798
1.19685
1.19546
1.19383
1.19194
1.1898
1.1874
1.18476
1.18187
1.17873
1.17534
1.17171
1.16783
1.16371
1.15935
1.15475
1.14991
1.14483
1.13952
1.13397
1.1282
1.12218
1.11594
1.10947
1.10278
1.09587
1.08873
1.08138
1.07382
1.06605
1.05806
1.04987
1.04148
1.03289
1.0241
1.01512
1.00595
0.996591
0.987051
0.977335
0.967445
0.957387
0.947167
0.936788
0.926256
0.915578
0.904757
0.893802
0.882716
0.871508
0.860183
0.84875
0.837213
0.825581
0.81386
0.802059
0.790184
0.778243
0.766245
0.754199
0.742112
0.729993
0.717851
0.705695
0.693533
0.681374
0.669228
0.657103
0.645011
0.632959
0.620959
0.609018
0.597149
0.585359
0.57366
0.562059
0.550567
0.539193
0.527948
0.51684
0.50588
0.495077
0.48444
0.473977
0.463697
0.45361
0.443723
0.434044
0.424582
0.415345
0.406339
0.397573
0.389052
0.380784
0.372775
0.365031
0.357556
0.350357
0.343437
0.336801
0.330453
0.324397
0.318634
0.313169
0.308003
0.303138
0.298576
0.294316
0.29036
0.286707
0.283358
0.280312
0.277567
0.275121
0.272973
0.271121
0.26956
0.268289
0.267304
0.266602
0.266177
0.266025
0.266142
0.266522
0.267161
0.268051
0.269188
0.270564
0.272174
0.274011
0.276068
0.278339
0.280816
0.283492
0.286359
0.28941
0.292638
0.296035
0.299592
0.303302
0.307158
0.311151
0.315274
0.319518
0.323876
0.328339
0.332901
0.337554
0.342289
0.3471
0.351978
0.356917
0.361909
0.366946
0.372022
0.377129
0.382261
0.387411
0.392572
0.397739
0.402904
0.408062
0.413207
0.418333
0.423434
0.428505
0.433539
0.438534
0.443483
0.448382
0.453228
0.458013
0.462734
0.467388
0.47197
0.476476
0.480903
0.485247
0.489506
0.493675
0.497753
0.501736
0.505622
0.509409
0.513096
0.516679
0.520157
0.523529
0.526794
0.529948
0.532992
0.535924
0.538744
0.54145
0.544043
0.546522
0.548887
0.551138
0.553275
0.555299
0.557208
0.559004
0.560689
0.562263
0.563726
0.565079
0.566324
0.56746
0.56849
0.569416
0.570239
0.57096
0.57158
0.572103
0.572529
0.572861
0.573101
0.573252
0.573316
0.573296
0.573193
0.57301
0.572751
0.572417
0.572012
0.571539
0.571002
0.570404
0.569747
0.569032
0.568264
0.567446
0.566581
0.565672
0.564721
0.563731
0.562708
0.561653
0.560569
0.559462
0.558332
0.557184
0.55602
0.554845
0.553661
0.552472
0.551281
0.550092
0.548908
0.54773
0.546562
0.545408
0.54427
0.543152
0.542055
0.540982
0.539936
0.538921
0.537939
0.536992
0.536082
0.535213
0.534385
0.533602
0.532864
0.532176
0.531537
0.53095
0.530418
0.529942
0.529523
0.529163
0.528864
0.528626
0.52845
0.528338
0.52829
0.528306
0.528389
0.528537
0.528753
0.529036
0.529387
0.529806
0.530293
0.530847
0.531468
0.532157
0.532914
0.533738
0.534628
0.535584
0.536605
0.537691
0.53884
0.540052
0.541326
1.20101
1.20304
1.20496
1.20679
1.20852
1.21015
1.21168
1.21311
1.21442
1.21564
1.21674
1.21773
1.21862
1.21939
1.22005
1.2206
1.22103
1.22135
1.22156
1.22164
1.22161
1.22147
1.2212
1.22082
1.22032
1.21971
1.21898
1.21813
1.21717
1.21609
1.21489
1.21359
1.21217
1.21064
1.20901
1.20726
1.20541
1.20345
1.20139
1.19923
1.19697
1.19461
1.19216
1.18962
1.18698
1.18427
1.18147
1.17859
1.17564
1.17261
1.16951
1.16635
1.16312
1.15983
1.1565
1.15311
1.14968
1.1462
1.14269
1.13915
1.13557
1.13197
1.12835
1.12471
1.12106
1.11741
1.11375
1.11009
1.10644
1.10279
1.09917
1.09556
1.09197
1.08841
1.08488
1.08139
1.07793
1.07451
1.07113
1.0678
1.06452
1.06129
1.05812
1.055
1.05195
1.04895
1.04602
1.04315
1.04035
1.03762
1.03495
1.03236
1.02983
1.02738
1.02499
1.02267
1.02042
1.01824
1.01613
1.01408
1.0121
1.01018
1.00833
1.00653
1.00479
1.00311
1.00148
0.999903
0.998377
0.996899
0.995465
0.994073
0.99272
0.991403
0.990119
0.988867
0.987644
0.986445
0.985267
0.984108
0.982967
0.981839
0.980724
0.979618
0.978516
0.977417
0.976317
0.975214
0.974107
0.972994
0.971871
0.970737
0.969589
0.968425
0.967245
0.966047
0.964829
0.963591
0.962328
0.961041
0.959726
0.958386
0.957019
0.955624
0.954201
0.952749
0.951267
0.949757
0.948216
0.946647
0.945048
0.943418
0.941759
0.94007
0.938352
0.936605
0.934831
0.933029
0.931201
0.929346
0.927464
0.925559
0.923629
0.921676
0.919702
0.917708
0.915695
0.913664
0.911616
0.90955
0.907468
0.905371
0.903261
0.901137
0.899001
0.896855
0.894701
0.892537
0.890367
0.88819
0.886009
0.883825
0.88164
0.879456
0.877273
0.875094
0.872918
0.870749
0.868587
0.866436
0.864296
0.862168
0.860055
0.857957
0.855876
0.853813
0.851771
0.849751
0.847754
0.845782
0.843837
0.84192
0.840033
0.838178
0.836357
0.834571
0.832822
0.831111
0.829439
0.827808
0.826219
0.824675
0.823177
0.821726
0.820323
0.818969
0.817666
0.816416
0.815221
0.81408
0.812996
0.811969
0.811001
0.810094
0.809248
0.808466
0.807747
0.807093
0.806505
0.805983
0.805529
0.805144
0.804828
0.804584
0.804412
0.804313
0.804287
0.804335
0.804458
0.804655
0.804929
0.805279
0.805704
0.806206
0.806784
0.807439
0.80817
0.808977
0.80986
0.810818
0.811853
0.812962
0.814145
0.8154
0.816726
0.818122
0.819587
0.82112
0.822718
0.824382
0.826108
0.827895
0.829742
0.831646
0.833606
0.835618
0.837681
0.839792
0.841949
0.844149
0.846391
0.848672
0.85099
0.853344
0.855731
0.858148
0.860591
0.863059
0.86555
0.86806
0.870589
0.873133
0.87569
0.878258
0.880837
0.883423
0.886016
0.888611
0.891208
0.893803
0.896397
0.898988
0.901573
0.904151
0.906722
0.909284
0.911837
0.91438
0.91691
0.919426
1.20137
1.20413
1.20679
1.20935
1.21181
1.21418
1.21644
1.2186
1.22067
1.22263
1.2245
1.22626
1.22793
1.2295
1.23097
1.23234
1.23362
1.2348
1.23588
1.23688
1.23778
1.23858
1.2393
1.23992
1.24045
1.24089
1.24125
1.24151
1.24169
1.24178
1.24178
1.2417
1.24153
1.24128
1.24094
1.24052
1.24002
1.23944
1.23877
1.23803
1.23721
1.23631
1.23534
1.23428
1.23315
1.23195
1.23067
1.22932
1.2279
1.2264
1.22484
1.22321
1.22151
1.21974
1.21791
1.21601
1.21405
1.21203
1.20995
1.20781
1.20562
1.20337
1.20106
1.19871
1.19631
1.19386
1.19136
1.18882
1.18624
1.18363
1.18098
1.17829
1.17558
1.17284
1.17008
1.1673
1.1645
1.16169
1.15887
1.15604
1.15321
1.15038
1.14755
1.14473
1.14193
1.13913
1.13636
1.1336
1.13087
1.12817
1.1255
1.12287
1.12028
1.11772
1.11522
1.11276
1.11036
1.10801
1.10573
1.10351
1.10135
1.09926
1.09724
1.09529
1.09342
1.09162
1.0899
1.08826
1.0867
1.08524
1.08385
1.08256
1.08135
1.08023
1.0792
1.07826
1.07741
1.07665
1.07598
1.0754
1.07491
1.07451
1.07419
1.07397
1.07383
1.07378
1.07381
1.07393
1.07413
1.07442
1.07479
1.07523
1.07575
1.07634
1.07701
1.07775
1.07856
1.07944
1.08038
1.08138
1.08244
1.08356
1.08473
1.08595
1.08722
1.08854
1.0899
1.0913
1.09274
1.09421
1.09572
1.09725
1.09882
1.1004
1.10201
1.10363
1.10527
1.10691
1.10857
1.11023
1.11189
1.11355
1.11521
1.11686
1.1185
1.12013
1.12175
1.12335
1.12493
1.1265
1.12804
1.12956
1.13106
1.13252
1.13396
1.13536
1.13673
1.13807
1.13937
1.14063
1.14186
1.14305
1.14419
1.1453
1.14637
1.1474
1.14839
1.14934
1.15025
1.15111
1.15194
1.15273
1.15347
1.15418
1.15485
1.15548
1.15607
1.15662
1.15714
1.15763
1.15808
1.1585
1.15888
1.15924
1.15956
1.15986
1.16013
1.16037
1.16058
1.16077
1.16093
1.16106
1.16118
1.16127
1.16134
1.16139
1.16142
1.16144
1.16143
1.16141
1.16138
1.16133
1.16126
1.16118
1.16108
1.16097
1.16084
1.1607
1.16055
1.16039
1.16021
1.16002
1.15983
1.15962
1.15941
1.15919
1.15896
1.15873
1.15849
1.15824
1.158
1.15775
1.15749
1.15723
1.15698
1.15672
1.15645
1.15619
1.15593
1.15567
1.15541
1.15515
1.15489
1.15464
1.15439
1.15414
1.1539
1.15366
1.15342
1.15319
1.15297
1.15274
1.15252
1.15231
1.15209
1.15188
1.15168
1.15148
1.15128
1.15109
1.1509
1.15071
1.15052
1.15034
1.15015
1.14997
1.14979
1.1496
1.14941
1.14922
1.14903
1.14883
1.14864
1.14843
1.14823
1.14801
1.14779
1.14756
1.14732
1.14707
1.14681
1.14653
1.14623
1.14592
1.14559
1.14525
1.14488
1.14449
1.14408
1.14364
1.1997
1.19916
1.19857
1.19793
1.19724
1.1965
1.1957
1.19485
1.19394
1.19298
1.19195
1.19086
1.18971
1.18849
1.18721
1.18586
1.18444
1.18295
1.18138
1.17975
1.17804
1.17625
1.17439
1.17245
1.17043
1.16834
1.16617
1.16392
1.16159
1.15918
1.15669
1.15412
1.15147
1.14875
1.14594
1.14306
1.14011
1.13708
1.13398
1.13081
1.12756
1.12426
1.12088
1.11744
1.11395
1.11039
1.10679
1.10313
1.09942
1.09566
1.09187
1.08803
1.08416
1.08026
1.07634
1.07239
1.06843
1.06445
1.06046
1.05648
1.05249
1.04851
1.04455
1.04059
1.03667
1.03277
1.0289
1.02507
1.02129
1.01756
1.01389
1.01028
1.00673
1.00326
0.999861
0.996549
0.993325
0.990197
0.987169
0.984244
0.981428
0.978727
0.976145
0.973686
0.971353
0.969152
0.967085
0.965156
0.963369
0.961727
0.960233
0.958889
0.957697
0.956659
0.955776
0.95505
0.954481
0.954071
0.95382
0.953727
0.95379
0.954011
0.954387
0.954916
0.955596
0.956423
0.957395
0.958509
0.959764
0.961155
0.962678
0.964328
0.966101
0.967992
0.969997
0.972111
0.97433
0.976649
0.979062
0.981564
0.98415
0.986816
0.989554
0.992361
0.995232
0.998162
1.00115
1.00418
1.00725
1.01037
1.01352
1.0167
1.01991
1.02314
1.02639
1.02965
1.03293
1.03622
1.03951
1.04281
1.04611
1.04941
1.05271
1.05601
1.05929
1.06258
1.06585
1.06912
1.07237
1.07562
1.07886
1.08209
1.08531
1.08852
1.09173
1.09492
1.09811
1.10129
1.10446
1.10763
1.1108
1.11396
1.11712
1.12028
1.12344
1.1266
1.12975
1.13291
1.13606
1.13922
1.14237
1.14553
1.14868
1.15184
1.155
1.15815
1.16131
1.16446
1.16761
1.17076
1.1739
1.17703
1.18015
1.18326
1.18636
1.18944
1.1925
1.19555
1.19858
1.20158
1.20456
1.20751
1.21043
1.21332
1.21618
1.21901
1.22179
1.22454
1.22724
1.2299
1.23251
1.23507
1.23758
1.24003
1.24243
1.24476
1.24704
1.24926
1.25141
1.2535
1.25553
1.25749
1.25938
1.2612
1.26295
1.26464
1.26625
1.26779
1.26926
1.27066
1.27199
1.27324
1.27443
1.27554
1.27658
1.27754
1.27844
1.27926
1.28001
1.28069
1.28131
1.28185
1.28233
1.28274
1.28308
1.28336
1.28357
1.28372
1.28381
1.28383
1.2838
1.28371
1.28356
1.28335
1.28309
1.28277
1.2824
1.28198
1.2815
1.28098
1.2804
1.27978
1.27911
1.2784
1.27763
1.27683
1.27598
1.27508
1.27415
1.27317
1.27215
1.27109
1.27
1.26886
1.26769
1.26648
1.26524
1.26396
1.26265
1.2613
1.25993
1.25853
1.2571
1.25564
1.25416
1.25265
1.25111
1.24955
1.24797
1.24636
1.24473
1.24309
1.24142
1.23974
1.23804
1.23633
1.2346
1.23286
1.23111
1.22935
1.22757
1.22579
1.224
1.2222
1.2204
1.21859
1.21678
1.21497
1.21315
1.21133
1.19906
1.19726
1.19546
1.19367
1.19188
1.19011
1.18834
1.18658
1.18483
1.18309
1.18136
1.17964
1.17793
1.17623
1.17455
1.17288
1.17122
1.16957
1.16793
1.16631
1.16469
1.16309
1.16149
1.15991
1.15833
1.15676
1.1552
1.15365
1.1521
1.15056
1.14903
1.14749
1.14597
1.14445
1.14293
1.14142
1.13991
1.1384
1.13689
1.13538
1.13387
1.13236
1.13086
1.12935
1.12784
1.12633
1.12482
1.12331
1.12181
1.12031
1.11881
1.11731
1.11582
1.11433
1.11285
1.11137
1.10991
1.10845
1.10701
1.10558
1.10417
1.10277
1.10139
1.10004
1.09871
1.09741
1.09613
1.09489
1.09368
1.0925
1.09136
1.09026
1.0892
1.08818
1.08721
1.08629
1.08542
1.0846
1.08383
1.08312
1.08247
1.08187
1.08133
1.08086
1.08044
1.08009
1.0798
1.07958
1.07942
1.07932
1.07928
1.07931
1.07939
1.07954
1.07975
1.08001
1.08033
1.0807
1.08113
1.08161
1.08214
1.08271
1.08333
1.08398
1.08467
1.08539
1.08615
1.08693
1.08774
1.08857
1.08941
1.09027
1.09114
1.09202
1.0929
1.09379
1.09467
1.09555
1.09642
1.09727
1.09811
1.09894
1.09974
1.10052
1.10128
1.10201
1.10271
1.10337
1.104
1.10459
1.10515
1.10566
1.10614
1.10657
1.10695
1.10729
1.10759
1.10783
1.10803
1.10818
1.10828
1.10833
1.10833
1.10828
1.10819
1.10804
1.10785
1.1076
1.10731
1.10697
1.10657
1.10613
1.10564
1.10511
1.10453
1.1039
1.10323
1.10252
1.10177
1.10098
1.10014
1.09927
1.09836
1.09741
1.09643
1.09541
1.09436
1.09329
1.09218
1.09105
1.0899
1.08872
1.08752
1.08629
1.08506
1.0838
1.08253
1.08125
1.07997
1.07867
1.07737
1.07607
1.07476
1.07346
1.07216
1.07087
1.06959
1.06832
1.06707
1.06583
1.06461
1.06341
1.06224
1.06109
1.05997
1.05888
1.05782
1.0568
1.05581
1.05487
1.05396
1.0531
1.05228
1.0515
1.05078
1.0501
1.04947
1.0489
1.04838
1.04791
1.0475
1.04714
1.04684
1.0466
1.04641
1.04629
1.04621
1.0462
1.04624
1.04634
1.0465
1.04671
1.04698
1.0473
1.04767
1.0481
1.04858
1.04911
1.04968
1.05031
1.05097
1.05168
1.05243
1.05321
1.05403
1.05488
1.05576
1.05667
1.0576
1.05855
1.05952
1.06051
1.0615
1.0625
1.06351
1.06452
1.06552
1.06653
1.06752
1.0685
1.06947
1.07042
1.07135
1.07226
1.07314
1.07399
1.07482
1.07561
1.07637
1.07709
1.07778
1.07843
1.07903
1.07959
1.08011
1.08058
1.08101
1.0814
1.08174
1.08203
1.08228
1.08249
1.08265
1.08277
1.08285
1.08289
1.08289
1.08285
1.08278
1.08267
1.08253
1.08235
1.08216
1.08194
1.08169
1.08143
1.08115
1.08086
1.08056
1.08025
1.07993
1.07961
1.07928
1.07896
1.07864
1.07834
1.07804
1.07775
1.07748
1.07723
1.19985
1.19962
1.19939
1.19915
1.1989
1.19866
1.19841
1.19815
1.1979
1.19766
1.19741
1.19717
1.19693
1.19669
1.19647
1.19625
1.19603
1.19582
1.19562
1.19542
1.19523
1.19505
1.19487
1.19471
1.19455
1.19439
1.19424
1.19409
1.19395
1.19381
1.19367
1.19354
1.19341
1.19329
1.19316
1.19304
1.19292
1.1928
1.19269
1.19257
1.19246
1.19236
1.19225
1.19216
1.19206
1.19198
1.19189
1.19181
1.19174
1.19168
1.19163
1.19158
1.19155
1.19153
1.19153
1.19154
1.19157
1.19162
1.19169
1.19178
1.19189
1.19204
1.19221
1.19241
1.19265
1.19292
1.19322
1.19356
1.19394
1.19436
1.19482
1.19533
1.19588
1.19648
1.19713
1.19784
1.19859
1.1994
1.20027
1.20119
1.20216
1.2032
1.2043
1.20545
1.20667
1.20794
1.20928
1.21068
1.21214
1.21366
1.21524
1.21689
1.21859
1.22035
1.22218
1.22406
1.22599
1.22799
1.23004
1.23214
1.23429
1.2365
1.23875
1.24105
1.2434
1.24578
1.24821
1.25067
1.25317
1.2557
1.25826
1.26085
1.26347
1.2661
1.26875
1.27142
1.2741
1.27678
1.27947
1.28216
1.28484
1.28752
1.29019
1.29284
1.29548
1.29809
1.30068
1.30324
1.30577
1.30827
1.31072
1.31313
1.3155
1.31781
1.32007
1.32227
1.32441
1.32649
1.32849
1.33043
1.33229
1.33408
1.33578
1.33741
1.33895
1.3404
1.34177
1.34304
1.34422
1.34531
1.34629
1.34718
1.34797
1.34865
1.34924
1.34972
1.35009
1.35036
1.35053
1.3506
1.35056
1.35041
1.35016
1.34981
1.34935
1.34879
1.34813
1.34737
1.34651
1.34555
1.3445
1.34336
1.34212
1.34079
1.33937
1.33787
1.33628
1.33461
1.33287
1.33105
1.32915
1.32719
1.32516
1.32306
1.3209
1.31869
1.31642
1.31411
1.31174
1.30933
1.30688
1.30439
1.30187
1.29932
1.29673
1.29413
1.2915
1.28885
1.28618
1.28351
1.28082
1.27812
1.27542
1.27271
1.27
1.2673
1.2646
1.26191
1.25923
1.25656
1.25389
1.25124
1.2486
1.24597
1.24336
1.24076
1.23818
1.23562
1.23308
1.23056
1.22805
1.22557
1.22311
1.22067
1.21825
1.21585
1.21348
1.21113
1.2088
1.2065
1.20422
1.20197
1.19975
1.19755
1.19538
1.19323
1.19112
1.18903
1.18697
1.18495
1.18296
1.181
1.17907
1.17718
1.17532
1.1735
1.17171
1.16997
1.16826
1.16659
1.16495
1.16336
1.16182
1.16031
1.15884
1.15742
1.15604
1.1547
1.15341
1.15216
1.15096
1.1498
1.14869
1.14762
1.14659
1.14561
1.14467
1.14378
1.14293
1.14213
1.14137
1.14066
1.13998
1.13935
1.13876
1.1382
1.13769
1.13721
1.13677
1.13637
1.13601
1.13568
1.13538
1.13512
1.13489
1.13469
1.13453
1.13439
1.13428
1.13419
1.13414
1.13411
1.13411
1.13413
1.13418
1.13425
1.13434
1.13446
1.13459
1.13475
1.20006
1.20026
1.20046
1.20065
1.20084
1.20103
1.20121
1.20138
1.20154
1.2017
1.20185
1.20199
1.20211
1.20223
1.20233
1.20242
1.20249
1.20255
1.20259
1.20261
1.20262
1.20261
1.20258
1.20252
1.20245
1.20235
1.20223
1.20208
1.2019
1.2017
1.20146
1.2012
1.2009
1.20057
1.2002
1.1998
1.19936
1.19889
1.19838
1.19782
1.19723
1.1966
1.19593
1.19521
1.19445
1.19365
1.1928
1.1919
1.19096
1.18997
1.18894
1.18786
1.18673
1.18556
1.18434
1.18308
1.18177
1.18042
1.17902
1.17758
1.1761
1.17457
1.17301
1.17141
1.16978
1.16811
1.16641
1.16467
1.16292
1.16113
1.15932
1.15749
1.15563
1.15377
1.15188
1.14999
1.14809
1.14618
1.14428
1.14237
1.14046
1.13857
1.13668
1.13481
1.13296
1.13112
1.12931
1.12753
1.12578
1.12406
1.12238
1.12074
1.11914
1.11759
1.11609
1.11464
1.11326
1.11193
1.11066
1.10946
1.10833
1.10728
1.10629
1.10539
1.10457
1.10383
1.10317
1.10261
1.10213
1.10175
1.10146
1.10127
1.10118
1.1012
1.10131
1.10154
1.10187
1.10232
1.10287
1.10354
1.10433
1.10522
1.10624
1.10738
1.10863
1.11001
1.1115
1.11313
1.11487
1.11674
1.11873
1.12085
1.1231
1.12547
1.12796
1.13057
1.13332
1.13618
1.13917
1.14227
1.1455
1.14884
1.15229
1.15586
1.15953
1.16331
1.1672
1.17119
1.17527
1.17945
1.18372
1.18808
1.19252
1.19703
1.20162
1.20628
1.21101
1.2158
1.22064
1.22553
1.23046
1.23544
1.24044
1.24548
1.25054
1.25562
1.26071
1.2658
1.2709
1.276
1.28109
1.28616
1.29122
1.29625
1.30126
1.30623
1.31116
1.31605
1.32089
1.32568
1.33042
1.3351
1.33972
1.34427
1.34875
1.35316
1.35749
1.36174
1.36591
1.36999
1.37398
1.37789
1.3817
1.38541
1.38903
1.39254
1.39596
1.39927
1.40248
1.40558
1.40856
1.41144
1.41421
1.41686
1.4194
1.42182
1.42413
1.42632
1.42839
1.43034
1.43218
1.43389
1.43548
1.43695
1.43829
1.43952
1.44063
1.44161
1.44248
1.44322
1.44385
1.44435
1.44474
1.44501
1.44515
1.44519
1.4451
1.44491
1.4446
1.44417
1.44364
1.44299
1.44224
1.44138
1.44042
1.43936
1.43819
1.43693
1.43557
1.43412
1.43258
1.43095
1.42923
1.42743
1.42554
1.42357
1.42153
1.41941
1.41722
1.41496
1.41264
1.41025
1.40779
1.40528
1.40271
1.40009
1.39741
1.39469
1.39193
1.38912
1.38627
1.38338
1.38045
1.3775
1.37451
1.37149
1.36844
1.36537
1.36227
1.35916
1.35602
1.35287
1.3497
1.34652
1.34334
1.34014
1.33694
1.33374
1.33054
1.32733
1.32413
1.32094
1.31775
1.31456
1.31139
1.30823
1.30508
1.30194
1.29882
1.29572
1.29264
1.28958
1.28653
1.28351
1.28051
1.27754
1.27458
1.27165
1.26874
1.26585
1.19858
1.19584
1.19314
1.19048
1.18786
1.18527
1.18271
1.18019
1.1777
1.17523
1.1728
1.17039
1.16801
1.16565
1.16331
1.16099
1.15869
1.15641
1.15414
1.15189
1.14964
1.14741
1.14518
1.14296
1.14074
1.13852
1.1363
1.13409
1.13187
1.12966
1.12744
1.12521
1.12299
1.12076
1.11853
1.1163
1.11406
1.11182
1.10957
1.10733
1.10508
1.10283
1.10059
1.09835
1.09611
1.09388
1.09165
1.08944
1.08724
1.08504
1.08286
1.0807
1.07855
1.07643
1.07432
1.07224
1.07018
1.06815
1.06615
1.06418
1.06224
1.06035
1.05849
1.05667
1.05489
1.05316
1.05148
1.04984
1.04827
1.04674
1.04527
1.04386
1.04251
1.04122
1.03999
1.03884
1.03775
1.03673
1.03578
1.03491
1.03411
1.0334
1.03276
1.0322
1.03173
1.03134
1.03104
1.03083
1.0307
1.03066
1.03072
1.03086
1.03111
1.03144
1.03187
1.0324
1.03302
1.03374
1.03455
1.03546
1.03646
1.03756
1.03875
1.04003
1.04141
1.04288
1.04444
1.0461
1.04784
1.04966
1.05157
1.05357
1.05565
1.0578
1.06003
1.06234
1.06471
1.06716
1.06967
1.07225
1.07489
1.07758
1.08034
1.08314
1.08599
1.0889
1.09184
1.09482
1.09784
1.1009
1.10398
1.10709
1.11023
1.11338
1.11656
1.11975
1.12295
1.12617
1.12939
1.13261
1.13584
1.13907
1.14229
1.14551
1.14872
1.15193
1.15512
1.1583
1.16147
1.16462
1.16776
1.17088
1.17398
1.17706
1.18011
1.18315
1.18616
1.18915
1.19212
1.19505
1.19797
1.20085
1.20371
1.20654
1.20934
1.21211
1.21485
1.21756
1.22024
1.22288
1.22549
1.22807
1.23061
1.23311
1.23558
1.23801
1.24041
1.24277
1.24509
1.24737
1.2496
1.2518
1.25395
1.25606
1.25812
1.26013
1.2621
1.26401
1.26588
1.2677
1.26946
1.27117
1.27283
1.27443
1.27597
1.27745
1.27887
1.28022
1.28152
1.28275
1.28392
1.28502
1.28606
1.28702
1.28792
1.28875
1.28951
1.2902
1.29081
1.29135
1.29182
1.29222
1.29253
1.29278
1.29294
1.29304
1.29305
1.29299
1.29285
1.29263
1.29233
1.29196
1.29151
1.29099
1.29039
1.28972
1.28897
1.28814
1.28724
1.28627
1.28522
1.2841
1.28292
1.28167
1.28035
1.27897
1.27752
1.27602
1.27446
1.27284
1.27117
1.26945
1.26768
1.26586
1.264
1.2621
1.26016
1.25819
1.25619
1.25416
1.2521
1.25002
1.24793
1.24582
1.2437
1.24157
1.23945
1.23732
1.2352
1.23309
1.231
1.22892
1.22687
1.22484
1.22285
1.22089
1.21896
1.21708
1.21525
1.21347
1.21174
1.21006
1.20845
1.2069
1.20542
1.20401
1.20267
1.20141
1.20022
1.19911
1.19809
1.19714
1.19628
1.1955
1.19481
1.19421
1.19369
1.19325
1.19291
1.19265
1.19247
1.19237
1.19236
1.19243
1.19257
1.19279
1.19308
1.19344
1.19387
1.19436
