           1    -5.46296    -5.46296           0
           2    -5.46641    -5.46469  0.00172448
           3    -5.46239    -5.46392  0.00125611
           4     -5.4654    -5.46429 0.000962476
           5    -5.46311    -5.46406 0.000781907
           6    -5.46642    -5.46445 0.000749787
           7    -5.46476    -5.46449  0.00063519
           8    -5.46292     -5.4643 0.000584138
           9    -5.46345     -5.4642 0.000523583
          10     -5.4612     -5.4639 0.000556189
          11    -5.46537    -5.46404  0.00052048
          12    -5.46993    -5.46453 0.000683536
          13     -5.4656    -5.46461  0.00063418
          14     -5.4648    -5.46462 0.000587294
          15    -5.46352    -5.46455 0.000551662
          16    -5.46371     -5.4645 0.000518683
          17    -5.46557    -5.46456 0.000491298
          18    -5.46417    -5.46454 0.000463712
          19    -5.46215    -5.46441 0.000456288
          20    -5.46344    -5.46437 0.000435582
          21    -5.46214    -5.46426 0.000427681
          22    -5.46411    -5.46425 0.000407831
          23    -5.46694    -5.46437 0.000406793
          24    -5.46545    -5.46441 0.000392088
          25    -5.46604    -5.46448 0.000381657
          26    -5.46481    -5.46449 0.000366906
          27    -5.46737     -5.4646 0.000368749
          28    -5.46581    -5.46464 0.000357953
          29    -5.46121    -5.46452  0.00036512
          30    -5.46151    -5.46442  0.00036675
          31     -5.4624    -5.46436 0.000360699
          32    -5.46267    -5.46431 0.000353222
          33    -5.46467    -5.46432 0.000342525
          34    -5.46852    -5.46444 0.000354536
          35    -5.46775    -5.46453  0.00035705
          36    -5.46413    -5.46452 0.000347176
          37    -5.46433    -5.46452 0.000337702
          38    -5.46584    -5.46455 0.000330529
          39    -5.46487    -5.46456 0.000322043
          40    -5.46631     -5.4646 0.000316921
          41    -5.46647    -5.46465 0.000312436
          42    -5.46446    -5.46465 0.000304939
          43    -5.46099    -5.46456 0.000309648
          44    -5.46537    -5.46458 0.000303089
          45    -5.46531     -5.4646 0.000296725
          46    -5.46586    -5.46462 0.000291502
          47    -5.46496    -5.46463 0.000285322
          48     -5.4653    -5.46464 0.000279669
          49    -5.46429    -5.46464 0.000273997
          50    -5.46314    -5.46461 0.000270123
          51    -5.46723    -5.46466 0.000269728
          52    -5.46528    -5.46467 0.000264764
          53    -5.46325    -5.46464 0.000261093
          54    -5.46493    -5.46465 0.000256268
          55    -5.46521    -5.46466 0.000251771
          56    -5.46546    -5.46467 0.000247647
          57    -5.46589    -5.46469 0.000244198
          58    -5.46468    -5.46469  0.00023995
          59    -5.46136    -5.46464 0.000242529
          60    -5.46449    -5.46464 0.000238466
          61    -5.46392    -5.46462 0.000234819
          62    -5.46378    -5.46461 0.000231398
          63     -5.4638     -5.4646 0.000228061
          64    -5.46323    -5.46458 0.000225489
          65    -5.46643     -5.4646 0.000223813
          66    -5.46582    -5.46462 0.000221161
          67    -5.46459    -5.46462 0.000217836
          68    -5.46465    -5.46462 0.000214609
          69    -5.46259    -5.46459 0.000213513
          70    -5.46512     -5.4646 0.000210575
          71    -5.46706    -5.46464 0.000210466
          72    -5.46481    -5.46464 0.000207536
          73    -5.46516    -5.46464   0.0002048
          74    -5.46511    -5.46465  0.00020211
          75    -5.46133    -5.46461 0.000204251
          76    -5.46228    -5.46458 0.000203863
          77    -5.46366    -5.46456  0.00020155
          78    -5.46232    -5.46454 0.000201022
          79    -5.46363    -5.46452 0.000198792
          80    -5.46567    -5.46454 0.000196815
          81    -5.46412    -5.46453  0.00019444
          82    -5.46403    -5.46453 0.000192154
          83    -5.46409    -5.46452 0.000189898
          84    -5.46657    -5.46455 0.000189202
          85    -5.46501    -5.46455 0.000187043
          86    -5.46253    -5.46453 0.000186343
          87    -5.46053    -5.46448 0.000189841
          88    -5.46412    -5.46448 0.000187716
          89     -5.4644    -5.46448 0.000185597
          90    -5.46158    -5.46444 0.000186323
          91     -5.4611    -5.46441 0.000187885
          92    -5.46366     -5.4644 0.000186011
          93    -5.46831    -5.46444 0.000188737
          94    -5.46516    -5.46445 0.000186876
          95    -5.46513    -5.46446 0.000185036
          96    -5.46622    -5.46448 0.000184021
          97    -5.46816    -5.46451 0.000186041
          98     -5.4652    -5.46452 0.000184267
          99    -5.46541    -5.46453 0.000182618
         100    -5.46704    -5.46455 0.000182518
