           1    0.798686    0.798686           0
           2    0.785881    0.792283  0.00640228
           3    0.777798    0.787455  0.00608098
           4    0.882502    0.811217   0.0241478
           5    0.713421    0.791657   0.0270634
           6    0.875999    0.805714   0.0261893
           7    0.775168    0.801351   0.0225601
           8    0.794149     0.80045   0.0195583
           9    0.816904    0.802279   0.0173454
          10    0.751528    0.797204   0.0163232
          11     0.82115     0.79938   0.0149245
          12    0.759293     0.79604   0.0140277
          13    0.850573    0.800235   0.0135684
          14    0.786958    0.799286   0.0125976
          15    0.768355    0.797224   0.0119077
          16    0.803612    0.797624   0.0111457
          17    0.823273    0.799132   0.0105778
          18    0.801289    0.799252  0.00997353
          19    0.764309    0.797413  0.00961161
          20     0.79929    0.797507  0.00911886
          21    0.837632    0.799418  0.00888173
          22    0.796206    0.799272  0.00846965
          23    0.781888    0.798516  0.00812825
          24     0.81535    0.799217  0.00781375
          25    0.813886    0.799804  0.00751762
          26    0.792139    0.799509  0.00722871
          27    0.804801    0.799705  0.00695859
          28    0.753154    0.798043   0.0069085
          29    0.787409    0.797676   0.0066761
          30    0.831767    0.798812  0.00654906
          31    0.812347    0.799249  0.00634931
          32    0.748926    0.797676  0.00634565
          33    0.763068    0.796628  0.00623912
          34    0.867381    0.798709  0.00640057
          35     0.84912    0.800149  0.00637972
          36    0.749628    0.798746  0.00635681
          37    0.805057    0.798916  0.00618497
          38    0.795849    0.798835  0.00602055
          39    0.767901    0.798042  0.00591754
          40     0.76172    0.797134  0.00583875
          41    0.838152    0.798135  0.00578178
          42    0.858698    0.799577  0.00582378
          43    0.813845    0.799908   0.0056964
          44    0.749184    0.798756  0.00568358
          45    0.797796    0.798734  0.00555588
          46    0.811068    0.799002  0.00544037
          47    0.832358    0.799712  0.00537046
          48    0.826236    0.800265  0.00528634
          49    0.733408      0.7989   0.0053541
          50    0.737534    0.797673  0.00538759
          51    0.860787     0.79891  0.00542396
          52    0.784592    0.798635  0.00532575
          53    0.781211    0.798306  0.00523463
          54    0.860679    0.799461  0.00526504
          55    0.828542     0.79999   0.0051954
          56    0.782804    0.799683    0.005111
          57    0.760516    0.798996  0.00506734
          58    0.825369    0.799451  0.00499993
          59    0.783009    0.799172  0.00492235
          60    0.824811    0.799599  0.00485844
          61    0.808162     0.79974  0.00478019
          62    0.777375    0.799379  0.00471627
          63    0.784977     0.79915  0.00464644
          64    0.806028    0.799258  0.00457452
          65     0.79385    0.799175  0.00450436
          66     0.78873    0.799016  0.00443841
          67    0.829468    0.799471  0.00439523
          68    0.825153    0.799849  0.00434655
          69    0.761693    0.799296  0.00431864
          70    0.701082    0.797893  0.00448178
          71    0.849688    0.798622  0.00447803
          72    0.853634    0.799386  0.00448101
          73    0.809237    0.799521  0.00442126
          74    0.785265    0.799328  0.00436536
          75    0.793546    0.799251  0.00430745
          76    0.792743    0.799166  0.00425126
          77    0.790599    0.799054  0.00419716
          78    0.827771    0.799423  0.00415933
          79    0.799557    0.799424  0.00410634
          80    0.819455    0.799675  0.00406241
          81    0.777082    0.799396  0.00402163
          82    0.812775    0.799559  0.00397563
          83    0.766318    0.799158  0.00394781
          84    0.774297    0.798862  0.00391174
          85    0.830794    0.799238  0.00388366
          86    0.868338    0.800042  0.00392143
          87    0.776546    0.799772  0.00388549
          88    0.740312    0.799096  0.00390006
          89    0.795448    0.799055  0.00385621
          90    0.792963    0.798987  0.00381372
          91    0.784925    0.798833  0.00377474
          92    0.797454    0.798818  0.00373352
          93    0.846568    0.799331  0.00372867
          94    0.834975     0.79971  0.00370823
          95    0.779264    0.799495   0.0036753
          96    0.748382    0.798963  0.00367558
          97    0.792123    0.798892  0.00363817
          98    0.786988    0.798771   0.0036029
          99    0.829205    0.799078  0.00357955
         100    0.821602    0.799303  0.00355073
