           1     9.58707     9.58707           0
           2     9.67715     9.63211   0.0450419
           3     9.74227     9.66883   0.0449958
           4       9.003     9.50237    0.169471
           5     10.2291     9.64772    0.195858
           6     9.00528     9.54065    0.192454
           7     9.72164     9.56651    0.164696
           8     9.63429     9.57498    0.142882
           9     9.48971      9.5655    0.126366
          10     9.94832     9.60379    0.119332
          11     9.43068     9.58805    0.109081
          12     9.85788     9.61054    0.102084
          13     9.22714     9.58104    0.098426
          14     9.71783     9.59081   0.0916471
          15     9.82201     9.60623   0.0866998
          16     9.58383     9.60483   0.0811123
          17     9.45356     9.59593   0.0767096
          18     9.56144     9.59401   0.0723478
          19     9.85177     9.60758   0.0697659
          20     9.59352     9.60688   0.0661895
          21      9.3362     9.59399   0.0642646
          22     9.63045     9.59564   0.0612963
          23     9.75989     9.60279   0.0590044
          24     9.50611     9.59876   0.0566359
          25     9.47541     9.59382   0.0545468
          26     9.66052     9.59639   0.0524696
          27     9.58475     9.59596   0.0504907
          28      9.9508     9.60863   0.0502775
          29     9.67731       9.611   0.0485706
          30     9.40318     9.60407   0.0474323
          31     9.56062     9.60267   0.0458981
          32     9.97082     9.61417   0.0459057
          33     9.89604     9.62272   0.0453053
          34     9.13853     9.60848    0.046202
          35     9.23548     9.59782    0.046111
          36     10.0041      9.6091   0.0462109
          37     9.59068     9.60861   0.0449474
          38     9.61834     9.60886   0.0437493
          39      9.8445      9.6149    0.043039
          40     9.89017     9.62179   0.0425099
          41     9.28298     9.61352   0.0422756
          42     9.18661     9.60336   0.0424905
          43     9.50637      9.6011   0.0415518
          44     9.97552     9.60961   0.0414788
          45     9.60953     9.60961   0.0405465
          46     9.48994     9.60701   0.0397405
          47     9.37669     9.60211   0.0391933
          48     9.42337     9.59838   0.0385484
          49     10.1043     9.60871   0.0391399
          50     10.0759     9.61805   0.0394709
          51     9.15325     9.60894   0.0397481
          52      9.7056      9.6108   0.0390205
          53      9.7536     9.61349   0.0383719
          54     9.12126     9.60438   0.0387423
          55     9.38763     9.60044    0.038235
          56     9.70994     9.60239   0.0375969
          57     9.83342     9.60644   0.0371531
          58     9.39935     9.60287   0.0366812
          59     9.75056     9.60538   0.0361409
          60     9.45204     9.60282   0.0356252
          61     9.53743     9.60175   0.0350527
          62     9.76702     9.60441   0.0345856
          63     9.73812     9.60654   0.0340983
          64     9.54295     9.60554    0.033576
          65     9.62612     9.60586   0.0330569
          66     9.66374     9.60674    0.032564
          67     9.37089     9.60322   0.0322669
          68     9.40333     9.60028   0.0319244
          69     9.87085      9.6042   0.0317018
          70     10.3217     9.61445   0.0328838
          71     9.25445     9.60938   0.0328115
          72     9.20881     9.60381   0.0328274
          73     9.46696     9.60194   0.0324288
          74     9.68693     9.60309   0.0320082
          75     9.65043     9.60372   0.0315849
          76     9.62961     9.60406   0.0311684
          77     9.67795     9.60502   0.0307759
          78     9.41901     9.60263   0.0304722
          79     9.62116     9.60287   0.0300849
          80     9.41364      9.6005   0.0298005
          81     9.75565     9.60242   0.0294926
          82      9.4988     9.60116   0.0291581
          83     9.82163     9.60381   0.0289269
          84     9.71985     9.60519   0.0286138
          85     9.34097     9.60208   0.0284455
          86     9.08463     9.59607   0.0287495
          87     9.78188      9.5982   0.0284972
          88     10.0556      9.6034    0.028647
          89     9.56352     9.60295   0.0283268
          90     9.61727     9.60311   0.0280108
          91     9.73316     9.60454   0.0277381
          92     9.56868     9.60415   0.0274377
          93     9.21732     9.59999   0.0274579
          94     9.32971     9.59712    0.027316
          95     9.72538     9.59847   0.0270607
          96     9.97223     9.60236   0.0270589
          97     9.66936     9.60305   0.0267874
          98     9.70998     9.60414   0.0265351
          99     9.36944     9.60177   0.0263724
         100     9.40846     9.59984   0.0261788
