           1   -0.472976   -0.472976           0
           2   -0.473968   -0.473472    0.000496
           3   -0.472344   -0.473096 0.000472632
           4   -0.470304   -0.472398 0.000773883
           5    -0.46912   -0.471742  0.00088834
           6   -0.473624   -0.472056 0.000790218
           7    -0.47264   -0.472139 0.000673046
           8    -0.47204   -0.472127 0.000583008
           9   -0.475736   -0.472528 0.000652048
          10   -0.470808   -0.472356 0.000608044
          11    -0.47212   -0.472335 0.000550414
          12   -0.471616   -0.472275 0.000506013
          13   -0.475464    -0.47252 0.000526161
          14   -0.471408   -0.472441 0.000493563
          15   -0.473968   -0.472542 0.000470631
          16   -0.473256   -0.472587 0.000442488
          17   -0.472008   -0.472553 0.000417038
          18   -0.471488   -0.472494 0.000397614
          19   -0.471192   -0.472425 0.000382295
          20   -0.469848   -0.472296  0.00038489
          21   -0.473712   -0.472364 0.000372257
          22   -0.471992   -0.472347 0.000355335
          23   -0.472448   -0.472351 0.000339563
          24   -0.475376   -0.472477  0.00034868
          25      -0.471   -0.472418 0.000339623
          26   -0.471272   -0.472374 0.000329264
          27   -0.470392   -0.472301 0.000325228
          28   -0.473552   -0.472345 0.000316568
          29   -0.470776   -0.472291 0.000310214
          30   -0.471504   -0.472265 0.000300842
          31   -0.471032   -0.472225 0.000293682
          32   -0.475456   -0.472326 0.000301747
          33   -0.473272   -0.472355 0.000293861
          34   -0.470704   -0.472306 0.000289193
          35   -0.468992   -0.472212 0.000296345
          36   -0.474464   -0.472274 0.000294714
          37   -0.472216   -0.472273 0.000286642
          38   -0.471872   -0.472262 0.000279196
          39   -0.470992    -0.47223 0.000273886
          40   -0.472824   -0.472244 0.000267364
          41   -0.474704   -0.472304 0.000267573
          42   -0.475768   -0.472387 0.000273838
          43   -0.475032   -0.472448 0.000274378
          44   -0.472608   -0.472452 0.000268094
          45   -0.469832   -0.472394 0.000268458
          46   -0.472688     -0.4724 0.000262635
          47   -0.470792   -0.472366 0.000259255
          48   -0.472496   -0.472369  0.00025381
          49   -0.470992   -0.472341 0.000250159
          50   -0.469936   -0.472292 0.000249778
          51   -0.467936   -0.472207 0.000259306
          52     -0.4704   -0.472172 0.000256634
          53   -0.471888   -0.472167 0.000251802
          54   -0.468664   -0.472102 0.000255468
          55    -0.47048   -0.472073 0.000252509
          56   -0.474184    -0.47211 0.000250809
          57   -0.474504   -0.472152 0.000249923
          58   -0.470848    -0.47213 0.000246604
          59   -0.470304   -0.472099 0.000244355
          60   -0.469728   -0.472059 0.000243476
          61   -0.470104   -0.472027 0.000241587
          62   -0.472488   -0.472035 0.000237775
          63   -0.474192   -0.472069 0.000236463
          64   -0.471368   -0.472058 0.000232996
          65     -0.4724   -0.472063 0.000229444
          66   -0.470648   -0.472042 0.000226956
          67   -0.471632   -0.472036 0.000223627
          68   -0.471128   -0.472022 0.000220718
          69   -0.472472   -0.472029 0.000217593
          70   -0.473048   -0.472043 0.000214956
          71    -0.47348   -0.472064  0.00021287
          72   -0.471832    -0.47206 0.000209917
          73   -0.474144   -0.472089  0.00020898
          74   -0.471048   -0.472075 0.000206616
          75   -0.472552   -0.472081 0.000203942
          76   -0.474256    -0.47211 0.000203265
          77   -0.473184   -0.472124 0.000201092
          78   -0.475392   -0.472166 0.000202871
          79   -0.470848   -0.472149  0.00020098
          80   -0.473328   -0.472164 0.000198998
          81    -0.47436   -0.472191 0.000198388
          82   -0.474064   -0.472214  0.00019728
          83   -0.472064   -0.472212 0.000194897
          84   -0.471576   -0.472204 0.000192712
          85   -0.475776   -0.472246 0.000195012
          86   -0.471096   -0.472233 0.000193195
          87     -0.4722   -0.472233 0.000190961
          88    -0.47044   -0.472212 0.000189875
          89   -0.473728   -0.472229   0.0001885
          90   -0.469632     -0.4722 0.000188615
          91    -0.47232   -0.472202 0.000186535
          92   -0.472384   -0.472204 0.000184507
          93   -0.471128   -0.472192 0.000182879
          94   -0.471704   -0.472187 0.000180997
          95   -0.472584   -0.472191 0.000179131
          96    -0.47028   -0.472171 0.000178369
          97   -0.471536   -0.472165 0.000176642
          98   -0.473448   -0.472178  0.00017532
          99   -0.470464    -0.47216 0.000174402
         100   -0.473816   -0.472177 0.000173441
