           1    0.204707    0.204707           0
           2    0.206644    0.205675 0.000968781
           3    0.207917    0.206423 0.000933401
           4    0.205314    0.206146 0.000715832
           5     0.20565    0.206047  0.00056326
           6    0.205006    0.205873 0.000491511
           7    0.206764       0.206 0.000434455
           8    0.198059    0.205008  0.00106157
           9     0.19936     0.20438  0.00112706
          10    0.209142    0.204856  0.00111489
          11    0.201375     0.20454  0.00105696
          12    0.201418     0.20428 0.000999318
          13    0.202527    0.204145 0.000929079
          14    0.206522    0.204315 0.000876762
          15    0.206947     0.20449 0.000834875
          16    0.206222    0.204598 0.000788417
          17    0.207612    0.204776 0.000761515
          18    0.202652    0.204658  0.00072759
          19      0.2075    0.204807 0.000704296
          20    0.206188    0.204876 0.000671712
          21    0.207663    0.205009 0.000652561
          22    0.208871    0.205185 0.000646487
          23    0.206794    0.205255 0.000621688
          24    0.204653     0.20523 0.000595747
          25    0.199931    0.205018 0.000609458
          26    0.202199    0.204909 0.000595497
          27    0.205572    0.204934 0.000573543
          28    0.204943    0.204934  0.00055268
          29    0.210919     0.20514 0.000571816
          30    0.202639    0.205057 0.000558684
          31     0.20795     0.20515 0.000548362
          32    0.201465    0.205035 0.000543295
          33    0.200771    0.204906 0.000542195
          34    0.206071     0.20494 0.000527121
          35    0.203476    0.204898 0.000513546
          36    0.204801    0.204896 0.000499084
          37    0.208531    0.204994 0.000495251
          38    0.199235    0.204842   0.0005053
          39    0.207268    0.204905 0.000496086
          40    0.205554    0.204921 0.000483797
          41    0.200678    0.204817 0.000483065
          42    0.202427     0.20476 0.000474846
          43    0.208953    0.204858  0.00047381
          44    0.206185    0.204888 0.000463898
          45    0.197836    0.204731 0.000479789
          46    0.211132    0.204871 0.000489441
          47    0.206462    0.204904  0.00048011
          48    0.205608    0.204919 0.000470229
          49    0.200956    0.204838 0.000467581
          50     0.20436    0.204829 0.000458234
          51    0.200665    0.204747  0.00045652
          52    0.207409    0.204798 0.000450572
          53    0.205281    0.204807 0.000442083
          54    0.195519    0.204635 0.000466671
          55    0.203087    0.204607 0.000458972
          56    0.205803    0.204628 0.000451207
          57    0.199589     0.20454 0.000451952
          58    0.205937    0.204564 0.000444744
          59    0.206678      0.2046 0.000438606
          60    0.208142    0.204659 0.000435256
          61    0.200954    0.204598 0.000432349
          62    0.205371    0.204611 0.000425501
          63    0.205737    0.204629 0.000419074
          64    0.202137     0.20459 0.000414307
          65    0.198857    0.204501 0.000417311
          66    0.205905    0.204523 0.000411489
          67    0.208626    0.204584 0.000409901
          68    0.206694    0.204615 0.000405018
          69    0.202405    0.204583 0.000400388
          70    0.203256    0.204564 0.000395082
          71    0.201716    0.204524 0.000391537
          72    0.199025    0.204448 0.000393543
          73    0.203558    0.204435 0.000388306
          74    0.204436    0.204435 0.000383022
          75    0.205552     0.20445 0.000378174
          76    0.196708    0.204348  0.00038682
          77    0.203364    0.204336 0.000381977
          78    0.199758    0.204277 0.000381589
          79    0.205752    0.204296  0.00037719
          80    0.203777    0.204289 0.000372502
          81    0.203742    0.204282 0.000367936
          82    0.202973    0.204266 0.000363772
          83    0.202491    0.204245 0.000359999
          84    0.206105    0.204267 0.000356376
          85    0.204161    0.204266 0.000352161
          86    0.207999    0.204309 0.000350738
          87     0.20097    0.204271 0.000348801
          88    0.200249    0.204225  0.00034783
          89    0.206269    0.204248 0.000344666
          90     0.20406    0.204246 0.000340821
          91    0.204361    0.204247 0.000337057
          92    0.207942    0.204288 0.000335784
          93    0.204118    0.204286 0.000332159
          94    0.209281    0.204339 0.000332875
          95    0.200593    0.204299 0.000331705
          96    0.203389     0.20429 0.000328368
          97    0.209143     0.20434 0.000328794
          98    0.199556    0.204291 0.000329062
          99    0.205489    0.204303 0.000325946
         100    0.198878    0.204249   0.0003272
