           1     1.44839     1.44839           0
           2      1.4345     1.44144  0.00694359
           3     1.46828     1.45039  0.00980409
           4     1.43759     1.44719  0.00763559
           5     1.37226      1.4322    0.016111
           6     1.40172     1.42712   0.0141013
           7     1.41556     1.42547   0.0120318
           8     1.43406     1.42654   0.0104751
           9     1.44629     1.42874  0.00949505
          10     1.47039      1.4329  0.00945893
          11     1.46629     1.43594  0.00907843
          12     1.38387      1.4316  0.00935468
          13     1.41648     1.43044  0.00868325
          14     1.42953     1.43037  0.00803939
          15      1.4635     1.43258  0.00780339
          16     1.46853     1.43483  0.00763736
          17     1.44333     1.43533  0.00719146
          18     1.42006     1.43448  0.00683305
          19     1.43446     1.43448  0.00646342
          20      1.4069      1.4331  0.00628491
          21     1.49542     1.43607  0.00667424
          22      1.4251     1.43557  0.00638313
          23       1.477     1.43737  0.00635969
          24     1.47642       1.439  0.00630262
          25     1.45532     1.43965  0.00608043
          26     1.40207      1.4382  0.00601802
          27     1.47127     1.43943  0.00591892
          28     1.44905     1.43977  0.00571395
          29     1.37114     1.43741  0.00599991
          30     1.37026     1.43517  0.00621357
          31     1.43686     1.43522  0.00601004
          32     1.44747     1.43561  0.00583176
          33     1.45908     1.43632  0.00569686
          34     1.51093     1.43851  0.00594655
          35     1.43943     1.43854   0.0057742
          36     1.44193     1.43863  0.00561231
          37      1.4446     1.43879   0.0054609
          38     1.41652     1.43821  0.00534748
          39     1.46997     1.43902  0.00527183
          40     1.44217      1.4391  0.00513895
          41     1.42822     1.43883  0.00501906
          42     1.46159     1.43938  0.00492797
          43     1.40961     1.43868  0.00486153
          44     1.44416     1.43881  0.00475139
          45      1.4645     1.43938  0.00467957
          46     1.39963     1.43852  0.00465757
          47     1.43502     1.43844    0.004558
          48     1.45248     1.43873  0.00447162
          49     1.43829     1.43872  0.00437942
          50     1.41774      1.4383  0.00431142
          51     1.42395     1.43802   0.0042354
          52     1.40275     1.43735  0.00420819
          53     1.34885     1.43568  0.00445296
          54     1.44807      1.4359  0.00437575
          55     1.41948     1.43561  0.00430582
          56     1.49053     1.43659  0.00434048
          57     1.36481     1.43533  0.00444571
          58     1.39015     1.43455   0.0044373
          59     1.41578     1.43423  0.00437303
          60     1.41594     1.43393  0.00431032
          61     1.42345     1.43375  0.00424255
          62     1.40569      1.4333  0.00419804
          63     1.40711     1.43289  0.00415174
          64     1.46992     1.43346  0.00412713
          65     1.46663     1.43397  0.00409505
          66     1.47075     1.43453  0.00407085
          67     1.45809     1.43488  0.00402501
          68     1.39584     1.43431  0.00400672
          69     1.46161      1.4347  0.00396801
          70     1.42504     1.43457  0.00391335
          71     1.43529     1.43458  0.00385785
          72     1.45049      1.4348   0.0038103
          73     1.39035     1.43419  0.00380675
          74     1.45273     1.43444  0.00376331
          75     1.43333     1.43442  0.00371282
          76      1.3846     1.43377  0.00372184
          77     1.43265     1.43375  0.00367321
          78     1.42787     1.43368   0.0036266
          79     1.40548     1.43332  0.00359815
          80     1.49247     1.43406    0.003629
          81     1.44704     1.43422   0.0035875
          82     1.44372     1.43434  0.00354537
          83      1.4632     1.43469  0.00351962
          84     1.40498     1.43433   0.0034954
          85     1.48172     1.43489  0.00349873
          86       1.424     1.43476  0.00346013
          87     1.43046     1.43471  0.00342048
          88     1.39924     1.43431  0.00340533
          89     1.50732     1.43513  0.00346536
          90     1.44989     1.43529  0.00343056
          91     1.43936     1.43534  0.00339294
          92     1.44318     1.43542  0.00335694
          93     1.40719     1.43512   0.0033345
          94     1.43333      1.4351  0.00329889
          95     1.38773      1.4346  0.00330184
          96     1.40229     1.43427  0.00328456
          97      1.4403     1.43433  0.00325112
          98     1.44061     1.43439  0.00321841
          99     1.40766     1.43412  0.00319716
         100     1.41584     1.43394   0.0031703
