           1    0.349454    0.349454           0
           2    0.355933    0.352693  0.00323948
           3    0.342443    0.349276  0.00389504
           4    0.350808    0.349659  0.00278069
           5     0.34968    0.349663  0.00215392
           6    0.357678    0.350999  0.00220843
           7    0.348856    0.350693  0.00189142
           8    0.345086    0.349992  0.00178168
           9    0.345801    0.349526  0.00163885
          10    0.354182    0.349992    0.001538
          11    0.357871    0.350708  0.00156472
          12    0.357015    0.351234  0.00152201
          13    0.342278    0.350545  0.00156037
          14    0.355206    0.350878   0.0014825
          15    0.349883    0.350811  0.00138172
          16    0.357881    0.351253  0.00136593
          17    0.344886    0.350879  0.00133662
          18    0.345368    0.350573  0.00129683
          19    0.355209    0.350817  0.00125071
          20    0.355518    0.351052   0.0012096
          21    0.350334    0.351018  0.00115106
          22    0.346378    0.350807  0.00111757
          23    0.357931    0.351116  0.00111189
          24    0.352808    0.351187  0.00106689
          25    0.347566    0.351042  0.00103352
          26    0.362829    0.351495  0.00109157
          27    0.353461    0.351568  0.00105288
          28    0.354054    0.351657  0.00101846
          29     0.36572    0.352142  0.00109585
          30    0.357836    0.352332  0.00107558
          31    0.343089    0.352034  0.00108218
          32    0.345356    0.351825   0.0010684
          33    0.348947    0.351738  0.00103918
          34     0.34443    0.351523  0.00103081
          35    0.350366     0.35149  0.00100147
          36    0.353671     0.35155 0.000975139
          37    0.345536    0.351388 0.000962248
          38    0.342034    0.351142 0.000968389
          39    0.348817    0.351082 0.000945113
          40    0.349691    0.351047 0.000921839
          41    0.361425      0.3513 0.000934024
          42    0.359316    0.351491 0.000931278
          43    0.360028     0.35169 0.000930784
          44    0.345158    0.351541 0.000921422
          45    0.350148     0.35151 0.000901245
          46    0.348298     0.35144 0.000884197
          47    0.354103    0.351497 0.000867032
          48    0.354618    0.351562 0.000851263
          49    0.358895    0.351712 0.000847033
          50    0.348569    0.351649 0.000832296
          51    0.355338    0.351721 0.000819015
          52    0.363794    0.351953 0.000835995
          53    0.365982    0.352218 0.000861726
          54     0.35291    0.352231 0.000845714
          55      0.3549    0.352279 0.000831612
          56    0.351492    0.352265 0.000816748
          57    0.345226    0.352142  0.00081174
          58    0.354039    0.352175 0.000798292
          59    0.357387    0.352263 0.000789604
          60    0.356501    0.352334  0.00077954
          61    0.345989     0.35223 0.000773676
          62    0.353139    0.352244 0.000761236
          63    0.352348    0.352246 0.000749058
          64    0.350479    0.352218 0.000737777
          65    0.348543    0.352162 0.000728535
          66    0.349595    0.352123 0.000718466
          67    0.340944    0.351956 0.000727065
          68     0.35614    0.352018  0.00071893
          69    0.348816    0.351971 0.000709952
          70    0.355135    0.352016 0.000701194
          71    0.343581    0.351898 0.000701382
          72    0.345357    0.351807 0.000697512
          73    0.354097    0.351838 0.000688606
          74     0.34478    0.351743 0.000685901
          75     0.36257    0.351887 0.000691921
          76     0.34476    0.351793 0.000689166
          77    0.354356    0.351827 0.000680971
          78    0.362172    0.351959 0.000685145
          79    0.345257    0.351874 0.000681716
          80    0.339965    0.351725 0.000689405
          81    0.346675    0.351663 0.000683689
          82    0.357054    0.351729 0.000678493
          83    0.352997    0.351744 0.000670442
          84    0.353278    0.351762 0.000662664
          85    0.353679    0.351785  0.00065521
          86    0.349801    0.351762 0.000647957
          87    0.344224    0.351675   0.0006463
          88    0.344206     0.35159 0.000644526
          89    0.362942    0.351718 0.000649882
          90    0.344581    0.351639 0.000647495
          91    0.351066    0.351632 0.000640371
          92    0.340964    0.351516   0.0006439
          93     0.36244    0.351634 0.000647679
          94    0.355717    0.351677 0.000642222
          95    0.354954    0.351712 0.000636362
          96    0.344231    0.351634 0.000634501
          97    0.359882    0.351719 0.000633657
          98    0.354877    0.351751 0.000627985
          99     0.34674      0.3517 0.000623667
         100    0.348042    0.351664 0.000618481
