           1    0.310384    0.310384           0
           2    0.326012    0.318198    0.007814
           3    0.316288    0.317561  0.00455612
           4    0.314952    0.316909  0.00328704
           5    0.319972    0.317522  0.00261879
           6    0.327488    0.319183  0.00270762
           7    0.329088    0.320598  0.00269052
           8    0.319372    0.320444  0.00233509
           9    0.324732    0.320921  0.00211374
          10    0.312668    0.320096  0.00206287
          11    0.328316    0.320843  0.00201002
          12     0.32666    0.321328  0.00189784
          13    0.316208    0.320934  0.00178963
          14    0.318128    0.320733  0.00166895
          15    0.320324    0.320706  0.00155395
          16    0.318644    0.320577  0.00145929
          17     0.31042     0.31998  0.00149532
          18    0.314708    0.319687   0.0014399
          19    0.315492    0.319466  0.00137979
          20    0.322112    0.319598  0.00131565
          21     0.31966    0.319601  0.00125144
          22    0.324652    0.319831  0.00121508
          23    0.320836    0.319875  0.00116188
          24    0.325832    0.320123  0.00113977
          25    0.320568    0.320141  0.00109337
          26    0.312132    0.319833  0.00109471
          27     0.32108    0.319879   0.0010544
          28    0.323376    0.320004  0.00102369
          29    0.324912    0.320173  0.00100215
          30    0.324752    0.320326 0.000980131
          31    0.322112    0.320383 0.000949737
          32    0.323044    0.320466  0.00092333
          33     0.32556    0.320621 0.000908127
          34    0.310388     0.32032    0.000931
          35    0.330112      0.3206 0.000946313
          36      0.3188     0.32055 0.000921008
          37     0.32422    0.320649 0.000901247
          38    0.318784      0.3206  0.00087858
          39    0.315144     0.32046 0.000867115
          40    0.316616    0.320364 0.000850604
          41    0.325436    0.320487 0.000838772
          42     0.32676    0.320637 0.000832071
          43    0.321128    0.320648  0.00081257
          44    0.320956    0.320655 0.000793919
          45      0.3179    0.320594 0.000778487
          46    0.323636     0.32066 0.000764242
          47     0.31604    0.320562 0.000754238
          48    0.331544    0.320791 0.000772994
          49    0.320252     0.32078 0.000757134
          50    0.326596    0.320896 0.000750902
          51    0.316696    0.320814 0.000740624
          52    0.325792    0.320909 0.000732525
          53    0.321616    0.320923 0.000718694
          54    0.321916    0.320941 0.000705499
          55    0.324812    0.321011  0.00069612
          56    0.325964      0.3211 0.000689274
          57    0.323972     0.32115 0.000678946
          58    0.318596    0.321106 0.000668589
          59    0.320768      0.3211 0.000657184
          60     0.31896    0.321065 0.000647123
          61    0.324336    0.321118 0.000638681
          62     0.32214    0.321135 0.000628511
          63    0.321668    0.321143 0.000618512
          64    0.324476    0.321195 0.000610994
          65    0.324828    0.321251 0.000604111
          66    0.315484    0.321164 0.000601272
          67    0.320896     0.32116 0.000592243
          68    0.327028    0.321246 0.000589815
          69    0.320132     0.32123 0.000581429
          70    0.308104    0.321043 0.000602962
          71     0.31542    0.320963  0.00059966
          72    0.319148    0.320938 0.000591811
          73    0.318172      0.3209 0.000584876
          74    0.319436     0.32088 0.000577257
          75    0.322416    0.320901 0.000569877
          76    0.324668    0.320951 0.000564508
          77    0.332552    0.321101 0.000577143
          78    0.330928    0.321227 0.000583459
          79     0.31942    0.321204 0.000576481
          80    0.315856    0.321137 0.000573141
          81     0.32514    0.321187 0.000568174
          82    0.321404     0.32119 0.000561209
          83    0.322044      0.3212 0.000554501
          84    0.320664    0.321193 0.000547898
          85    0.321572    0.321198 0.000541432
          86      0.3223    0.321211 0.000535252
          87    0.323748     0.32124 0.000529868
          88    0.319796    0.321223 0.000524069
          89    0.328672    0.321307 0.000524862
          90    0.323232    0.321329 0.000519438
          91    0.308352    0.321186 0.000533123
          92     0.32626    0.321241 0.000530173
          93    0.305256    0.321069  0.00055189
          94    0.317244    0.321029 0.000547502
          95    0.318128    0.320998 0.000542567
          96    0.319528    0.320983 0.000537104
          97     0.32592    0.321034  0.00053397
          98    0.324636     0.32107  0.00052977
          99    0.327384    0.321134 0.000528255
         100    0.318388    0.321107 0.000523667
