           1     1.44635     1.44635           0
           2     1.44827     1.44731 0.000962268
           3     1.41723     1.43728   0.0100431
           4     1.41499     1.43171  0.00902713
           5     1.42263     1.42989  0.00722446
           6     1.41913      1.4281  0.00616558
           7     1.44348      1.4303  0.00565545
           8     1.39342     1.42569  0.00672534
           9      1.4187     1.42491  0.00598181
          10     1.44193     1.42661  0.00561458
          11     1.46373     1.42999  0.00609725
          12     1.42867     1.42988  0.00556709
          13     1.40666     1.42809   0.0054235
          14     1.50099      1.4333  0.00723353
          15     1.43207     1.43322  0.00673454
          16     1.44143     1.43373  0.00632047
          17     1.43586     1.43385  0.00593836
          18     1.42252     1.43322  0.00563407
          19     1.48529     1.43596  0.00599252
          20     1.46283     1.43731  0.00584151
          21     1.42682     1.43681  0.00557879
          22     1.43672      1.4368  0.00531917
          23     1.47601     1.43851  0.00536089
          24     1.43737     1.43846  0.00513288
          25     1.44156     1.43859  0.00492484
          26     1.49196     1.44064  0.00515772
          27     1.46043     1.44137  0.00501686
          28     1.42405     1.44075  0.00487379
          29     1.47907     1.44207  0.00488484
          30     1.46349     1.44279  0.00477289
          31     1.41852       1.442  0.00468223
          32     1.39635     1.44058  0.00475273
          33     1.45042     1.44088  0.00461611
          34     1.49298     1.44241  0.00473319
          35     1.38396     1.44074  0.00488996
          36     1.43585      1.4406  0.00475412
          37     1.39338     1.43933  0.00479679
          38     1.41088     1.43858  0.00472847
          39     1.45592     1.43902  0.00462705
          40     1.43999     1.43905  0.00450996
          41     1.46816     1.43976  0.00445553
          42     1.40357      1.4389  0.00443272
          43     1.43812     1.43888  0.00432844
          44     1.46043     1.43937   0.0042572
          45     1.42989     1.43916  0.00416685
          46     1.45984     1.43961  0.00409999
          47     1.48236     1.44052  0.00411367
          48     1.38823     1.43943  0.00417179
          49     1.46058     1.43986  0.00410851
          50     1.43059     1.43967  0.00402977
          51     1.45994     1.44007  0.00396989
          52     1.47688     1.44078  0.00395664
          53     1.46301      1.4412  0.00390388
          54     1.42758     1.44095  0.00383919
          55     1.46944     1.44146  0.00380419
          56     1.41469     1.44099  0.00376611
          57     1.38374     1.43998  0.00383337
          58      1.4345     1.43989  0.00376789
          59     1.47378     1.44046  0.00374776
          60     1.48152     1.44115  0.00374776
          61     1.47665     1.44173  0.00373149
          62     1.45168     1.44189  0.00367432
          63     1.43927     1.44185  0.00361576
          64     1.43568     1.44175  0.00356012
          65     1.43814     1.44169  0.00350536
          66     1.43163     1.44154  0.00345521
          67     1.37452     1.44054  0.00354722
          68     1.45158      1.4407  0.00349843
          69     1.38478     1.43989  0.00354136
          70     1.48635     1.44056  0.00355295
          71     1.48324     1.44116  0.00355378
          72     1.42142     1.44088  0.00351478
          73     1.47968     1.44142  0.00350681
          74     1.41996     1.44113  0.00347122
          75     1.44898     1.44123  0.00342623
          76     1.46991     1.44161  0.00340183
          77      1.4091     1.44119  0.00338381
          78     1.46802     1.44153  0.00335782
          79     1.36608     1.44057  0.00344986
          80     1.44395     1.44062  0.00340673
          81     1.41107     1.44025  0.00338413
          82      1.4887     1.44084  0.00339441
          83     1.43342     1.44075  0.00335446
          84     1.41622     1.44046  0.00332713
          85     1.45973     1.44069  0.00329556
          86     1.41144     1.44035  0.00327472
          87     1.43037     1.44023   0.0032389
          88     1.40642     1.43985  0.00322485
          89     1.46028     1.44008  0.00319666
          90     1.41742     1.43983  0.00317095
          91     1.43125     1.43973  0.00313733
          92      1.3923     1.43922  0.00314558
          93     1.48293     1.43969  0.00314687
          94     1.45614     1.43986  0.00311813
          95     1.44604     1.43993  0.00308582
          96      1.3859     1.43936  0.00310492
          97      1.4526      1.4395  0.00307578
          98     1.46561     1.43977  0.00305587
          99     1.41351      1.4395  0.00303645
         100     1.44491     1.43956  0.00300642
