           1   -0.598749   -0.598749           0
           2    -0.60561    -0.60218   0.0034308
           3   -0.601282    -0.60188  0.00200326
           4   -0.597358    -0.60075  0.00181232
           5   -0.599778   -0.600556  0.00141719
           6    -0.60673   -0.601585  0.00154849
           7   -0.612146   -0.603093  0.00199724
           8   -0.602578   -0.603029  0.00173086
           9    -0.60933   -0.603729  0.00167939
          10    -0.59823   -0.603179   0.0015996
          11   -0.605631   -0.603402  0.00146397
          12   -0.606436   -0.603655  0.00136012
          13   -0.604218   -0.603698  0.00125188
          14   -0.604794   -0.603776  0.00116165
          15   -0.602897   -0.603718  0.00108303
          16   -0.601753   -0.603595  0.00102049
          17    -0.59974   -0.603368 0.000985044
          18   -0.599638   -0.603161 0.000951553
          19   -0.599674   -0.602977 0.000918594
          20   -0.603438      -0.603  0.00087176
          21   -0.604052   -0.603051 0.000830719
          22   -0.605946   -0.603182 0.000802923
          23   -0.602375   -0.603147 0.000768021
          24    -0.60695   -0.603306 0.000752207
          25   -0.602482   -0.603273 0.000722244
          26   -0.599906   -0.603143 0.000705884
          27   -0.603568   -0.603159  0.00067942
          28   -0.605067   -0.603227 0.000658243
          29    -0.60315   -0.603224 0.000635145
          30    -0.60635   -0.603329 0.000622393
          31   -0.603686    -0.60334 0.000602092
          32   -0.605001   -0.603392 0.000585278
          33     -0.6094   -0.603574 0.000595765
          34    -0.59639   -0.603363 0.000615393
          35   -0.608134   -0.603499 0.000612906
          36   -0.604552   -0.603528 0.000596356
          37   -0.604492   -0.603554 0.000580598
          38   -0.601957   -0.603512 0.000566675
          39   -0.598885   -0.603394 0.000564563
          40   -0.601115   -0.603337 0.000553209
          41   -0.606247   -0.603408 0.000544197
          42   -0.607688    -0.60351 0.000540771
          43   -0.605466   -0.603555 0.000530001
          44   -0.603399   -0.603552 0.000517828
          45    -0.60102   -0.603495 0.000509306
          46   -0.606295   -0.603556 0.000501816
          47   -0.601336   -0.603509  0.00049329
          48   -0.608149   -0.603606 0.000492484
          49    -0.60213   -0.603576 0.000483267
          50   -0.606007   -0.603624 0.000475994
          51   -0.601923   -0.603591 0.000467758
          52    -0.60263   -0.603572 0.000459046
          53   -0.604075   -0.603582 0.000450402
          54   -0.600063   -0.603517 0.000446759
          55   -0.607154   -0.603583 0.000443521
          56   -0.604961   -0.603607 0.000436223
          57   -0.605842   -0.603647 0.000430292
          58   -0.600935     -0.6036 0.000425385
          59   -0.604194    -0.60361 0.000418234
          60   -0.601504   -0.603575 0.000412699
          61   -0.606179   -0.603618 0.000408117
          62   -0.604764   -0.603636 0.000401906
          63   -0.605318   -0.603663 0.000396375
          64   -0.604823   -0.603681 0.000390553
          65   -0.604062   -0.603687 0.000384543
          66   -0.598113   -0.603602 0.000387975
          67   -0.601235   -0.603567  0.00038377
          68    -0.60835   -0.603637  0.00038457
          69   -0.602578   -0.603622 0.000379266
          70   -0.597533   -0.603535 0.000383797
          71   -0.604996   -0.603555 0.000378912
          72   -0.602942   -0.603547 0.000373709
          73   -0.604386   -0.603558 0.000368734
          74   -0.604047   -0.603565 0.000363777
          75   -0.605035   -0.603585 0.000359428
          76   -0.607446   -0.603635 0.000358288
          77   -0.609814   -0.603716 0.000362595
          78   -0.610778   -0.603806 0.000369189
          79   -0.600956    -0.60377 0.000366268
          80   -0.601739   -0.603745  0.00036255
          81   -0.606484   -0.603779  0.00035964
          82   -0.602137   -0.603759 0.000355791
          83   -0.605385   -0.603778 0.000352024
          84   -0.600669   -0.603741 0.000349772
          85   -0.604426   -0.603749 0.000345726
          86   -0.602036   -0.603729 0.000342263
          87   -0.607574   -0.603773 0.000341179
          88   -0.603199   -0.603767 0.000337343
          89   -0.607006   -0.603803 0.000335511
          90   -0.604118   -0.603807 0.000331781
          91   -0.597566   -0.603738 0.000335205
          92   -0.606004   -0.603763 0.000332454
          93   -0.594659   -0.603665  0.00034312
          94   -0.602673   -0.603654 0.000339614
          95   -0.601682   -0.603634 0.000336662
          96    -0.59881   -0.603583 0.000336905
          97    -0.60388   -0.603587 0.000333428
          98   -0.606455   -0.603616 0.000331303
          99   -0.604661   -0.603626  0.00032811
         100   -0.604206   -0.603632 0.000324864
