           1   -0.734989   -0.734989           0
           2   -0.723328   -0.729158   0.0058304
           3   -0.729269   -0.729195  0.00336638
           4   -0.717773    -0.72634  0.00371762
           5   -0.726806   -0.726433  0.00288117
           6      -0.738   -0.728361  0.00304149
           7   -0.731158    -0.72876  0.00260139
           8   -0.735074    -0.72955  0.00238713
           9     -0.7302   -0.729622  0.00210649
          10   -0.726681   -0.729328  0.00190692
          11   -0.729529   -0.729346  0.00172497
          12   -0.731036   -0.729487  0.00158096
          13    -0.73061   -0.729573  0.00145683
          14   -0.735495   -0.729996  0.00141354
          15   -0.727519   -0.729831  0.00132626
          16   -0.728989   -0.729779  0.00124172
          17   -0.725719    -0.72954  0.00119058
          18   -0.723246    -0.72919  0.00117568
          19   -0.730001   -0.729233   0.0011129
          20   -0.727951   -0.729169  0.00105773
          21   -0.731522   -0.729281  0.00101233
          22   -0.734854   -0.729534 0.000997902
          23   -0.728601   -0.729493 0.000954392
          24   -0.733925   -0.729678 0.000932228
          25   -0.734608   -0.729875 0.000915648
          26    -0.72709   -0.729768 0.000886223
          27   -0.728477    -0.72972 0.000854109
          28   -0.731564   -0.729786 0.000825669
          29   -0.736761   -0.730027 0.000832199
          30    -0.73155   -0.730078 0.000805583
          31   -0.724921   -0.729911 0.000796722
          32   -0.730546   -0.729931 0.000771679
          33   -0.732534    -0.73001 0.000752075
          34   -0.723535   -0.729819 0.000754062
          35    -0.73017   -0.729829 0.000732269
          36   -0.730426   -0.729846  0.00071183
          37   -0.730735    -0.72987 0.000692741
          38   -0.727106   -0.729797 0.000678178
          39   -0.724483   -0.729661 0.000674467
          40   -0.727331   -0.729603 0.000659965
          41   -0.729795   -0.729607 0.000643684
          42   -0.733704   -0.729705 0.000635698
          43   -0.729633   -0.729703 0.000620741
          44   -0.732339   -0.729763 0.000609421
          45   -0.724046   -0.729636 0.000609123
          46   -0.729009   -0.729623  0.00059589
          47   -0.727552   -0.729579 0.000584736
          48   -0.735192   -0.729695 0.000584249
          49   -0.728226   -0.729665 0.000572987
          50   -0.736519   -0.729803 0.000577902
          51   -0.726236   -0.729733 0.000570758
          52   -0.735025   -0.729834 0.000568852
          53   -0.728278   -0.729805 0.000558788
          54   -0.729024   -0.729791 0.000548533
          55    -0.73151   -0.729822 0.000539374
          56    -0.73322   -0.729882  0.00053312
          57   -0.727839   -0.729847 0.000524909
          58   -0.729062   -0.729833 0.000515956
          59    -0.72893   -0.729818 0.000507367
          60    -0.72595   -0.729753 0.000502988
          61    -0.73425   -0.729827 0.000500137
          62   -0.734868   -0.729908 0.000498677
          63   -0.731077   -0.729927 0.000491048
          64   -0.728877    -0.72991 0.000483593
          65   -0.731294   -0.729932  0.00047657
          66   -0.729755   -0.729929 0.000469301
          67   -0.731121   -0.729947 0.000462586
          68   -0.733614   -0.730001 0.000458911
          69   -0.730465   -0.730008 0.000452261
          70   -0.726545   -0.729958  0.00044849
          71   -0.724022   -0.729874 0.000449965
          72   -0.733131    -0.72992 0.000445971
          73   -0.731298   -0.729939 0.000440225
          74    -0.72827   -0.729916  0.00043482
          75    -0.72911   -0.729905 0.000429117
          76   -0.731589   -0.729927 0.000424013
          77   -0.733138   -0.729969 0.000420542
          78   -0.733424   -0.730013 0.000417472
          79   -0.725721   -0.729959  0.00041572
          80   -0.727251   -0.729925 0.000411884
          81   -0.729185   -0.729916  0.00040687
          82   -0.729498   -0.729911  0.00040191
          83   -0.728867   -0.729898 0.000397237
          84   -0.728621   -0.729883 0.000392774
          85   -0.733793   -0.729929 0.000390842
          86   -0.733853   -0.729975 0.000388955
          87   -0.730824   -0.729985 0.000384582
          88   -0.724534   -0.729923   0.0003852
          89   -0.734365   -0.729973 0.000384104
          90   -0.728128   -0.729952 0.000380365
          91   -0.727882   -0.729929 0.000376849
          92   -0.727117   -0.729899 0.000373982
          93   -0.726792   -0.729865 0.000371444
          94   -0.725541   -0.729819  0.00037034
          95   -0.728482   -0.729805 0.000366691
          96   -0.721155   -0.729715 0.000373871
          97   -0.728722   -0.729705 0.000370139
          98   -0.732493   -0.729733 0.000367445
          99    -0.73095   -0.729746 0.000363922
         100   -0.733957   -0.729788 0.000362718
