           1     0.50149     0.50149           0
           2    0.499095    0.500293  0.00119757
           3     0.49035    0.496978  0.00338576
           4     0.49216    0.495774  0.00268008
           5    0.510428    0.498705  0.00359152
           6    0.507974    0.500249  0.00331454
           7    0.489902    0.498771  0.00316737
           8    0.500679     0.49901  0.00275337
           9    0.513118    0.500577  0.00289025
          10    0.518893    0.502409   0.0031682
          11    0.514297     0.50349  0.00306275
          12    0.511697    0.504174  0.00287835
          13    0.506454    0.504349   0.0026535
          14      0.5269     0.50596  0.00293765
          15    0.490913    0.504957  0.00291298
          16    0.492007    0.504147  0.00284251
          17    0.505386     0.50422  0.00267107
          18    0.497106    0.503825  0.00254913
          19    0.497915    0.503514  0.00243122
          20    0.505431     0.50361  0.00230845
          21     0.51959    0.504371   0.0023239
          22    0.525624    0.505337   0.0024172
          23    0.512379    0.505643  0.00232992
          24    0.511379    0.505882   0.0022435
          25    0.509393    0.506022  0.00215646
          26    0.504266    0.505955  0.00207296
          27    0.496857    0.505618  0.00202297
          28    0.510236    0.505783  0.00195635
          29    0.512251    0.506006  0.00190081
          30    0.501864    0.505868  0.00184154
          31    0.500732    0.505702  0.00178884
          32    0.497351    0.505441  0.00175158
          33    0.504409     0.50541  0.00169796
          34    0.500046    0.505252   0.0016548
          35    0.503426      0.5052  0.00160767
          36    0.510278    0.505341  0.00156873
          37    0.491367    0.504963  0.00157179
          38    0.501969    0.504885   0.0015319
          39    0.513845    0.505114  0.00150969
          40    0.502859    0.505058  0.00147254
          41    0.505838    0.505077  0.00143631
          42     0.50146    0.504991  0.00140433
          43    0.496395    0.504791  0.00138578
          44    0.506326    0.504826  0.00135437
          45    0.505669    0.504845  0.00132406
          46    0.511141    0.504981  0.00130217
          47    0.521124    0.505325  0.00131964
          48    0.517003    0.505568  0.00131457
          49    0.492848    0.505309  0.00131337
          50     0.48803    0.504963  0.00133243
          51    0.517357    0.505206  0.00132846
          52    0.529623    0.505676   0.0013847
          53    0.510983    0.505776  0.00136201
          54    0.497074    0.505615  0.00134623
          55    0.506034    0.505622  0.00132155
          56    0.515331    0.505796  0.00130926
          57    0.490895    0.505534  0.00131239
          58    0.505269     0.50553  0.00128957
          59    0.509967    0.505605  0.00126975
          60    0.512452    0.505719  0.00125362
          61    0.497464    0.505584   0.0012403
          62     0.51549    0.505743  0.00123055
          63    0.504221    0.505719   0.0012111
          64    0.504169    0.505695  0.00119227
          65     0.51446     0.50583  0.00118151
          66    0.508538    0.505871  0.00116419
          67    0.484278    0.505549  0.00119111
          68    0.503386    0.505517   0.0011739
          69    0.497495    0.505401  0.00116259
          70    0.509722    0.505462  0.00114752
          71    0.509572     0.50552  0.00113272
          72    0.501775    0.505468  0.00111809
          73    0.513242    0.505575   0.0011078
          74    0.502555    0.505534  0.00109349
          75    0.499828    0.505458  0.00108149
          76    0.490779    0.505265   0.0010845
          77    0.512334    0.505356  0.00107425
          78    0.504804    0.505349  0.00106042
          79    0.495574    0.505226  0.00105419
          80    0.499106    0.505149  0.00104374
          81    0.508701    0.505193  0.00103171
          82    0.498974    0.505117  0.00102186
          83    0.515091    0.505237   0.0010166
          84      0.4992    0.505165    0.001007
          85    0.507515    0.505193 0.000995464
          86    0.493683    0.505059 0.000992882
          87    0.483422    0.504811  0.00101243
          88    0.488504    0.504625  0.00101786
          89    0.510728    0.504694   0.0010087
          90    0.516754    0.504828  0.00100639
          91    0.502124    0.504798  0.00099571
          92    0.507974    0.504833 0.000985432
          93    0.526192    0.505062  0.00100147
          94    0.516496    0.505184 0.000998196
          95    0.495079    0.505078 0.000993344
          96    0.492095    0.504942 0.000992202
          97    0.512254    0.505018 0.000984809
          98    0.505858    0.505026 0.000974746
          99    0.511701    0.505094 0.000967202
         100    0.517128    0.505214 0.000965015
