           1    0.457264    0.457264           0
           2     0.44348    0.450372    0.006892
           3    0.448744    0.449829  0.00401593
           4    0.436384    0.446468  0.00440027
           5    0.449832    0.447141  0.00347421
           6     0.46484    0.450091  0.00409249
           7    0.448308    0.449836  0.00346815
           8    0.461452    0.451288  0.00333607
           9     0.45132    0.451292  0.00294214
          10    0.449524    0.451115  0.00263746
          11    0.452684    0.451257  0.00238993
          12     0.45374    0.451464  0.00219148
          13    0.454852    0.451725  0.00203265
          14    0.463756    0.452584   0.0020688
          15    0.449836    0.452401  0.00193464
          16    0.451064    0.452317  0.00181162
          17    0.442556    0.451743  0.00179598
          18    0.437712    0.450964  0.00186408
          19    0.453964    0.451122   0.0017703
          20    0.449476    0.451039  0.00168147
          21    0.450212       0.451  0.00159988
          22    0.457788    0.451309  0.00155632
          23    0.448804      0.4512   0.0014911
          24    0.458424    0.451501  0.00145901
          25     0.45748     0.45174  0.00141972
          26    0.449732    0.451663  0.00136621
          27    0.447504    0.451509  0.00132363
          28      0.4535     0.45158  0.00127746
          29    0.464644     0.45203  0.00131237
          30    0.455272    0.452138  0.00127246
          31    0.443524     0.45186  0.00126171
          32    0.455692     0.45198   0.0012275
          33    0.454868    0.452068  0.00119294
          34    0.440116    0.451716  0.00120952
          35    0.450048    0.451668  0.00117543
          36    0.452248    0.451685  0.00114242
          37    0.450596    0.451655  0.00111151
          38    0.449608    0.451601   0.0010832
          39    0.444496    0.451419  0.00107068
          40    0.449016    0.451359  0.00104529
          41    0.450656    0.451342  0.00101962
          42      0.4576    0.451491  0.00100614
          43    0.447484    0.451398 0.000986877
          44    0.458976     0.45157 0.000979449
          45    0.443068    0.451381 0.000975899
          46    0.450604    0.451364 0.000954598
          47      0.4484    0.451301 0.000936193
          48     0.46144    0.451512 0.000940508
          49    0.447448    0.451429 0.000924841
          50    0.464036    0.451681 0.000940579
          51     0.44754      0.4516 0.000925522
          52    0.464844    0.451855 0.000942608
          53    0.444268    0.451712 0.000935667
          54     0.45376     0.45175  0.00091896
          55    0.456748    0.451841 0.000906663
          56     0.46066    0.451998 0.000904147
          57    0.446596    0.451903 0.000893185
          58    0.453432     0.45193 0.000878046
          59    0.454772    0.451978 0.000864379
          60    0.446148    0.451881 0.000855387
          61    0.462772    0.452059 0.000859986
          62      0.4631    0.452237 0.000864541
          63    0.453264    0.452254 0.000850863
          64    0.448384    0.452193 0.000839643
          65    0.454508    0.452229 0.000827391
          66    0.456616    0.452295 0.000817466
          67    0.456044    0.452351 0.000807114
          68    0.459948    0.452463 0.000802966
          69    0.448964    0.452412 0.000792866
          70    0.446524    0.452328 0.000785972
          71    0.440348    0.452159 0.000792982
          72    0.462896    0.452308 0.000795984
          73    0.456332    0.452364 0.000786937
          74    0.451912    0.452357 0.000776254
          75    0.454672    0.452388 0.000766455
          76    0.455904    0.452435 0.000757717
          77    0.457932    0.452506 0.000751212
          78     0.45572    0.452547 0.000742662
          79    0.444084     0.45244 0.000740986
          80    0.451896    0.452433 0.000731697
          81    0.451684    0.452424 0.000722666
          82    0.455332    0.452459 0.000714679
          83    0.448816    0.452416  0.00070738
          84    0.454264    0.452438 0.000699254
          85    0.457844    0.452501   0.0006939
          86    0.462904    0.452622  0.00069637
          87     0.44812     0.45257 0.000690262
          88    0.445668    0.452492 0.000686866
          89    0.460624    0.452583 0.000685224
          90     0.44772    0.452529 0.000679719
          91    0.448892    0.452489 0.000673395
          92    0.444184    0.452399 0.000672126
          93     0.44892    0.452362 0.000665911
          94    0.443104    0.452263 0.000666109
          95    0.455768      0.4523 0.000660092
          96    0.439976    0.452172 0.000665676
          97    0.456088    0.452212 0.000660014
          98    0.455984    0.452251 0.000654377
          99    0.447312    0.452201 0.000649652
         100    0.456984    0.452248 0.000644899
