           1      1.7749      1.7749           0
           2     1.77354     1.77422 0.000679745
           3      1.8348     1.79441   0.0201965
           4     1.79904     1.79557   0.0143279
           5     1.86145     1.80874   0.0172276
           6     1.92396     1.82795   0.0238027
           7     1.88353     1.83589   0.0216273
           8     1.76316      1.8268   0.0208193
           9     1.84348     1.82865   0.0184543
          10     1.89078     1.83486   0.0176368
          11     1.82644      1.8341   0.0159714
          12     1.91255     1.84064   0.0159785
          13     1.74135       1.833   0.0165641
          14     1.80643      1.8311   0.0154523
          15     1.77115      1.8271   0.0149302
          16     1.78406     1.82441   0.0142227
          17     1.84808      1.8258   0.0134322
          18     1.74611     1.82138   0.0134157
          19     1.81983      1.8213   0.0126902
          20     1.89472     1.82497   0.0125863
          21     1.86927     1.82708   0.0121564
          22     1.82585     1.82702   0.0115908
          23      1.8845     1.82952   0.0113539
          24     1.88511     1.83184   0.0111146
          25     1.86837      1.8333   0.0107604
          26     1.79611     1.83187   0.0104368
          27     1.76113     1.82925   0.0103789
          28     1.83955     1.82962   0.0100081
          29     1.82247     1.82937  0.00965997
          30     1.75424     1.82687  0.00966258
          31     1.76292      1.8248  0.00957062
          32     1.78617      1.8236  0.00934504
          33     1.78916     1.82255  0.00911735
          34     1.87792     1.82418  0.00899381
          35     1.80917     1.82375  0.00874359
          36      1.8199     1.82364  0.00849792
          37     1.77057     1.82221  0.00838863
          38     1.81693     1.82207  0.00816607
          39     1.86486     1.82317  0.00802925
          40     1.84143     1.82362  0.00783925
          41     1.81785     1.82348  0.00764695
          42     1.81131     1.82319  0.00746829
          43     1.75475      1.8216  0.00746425
          44     1.78461     1.82076  0.00734095
          45      1.8176     1.82069  0.00717631
          46     1.85997     1.82154  0.00707032
          47     1.86851     1.82254  0.00699003
          48      1.8126     1.82234  0.00684599
          49     1.76299     1.82113  0.00681332
          50     1.64107     1.81752  0.00758504
          51     1.90756     1.81929  0.00764156
          52     1.85436     1.81996  0.00752346
          53     1.88221     1.82114  0.00747302
          54     1.81702     1.82106  0.00733372
          55     1.76455     1.82004  0.00727209
          56     1.75574     1.81889  0.00723276
          57     1.75098      1.8177  0.00720392
          58     1.80738     1.81752  0.00708086
          59     1.82586     1.81766  0.00696125
          60      1.8537     1.81826  0.00687055
          61     1.71568     1.81658   0.0069631
          62     1.81112     1.81649  0.00685043
          63     1.84706     1.81698  0.00675827
          64     1.81001     1.81687  0.00665272
          65     1.85093     1.81739   0.0065705
          66     1.76476     1.81659  0.00651914
          67     1.73739     1.81541  0.00652902
          68     1.73739     1.81426  0.00653383
          69     1.81561     1.81428  0.00643847
          70     1.78058      1.8138  0.00636406
          71     1.85317     1.81436  0.00629825
          72     1.75394     1.81352  0.00626659
          73     1.85512     1.81409  0.00620638
          74     1.75047     1.81323    0.006182
          75     1.70444     1.81178  0.00626913
          76     1.86923     1.81253  0.00623211
          77     1.81833     1.81261  0.00615111
          78      1.7508     1.81182  0.00612322
          79     1.84707     1.81226  0.00606166
          80     1.81525      1.8123  0.00598552
          81     1.79732     1.81211  0.00591406
          82     1.73347     1.81116   0.0059197
          83     1.89988     1.81222  0.00594485
          84     1.79375       1.812  0.00587777
          85     1.84635     1.81241  0.00582224
          86     1.70808      1.8112  0.00588063
          87     1.80252      1.8111   0.0058135
          88     1.74199     1.81031  0.00580047
          89     1.75951     1.80974  0.00576326
          90     1.87828      1.8105  0.00574953
          91      1.8191      1.8106  0.00568678
          92     1.86628      1.8112  0.00565709
          93     1.90536     1.81221  0.00568678
          94     1.88649       1.813  0.00568119
          95     1.78531     1.81271  0.00562862
          96     1.78582     1.81243  0.00557672
          97     1.76708     1.81196  0.00553869
          98     1.73584     1.81119  0.00553665
          99     1.87254     1.81181  0.00551537
         100     1.85579     1.81225  0.00547763
