40.6059
37.7269
36.1665
34.0527
32.5138
30.2788
28.1586
26.1506
25.1608
23.5859
23.2718
22.2952
21.4518
20.1227
19.6887
19.2698
18.4361
18.2623
18.1729
17.667
16.8963
16.3032
15.7837
15.563
15.4725
15.2341
15.2992
15.0457
14.8426
14.7178
14.6135
14.4006
14.2954
14.1688
14.1276
14.0693
13.9742
13.8738
13.7075
13.5873
13.4873
13.3395
13.1427
12.9919
12.8003
12.7121
12.6457
12.613
12.6001
12.6089
12.6246
12.6074
12.5089
12.5111
12.7159
12.69
12.4866
12.4388
12.4693
12.262
11.8127
11.1812
10.1613
9.42068
8.89099
8.37504
7.98117
7.95181
7.73289
7.59373
7.45918
7.44402
7.36118
7.30816
7.23107
7.1603
7.11555
7.09562
7.0486
6.96763
6.92534
6.87324
6.85599
6.85491
6.789
6.76674
6.76463
6.73826
6.73756
6.73722
6.73516
6.7309
6.72428
6.79036
7.0107
7.07619
7.0251
6.82028
6.65296
6.60223
6.63055
6.64737
6.78514
6.84059
6.5873
6.49522
6.48093
6.472
6.45649
6.42388
6.40612
6.38848
6.36171
6.33019
6.2957
6.2957
6.2957
6.2957
6.2957
6.28207
6.26164
6.21031
6.16215
6.29672
6.23807
6.44672
6.49027
6.41851
6.14584
6.15017
6.07366
6.09661
5.8005
5.69122
5.69076
5.6826
5.6826
5.6826
5.6826
5.6826
5.6826
5.6826
5.6826
5.6826
5.6826
5.6826
5.6826
5.6826
5.6826
5.68218
5.68046
5.67082
5.65404
5.64174
5.62692
5.61317
5.60207
5.60102
5.59972
5.59789
5.59398
5.58667
5.58276
5.58015
5.57937
5.57937
5.57937
5.57937
5.57937
5.57937
5.57937
5.57937
5.57937
5.57937
5.57937
5.57937
5.57937
5.57937
5.57937
5.57745
5.57553
5.56302
5.54546
5.53152
5.52294
5.51858
5.48672
5.48185
5.48184
5.47216
5.46964
5.46964
5.46964
5.46964
5.46964
5.46964
5.46964
5.46964
5.46964
5.46964
5.46964
5.46964
5.46964
5.46964
5.46964
5.46964
5.46964
5.46964
5.46964
5.46964
5.46964
5.46964
5.46964
5.46964
5.46964
5.46964
5.46964
5.46964
5.46964
5.46964
5.46964
5.46964
5.46964
5.46964
5.46964
5.46964
5.46964
5.46964
5.46964
5.46964
5.46964
5.46964
5.46964
5.46964
5.46964
5.46964
5.46964
5.46964
5.46964
5.46779
5.46871
5.46687
5.46357
5.45969
5.49123
5.67082
5.6698
6.3594
6.03058
6.08776
5.94854
5.66867
5.38652
5.38652
5.41035
5.40273
5.39818
5.38652
5.38652
5.38652
5.38652
5.38652
5.38652
5.38652
5.38652
5.38652
5.38652
5.38652
5.38652
5.38458
5.38458
5.38141
5.3741
5.36749
5.35313
5.34145
5.33512
5.3314
5.36885
5.31189
5.30691
5.2992
5.2992
5.2992
5.2992
5.2992
5.2992
5.2992
5.2992
5.2992
5.2992
5.2992
5.2992
5.2992
5.2992
5.2992
5.2992
5.2992
5.2992
5.2992
5.2992
5.2992
5.2992
5.2992
5.2992
5.2992
5.2992
5.2992
5.2992
5.2992
5.2992
5.2992
5.2992
5.2992
5.2992
5.2992
5.2992
5.2992
5.2992
5.2992
5.2992
5.2992
5.2992
5.2992
5.2992
5.2992
5.2992
5.2992
5.2992
5.2992
5.2992
5.2992
5.2992
5.2992
5.2992
5.2992
5.2992
5.2992
5.2992
5.2992
5.2992
5.2992
5.30096
5.2992
5.2992
5.2992
5.2992
5.2992
5.2992
5.2992
5.2992
5.2992
5.2992
5.2992
5.2992
5.2992
5.2992
5.2992
5.2992
5.2992
5.2992
5.2992
5.2992
5.2992
5.2992
5.2992
5.2992
5.2992
5.2992
5.2992
5.2992
5.2992
5.2992
5.2992
5.2992
5.2992
5.2992
5.2992
5.2992
5.2992
5.2992
5.2992
5.2992
5.2992
5.31598
5.32785
5.2992
5.2992
5.2992
5.2992
5.2992
5.2992
5.2992
5.2992
5.2992
5.2992
5.2992
5.2992
5.2992
5.2992
5.2992
5.2992
5.2992
5.2992
5.2992
5.2992
5.2992
5.2992
5.2992
5.2992
5.2992
5.2992
5.2992
5.2992
5.2992
5.2992
5.2992
5.2992
5.2992
5.29846
5.29737
5.29381
5.29062
5.28597
5.27817
5.26708
5.26625
5.26625
5.26625
5.26625
5.26625
5.26625
5.26625
5.26625
5.26625
5.26625
5.26625
5.2755
5.27673
5.26625
5.26625
5.26625
5.26625
5.26625
5.26625
5.26625
5.26625
5.26625
5.26625
5.26625
5.26625
5.26625
5.26625
5.26625
5.26625
5.26625
5.26625
5.26625
5.26625
5.26625
5.26625
5.26625
5.26625
5.26625
5.26625
5.26625
5.26625
5.26625
5.26625
5.26625
5.26625
5.26625
5.26625
5.26625
5.26625
5.26625
5.26625
5.26625
5.26625
5.26625
5.26625
5.26625
5.26625
5.26625
5.26625
5.26625
5.26625
5.26625
5.26625
5.26625
5.26625
5.26625
5.26625
5.26625
5.26625
5.26625
5.26625
5.26625
5.26625
5.26625
