29.9046
27.9244
23.6947
23.6947
23.6947
23.6947
23.2893
22.4204
20.7702
17.8013
17.163
17.163
16.9286
16.5546
15.7777
15.7777
15.5867
15.5867
15.5867
15.3284
15.3284
15.3284
15.1501
14.5691
14.4834
14.313
14.313
14.1115
14.1115
14.1115
14.1115
14.1115
13.9132
13.9132
13.9132
13.1061
13.1061
13.0969
13.0969
12.6547
12.5897
12.5897
12.5897
12.5897
12.5897
12.5897
12.4437
12.4437
12.4437
12.4437
12.4138
12.3469
12.2084
12.2084
12.2084
12.2084
12.2084
12.2084
12.0466
7.66603
7.66603
7.66603
7.66603
7.66603
7.29745
7.29745
7.29745
7.29745
7.29745
7.19122
7.11658
7.08553
7.08553
7.08553
7.08553
7.08553
6.76828
6.76828
6.73722
6.73722
6.73722
6.73722
6.73722
6.73722
6.73722
6.73722
6.73722
6.73722
6.73722
6.73722
6.55225
6.55225
6.55225
6.55225
6.49655
6.49655
6.49655
6.49655
6.49655
6.49655
6.49655
6.49655
6.49655
6.49655
6.49655
6.2957
6.2957
6.2957
6.2957
6.2957
6.2957
6.2957
6.2957
6.2957
6.2957
6.2957
6.2957
6.2957
6.2957
5.6826
5.6826
5.6826
5.6826
5.6826
5.6826
5.6826
5.6826
5.6826
5.6826
5.6826
5.6826
5.6826
5.6826
5.6826
5.6826
5.6826
5.6826
5.6826
5.6826
5.6826
5.6826
5.6826
5.6826
5.6826
5.6826
5.6826
5.6826
5.6826
5.6826
5.66385
5.60285
5.60285
5.60285
5.60285
5.60285
5.57937
5.57937
5.57937
5.57937
5.57937
5.57937
5.57937
5.57937
5.57937
5.57937
5.57937
5.57937
5.57937
5.57937
5.57937
5.57937
5.57937
5.57937
5.57937
5.57937
5.57937
5.57937
5.57937
5.57937
5.49312
5.49312
5.46964
5.46964
5.46964
5.46964
5.46964
5.46964
5.46964
5.46964
5.46964
5.46964
5.46964
5.46964
5.46964
5.46964
5.46964
5.46964
5.46964
5.46964
5.46964
5.46964
5.46964
5.46964
5.46964
5.46964
5.46964
5.46964
5.46964
5.46964
5.46964
5.46964
5.46964
5.46964
5.46964
5.46964
5.46964
5.46964
5.46964
5.46964
5.46964
5.46964
5.46964
5.46964
5.46964
5.46964
5.46964
5.46964
5.46964
5.46964
5.46964
5.46964
5.46964
5.46964
5.46964
5.46964
5.46964
5.46964
5.46964
5.46964
5.38652
5.38652
5.38652
5.38652
5.38652
5.38652
5.38652
5.38652
5.38652
5.38652
5.38652
5.38652
5.38652
5.38652
5.38652
5.38652
5.38652
5.38652
5.38652
5.38652
5.38652
5.38652
5.38652
5.38652
5.38652
5.38652
5.38652
5.38652
5.38652
5.38652
5.2992
5.2992
5.2992
5.2992
5.2992
5.2992
5.2992
5.2992
5.2992
5.2992
5.2992
5.2992
5.2992
5.2992
5.2992
5.2992
5.2992
5.2992
5.2992
5.2992
5.2992
5.2992
5.2992
5.2992
5.2992
5.2992
5.2992
5.2992
5.2992
5.2992
5.2992
5.2992
5.2992
5.2992
5.2992
5.2992
5.2992
5.2992
5.2992
5.2992
5.2992
5.2992
5.2992
5.2992
5.2992
5.2992
5.2992
5.2992
5.2992
5.2992
5.2992
5.2992
5.2992
5.2992
5.2992
5.2992
5.2992
5.2992
5.2992
5.2992
5.2992
5.2992
5.2992
5.2992
5.2992
5.2992
5.2992
5.2992
5.2992
5.2992
5.2992
5.2992
5.2992
5.2992
5.2992
5.2992
5.2992
5.2992
5.2992
5.2992
5.2992
5.2992
5.2992
5.2992
5.2992
5.2992
5.2992
5.2992
5.2992
5.2992
5.2992
5.2992
5.2992
5.2992
5.2992
5.2992
5.2992
5.2992
5.2992
5.2992
5.2992
5.2992
5.2992
5.2992
5.2992
5.2992
5.2992
5.2992
5.2992
5.2992
5.2992
5.2992
5.2992
5.2992
5.2992
5.2992
5.2992
5.2992
5.2992
5.2992
5.2992
5.2992
5.2992
5.2992
5.2992
5.2992
5.2992
5.2992
5.2992
5.2992
5.2992
5.2992
5.2992
5.2992
5.2992
5.2992
5.2992
5.2992
5.2992
5.2992
5.2992
5.2992
5.2992
5.2992
5.2992
5.2992
5.2992
5.2992
5.2992
5.2992
5.26625
5.26625
5.26625
5.26625
5.26625
5.26625
5.26625
5.26625
5.26625
5.26625
5.26625
5.26625
5.26625
5.26625
5.26625
5.26625
5.26625
5.26625
5.26625
5.26625
5.26625
5.26625
5.26625
5.26625
5.26625
5.26625
5.26625
5.26625
5.26625
5.26625
5.26625
5.26625
5.26625
5.26625
5.26625
5.26625
5.26625
5.26625
5.26625
5.26625
5.26625
5.26625
5.26625
5.26625
5.26625
5.26625
5.26625
5.26625
5.26625
5.26625
5.26625
5.26625
5.26625
5.26625
5.26625
5.26625
5.26625
5.26625
5.26625
5.26625
5.26625
5.26625
5.26625
5.26625
5.26625
5.26625
5.26625
5.26625
5.26625
5.26625
5.26625
5.26625
5.26625
5.26625
5.26625
5.26625
5.26625
5.26625
5.26625
5.26625
5.26625
