           1    0.391417    0.391417           0
           2    0.402236    0.396826  0.00540947
           3    0.399669    0.397774  0.00326377
           4    0.388477     0.39545  0.00327545
           5    0.405972    0.397554  0.00329631
           6    0.388203    0.395996  0.00311012
           7    0.387496    0.394781  0.00289543
           8    0.385699    0.393646  0.00275255
           9    0.393058    0.393581   0.0024284
          10    0.394033    0.393626   0.0021725
          11    0.403067    0.394484  0.00214436
          12    0.395045    0.394531  0.00195808
          13    0.392131    0.394346  0.00181061
          14    0.386238    0.393767  0.00177354
          15    0.401481    0.394281   0.0017293
          16    0.384413    0.393665  0.00173122
          17    0.404292     0.39429  0.00174222
          18    0.396621    0.394419  0.00164768
          19    0.390394    0.394207  0.00157289
          20    0.394329    0.394213  0.00149218
          21    0.397243    0.394358  0.00142666
          22    0.384967    0.393931  0.00142567
          23    0.400017    0.394196  0.00138773
          24    0.388885    0.393974  0.00134695
          25    0.386398    0.393671  0.00132701
          26    0.390116    0.393534  0.00128226
          27    0.408009    0.394071   0.0013453
          28    0.394031    0.394069  0.00129636
          29    0.382033    0.393654  0.00131792
          30    0.403919    0.393996  0.00131841
          31    0.395011    0.394029  0.00127559
          32    0.382549     0.39367  0.00128613
          33    0.394796    0.393704  0.00124701
          34    0.401709     0.39394  0.00123247
          35    0.393762    0.393935  0.00119675
          36    0.385579    0.393703  0.00118597
          37    0.387567    0.393537  0.00116533
          38    0.401601    0.393749  0.00115393
          39    0.402347     0.39397  0.00114537
          40    0.397258    0.394052  0.00111939
          41    0.373246    0.393544  0.00120392
          42     0.39063    0.393475  0.00117695
          43    0.405327    0.393751  0.00118185
          44    0.386028    0.393575  0.00116794
          45    0.397689    0.393666  0.00114534
          46    0.390949    0.393607  0.00112172
          47    0.390361    0.393538  0.00109977
          48    0.396755    0.393605   0.0010787
          49    0.403803    0.393813  0.00107676
          50    0.401894    0.393975  0.00106731
          51    0.386029    0.393819  0.00105771
          52    0.397934    0.393898  0.00104018
          53    0.371559    0.393477    0.001104
          54    0.386124    0.393341  0.00109188
          55    0.390595    0.393291  0.00107301
          56    0.407766    0.393549  0.00108492
          57    0.397719    0.393622  0.00106822
          58     0.39955    0.393725   0.0010546
          59    0.401025    0.393848  0.00104393
          60     0.41423    0.394188  0.00108114
          61    0.394172    0.394188  0.00106327
          62    0.396799     0.39423  0.00104683
          63    0.407926    0.394447  0.00105277
          64    0.382952    0.394268  0.00105164
          65    0.387558    0.394165  0.00104047
          66    0.389545    0.394095  0.00102697
          67    0.387294    0.393993  0.00101661
          68    0.402659     0.39412  0.00100962
          69    0.394342    0.394124 0.000994884
          70    0.377611    0.393888  0.00100854
          71    0.391435    0.393853 0.000994838
          72    0.402976     0.39398 0.000989072
          73    0.389548    0.393919 0.000977317
          74    0.411761     0.39416 0.000993711
          75    0.399911    0.394237 0.000983366
          76    0.382396    0.394081  0.00098277
          77    0.409192    0.394277 0.000989578
          78    0.405018    0.394415 0.000986466
          79    0.386675    0.394317 0.000978816
          80    0.410918    0.394525 0.000988528
          81    0.395498    0.394537 0.000976322
          82    0.405992    0.394676 0.000974408
          83    0.400126    0.394742 0.000964834
          84    0.403487    0.394846 0.000958946
          85    0.386095    0.394743 0.000953174
          86      0.3874    0.394658 0.000945887
          87    0.389485    0.394598  0.00093684
          88    0.384859    0.394488 0.000932723
          89    0.396253    0.394508 0.000922396
          90      0.3903    0.394461 0.000913287
          91    0.394713    0.394464 0.000903199
          92     0.40338     0.39456  0.00089857
          93    0.401676    0.394637 0.000892142
          94    0.403896    0.394735  0.00088808
          95    0.398587    0.394776 0.000879617
          96    0.400702    0.394838 0.000872592
          97    0.395727    0.394847 0.000863598
          98     0.39715     0.39487 0.000855064
          99    0.398686    0.394909  0.00084726
         100    0.409689    0.395057 0.000851667
