           1     1.48708     1.48708           0
           2     1.58657     1.53683   0.0497451
           3      1.6123     1.56199   0.0381809
           4     1.52359     1.55239   0.0286538
           5     1.59265     1.56044   0.0236107
           6     1.53538     1.55626   0.0197253
           7     1.55112     1.55553   0.0166871
           8     1.48203     1.54634   0.0171246
           9     1.62662     1.55526   0.0175396
          10     1.61652     1.56139   0.0168415
          11     1.56714     1.56191   0.0152426
          12      1.5915     1.56437   0.0141313
          13     1.53158     1.56185   0.0132414
          14     1.65717     1.56866   0.0140228
          15     1.57339     1.56898   0.0130583
          16     1.52275     1.56609   0.0125519
          17     1.55792     1.56561   0.0118002
          18     1.58263     1.56655   0.0111655
          19     1.55127     1.56575   0.0105921
          20     1.55762     1.56534   0.0100567
          21      1.5864     1.56634   0.0096183
          22     1.53548     1.56494  0.00927738
          23     1.60195     1.56655  0.00900967
          24     1.57221     1.56679  0.00862932
          25     1.55793     1.56643  0.00828453
          26      1.5078     1.56418  0.00827284
          27     1.55224     1.56373   0.0079728
          28      1.5411     1.56293  0.00772519
          29     1.57484     1.56334  0.00746535
          30     1.60566     1.56475   0.0073489
          31     1.49347     1.56245   0.0074705
          32     1.57718     1.56291  0.00724791
          33     1.54056     1.56223  0.00705741
          34      1.5504     1.56188  0.00685554
          35     1.59232     1.56275  0.00671335
          36     1.53455     1.56197  0.00657107
          37     1.52846     1.56106  0.00645484
          38     1.50397     1.55956  0.00645985
          39     1.61447     1.56097   0.0064476
          40     1.60774     1.56214   0.0063922
          41     1.60222     1.56312  0.00631053
          42     1.53169     1.56237  0.00620374
          43     1.57231      1.5626  0.00606216
          44     1.62537     1.56403  0.00609215
          45     1.56272       1.564   0.0059553
          46     1.53209      1.5633  0.00586556
          47     1.49033     1.56175  0.00594571
          48     1.61764     1.56292  0.00593582
          49     1.56736     1.56301  0.00581413
          50     1.62849     1.56432  0.00584525
          51     1.54926     1.56402  0.00573709
          52     1.59433      1.5646   0.0056558
          53     1.49093     1.56321  0.00571955
          54     1.52457      1.5625  0.00565808
          55     1.55521     1.56236  0.00555583
          56     1.61093     1.56323  0.00552422
          57     1.61143     1.56408  0.00549192
          58     1.57607     1.56428  0.00540036
          59     1.57208     1.56442  0.00530969
          60     1.62645     1.56545  0.00532185
          61     1.60458     1.56609  0.00527305
          62     1.55765     1.56596  0.00518909
          63     1.55567     1.56579  0.00510866
          64     1.56943     1.56585  0.00502853
          65     1.60546     1.56646  0.00498793
          66     1.54456     1.56613  0.00492297
          67     1.45148     1.56442  0.00514202
          68     1.63036     1.56539  0.00515781
          69     1.62419     1.56624  0.00515347
          70     1.49949     1.56528  0.00516805
          71     1.53123      1.5648  0.00511727
          72     1.54882     1.56458  0.00505058
          73     1.56365     1.56457  0.00498093
          74     1.64851      1.5657  0.00504241
          75     1.59024     1.56603  0.00498547
          76      1.5557      1.5659  0.00492131
          77     1.58761     1.56618  0.00486516
          78     1.55823     1.56608  0.00480346
          79     1.51521     1.56543  0.00478578
          80     1.65944     1.56661  0.00486951
          81     1.53401      1.5662  0.00482582
          82     1.63096     1.56699  0.00483158
          83     1.54307     1.56671   0.0047817
          84     1.59469     1.56704  0.00473617
          85     1.59294     1.56734  0.00469003
          86     1.56423     1.56731  0.00463531
          87     1.52431     1.56681   0.0046083
          88     1.48759     1.56591  0.00464374
          89      1.6268      1.5666  0.00464196
          90     1.57618      1.5667  0.00459133
          91     1.55351     1.56656  0.00454291
          92     1.56641     1.56656  0.00449325
          93     1.57202     1.56662  0.00444507
          94     1.60183     1.56699  0.00441345
          95     1.53667     1.56667  0.00437839
          96     1.60605     1.56708  0.00435192
          97     1.57549     1.56717   0.0043077
          98     1.50989     1.56658  0.00430338
          99     1.59315     1.56685  0.00426814
         100     1.63113      1.5675  0.00427385
