           1      0.3627      0.3627           0
           2     0.35338     0.35804     0.00466
           3      0.3427    0.352927  0.00577795
           4    0.367292    0.356518  0.00543967
           5    0.371628     0.35954  0.00518522
           6    0.348672    0.357729  0.00460492
           7    0.353512    0.357126  0.00393821
           8    0.361364    0.357656  0.00345148
           9    0.356552    0.357533  0.00304639
          10       0.359     0.35768  0.00272872
          11    0.353652    0.357314  0.00249523
          12    0.356076    0.357211  0.00228016
          13    0.356796    0.357179  0.00209768
          14    0.346324    0.356403  0.00209113
          15    0.369228    0.357258  0.00212621
          16    0.353568    0.357028  0.00200221
          17    0.358332    0.357104  0.00188232
          18    0.361964    0.357374  0.00179508
          19    0.355616    0.357282   0.0017005
          20    0.352156    0.357026  0.00163347
          21    0.348208    0.356606  0.00160947
          22    0.366804    0.357069  0.00160306
          23    0.349228    0.356728  0.00156926
          24    0.351772    0.356522  0.00151658
          25    0.355272    0.356472  0.00145551
          26    0.357912    0.356527   0.0013995
          27    0.362896    0.356763  0.00136717
          28    0.353336    0.356641  0.00132312
          29    0.346656    0.356296  0.00132229
          30    0.348496    0.356036  0.00130364
          31      0.3668    0.356384  0.00130782
          32    0.354544    0.356326   0.0012676
          33    0.355364    0.356297  0.00122893
          34    0.358272    0.356355  0.00119365
          35     0.36808     0.35669  0.00120649
          36    0.356288    0.356679  0.00117255
          37    0.353876    0.356603  0.00114293
          38    0.357124    0.356617  0.00111253
          39    0.359952    0.356702    0.001087
          40    0.345972    0.356434  0.00109291
          41    0.337812     0.35598  0.00115866
          42      0.3591    0.356054  0.00113317
          43    0.346028    0.355821   0.0011308
          44    0.335236    0.355353  0.00119978
          45    0.374104     0.35577  0.00124464
          46      0.3604    0.355871  0.00122143
          47    0.359892    0.355956  0.00119822
          48    0.351936    0.355872  0.00117598
          49    0.368004     0.35612  0.00117804
          50     0.34932    0.355984  0.00116222
          51    0.350108    0.355869  0.00114502
          52    0.353852     0.35583  0.00112345
          53    0.363812    0.355981  0.00111229
          54    0.359512    0.356046  0.00109346
          55    0.360392    0.356125   0.0010763
          56    0.356672    0.356135  0.00105695
          57    0.352272    0.356067  0.00104045
          58     0.35224    0.356001  0.00102448
          59    0.366696    0.356182  0.00102315
          60    0.359368    0.356235  0.00100736
          61    0.345828    0.356065  0.00100529
          62    0.347956    0.355934 0.000997551
          63     0.35986    0.355996 0.000983565
          64     0.35886    0.356041 0.000969109
          65    0.354284    0.356014 0.000954466
          66      0.3584     0.35605 0.000940588
          67    0.357668    0.356074 0.000926758
          68    0.348284     0.35596 0.000920186
          69    0.350428     0.35588  0.00091029
          70     0.36462    0.356004 0.000905838
          71    0.366804    0.356157 0.000905851
          72    0.367624    0.356316  0.00090727
          73    0.343864    0.356145 0.000910869
          74    0.358876    0.356182 0.000899233
          75     0.34438    0.356025  0.00090101
          76    0.357688    0.356047 0.000889345
          77    0.352384    0.355999 0.000879007
          78    0.362084    0.356077 0.000871165
          79    0.362792    0.356162 0.000864257
          80     0.36398     0.35626 0.000858962
          81    0.353624    0.356227 0.000848915
          82    0.357332    0.356241 0.000838607
          83    0.357616    0.356257 0.000828607
          84       0.344    0.356111 0.000831586
          85    0.359508    0.356151 0.000822716
          86    0.356036     0.35615 0.000813094
          87    0.364696    0.356248 0.000809674
          88    0.359612    0.356286 0.000801333
          89    0.367548    0.356413 0.000802319
          90    0.359656    0.356449 0.000794172
          91    0.366336    0.356558 0.000792876
          92    0.355728    0.356549 0.000784262
          93    0.364116     0.35663 0.000780039
          94     0.35542    0.356617 0.000771803
          95    0.364364    0.356699 0.000767977
          96    0.355948    0.356691 0.000759976
          97     0.36286    0.356754 0.000754784
          98    0.357416    0.356761 0.000747073
          99      0.3547     0.35674 0.000739782
         100    0.358708     0.35676 0.000732611
