           1   -0.642564   -0.642564           0
           2   -0.638268   -0.640416    0.002148
           3   -0.632092   -0.637641   0.0030392
           4   -0.644194    -0.63928  0.00270227
           5   -0.644038   -0.640231  0.00229933
           6   -0.638934   -0.640015  0.00188979
           7   -0.638094   -0.639741  0.00162056
           8   -0.641729   -0.639989  0.00142528
           9    -0.64191   -0.640203  0.00127498
          10    -0.64408    -0.64059  0.00120449
          11   -0.639714   -0.640511  0.00109241
          12   -0.638503   -0.640343  0.00101116
          13   -0.640743   -0.640374 0.000930643
          14   -0.637985   -0.640204 0.000878349
          15   -0.643542   -0.640426  0.00084744
          16   -0.641882   -0.640517  0.00079791
          17   -0.641274   -0.640562 0.000750829
          18   -0.641513   -0.640614 0.000709858
          19   -0.639403   -0.640551 0.000674478
          20   -0.634663   -0.640256 0.000704333
          21   -0.634946   -0.640003 0.000716095
          22   -0.642785    -0.64013 0.000694376
          23    -0.63835   -0.640052 0.000667999
          24   -0.639282    -0.64002 0.000640365
          25   -0.641574   -0.640083 0.000617354
          26   -0.640078   -0.640082 0.000593134
          27   -0.643507   -0.640209 0.000584669
          28   -0.637299   -0.640105 0.000572907
          29   -0.634667   -0.639918 0.000583738
          30   -0.636363   -0.639799 0.000576257
          31     -0.6462   -0.640006 0.000594374
          32   -0.641085   -0.640039 0.000576487
          33   -0.639033   -0.640009 0.000559577
          34   -0.639454   -0.639993 0.000543114
          35   -0.646592   -0.640181 0.000560062
          36   -0.637962    -0.64012 0.000547764
          37   -0.639751    -0.64011 0.000532847
          38   -0.642041    -0.64016 0.000521119
          39   -0.642814   -0.640228 0.000512122
          40    -0.63457   -0.640087 0.000518811
          41   -0.634554   -0.639952 0.000523683
          42   -0.640972   -0.639976 0.000511639
          43   -0.637854   -0.639927 0.000502032
          44   -0.630831    -0.63972 0.000532272
          45   -0.647557   -0.639894 0.000548679
          46   -0.643232   -0.639967 0.000541502
          47   -0.641874   -0.640008 0.000531407
          48   -0.637123   -0.639947 0.000523677
          49   -0.643001    -0.64001  0.00051665
          50   -0.638216   -0.639974 0.000507481
          51   -0.638406   -0.639943 0.000498381
          52   -0.638938   -0.639924 0.000489084
          53   -0.642874    -0.63998 0.000482987
          54   -0.641918   -0.640015 0.000475316
          55   -0.643438   -0.640078 0.000470727
          56   -0.638574   -0.640051 0.000463023
          57   -0.641646   -0.640079 0.000455688
          58   -0.638872   -0.640058 0.000448246
          59   -0.643339   -0.640114 0.000444079
          60    -0.64009   -0.640113 0.000436615
          61   -0.638878   -0.640093 0.000429875
          62   -0.635871   -0.640025 0.000428332
          63    -0.63866   -0.640003 0.000422035
          64   -0.641116   -0.640021 0.000415752
          65   -0.641297    -0.64004 0.000409776
          66   -0.638496   -0.640017 0.000404197
          67    -0.63755    -0.63998 0.000399818
          68   -0.638849   -0.639963 0.000394246
          69   -0.640222   -0.639967 0.000388508
          70     -0.6407   -0.639978 0.000383061
          71   -0.643297   -0.640024  0.00038051
          72   -0.642997   -0.640066 0.000377452
          73   -0.635981    -0.64001 0.000376428
          74   -0.640999   -0.640023 0.000371547
          75   -0.636972   -0.639982  0.00036881
          76   -0.640634   -0.639991 0.000364026
          77   -0.638325   -0.639969 0.000359918
          78   -0.642505   -0.640002 0.000356758
          79   -0.644062   -0.640053 0.000355944
          80    -0.64474   -0.640112 0.000356316
          81   -0.637773   -0.640083 0.000353072
          82   -0.643002   -0.640118 0.000350552
          83   -0.641163   -0.640131 0.000346532
          84    -0.63424   -0.640061 0.000349491
          85   -0.639966    -0.64006 0.000345356
          86   -0.640055    -0.64006 0.000341317
          87   -0.643211   -0.640096  0.00033931
          88    -0.63993   -0.640094 0.000335437
          89    -0.64663   -0.640168 0.000339679
          90   -0.643027   -0.640199 0.000337383
          91   -0.646739   -0.640271 0.000341307
          92   -0.639594   -0.640264 0.000337657
          93   -0.642399   -0.640287 0.000334795
          94   -0.642516    -0.64031 0.000332062
          95   -0.645665   -0.640367 0.000333348
          96   -0.639614   -0.640359  0.00032995
          97   -0.642516   -0.640381 0.000327287
          98   -0.638515   -0.640362  0.00032449
          99   -0.639556   -0.640354 0.000321298
         100    -0.64107   -0.640361  0.00031815
