           1    0.222558    0.222558           0
           2    0.226347    0.224452  0.00189454
           3    0.222826     0.22391  0.00122077
           4    0.213806    0.221384  0.00266946
           5    0.221961      0.2215  0.00207096
           6    0.222131    0.221605   0.0016942
           7    0.219924    0.221365  0.00145185
           8     0.21588    0.220679  0.00143213
           9    0.222606    0.220893  0.00128104
          10    0.221821    0.220986  0.00114955
          11    0.218716     0.22078  0.00106008
          12    0.220619    0.220766 0.000967811
          13    0.223211    0.220954 0.000909903
          14    0.225626    0.221288 0.000906096
          15    0.218953    0.221132  0.00085777
          16    0.220893    0.221117  0.00080251
          17    0.218346    0.220954 0.000771255
          18    0.223377    0.221089 0.000739494
          19    0.220786    0.221073 0.000699673
          20    0.222104    0.221125 0.000665767
          21    0.220672    0.221103 0.000633637
          22    0.223837    0.221227 0.000616799
          23     0.22335     0.22132 0.000596551
          24    0.224599    0.221456 0.000587276
          25    0.221054     0.22144 0.000563526
          26      0.2236    0.221523 0.000547751
          27    0.223557    0.221598 0.000532428
          28    0.224575    0.221705 0.000523956
          29    0.224002    0.221784 0.000511736
          30    0.227557    0.221976  0.00053052
          31     0.21706    0.221818 0.000537067
          32    0.217439    0.221681 0.000537714
          33    0.219931    0.221628 0.000523855
          34    0.222307    0.221648 0.000508607
          35    0.217017    0.221516 0.000511282
          36    0.224544      0.2216 0.000503946
          37    0.223043    0.221639 0.000491686
          38    0.219784     0.22159 0.000481055
          39    0.222438    0.221612 0.000469062
          40    0.219426    0.221557  0.00046044
          41    0.221702    0.221561 0.000449083
          42    0.218607     0.22149 0.000443865
          43    0.222639    0.221517 0.000434242
          44    0.222407    0.221537  0.00042474
          45    0.215836    0.221411 0.000434096
          46    0.221266    0.221407 0.000424566
          47    0.220932    0.221397 0.000415558
          48    0.222392    0.221418 0.000407335
          49    0.226177    0.221515  0.00041059
          50     0.22309    0.221547 0.000403526
          51    0.222733     0.22157 0.000396219
          52    0.225875    0.221653 0.000397247
          53    0.223581    0.221689 0.000391375
          54    0.217499    0.221611 0.000391819
          55    0.215712    0.221504 0.000399305
          56    0.217793    0.221438 0.000397672
          57    0.225612    0.221511 0.000397437
          58    0.222782    0.221533 0.000391139
          59    0.216805    0.221453 0.000392716
          60      0.2185    0.221404 0.000389239
          61     0.21517    0.221302 0.000396211
          62    0.215713    0.221211 0.000400057
          63    0.220863    0.221206 0.000393694
          64    0.219857    0.221185 0.000388067
          65    0.217989    0.221136 0.000385201
          66    0.221334    0.221139 0.000379331
          67    0.221454    0.221143 0.000373656
          68    0.226496    0.221222 0.000376441
          69    0.224385    0.221268 0.000373767
          70    0.223508      0.2213 0.000369776
          71    0.219836    0.221279 0.000365113
          72    0.219761    0.221258 0.000360624
          73    0.222623    0.221277  0.00035614
          74    0.221029    0.221273 0.000351311
          75    0.217257     0.22122 0.000350708
          76    0.216714    0.221161 0.000351105
          77    0.219475    0.221139 0.000347205
          78    0.223002    0.221163 0.000343556
          79      0.2228    0.221183 0.000339812
          80    0.222091    0.221195 0.000335729
          81    0.222828    0.221215 0.000332171
          82    0.219497    0.221194 0.000328764
          83    0.222679    0.221212 0.000325271
          84    0.220957    0.221209  0.00032139
          85    0.218275    0.221174 0.000319456
          86    0.216722    0.221123 0.000319937
          87    0.217334    0.221079 0.000319222
          88    0.217547    0.221039 0.000318116
          89    0.226301    0.221098 0.000320032
          90    0.223943     0.22113 0.000318031
          91    0.220816    0.221126 0.000314536
          92    0.222916    0.221146 0.000311706
          93    0.223957    0.221176 0.000309815
          94    0.222635    0.221191 0.000306894
          95    0.219312    0.221172  0.00030429
          96    0.220949    0.221169 0.000301112
          97    0.221207     0.22117 0.000297992
          98    0.218232     0.22114 0.000296455
          99    0.217845    0.221106 0.000295327
         100    0.219434     0.22109 0.000292837
