           1   -0.492464   -0.492464           0
           2   -0.495168   -0.493816    0.001352
           3    -0.49584   -0.494491  0.00103173
           4   -0.490696   -0.493542  0.00119675
           5   -0.490632    -0.49296  0.00109455
           6   -0.494976   -0.493296 0.000954775
           7   -0.495888   -0.493666 0.000887835
           8     -0.4952   -0.493858 0.000792428
           9   -0.494256   -0.493902 0.000700254
          10   -0.492688   -0.493781 0.000637987
          11    -0.49284   -0.493695 0.000583384
          12   -0.491976   -0.493552  0.00055149
          13   -0.494552   -0.493629 0.000513096
          14   -0.494936   -0.493722 0.000484123
          15   -0.494272   -0.493759 0.000452181
          16   -0.492568   -0.493685 0.000429476
          17   -0.493368   -0.493666 0.000403852
          18    -0.49232   -0.493591 0.000388027
          19     -0.4932   -0.493571 0.000367614
          20   -0.490712   -0.493428   0.0003769
          21   -0.494096   -0.493459 0.000359914
          22   -0.491864   -0.493387 0.000350743
          23   -0.494968   -0.493456 0.000342124
          24   -0.496712   -0.493591 0.000354548
          25   -0.492016   -0.493528 0.000345859
          26   -0.490224   -0.493401 0.000355765
          27   -0.492024    -0.49335 0.000346115
          28   -0.495368   -0.493422 0.000341221
          29   -0.490064   -0.493306 0.000349016
          30   -0.493048   -0.493298 0.000337292
          31    -0.49236   -0.493268  0.00032763
          32   -0.493768   -0.493283 0.000317611
          33   -0.494744   -0.493328 0.000311002
          34     -0.4938   -0.493341 0.000302037
          35    -0.49124   -0.493281 0.000299363
          36   -0.495312   -0.493338 0.000296346
          37   -0.495776   -0.493404 0.000295663
          38   -0.493704   -0.493412 0.000287885
          39   -0.493424   -0.493412 0.000280407
          40   -0.493896   -0.493424 0.000273574
          41   -0.492808   -0.493409 0.000267241
          42   -0.496184   -0.493475  0.00026904
          43   -0.493904   -0.493485 0.000262898
          44   -0.493312   -0.493481 0.000256884
          45    -0.49036   -0.493412 0.000260513
          46   -0.493216   -0.493407 0.000254822
          47   -0.493872   -0.493417 0.000249537
          48   -0.492712   -0.493403 0.000244725
          49   -0.493136   -0.493397  0.00023974
          50   -0.492232   -0.493374  0.00023605
          51    -0.48912   -0.493291  0.00024595
          52   -0.493096   -0.493287 0.000241203
          53   -0.495248   -0.493324 0.000239485
          54   -0.489184   -0.493247 0.000247196
          55   -0.493168   -0.493246 0.000242664
          56    -0.49476   -0.493273 0.000239821
          57   -0.497048   -0.493339  0.00024471
          58   -0.492568   -0.493326 0.000240821
          59   -0.490184   -0.493272 0.000242619
          60   -0.490696   -0.493229 0.000242375
          61   -0.492672    -0.49322 0.000238544
          62   -0.496216   -0.493269 0.000239587
          63   -0.494752   -0.493292 0.000236927
          64   -0.493424   -0.493294 0.000233204
          65    -0.49452   -0.493313 0.000230362
          66    -0.49496   -0.493338 0.000228213
          67   -0.491504   -0.493311 0.000226442
          68   -0.493184   -0.493309 0.000223095
          69   -0.491408   -0.493281 0.000221557
          70   -0.495328   -0.493311 0.000220318
          71   -0.495344   -0.493339 0.000219073
          72   -0.492696    -0.49333 0.000216193
          73    -0.49408    -0.49334 0.000213458
          74   -0.493344   -0.493341 0.000210554
          75    -0.49304   -0.493337 0.000207766
          76    -0.49408   -0.493346 0.000205247
          77    -0.49368   -0.493351 0.000202611
          78   -0.497032   -0.493398  0.00020549
          79   -0.490936   -0.493367 0.000205251
          80   -0.493016   -0.493362 0.000202717
          81    -0.49444   -0.493376  0.00020064
          82   -0.494224   -0.493386 0.000198448
          83   -0.493944   -0.493393 0.000196158
          84   -0.492288    -0.49338 0.000194254
          85   -0.497024   -0.493422 0.000196686
          86   -0.493216    -0.49342   0.0001944
          87   -0.493752   -0.493424  0.00019219
          88   -0.491776   -0.493405 0.000190914
          89   -0.493632   -0.493408 0.000188774
          90   -0.490448   -0.493375  0.00018954
          91   -0.492976    -0.49337 0.000187496
          92   -0.491768   -0.493353 0.000186263
          93   -0.492056   -0.493339 0.000184777
          94    -0.49396   -0.493346  0.00018292
          95   -0.494128   -0.493354 0.000181171
          96   -0.490144    -0.49332 0.000182365
          97   -0.494248    -0.49333 0.000180729
          98   -0.494912   -0.493346 0.000179602
          99   -0.491888   -0.493331 0.000178388
         100    -0.49336   -0.493332 0.000176595
