           1      1.5988      1.5988           0
           2     1.62975     1.61427   0.0154746
           3     1.62563     1.61806  0.00970332
           4     1.54267     1.59921   0.0200576
           5     1.56467      1.5923   0.0170031
           6     1.63293     1.59907   0.0154459
           7     1.60587     1.60004   0.0130903
           8     1.60244     1.60034   0.0113405
           9     1.56482      1.5964    0.010752
          10     1.62491     1.59925   0.0100306
          11     1.60371     1.59965  0.00908208
          12     1.54981      1.5955  0.00927298
          13     1.60128     1.59594  0.00854148
          14     1.54362     1.59221   0.0087465
          15     1.60769     1.59324  0.00820773
          16     1.58656     1.59282  0.00768896
          17     1.64777     1.59605  0.00791279
          18     1.59614     1.59606  0.00746025
          19      1.5548     1.59389  0.00738322
          20     1.59728     1.59406   0.0070064
          21     1.57948     1.59336  0.00670049
          22     1.59208     1.59331  0.00638893
          23     1.62522     1.59469  0.00626054
          24     1.67533     1.59805  0.00687154
          25     1.64368     1.59988  0.00683893
          26     1.59904     1.59985  0.00657071
          27     1.60368     1.59999  0.00632426
          28     1.58466     1.59944  0.00611876
          29     1.55765       1.598  0.00607733
          30     1.61216     1.59847   0.0058902
          31     1.63466     1.59964  0.00581542
          32     1.55189     1.59815   0.0058251
          33     1.57557     1.59746  0.00568713
          34     1.58751     1.59717  0.00552508
          35      1.5959     1.59713  0.00536502
          36     1.60841     1.59745  0.00522326
          37     1.54711     1.59609  0.00525911
          38     1.65887     1.59774  0.00537889
          39     1.61304     1.59813  0.00525383
          40     1.64751     1.59937  0.00526751
          41     1.58285     1.59896   0.0051532
          42     1.61747      1.5994  0.00504828
          43     1.49432     1.59696  0.00550201
          44     1.56515     1.59624  0.00542392
          45     1.55652     1.59535  0.00537496
          46     1.62112     1.59591  0.00528657
          47      1.6576     1.59723  0.00533678
          48     1.60577      1.5974  0.00522744
          49     1.58152     1.59708   0.0051299
          50     1.56921     1.59652  0.00505707
          51     1.59324     1.59646  0.00495734
          52     1.60906      1.5967  0.00486711
          53     1.56353     1.59607  0.00481525
          54     1.60544     1.59625  0.00472842
          55     1.58219     1.59599  0.00464868
          56     1.56618     1.59546  0.00459586
          57      1.6621     1.59663  0.00466345
          58     1.60354     1.59675  0.00458389
          59     1.59601     1.59674  0.00450554
          60     1.58673     1.59657  0.00443295
          61      1.5624     1.59601  0.00439551
          62     1.54691     1.59522  0.00439594
          63     1.57972     1.59497  0.00433259
          64     1.51668     1.59375  0.00443635
          65     1.61578     1.59409   0.0043807
          66     1.61679     1.59443  0.00432751
          67     1.54154     1.59364  0.00433492
          68     1.69748     1.59517   0.0045355
          69     1.60806     1.59536  0.00447319
          70     1.56899     1.59498  0.00442488
          71     1.60127     1.59507  0.00436301
          72     1.58754     1.59496  0.00430326
          73     1.56945     1.59461  0.00425827
          74     1.58666     1.59451   0.0042017
          75      1.5837     1.59436   0.0041478
          76     1.55691     1.59387  0.00412243
          77     1.57429     1.59361  0.00407647
          78     1.64858     1.59432  0.00408511
          79     1.56497     1.59395  0.00405014
          80     1.61385      1.5942  0.00400692
          81     1.59006     1.59415  0.00395747
          82     1.55794      1.5937  0.00393378
          83     1.61745     1.59399  0.00389661
          84     1.59703     1.59403  0.00385011
          85     1.64601     1.59464  0.00385339
          86     1.62499     1.59499  0.00382463
          87     1.51793      1.5941  0.00388279
          88     1.54986      1.5936   0.0038712
          89     1.68097     1.59458  0.00395135
          90     1.58928     1.59452  0.00390764
          91     1.59376     1.59452  0.00386447
          92     1.61335     1.59472  0.00382771
          93     1.56822     1.59444  0.00379704
          94     1.59727     1.59447  0.00375655
          95       1.589     1.59441  0.00371724
          96     1.62981     1.59478  0.00369676
          97     1.58612     1.59469  0.00365954
          98     1.62627     1.59501  0.00363631
          99     1.58762     1.59494  0.00360017
         100     1.64365     1.59542  0.00359711
