           1   -0.636106   -0.636106           0
           2   -0.639064   -0.637585   0.0014788
           3   -0.638218   -0.637796 0.000879424
           4   -0.634881   -0.637067 0.000958041
           5   -0.639666   -0.637587 0.000906057
           6   -0.649523   -0.639576  0.00212246
           7   -0.646538   -0.640571  0.00205108
           8   -0.640291   -0.640536  0.00177663
           9   -0.643811     -0.6409  0.00160855
          10   -0.638954   -0.640705  0.00145183
          11   -0.641622   -0.640789  0.00131588
          12   -0.642945   -0.640968  0.00121459
          13   -0.645009   -0.641279  0.00115968
          14   -0.648021   -0.641761   0.0011767
          15   -0.637754   -0.641494  0.00112754
          16   -0.639958   -0.641398  0.00105908
          17   -0.635367   -0.641043  0.00105618
          18   -0.639273   -0.640945  0.00100062
          19   -0.640197   -0.640905 0.000947311
          20    -0.64135   -0.640927 0.000898974
          21   -0.644007   -0.641074  0.00086758
          22   -0.643541   -0.641186 0.000834769
          23   -0.637779   -0.641038 0.000811288
          24   -0.646517   -0.641266 0.000809599
          25   -0.640931   -0.641253 0.000776656
          26   -0.638162   -0.641134 0.000755595
          27   -0.643833   -0.641234  0.00073391
          28   -0.641246   -0.641234 0.000707213
          29   -0.642414   -0.641275 0.000683603
          30   -0.645388   -0.641412 0.000674503
          31   -0.639958   -0.641365 0.000654065
          32   -0.644848   -0.641474 0.000642579
          33   -0.646346   -0.641622 0.000640064
          34   -0.635154   -0.641432 0.000649442
          35   -0.644443   -0.641518 0.000636457
          36   -0.639539   -0.641463 0.000620962
          37   -0.642619   -0.641494 0.000604754
          38   -0.641573   -0.641496 0.000588628
          39   -0.635398    -0.64134 0.000594278
          40   -0.640602   -0.641321 0.000579524
          41   -0.644047   -0.641388  0.00056911
          42   -0.643946   -0.641449 0.000558726
          43   -0.643497   -0.641496 0.000547653
          44   -0.642735   -0.641524 0.000535802
          45   -0.635674   -0.641394 0.000539656
          46   -0.643744   -0.641445  0.00053026
          47   -0.636935   -0.641349 0.000527655
          48    -0.64573   -0.641441 0.000524543
          49   -0.639766   -0.641407 0.000514862
          50    -0.64507    -0.64148 0.000509752
          51    -0.64171   -0.641484 0.000499677
          52   -0.637726   -0.641412 0.000495277
          53   -0.642506   -0.641433 0.000486281
          54   -0.637564   -0.641361 0.000482538
          55   -0.646035   -0.641446 0.000481247
          56   -0.646346   -0.641534 0.000480606
          57   -0.642644   -0.641553 0.000472501
          58   -0.642554    -0.64157 0.000464603
          59   -0.636658   -0.641487  0.00046419
          60   -0.635602   -0.641389 0.000466807
          61   -0.646268   -0.641469 0.000466006
          62   -0.647038   -0.641559 0.000467147
          63   -0.640034   -0.641535 0.000460308
          64   -0.640626    -0.64152 0.000453281
          65   -0.640922   -0.641511 0.000446348
          66   -0.636489   -0.641435 0.000446072
          67   -0.638529   -0.641392 0.000441499
          68    -0.64616   -0.641462 0.000440574
          69   -0.637383   -0.641403 0.000438148
          70   -0.634488   -0.641304 0.000442997
          71   -0.639354   -0.641276 0.000437576
          72   -0.639538   -0.641252 0.000432131
          73   -0.643167   -0.641279 0.000426977
          74   -0.642935   -0.641301 0.000421762
          75    -0.64349    -0.64133 0.000417123
          76   -0.642785   -0.641349 0.000412043
          77   -0.645756   -0.641406 0.000410664
          78   -0.644482   -0.641446 0.000407277
          79   -0.639431    -0.64142 0.000402897
          80   -0.638123   -0.641379 0.000399958
          81   -0.645935   -0.641435 0.000398974
          82   -0.638513     -0.6414 0.000395687
          83   -0.640678   -0.641391 0.000390987
          84   -0.639223   -0.641365 0.000387166
          85   -0.641928   -0.641372 0.000382641
          86   -0.640498   -0.641362 0.000378302
          87    -0.64366   -0.641388  0.00037486
          88   -0.636194   -0.641329 0.000375246
          89    -0.64287   -0.641346  0.00037141
          90   -0.640968   -0.641342 0.000367284
          91   -0.636709   -0.641291 0.000366777
          92   -0.644571   -0.641327 0.000364516
          93   -0.633834   -0.641246 0.000369466
          94   -0.634818   -0.641178 0.000371858
          95    -0.63882   -0.641153 0.000368759
          96   -0.637888   -0.641119 0.000366479
          97   -0.640517   -0.641113 0.000362735
          98   -0.643638   -0.641139 0.000359937
          99   -0.646058   -0.641188 0.000359732
         100   -0.644273   -0.641219  0.00035745
