           1      1.5702      1.5702           0
           2     1.56852     1.56936 0.000838516
           3     1.60857     1.58243   0.0130802
           4     1.51553      1.5657   0.0191117
           5     1.59074     1.57071   0.0156275
           6     1.55213     1.56761   0.0131302
           7     1.63643     1.57744   0.0148252
           8     1.51994     1.57026    0.014714
           9     1.59621     1.57314   0.0132931
          10     1.61685     1.57751   0.0126679
          11     1.56425     1.57631   0.0115217
          12     1.54572     1.57376   0.0108223
          13     1.52705     1.57016   0.0105836
          14     1.65012     1.57588   0.0113414
          15     1.57006     1.57549   0.0105654
          16     1.52281      1.5722   0.0104169
          17     1.49846     1.56786   0.0107033
          18      1.5354     1.56606    0.010251
          19     1.58167     1.56688  0.00973122
          20     1.60945     1.56901  0.00947403
          21     1.57793     1.56943  0.00902161
          22     1.56566     1.56926  0.00860347
          23      1.5467     1.56828  0.00827919
          24     1.54428     1.56728  0.00798954
          25     1.56524      1.5672  0.00766373
          26      1.5621       1.567  0.00736568
          27     1.55128     1.56642  0.00711151
          28     1.58093     1.56694  0.00687239
          29     1.62169     1.56882   0.0068947
          30     1.49821     1.56647  0.00706453
          31     1.46636     1.56324  0.00755762
          32     1.54632     1.56271  0.00733671
          33     1.58152     1.56328  0.00713372
          34     1.56825     1.56343  0.00692226
          35     1.58369     1.56401  0.00674645
          36     1.58459     1.56458  0.00658125
          37     1.55993     1.56445  0.00640214
          38     1.62241     1.56598  0.00641531
          39     1.59406      1.5667  0.00629001
          40     1.55172     1.56632  0.00614217
          41      1.5743     1.56652  0.00599364
          42      1.5105     1.56518  0.00599936
          43     1.56128     1.56509  0.00585888
          44     1.61005     1.56612  0.00581464
          45     1.55193      1.5658  0.00569269
          46     1.58813     1.56629  0.00558868
          47     1.59317     1.56686  0.00549831
          48     1.55381     1.56659   0.0053894
          49      1.5404     1.56605  0.00530525
          50      1.6155     1.56704   0.0052913
          51     1.62155     1.56811  0.00529551
          52     1.57799      1.5683  0.00519615
          53     1.55929     1.56813      0.0051
          54     1.61961     1.56908  0.00509465
          55     1.54149     1.56858  0.00502626
          56     1.54712      1.5682  0.00495054
          57     1.55892     1.56804  0.00486564
          58      1.5879     1.56838  0.00479326
          59      1.6222     1.56929  0.00479882
          60     1.56731     1.56926  0.00471828
          61     1.56106     1.56912  0.00464223
          62      1.5069     1.56812  0.00467571
          63      1.5466     1.56778  0.00461356
          64     1.50338     1.56677  0.00465105
          65     1.62004     1.56759   0.0046517
          66     1.56289     1.56752  0.00458123
          67     1.49281      1.5664  0.00464806
          68     1.58082     1.56662  0.00458409
          69     1.58028     1.56681  0.00452151
          70     1.55875      1.5667  0.00445794
          71     1.57955     1.56688  0.00439842
          72     1.52591     1.56631  0.00437407
          73     1.60363     1.56682  0.00434392
          74     1.48346      1.5657  0.00443042
          75      1.5457     1.56543  0.00437908
          76     1.64311     1.56645  0.00444031
          77     1.46973      1.5652  0.00455873
          78     1.56643     1.56521  0.00449993
          79     1.50463     1.56444  0.00450831
          80      1.5479     1.56424   0.0044564
          81      1.5482     1.56404  0.00440549
          82     1.55516     1.56393  0.00435278
          83     1.56719     1.56397   0.0043002
          84     1.57291     1.56408  0.00425003
          85     1.63443      1.5649  0.00428052
          86     1.51128     1.56428  0.00427616
          87      1.5114     1.56367   0.0042702
          88     1.50296     1.56298   0.0042774
          89      1.5176     1.56247   0.0042597
          90     1.58224     1.56269  0.00421782
          91     1.57314     1.56281  0.00417279
          92     1.56243      1.5628  0.00412719
          93      1.5502     1.56267  0.00408482
          94     1.48311     1.56182  0.00412882
          95     1.55916     1.56179  0.00408522
          96     1.50054     1.56116   0.0040925
          97     1.57994     1.56135  0.00405471
          98     1.59047     1.56165  0.00402411
          99     1.52223     1.56125   0.0040031
         100     1.56478     1.56128  0.00396303
