           1    0.348812    0.348812           0
           2     0.35548    0.352146    0.003334
           3    0.354168     0.35282  0.00203948
           4    0.354084    0.353136  0.00147634
           5    0.362452    0.354999  0.00218615
           6    0.371456    0.357742  0.00327248
           7    0.360532    0.358141  0.00279432
           8    0.354176    0.357645  0.00247018
           9    0.357136    0.357588  0.00217922
          10    0.354008     0.35723  0.00198177
          11    0.359792    0.357463  0.00180764
          12    0.363244    0.357945  0.00171902
          13    0.363164    0.358346  0.00163144
          14    0.366664    0.358941  0.00162306
          15    0.355972    0.358743  0.00152389
          16    0.357548    0.358668  0.00142742
          17    0.344556    0.357838    0.001577
          18    0.349724    0.357387  0.00155364
          19    0.358624    0.357452  0.00147104
          20    0.357512    0.357455  0.00139555
          21    0.360516    0.357601  0.00133541
          22    0.361304    0.357769  0.00128434
          23    0.353456    0.357582  0.00124148
          24    0.367024    0.357975  0.00125204
          25    0.358616    0.358001  0.00120119
          26    0.356452    0.357941   0.0011556
          27    0.363004    0.358129  0.00112768
          28    0.357152    0.358094  0.00108722
          29    0.361672    0.358217  0.00105629
          30      0.3677    0.358533  0.00106831
          31    0.359072    0.358551  0.00103342
          32     0.36312    0.358693  0.00101074
          33    0.360772    0.358756 0.000981654
          34    0.348888    0.358466 0.000995592
          35    0.364136    0.358628 0.000980207
          36    0.351216    0.358422 0.000974587
          37    0.362816    0.358541 0.000955291
          38    0.356944    0.358499 0.000930761
          39    0.345388    0.358163 0.000966906
          40    0.359088    0.358186 0.000942707
          41    0.364276    0.358335 0.000931348
          42    0.364052    0.358471  0.00091904
          43    0.359764    0.358501 0.000897917
          44    0.361236    0.358563 0.000879472
          45    0.346208    0.358288 0.000902482
          46     0.36088    0.358345 0.000884441
          47    0.348596    0.358137 0.000889928
          48    0.367688    0.358336 0.000893624
          49    0.358472    0.358339 0.000875201
          50    0.369028    0.358553 0.000883764
          51    0.360388    0.358589  0.00086701
          52    0.359308    0.358603 0.000850285
          53    0.358812    0.358607 0.000834097
          54     0.35434    0.358528  0.00082231
          55    0.365376    0.358652 0.000816768
          56    0.368248    0.358823  0.00082015
          57     0.36082    0.358858 0.000806394
          58    0.362128    0.358915 0.000794372
          59    0.350248    0.358768  0.00079449
          60    0.352212    0.358659 0.000788741
          61      0.3639    0.358745 0.000780447
          62    0.365952    0.358861 0.000776507
          63    0.359172    0.358866 0.000764098
          64    0.358652    0.358862 0.000752072
          65    0.363852    0.358939  0.00074438
          66    0.352644    0.358844 0.000739194
          67    0.355684    0.358797 0.000729604
          68     0.36696    0.358917  0.00072875
          69    0.351236    0.358805 0.000726687
          70     0.34248    0.358572 0.000753245
          71    0.346528    0.358403  0.00076169
          72    0.350892    0.358298 0.000758246
          73    0.363156    0.358365 0.000750742
          74    0.365116    0.358456 0.000746126
          75    0.364092    0.358531 0.000739936
          76    0.359724    0.358547 0.000730304
          77     0.36842    0.358675 0.000732074
          78    0.359448    0.358685 0.000722695
          79    0.356476    0.358657 0.000714036
          80    0.354576    0.358606 0.000706897
          81    0.366796    0.358707   0.0007054
          82    0.359604    0.358718  0.00069683
          83    0.355312    0.358677 0.000689606
          84    0.358836    0.358679 0.000681349
          85     0.35564    0.358643 0.000674234
          86    0.360172    0.358661 0.000666585
          87      0.3611    0.358689 0.000659475
          88    0.352172    0.358615 0.000656131
          89    0.364188    0.358678 0.000651732
          90     0.36088    0.358702 0.000644914
          91    0.351544    0.358623  0.00064262
          92    0.363736    0.358679 0.000638021
          93    0.349772    0.358583 0.000638349
          94    0.350808      0.3585 0.000636915
          95     0.35314    0.358444 0.000632696
          96     0.35588    0.358417 0.000626641
          97    0.361864    0.358453 0.000621164
          98    0.359108     0.35846 0.000614829
          99    0.370612    0.358582 0.000620843
         100    0.363324     0.35863  0.00061643
