           1    0.397934    0.397934           0
           2    0.386797    0.392366  0.00556862
           3    0.404083    0.396271  0.00505878
           4    0.392819    0.395408  0.00367978
           5    0.398088    0.395944  0.00290031
           6    0.395459    0.395863  0.00236947
           7    0.392009    0.395313  0.00207691
           8    0.379918    0.393388  0.00263401
           9    0.392336    0.393272  0.00232592
          10    0.404658     0.39441   0.0023716
          11    0.399169    0.394843  0.00218839
          12     0.38912    0.394366  0.00205384
          13    0.385037    0.393648  0.00202095
          14    0.416375    0.395272  0.00247707
          15    0.395329    0.395276  0.00230603
          16    0.390795    0.394996  0.00217519
          17    0.389303    0.394661   0.0020705
          18    0.390725    0.394442  0.00196429
          19    0.402108    0.394845  0.00190133
          20    0.395188    0.394863  0.00180385
          21    0.401496    0.395179  0.00174464
          22    0.410298    0.395866  0.00179982
          23    0.380388    0.395193  0.00184675
          24    0.395152    0.395191  0.00176813
          25    0.390146    0.394989   0.0017079
          26    0.408218    0.395498  0.00171797
          27    0.389407    0.395273  0.00166844
          28    0.402048    0.395515  0.00162586
          29    0.416213    0.396228  0.00172352
          30    0.395361    0.396199  0.00166533
          31    0.373794    0.395477  0.00176543
          32    0.398315    0.395565  0.00171167
          33      0.3931    0.395491  0.00166067
          34    0.390011    0.395329  0.00161913
          35     0.40123    0.395498   0.0015812
          36    0.393136    0.395432  0.00153805
          37    0.388862    0.395255  0.00150641
          38    0.397569    0.395316  0.00146749
          39    0.387187    0.395107  0.00144449
          40    0.397853    0.395176  0.00140958
          41    0.400587    0.395308   0.0013811
          42    0.388342    0.395142  0.00135798
          43    0.400247    0.395261  0.00133132
          44    0.403068    0.395438  0.00131276
          45    0.397368    0.395481  0.00128397
          46    0.397054    0.395515  0.00125622
          47    0.407264    0.395765  0.00125436
          48    0.405005    0.395958  0.00124294
          49    0.400067    0.396042   0.0012202
          50    0.406427    0.396249  0.00121345
          51    0.394351    0.396212  0.00119001
          52    0.401352    0.396311  0.00117108
          53    0.396977    0.396324  0.00114884
          54    0.400906    0.396408  0.00113055
          55    0.404665    0.396558  0.00111991
          56     0.39972    0.396615  0.00110118
          57    0.388855    0.396479  0.00109022
          58    0.405312    0.396631  0.00108203
          59    0.399772    0.396684  0.00106487
          60    0.396093    0.396674  0.00104701
          61    0.391789    0.396594  0.00103282
          62    0.392705    0.396532  0.00101796
          63    0.400151    0.396589  0.00100331
          64    0.391397    0.396508  0.00099084
          65    0.402485      0.3966 0.000979801
          66    0.390907    0.396514  0.00096869
          67     0.38166    0.396292  0.00097954
          68    0.402402    0.396382 0.000969202
          69    0.391788    0.396315  0.00095737
          70    0.393647    0.396277 0.000944364
          71    0.380875     0.39606 0.000955908
          72    0.383691    0.395888 0.000958067
          73     0.40803    0.396055 0.000959378
          74    0.391743    0.395996 0.000948118
          75    0.404465    0.396109 0.000942181
          76    0.391584     0.39605 0.000931606
          77    0.390688     0.39598  0.00092206
          78    0.393796    0.395952 0.000910593
          79    0.383663    0.395797 0.000912353
          80    0.392151    0.395751 0.000902028
          81    0.386714    0.395639 0.000897782
          82    0.394492    0.395625 0.000886877
          83    0.392163    0.395584 0.000877119
          84    0.406385    0.395712 0.000876103
          85    0.395221    0.395707 0.000865754
          86    0.390877     0.39565 0.000857468
          87    0.393065    0.395621 0.000848076
          88    0.383642    0.395485 0.000849362
          89    0.403737    0.395577 0.000844868
          90    0.403991    0.395671 0.000840642
          91    0.388641    0.395594 0.000834934
          92    0.391325    0.395547 0.000827112
          93    0.396664    0.395559 0.000818258
          94    0.394166    0.395544 0.000809642
          95     0.39521    0.395541 0.000801082
          96    0.380591    0.395385 0.000807845
          97    0.399004    0.395422 0.000800343
          98    0.402749    0.395497 0.000795654
          99    0.394923    0.395491 0.000787598
         100    0.400547    0.395542  0.00078132
