           1    0.582266    0.582266           0
           2    0.587076    0.584671  0.00240468
           3    0.606015    0.591786  0.00724867
           4    0.583024    0.589595  0.00557399
           5    0.608639    0.593404  0.00575747
           6    0.603126    0.595024  0.00497236
           7    0.598759    0.595558  0.00423615
           8     0.58744    0.594543  0.00380636
           9    0.602527     0.59543  0.00347213
          10    0.617769    0.597664  0.00382554
          11     0.58951    0.596923  0.00353883
          12    0.606648    0.597733   0.0033306
          13    0.593342    0.597396  0.00308227
          14    0.601326    0.597676  0.00286741
          15    0.585777    0.596883  0.00278479
          16    0.595227     0.59678  0.00260699
          17    0.615947    0.597907  0.00269593
          18    0.565682    0.596117  0.00310896
          19    0.601819    0.596417  0.00295605
          20    0.598515    0.596522  0.00280632
          21    0.584183    0.595934  0.00273324
          22    0.572802    0.594883  0.00281017
          23    0.605067    0.595326  0.00272148
          24     0.57315    0.594402  0.00276459
          25    0.587064    0.594108   0.0026679
          26    0.595296    0.594154  0.00256364
          27      0.6107    0.594767  0.00254184
          28    0.610644    0.595334  0.00251417
          29    0.585972    0.595011  0.00244731
          30     0.59879    0.595137  0.00236767
          31    0.586056    0.594844  0.00230868
          32    0.600726    0.595028  0.00224292
          33    0.599522    0.595164  0.00217815
          34    0.620672    0.595914  0.00224235
          35    0.617049    0.596518  0.00225952
          36    0.623395    0.597265  0.00231931
          37    0.594189    0.597181  0.00225728
          38    0.591156    0.597023  0.00220279
          39    0.576755    0.596503  0.00220761
          40    0.601893    0.596638  0.00215592
          41    0.584241    0.596336  0.00212431
          42    0.578987    0.595923  0.00211387
          43    0.617629    0.596427  0.00212495
          44    0.590407     0.59629   0.0020806
          45    0.596749    0.596301  0.00203386
          46    0.590644    0.596178  0.00199296
          47    0.599074    0.596239  0.00195107
          48     0.58427     0.59599   0.0019262
          49    0.579534    0.595654  0.00191614
          50     0.61493     0.59604   0.0019166
          51    0.590197    0.595925  0.00188213
          52    0.595397    0.595915  0.00184561
          53    0.574979     0.59552  0.00185304
          54    0.609496    0.595779  0.00183673
          55    0.589874    0.595671  0.00180622
          56    0.611865    0.595961  0.00179709
          57    0.588189    0.595824  0.00177054
          58    0.572637    0.595424  0.00178509
          59    0.593308    0.595389  0.00175494
          60    0.599957    0.595465  0.00172712
          61    0.605705    0.595633  0.00170684
          62    0.590625    0.595552  0.00168103
          63    0.598788    0.595603  0.00165493
          64    0.590674    0.595526  0.00163069
          65    0.612998    0.595795  0.00162775
          66    0.602074     0.59589  0.00160572
          67    0.610202    0.596104  0.00159593
          68    0.595852      0.5961  0.00157229
          69    0.586663    0.595963  0.00155536
          70    0.562052    0.595479  0.00160771
          71    0.587908    0.595372  0.00158848
          72    0.617088    0.595674  0.00159504
          73    0.599267    0.595723  0.00157381
          74    0.602681    0.595817  0.00155524
          75    0.622215    0.596169  0.00157422
          76    0.595363    0.596158   0.0015534
          77     0.63751    0.596695  0.00162444
          78    0.608573    0.596848  0.00161069
          79    0.604541    0.596945  0.00159315
          80    0.598198    0.596961  0.00157319
          81    0.619054    0.597233   0.0015774
          82     0.58484    0.597082  0.00156536
          83    0.603381    0.597158  0.00154825
          84    0.624904    0.597489  0.00156496
          85    0.621235    0.597768  0.00157147
          86    0.587456    0.597648  0.00155771
          87    0.584642    0.597499  0.00154695
          88    0.612774    0.597672  0.00153909
          89    0.580762    0.597482  0.00153351
          90    0.596933    0.597476  0.00151639
          91    0.583834    0.597326  0.00150711
          92    0.591379    0.597261  0.00149204
          93    0.611371    0.597413  0.00148368
          94    0.598553    0.597425  0.00146786
          95    0.596902     0.59742  0.00145234
          96    0.588481    0.597327  0.00144015
          97    0.594895    0.597302  0.00142544
          98    0.626909    0.597604  0.00144281
          99    0.617827    0.597808  0.00144269
         100      0.6274    0.598104  0.00145853
