           1   -0.819114   -0.819114           0
           2   -0.811645    -0.81538   0.0037348
           3   -0.808638   -0.813133   0.0031143
           4   -0.816723    -0.81403  0.00237808
           5    -0.81707   -0.814638  0.00193976
           6   -0.810746   -0.813989  0.00171152
           7   -0.811841   -0.813682  0.00147871
           8   -0.816042   -0.813977  0.00131412
           9   -0.819777   -0.814622  0.00132604
          10   -0.812792   -0.814439  0.00120008
          11   -0.816766    -0.81465  0.00110594
          12   -0.810368   -0.814293   0.0010708
          13   -0.810286   -0.813985  0.00103209
          14   -0.813334   -0.813939 0.000956662
          15   -0.820106    -0.81435 0.000980939
          16   -0.815356   -0.814413 0.000919737
          17   -0.810607   -0.814189 0.000892474
          18   -0.808244   -0.813859  0.00090393
          19   -0.810509   -0.813682  0.00087302
          20   -0.811265   -0.813561 0.000836994
          21   -0.812842   -0.813527 0.000796877
          22   -0.814029    -0.81355 0.000760134
          23   -0.813674   -0.813555 0.000726353
          24   -0.809758   -0.813397   0.0007132
          25   -0.815109   -0.813466 0.000687494
          26   -0.812442   -0.813426 0.000661697
          27   -0.819634   -0.813656 0.000676952
          28    -0.81165   -0.813585 0.000656252
          29   -0.808562   -0.813411 0.000656479
          30    -0.80799   -0.813231 0.000659459
          31   -0.817398   -0.813365 0.000651841
          32   -0.813969   -0.813384 0.000631424
          33   -0.811991   -0.813342 0.000613445
          34   -0.811451   -0.813286 0.000597721
          35   -0.822063   -0.813537 0.000632252
          36   -0.812934    -0.81352 0.000614666
          37   -0.812111   -0.813482 0.000599034
          38    -0.81508   -0.813524 0.000584572
          39   -0.815042   -0.813563 0.000570715
          40   -0.807362   -0.813408 0.000577459
          41   -0.807625   -0.813267 0.000580594
          42   -0.812182   -0.813241 0.000567191
          43    -0.81277    -0.81323 0.000553952
          44   -0.803672   -0.813013 0.000583184
          45   -0.815163   -0.813061 0.000572076
          46   -0.822254   -0.813261 0.000594127
          47    -0.81486   -0.813295 0.000582344
          48   -0.809838   -0.813223 0.000574614
          49   -0.811737   -0.813192 0.000563581
          50   -0.808462   -0.813098 0.000560239
          51   -0.805193   -0.812943 0.000570599
          52   -0.816454    -0.81301 0.000563579
          53   -0.816441   -0.813075  0.00055662
          54   -0.814792   -0.813107 0.000547139
          55    -0.80874   -0.813027 0.000542936
          56   -0.811097   -0.812993 0.000534266
          57   -0.812606   -0.812986 0.000524853
          58   -0.818126   -0.813075 0.000523284
          59   -0.811332   -0.813045 0.000515186
          60   -0.809187   -0.812981 0.000510591
          61   -0.811682    -0.81296 0.000502602
          62    -0.81177    -0.81294 0.000494801
          63   -0.811056   -0.812911 0.000487802
          64   -0.814234   -0.812931 0.000480564
          65   -0.814666   -0.812958 0.000473865
          66   -0.809926   -0.812912 0.000468886
          67   -0.814238   -0.812932 0.000462259
          68   -0.814453   -0.812954 0.000455959
          69   -0.810513   -0.812919 0.000450693
          70   -0.813526   -0.812927 0.000444293
          71    -0.81485   -0.812954 0.000438827
          72   -0.809401   -0.812905 0.000435495
          73   -0.803256   -0.812773 0.000449368
          74   -0.812804   -0.812773 0.000443254
          75   -0.806331   -0.812687  0.00044566
          76   -0.815634   -0.812726 0.000441463
          77   -0.815127   -0.812757 0.000436806
          78    -0.81055   -0.812729 0.000432097
          79   -0.820667    -0.81283 0.000438267
          80   -0.815992   -0.812869 0.000434556
          81   -0.810695   -0.812842 0.000429996
          82   -0.813078   -0.812845 0.000424729
          83   -0.817962   -0.812907 0.000424086
          84   -0.806503   -0.812831 0.000425886
          85   -0.806574   -0.812757 0.000427235
          86   -0.813122   -0.812761 0.000422259
          87   -0.819778   -0.812842 0.000425097
          88   -0.815094   -0.812867 0.000421018
          89   -0.820741   -0.812956 0.000425557
          90   -0.811495    -0.81294 0.000421115
          91   -0.815183   -0.812964 0.000417191
          92   -0.811047   -0.812943 0.000413157
          93   -0.809136   -0.812903 0.000410736
          94   -0.810302   -0.812875 0.000407283
          95   -0.817146    -0.81292 0.000405474
          96   -0.816213   -0.812954 0.000402692
          97   -0.813961   -0.812965 0.000398654
          98   -0.812339   -0.812958 0.000394616
          99   -0.807402   -0.812902 0.000394622
         100   -0.812191   -0.812895  0.00039072
