           1    0.556172    0.556172           0
           2    0.544744    0.550458    0.005714
           3    0.536992    0.545969  0.00557058
           4    0.558976    0.549221  0.00510774
           5    0.563068     0.55199  0.00482939
           6    0.535368     0.54922  0.00481911
           7    0.549484    0.549258  0.00407306
           8    0.552808    0.549701  0.00355518
           9    0.558844    0.550717  0.00329583
          10      0.5448    0.550126  0.00300668
          11    0.560432    0.551063  0.00287652
          12     0.54568    0.550614  0.00266392
          13    0.540072    0.549803  0.00258115
          14    0.542192    0.549259  0.00245074
          15    0.565652    0.550352  0.00252974
          16     0.54414    0.549964    0.002398
          17    0.538476    0.549288  0.00235171
          18     0.53938    0.548738  0.00228452
          19    0.541464    0.548355  0.00219459
          20    0.548964    0.548385  0.00208219
          21    0.544812    0.548215  0.00198786
          22    0.551224    0.548352  0.00190027
          23    0.546572    0.548275  0.00181742
          24    0.540792    0.547963  0.00176776
          25    0.546104    0.547888  0.00169721
          26    0.546128    0.547821  0.00163203
          27    0.564808     0.54845  0.00169176
          28    0.548768    0.548461  0.00163026
          29    0.538008    0.548101  0.00161381
          30    0.539072      0.5478  0.00158787
          31    0.559788    0.548187  0.00158374
          32    0.544044    0.548057   0.0015389
          33    0.545396    0.547976  0.00149372
          34    0.548216    0.547984  0.00144914
          35    0.568756    0.548577  0.00152717
          36    0.548952    0.548587  0.00148418
          37    0.544956    0.548489  0.00144684
          38     0.54776     0.54847  0.00140838
          39    0.555012    0.548638  0.00138201
          40    0.536252    0.548328  0.00138215
          41    0.535404    0.548013  0.00138438
          42    0.547868     0.54801  0.00135102
          43    0.541052    0.547848  0.00132911
          44     0.52784    0.547393  0.00137587
          45    0.554376    0.547548  0.00135387
          46    0.562752    0.547879  0.00136474
          47     0.55118    0.547949  0.00133723
          48    0.545108     0.54789  0.00131041
          49    0.546484    0.547861  0.00128371
          50    0.538512    0.547674   0.0012716
          51    0.531564    0.547358  0.00128582
          52    0.550992    0.547428  0.00126279
          53    0.552084    0.547516  0.00124184
          54     0.54868    0.547537  0.00121882
          55      0.5345      0.5473  0.00121971
          56    0.545244    0.547264  0.00119829
          57    0.539072     0.54712  0.00118582
          58    0.560192    0.547345   0.0011868
          59     0.54626    0.547327  0.00116665
          60    0.544776    0.547284  0.00114783
          61    0.543572    0.547224   0.0011305
          62    0.545092    0.547189  0.00111265
          63       0.545    0.547154  0.00109539
          64    0.549768    0.547195  0.00107892
          65    0.549008    0.547223  0.00106255
          66    0.540988    0.547129  0.00105059
          67    0.552508    0.547209   0.0010379
          68    0.548864    0.547233  0.00102281
          69    0.540244    0.547132  0.00101295
          70    0.553308     0.54722  0.00100227
          71    0.554212    0.547319 0.000992948
          72    0.546284    0.547304 0.000979165
          73      0.5256    0.547007  0.00101039
          74     0.53898    0.546899  0.00100253
          75    0.535936    0.546752 0.000999817
          76    0.550972    0.546808 0.000988135
          77    0.553076    0.546889 0.000978609
          78    0.540712     0.54681 0.000969222
          79    0.562696    0.547011 0.000977776
          80     0.55116    0.547063 0.000966868
          81    0.544356     0.54703 0.000955442
          82    0.550308     0.54707 0.000944564
          83    0.555652    0.547173 0.000938826
          84    0.534676    0.547024 0.000939438
          85    0.541748    0.546962 0.000930393
          86    0.546488    0.546957 0.000919527
          87    0.561688    0.547126 0.000924534
          88    0.552352    0.547185 0.000915895
          89    0.560424    0.547334 0.000917681
          90    0.546876    0.547329 0.000907442
          91    0.547716    0.547333 0.000897425
          92    0.544316    0.547301 0.000888222
          93      0.5426     0.54725 0.000880072
          94    0.540432    0.547177 0.000873675
          95    0.557052    0.547281 0.000870657
          96    0.559384    0.547407 0.000870714
          97    0.551244    0.547447 0.000862598
          98    0.545816     0.54743 0.000853913
          99    0.539448     0.54735 0.000849081
         100    0.549036    0.547367 0.000840716
