           1     1.83971     1.83971           0
           2     1.94539     1.89255   0.0528413
           3     2.01736     1.93416   0.0515894
           4     1.82663     1.90727   0.0453141
           5     1.84896     1.89561    0.036987
           6     2.01045     1.91475   0.0357544
           7     1.92332     1.91598   0.0302427
           8     1.92773     1.91744   0.0262322
           9     1.84656     1.90957   0.0244386
          10     2.08872     1.92748   0.0282623
          11     1.76548     1.91276   0.0295031
          12      1.9704     1.91756   0.0273575
          13     1.99807     1.92375   0.0259161
          14     1.98433     1.92808   0.0243807
          15     1.74932     1.91616   0.0256357
          16     1.99317     1.92097   0.0244582
          17     1.97081     1.92391   0.0231607
          18     1.89468     1.92228   0.0218964
          19     1.95949     1.92424   0.0208043
          20     1.91739      1.9239   0.0197396
          21     1.92272     1.92384   0.0187762
          22     1.84182     1.92011   0.0182866
          23     1.89407     1.91898   0.0175101
          24      1.8471     1.91599   0.0170301
          25     1.94302     1.91707   0.0163704
          26     1.95403     1.91849   0.0157923
          27     1.83809     1.91551   0.0154852
          28     1.96143     1.91715   0.0150117
          29     1.91271       1.917   0.0144857
          30      1.9863     1.91931   0.0141839
          31     1.71757      1.9128   0.0151839
          32     2.03308     1.91656   0.0151746
          33     1.92332     1.91676    0.014709
          34     1.99189     1.91897   0.0144399
          35     1.87226     1.91764   0.0140847
          36     1.98519     1.91952   0.0138158
          37      1.7889     1.91599   0.0138933
          38     1.89079     1.91532   0.0135389
          39     1.86517     1.91404   0.0132498
          40     1.98852      1.9159   0.0130478
          41     1.90862     1.91572   0.0127268
          42      1.8678     1.91458   0.0124724
          43     2.00423     1.91667   0.0123561
          44      2.0251     1.91913    0.012321
          45        1.85     1.91759   0.0121416
          46     1.84505     1.91602    0.011979
          47       1.904     1.91576   0.0117241
          48     1.91033     1.91565   0.0114778
          49     1.90359      1.9154   0.0112438
          50     2.03021      1.9177   0.0112534
          51      1.9322     1.91798   0.0110342
          52     1.96505     1.91889   0.0108578
          53     1.83578     1.91732   0.0107657
          54     1.93087     1.91757   0.0105675
          55     1.97678     1.91865   0.0104293
          56     2.04756     1.92095   0.0104969
          57     1.91972     1.92093   0.0103111
          58     1.76853      1.9183   0.0104669
          59     1.89601     1.91792   0.0102949
          60     1.90736     1.91775   0.0101234
          61     1.99136     1.91895   0.0100289
          62     1.86132     1.91802  0.00990955
          63     1.93208     1.91825  0.00975354
          64     1.92498     1.91835  0.00960051
          65     1.98928     1.91944  0.00951443
          66      1.9261     1.91954  0.00936971
          67     1.93557     1.91978  0.00923191
          68     1.92425     1.91985  0.00909537
          69     1.96373     1.92048  0.00898512
          70     1.86335     1.91967  0.00889336
          71     1.84876     1.91867  0.00882391
          72     1.94052     1.91897  0.00870578
          73     2.00386     1.92014  0.00866409
          74     2.07504     1.92223  0.00879885
          75     1.99634     1.92322   0.0087368
          76     1.92752     1.92327  0.00862126
          77     1.99309     1.92418  0.00855673
          78     1.95813     1.92462  0.00845752
          79     1.85929     1.92379  0.00839063
          80     1.96417     1.92429  0.00830045
          81     1.96413     1.92479  0.00821207
          82     1.82172     1.92353  0.00820811
          83     1.91695     1.92345    0.008109
          84     2.06817     1.92517  0.00819501
          85     2.00814     1.92615  0.00815664
          86     1.92968     1.92619  0.00806134
          87     1.82176     1.92499  0.00805804
          88     1.94495     1.92522  0.00796918
          89     1.80936     1.92391  0.00798594
          90     1.90168     1.92367  0.00790058
          91      1.9043     1.92345  0.00781617
          92     1.89864     1.92318  0.00773545
          93     1.96562     1.92364  0.00766541
          94      1.8832     1.92321  0.00759562
          95     1.79763     1.92189  0.00763061
          96     1.76703     1.92028   0.0077211
          97     1.89138     1.91998  0.00764689
          98     2.04304     1.92123  0.00767192
          99     2.00095     1.92204   0.0076366
         100     2.16468     1.92447   0.0079397
