           1    0.393137    0.393137           0
           2     0.40503    0.399083  0.00594671
           3    0.379557    0.392575  0.00735879
           4    0.408118     0.39646   0.0064943
           5     0.40833    0.398834   0.0055625
           6    0.389206     0.39723  0.00481691
           7    0.403457    0.398119  0.00416709
           8    0.379244     0.39576  0.00431165
           9    0.387953    0.394892   0.0039002
          10     0.39861    0.395264   0.0035082
          11    0.405619    0.396206  0.00330996
          12    0.397312    0.396298  0.00302297
          13    0.386003    0.395506   0.0028913
          14    0.402316    0.395992  0.00272066
          15    0.398503     0.39616  0.00253832
          16    0.393389    0.395987  0.00238069
          17    0.407037    0.396637  0.00232883
          18    0.390125    0.396275  0.00222524
          19    0.401438    0.396547  0.00212234
          20    0.383965    0.395917  0.00210942
          21    0.402872    0.396249   0.0020336
          22    0.395524    0.396216  0.00193924
          23    0.401985    0.396467  0.00186991
          24    0.389765    0.396187  0.00181195
          25    0.398964    0.396298   0.0017415
          26    0.403778    0.396586  0.00169773
          27    0.397613    0.396624  0.00163409
          28    0.394218    0.396538  0.00157699
          29    0.397068    0.396556  0.00152175
          30    0.400456    0.396686  0.00147588
          31    0.394931     0.39663   0.0014286
          32     0.41239    0.397122   0.0014683
          33    0.383017    0.396695  0.00148591
          34    0.419754    0.397373  0.00159312
          35    0.405655     0.39761  0.00156492
          36    0.417521    0.398163  0.00161828
          37    0.406804    0.398396  0.00159117
          38    0.404616     0.39856  0.00155735
          39    0.414109    0.398959  0.00156841
          40    0.402609     0.39905  0.00153142
          41     0.39509    0.398953  0.00149672
          42    0.396207    0.398888  0.00146211
          43    0.402088    0.398962  0.00142964
          44    0.391553    0.398794  0.00140689
          45    0.406004    0.398954  0.00138457
          46    0.404607    0.399077   0.0013597
          47    0.404468    0.399192  0.00133539
          48    0.390986    0.399021  0.00131841
          49     0.38881    0.398812  0.00130793
          50    0.401475    0.398866  0.00128261
          51    0.390483    0.398701  0.00126791
          52    0.401894    0.398763   0.0012448
          53    0.395087    0.398693  0.00122305
          54    0.395984    0.398643  0.00120124
          55    0.405937    0.398776  0.00118663
          56    0.391912    0.398653  0.00117168
          57    0.401619    0.398705  0.00115211
          58    0.418482    0.399046  0.00118231
          59    0.392413    0.398934  0.00116752
          60     0.39168    0.398813  0.00115425
          61    0.393524    0.398726  0.00113848
          62     0.41034    0.398914  0.00113552
          63    0.387668    0.398735  0.00113152
          64    0.402758    0.398798  0.00111547
          65    0.401442    0.398839  0.00109893
          66    0.378338    0.398528  0.00112585
          67    0.389866    0.398399  0.00111643
          68    0.393338    0.398324   0.0011024
          69    0.380607    0.398067  0.00111624
          70    0.395258    0.398027  0.00110091
          71    0.387095    0.397873  0.00109616
          72    0.394593    0.397828  0.00108179
          73    0.406095    0.397941  0.00107286
          74    0.396838    0.397926  0.00105837
          75    0.397642    0.397922  0.00104417
          76    0.393579    0.397865  0.00103192
          77    0.399364    0.397885  0.00101862
          78    0.390208    0.397786  0.00101028
          79    0.402194    0.397842  0.00099897
          80     0.41017    0.397996 0.000998368
          81    0.396672     0.39798 0.000986101
          82    0.385635    0.397829 0.000985567
          83    0.397836    0.397829  0.00097362
          84    0.392833     0.39777 0.000963797
          85    0.392388    0.397707 0.000954493
          86    0.404397    0.397784 0.000946532
          87    0.397571    0.397782 0.000935592
          88    0.408181      0.3979 0.000932417
          89    0.416211    0.398106 0.000944561
          90     0.39415    0.398062 0.000935041
          91    0.397435    0.398055 0.000924734
          92    0.396005    0.398033 0.000914899
          93    0.407753    0.398137 0.000911023
          94    0.410364    0.398267 0.000910618
          95    0.394787    0.398231 0.000901726
          96    0.384674    0.398089 0.000903388
          97    0.394237     0.39805 0.000894908
          98    0.389934    0.397967 0.000889592
          99    0.407932    0.398068 0.000886296
         100    0.382595    0.397913 0.000890927
