           1     5.39103     5.39103           0
           2     5.94083     5.66593    0.274898
           3     5.74328     5.69171    0.160793
           4      5.9074     5.74564    0.125837
           5     5.80524     5.75756   0.0981987
           6     5.76814     5.75932   0.0801983
           7     5.47073     5.71809   0.0793331
           8     5.45815      5.6856   0.0760005
           9     5.25865     5.63816   0.0821153
          10     5.35233     5.60958   0.0788121
          11      5.3855     5.58921   0.0741417
          12      5.7281     5.60078   0.0686644
          13     5.38409     5.58411   0.0653244
          14     5.78644     5.59857   0.0621814
          15     5.65337     5.60222   0.0580029
          16     5.53209     5.59784   0.0544335
          17      5.5023     5.59222   0.0514393
          18     5.95015      5.6121   0.0524159
          19     5.54047     5.60833   0.0497236
          20      5.5817       5.607   0.0471908
          21     5.72249      5.6125    0.045223
          22      5.6011     5.61198   0.0431215
          23     5.50812     5.60747   0.0414507
          24     5.28389     5.59398   0.0419137
          25     5.79496     5.60202   0.0409981
          26     5.49144     5.59777   0.0396186
          27     5.56609      5.5966   0.0381411
          28     5.83372     5.60506   0.0377167
          29     5.67379     5.60743     0.03647
          30     5.27168     5.59624   0.0369682
          31      5.4786     5.59245   0.0359566
          32     5.70567     5.59599   0.0349941
          33     5.28323     5.58651   0.0352164
          34     5.60564     5.58707   0.0341696
          35     5.52324     5.58525    0.033229
          36     5.59463     5.58551   0.0322939
          37     5.74303     5.58977   0.0316962
          38     5.96884     5.59974   0.0324235
          39     5.92345     5.60804   0.0326537
          40      5.5573     5.60677   0.0318522
          41     5.11814     5.59486   0.0332732
          42     5.62303     5.59553   0.0324783
          43     5.66462     5.59713   0.0317546
          44     5.46879     5.59422   0.0311614
          45     5.66204     5.59572   0.0304983
          46     5.48146     5.59324   0.0299312
          47     5.22293     5.58536   0.0303287
          48      5.5105      5.5838   0.0297311
          49     5.76081     5.58741   0.0293412
          50     5.56212     5.58691   0.0287528
          51     5.69095     5.58895   0.0282572
          52     5.82774     5.59354   0.0280864
          53      5.7175     5.59588   0.0276504
          54     5.69801     5.59777   0.0271994
          55     5.98705     5.60485   0.0276225
          56     5.12449     5.59627   0.0284487
          57     5.61652     5.59662   0.0279474
          58     5.54819     5.59579    0.027474
          59     5.74788     5.59837   0.0271271
          60     5.63438     5.59897   0.0266779
          61     5.44181     5.59639   0.0263631
          62     5.82496     5.60008   0.0261951
          63     5.46177     5.59788   0.0258693
          64     5.73879     5.60008   0.0255569
          65     5.65425     5.60092   0.0251744
          66     5.41179     5.59805   0.0249551
          67     5.85229     5.60185    0.024871
          68     5.94761     5.60693   0.0250246
          69     5.46678      5.6049   0.0247428
          70     5.27557      5.6002   0.0248364
          71     5.48924     5.59863   0.0245339
          72      5.4026     5.59591   0.0243435
          73     5.81343     5.59889   0.0241919
          74     5.48135      5.5973   0.0239156
          75     5.60252     5.59737   0.0235947
          76     5.28558     5.59327   0.0236408
          77      5.4685     5.59165    0.023388
          78     5.52425     5.59078   0.0231023
          79     5.42054     5.58863   0.0229096
          80     5.49916     5.58751   0.0226491
          81     5.61266     5.58782   0.0223698
          82      5.2653     5.58389   0.0224427
          83     5.26652     5.58006    0.022498
          84     5.35908     5.57743   0.0223837
          85     5.74176     5.57937   0.0222031
          86     5.76212     5.58149    0.022046
          87     5.57257     5.58139   0.0217914
          88     6.00769     5.58623   0.0220803
          89     5.44794     5.58468    0.021886
          90     5.82218     5.58732   0.0218018
          91     5.61147     5.58758   0.0215625
          92     5.65891     5.58836   0.0213409
          93      5.4464     5.58683   0.0211653
          94     5.72887     5.58834   0.0209934
          95     5.57653     5.58822   0.0207716
          96     5.13857     5.58354    0.021081
          97     5.36089     5.58124   0.0209884
          98     5.83706     5.58385   0.0209365
          99     5.87987     5.58684   0.0209386
         100     5.67565     5.58773   0.0207471
