           1    -0.71588    -0.71588           0
           2    -0.72444    -0.72016     0.00428
           3     -0.7248   -0.721707  0.00291519
           4   -0.719848   -0.721242  0.00211307
           5   -0.719944   -0.720982  0.00165724
           6   -0.721416   -0.721055  0.00135506
           7   -0.720432   -0.720966  0.00114868
           8   -0.722976   -0.721217  0.00102603
           9   -0.720576   -0.721146 0.000907676
          10   -0.723352   -0.721366 0.000841293
          11   -0.718296   -0.721087 0.000810555
          12   -0.720648   -0.721051 0.000740837
          13   -0.720416   -0.721002 0.000683218
          14   -0.721864   -0.721063 0.000635527
          15   -0.718992   -0.720925 0.000607547
          16   -0.718216   -0.720756 0.000592999
          17    -0.71924   -0.720667 0.000564118
          18   -0.720496   -0.720657 0.000531941
          19   -0.720632   -0.720656 0.000503167
          20   -0.721848   -0.720716 0.000481053
          21    -0.72168   -0.720762 0.000459871
          22   -0.720408   -0.720745 0.000438764
          23   -0.721952   -0.720798 0.000422523
          24   -0.720056   -0.720767 0.000405714
          25   -0.725552   -0.720958  0.00043367
          26   -0.720304   -0.720933 0.000417416
          27   -0.717088   -0.720791  0.00042616
          28   -0.721024   -0.720799 0.000410742
          29   -0.725176    -0.72095 0.000424091
          30   -0.718936   -0.720883 0.000415175
          31   -0.719352   -0.720834 0.000404584
          32   -0.725216   -0.720971 0.000414986
          33   -0.717328    -0.72086 0.000417085
          34   -0.720168    -0.72084 0.000405143
          35   -0.719128   -0.720791 0.000396426
          36   -0.720568   -0.720785 0.000385307
          37   -0.722496   -0.720831 0.000377592
          38   -0.721688   -0.720853 0.000368212
          39   -0.720984   -0.720857 0.000358662
          40    -0.71952   -0.720823 0.000351175
          41   -0.717648   -0.720746  0.00035115
          42   -0.724112   -0.720826 0.000351934
          43   -0.719824   -0.720803 0.000344441
          44   -0.720496   -0.720796 0.000336594
          45   -0.718872   -0.720753 0.000331795
          46    -0.72072   -0.720752 0.000324503
          47   -0.718392   -0.720702  0.00032147
          48   -0.718064   -0.720647 0.000319465
          49   -0.725664    -0.72075 0.000329203
          50   -0.721832   -0.720771 0.000323278
          51   -0.722384   -0.720803  0.00031845
          52   -0.720944   -0.720806 0.000312277
          53   -0.718664   -0.720765 0.000308982
          54    -0.71824   -0.720718 0.000306791
          55   -0.720568   -0.720716 0.000301174
          56    -0.71928    -0.72069 0.000296856
          57   -0.718448   -0.720651 0.000294242
          58   -0.718368   -0.720611 0.000291791
          59   -0.722248   -0.720639 0.000288141
          60   -0.722952   -0.720678 0.000285909
          61   -0.718904   -0.720649 0.000282682
          62   -0.720048   -0.720639 0.000278254
          63    -0.72184   -0.720658 0.000274464
          64   -0.723272   -0.720699 0.000273212
          65    -0.72056   -0.720697 0.000268985
          66   -0.720264    -0.72069 0.000264959
          67   -0.720352   -0.720685 0.000261023
          68    -0.71924   -0.720664 0.000258032
          69   -0.719568   -0.720648 0.000254761
          70   -0.719568   -0.720632 0.000251568
          71   -0.720784   -0.720635 0.000248009
          72   -0.716472   -0.720577 0.000251281
          73   -0.720576   -0.720577 0.000247815
          74   -0.720592   -0.720577 0.000244444
          75   -0.721632   -0.720591 0.000241572
          76   -0.724368   -0.720641 0.000243498
          77   -0.720816   -0.720643 0.000240326
          78   -0.717088   -0.720597 0.000241563
          79   -0.719824   -0.720588 0.000238687
          80   -0.721688   -0.720601 0.000236085
          81   -0.720736   -0.720603 0.000233158
          82   -0.719656   -0.720592 0.000230587
          83    -0.72072   -0.720593 0.000227797
          84   -0.719896   -0.720585 0.000225222
          85    -0.71692   -0.720542 0.000226694
          86   -0.719312   -0.720527 0.000224498
          87   -0.718648   -0.720506 0.000222952
          88   -0.718096   -0.720478 0.000222098
          89   -0.720072   -0.720474 0.000219636
          90   -0.720368   -0.720473 0.000217185
          91   -0.720016   -0.720468 0.000214844
          92     -0.7202   -0.720465 0.000212516
          93   -0.718432   -0.720443 0.000211351
          94    -0.72084   -0.720447 0.000209133
          95    -0.72228   -0.720466 0.000207818
          96    -0.71604    -0.72042 0.000210747
          97   -0.718224   -0.720398 0.000209789
          98   -0.723888   -0.720433  0.00021067
          99   -0.723104    -0.72046 0.000210269
         100   -0.721416    -0.72047 0.000208375
