           1    0.635051    0.635051           0
           2     0.64532    0.640186   0.0051345
           3    0.623753    0.634708  0.00622834
           4     0.64526    0.637346  0.00513374
           5    0.635059    0.636889  0.00400279
           6    0.629668    0.635685  0.00348279
           7    0.649205    0.637617   0.0035206
           8    0.617377    0.635087  0.00396187
           9    0.624723    0.633935  0.00367892
          10     0.63873    0.634415  0.00332528
          11    0.626044    0.633654  0.00310259
          12    0.610288    0.631707  0.00343703
          13    0.627189    0.631359  0.00318065
          14    0.635493    0.631654  0.00295947
          15    0.639703    0.632191  0.00280688
          16    0.617605    0.631279  0.00277936
          17    0.617487    0.630468  0.00273391
          18    0.625111     0.63017  0.00259468
          19    0.662308    0.631862  0.00298073
          20    0.612663    0.630902  0.00298626
          21    0.648312    0.631731  0.00295901
          22    0.627912    0.631557  0.00282664
          23    0.624847    0.631266  0.00271666
          24    0.606369    0.630228  0.00280024
          25    0.626945    0.630097   0.0026891
          26    0.641158    0.630522   0.0026184
          27     0.63939    0.630851  0.00254087
          28    0.638019    0.631107  0.00246179
          29    0.633788    0.631199  0.00237719
          30    0.627412    0.631073  0.00230005
          31    0.632653    0.631124   0.0022252
          32    0.597091     0.63006  0.00240273
          33    0.635292    0.630219  0.00233417
          34    0.633407    0.630313  0.00226642
          35    0.624492    0.630146  0.00220699
          36    0.641728    0.630468   0.0021688
          37    0.639324    0.630707  0.00212291
          38    0.619642    0.630416   0.0020867
          39    0.654784    0.631041  0.00212636
          40    0.629996    0.631015  0.00207269
          41    0.640141    0.631238  0.00203372
          42    0.625132    0.631092  0.00199002
          43    0.608455    0.630566  0.00201324
          44    0.617531    0.630269  0.00198914
          45    0.654544    0.630809  0.00201787
          46    0.638827    0.630983   0.0019812
          47    0.656844    0.631533  0.00201516
          48    0.620563    0.631305  0.00198593
          49    0.592375     0.63051  0.00210099
          50    0.618235    0.630265  0.00207313
          51    0.631991    0.630299  0.00203236
          52    0.623427    0.630167  0.00199727
          53    0.630308    0.630169  0.00195922
          54    0.626172    0.630095  0.00192402
          55    0.658438    0.630611  0.00195775
          56    0.632449    0.630643  0.00192276
          57    0.599065    0.630089   0.0019683
          58    0.635646    0.630185  0.00193643
          59    0.619211    0.629999   0.0019124
          60    0.654654     0.63041  0.00192463
          61    0.629788      0.6304  0.00189284
          62    0.656361    0.630819  0.00190856
          63    0.638896    0.630947  0.00188239
          64    0.632764    0.630975  0.00185296
          65    0.626744     0.63091   0.0018254
          66    0.638193    0.631021  0.00180091
          67    0.623373    0.630906   0.0017775
          68    0.610158    0.630601  0.00177755
          69    0.608767    0.630285  0.00177995
          70    0.620648    0.630147  0.00175973
          71    0.649666    0.630422  0.00175642
          72    0.624139    0.630335  0.00173405
          73    0.637749    0.630436  0.00171314
          74    0.615788    0.630238  0.00170139
          75    0.612608    0.630003  0.00169493
          76    0.629735        0.63  0.00167248
          77    0.632794    0.630036  0.00165102
          78    0.631281    0.630052  0.00162979
          79    0.605075    0.629736   0.0016398
          80    0.651486    0.630008  0.00164184
          81    0.604403    0.629692  0.00165197
          82    0.654348    0.629992  0.00165917
          83    0.656955    0.630317  0.00167094
          84    0.654182    0.630601  0.00167519
          85    0.639503    0.630706  0.00165868
          86    0.662858     0.63108  0.00168137
          87    0.618178    0.630932  0.00166853
          88    0.639963    0.631034  0.00165265
          89    0.642274    0.631161  0.00163885
          90    0.629267    0.631139  0.00162068
          91    0.619799    0.631015  0.00160761
          92    0.623667    0.630935  0.00159204
          93    0.647252     0.63111  0.00158457
          94    0.648207    0.631292  0.00157814
          95    0.628579    0.631264   0.0015617
          96    0.616999    0.631115  0.00155247
          97     0.64381    0.631246  0.00154195
          98    0.617085    0.631102  0.00153296
          99      0.6251    0.631041  0.00151861
         100    0.628279    0.631013   0.0015036
