           1     2.00566     2.00566           0
           2     2.00202     2.00384  0.00182258
           3     1.93355     1.98041   0.0234523
           4     1.76684     1.92702   0.0559102
           5     2.03189     1.94799   0.0481199
           6      1.9101     1.94168   0.0397941
           7      2.0818      1.9617   0.0391389
           8     1.89232     1.95302   0.0349871
           9     1.98684     1.95678   0.0310836
          10     1.93951     1.95505   0.0278556
          11     1.94563      1.9542   0.0252109
          12     1.87157     1.94731   0.0240222
          13     1.88041     1.94217   0.0226885
          14     1.92767     1.94113    0.021031
          15     2.02712     1.94686   0.0204008
          16      1.9004     1.94396   0.0193029
          17     1.85542     1.93875   0.0188651
          18     1.93173     1.93836   0.0177904
          19     2.12752     1.94832   0.0195525
          20     1.87403      1.9446   0.0189173
          21     2.03237     1.94878   0.0184729
          22     2.00365     1.95128    0.017789
          23     1.95645      1.9515   0.0169994
          24     1.84907     1.94723    0.016826
          25     1.95545     1.94756   0.0161422
          26     1.98958     1.94918   0.0155929
          27     1.97879     1.95027   0.0150443
          28     1.96256     1.95071   0.0145037
          29     1.99362     1.95219   0.0140726
          30     1.87863     1.94974   0.0138148
          31     1.89553     1.94799   0.0134757
          32     1.79557     1.94323     0.01389
          33     1.95752     1.94366   0.0134695
          34     2.07488     1.94752   0.0136253
          35     1.94297     1.94739   0.0132309
          36     1.95377     1.94757   0.0128594
          37      1.9558     1.94779    0.012509
          38     1.87104     1.94577   0.0123417
          39     2.05556     1.94859   0.0123464
          40     1.98485     1.94949   0.0120678
          41     1.92761     1.94896   0.0117819
          42     1.98032     1.94971   0.0115222
          43      1.8393     1.94714   0.0115403
          44     1.91415     1.94639   0.0112998
          45     2.03318     1.94832    0.011213
          46     1.96797     1.94874   0.0109748
          47     1.99948     1.94982   0.0107929
          48     1.81778     1.94707   0.0109179
          49     1.81737     1.94443   0.0110155
          50     1.86897     1.94292    0.010898
          51     1.92248     1.94252   0.0106896
          52     1.83647     1.94048   0.0106786
          53     2.02266     1.94203   0.0105893
          54     1.91278     1.94149   0.0104055
          55     2.08174     1.94404    0.010528
          56     1.84531     1.94227   0.0104875
          57     1.96597     1.94269   0.0103103
          58     1.95426     1.94289   0.0101329
          59     1.95563      1.9431  0.00996206
          60     1.99265     1.94393  0.00982936
          61     1.85564     1.94248  0.00977463
          62     1.92901     1.94226  0.00961813
          63     1.99017     1.94303  0.00949473
          64     1.90981     1.94251   0.0093596
          65     1.97945     1.94307    0.009232
          66     1.98927     1.94377  0.00911795
          67     1.97763     1.94428  0.00899503
          68     1.91054     1.94378  0.00887564
          69     1.84841      1.9424  0.00885462
          70     1.85966     1.94122   0.0088069
          71     1.95665     1.94144  0.00868469
          72     1.97371     1.94188  0.00857494
          73     1.96317     1.94218  0.00846169
          74     1.85081     1.94094  0.00843739
          75     1.83455     1.93952  0.00844413
          76     1.88921     1.93886  0.00835854
          77     1.93552     1.93882  0.00824939
          78     1.83094     1.93743  0.00825956
          79     1.98186       1.938  0.00817371
          80     2.04221      1.9393  0.00817535
          81     1.80814     1.93768  0.00823456
          82     2.03705     1.93889   0.0082233
          83     2.08961     1.94071  0.00832408
          84     2.08312      1.9424   0.0083973
          85      1.9406     1.94238  0.00829795
          86     2.05497     1.94369  0.00830474
          87     1.92646     1.94349  0.00821111
          88     1.94777     1.94354  0.00811741
          89     1.90361     1.94309  0.00803822
          90     2.04487     1.94422  0.00802846
          91     1.83638     1.94304   0.0080277
          92     1.98687     1.94352  0.00795424
          93     1.99808      1.9441  0.00789009
          94     1.90831     1.94372  0.00781499
          95     1.98383     1.94414   0.0077438
          96     1.81913     1.94284  0.00777258
          97     1.91934      1.9426  0.00769585
          98     1.90866     1.94225  0.00762478
          99     1.98494     1.94268  0.00755967
         100     1.88217     1.94208  0.00750812
