           1    0.581244    0.581244           0
           2     0.57196    0.576602    0.004642
           3    0.585924    0.579709  0.00410344
           4     0.59908    0.584552   0.0056454
           5    0.579532    0.583548  0.00448668
           6     0.58932     0.58451  0.00378757
           7    0.581988     0.58415  0.00322129
           8     0.59246    0.585189  0.00297685
           9     0.58406    0.585063  0.00262832
          10    0.575708    0.584128  0.00253015
          11    0.577856    0.583557  0.00235855
          12    0.589152    0.584024  0.00220295
          13    0.583504    0.583984  0.00202682
          14    0.582472    0.583876  0.00187957
          15    0.576192    0.583363  0.00182322
          16     0.58198    0.583277  0.00170766
          17      0.5878    0.583543  0.00162598
          18    0.581268    0.583417  0.00153819
          19    0.572536    0.582844  0.00156363
          20    0.590656    0.583235  0.00153395
          21    0.582348    0.583192  0.00145969
          22    0.579412    0.583021  0.00140233
          23    0.588792    0.583271  0.00136326
          24    0.586396    0.583402   0.0013117
          25    0.574992    0.583065  0.00130233
          26    0.577668    0.582858  0.00126834
          27    0.581452    0.582806  0.00122157
          28    0.591564    0.583118  0.00121799
          29     0.58972    0.583346  0.00119708
          30     0.58608    0.583437  0.00116008
          31      0.5772    0.583236  0.00113993
          32    0.591956    0.583508  0.00113687
          33     0.58542    0.583566   0.0011034
          34    0.572836    0.583251  0.00111601
          35    0.579956    0.583157  0.00108774
          36    0.584912    0.583205  0.00105822
          37      0.5864    0.583292  0.00103283
          38    0.586432    0.583374  0.00100868
          39    0.568864    0.583002  0.00105056
          40    0.581964    0.582976  0.00102429
          41     0.58472    0.583019 0.000999902
          42    0.578728    0.582917 0.000981139
          43    0.578676    0.582818 0.000963112
          44    0.580404    0.582763 0.000942567
          45     0.57678     0.58263 0.000930927
          46    0.584412    0.582669 0.000911288
          47      0.5824    0.582663 0.000891707
          48    0.596072    0.582943  0.00091654
          49    0.575676    0.582794 0.000909808
          50    0.584328    0.582825 0.000891954
          51    0.587136     0.58291 0.000878366
          52    0.595888    0.583159 0.000896742
          53    0.579876    0.583097 0.000881838
          54    0.582592    0.583088 0.000865404
          55    0.577172     0.58298 0.000856306
          56     0.57968    0.582921 0.000842938
          57    0.580468    0.582878 0.000829136
          58    0.581472    0.582854 0.000815076
          59    0.579232    0.582793 0.000803491
          60    0.580252     0.58275  0.00079112
          61    0.592648    0.582913 0.000794781
          62    0.591704    0.583054 0.000794611
          63    0.584796    0.583082 0.000782385
          64    0.592916    0.583236 0.000785244
          65    0.576592    0.583133 0.000779796
          66    0.580532    0.583094 0.000768901
          67    0.588108    0.583169 0.000761026
          68    0.589408    0.583261 0.000755345
          69    0.575172    0.583143 0.000753492
          70    0.574068    0.583014 0.000753882
          71    0.581368    0.582991 0.000743549
          72    0.577924     0.58292 0.000736519
          73     0.58834    0.582994 0.000730144
          74    0.589308     0.58308 0.000725245
          75     0.59648    0.583258  0.00073748
          76    0.585144    0.583283 0.000728135
          77     0.59646    0.583454 0.000738711
          78    0.591976    0.583564 0.000737318
          79    0.573364    0.583435 0.000739286
          80    0.578832    0.583377  0.00073225
          81    0.589444    0.583452 0.000727022
          82    0.579196      0.5834 0.000719974
          83    0.583648    0.583403 0.000711253
          84    0.574912    0.583302 0.000709968
          85    0.589052     0.58337 0.000704819
          86    0.584504    0.583383   0.0006967
          87    0.587372    0.583429 0.000690171
          88    0.581904    0.583411 0.000682503
          89    0.596848    0.583562 0.000691474
          90    0.582716    0.583553 0.000683812
          91    0.581392    0.583529 0.000676673
          92     0.58246    0.583517 0.000669378
          93    0.578304    0.583461  0.00066451
          94    0.585632    0.583485 0.000657808
          95    0.587068    0.583522 0.000651939
          96     0.57498    0.583433  0.00065122
          97    0.590832     0.58351  0.00064897
          98    0.591128    0.583587 0.000647001
          99    0.577252    0.583523 0.000643621
         100    0.597516    0.583663 0.000652337
