           1   -0.844641   -0.844641           0
           2     -0.8388    -0.84172   0.0029204
           3   -0.845953   -0.843131  0.00219847
           4   -0.846408    -0.84395  0.00175719
           5   -0.841442   -0.843449   0.0014506
           6   -0.848432   -0.844279  0.00144659
           7   -0.845182   -0.844408  0.00122936
           8   -0.848988   -0.844981  0.00120881
           9    -0.84626   -0.845123  0.00107551
          10   -0.840478   -0.844658  0.00106825
          11   -0.842443   -0.844457 0.000987027
          12   -0.847446   -0.844706 0.000934834
          13   -0.842781   -0.844558 0.000872581
          14   -0.842518   -0.844412 0.000820884
          15   -0.839374   -0.844076 0.000834749
          16   -0.843004   -0.844009 0.000783707
          17   -0.844928   -0.844063 0.000738145
          18   -0.841558   -0.843924 0.000709718
          19   -0.840075   -0.843722 0.000701225
          20   -0.846243   -0.843848 0.000677083
          21    -0.84651   -0.843974 0.000656389
          22   -0.845218   -0.844031 0.000628392
          23   -0.846326   -0.844131 0.000608686
          24   -0.845631   -0.844193 0.000586116
          25    -0.84031   -0.844038 0.000583244
          26   -0.839526   -0.843864 0.000586623
          27    -0.84133   -0.843771 0.000572228
          28   -0.847729   -0.843912 0.000569245
          29   -0.849264   -0.844097 0.000579441
          30   -0.844544   -0.844111 0.000559992
          31   -0.842496   -0.844059 0.000544127
          32   -0.847775   -0.844175 0.000539494
          33   -0.845084   -0.844203 0.000523615
          34   -0.840967   -0.844108 0.000516819
          35   -0.842743   -0.844069 0.000503348
          36    -0.84551   -0.844109 0.000490803
          37   -0.845704   -0.844152 0.000479296
          38    -0.84427   -0.844155 0.000466523
          39   -0.835101   -0.843923 0.000510276
          40   -0.843697   -0.843917 0.000497388
          41   -0.844616   -0.843934 0.000485404
          42   -0.841506   -0.843876 0.000477222
          43   -0.840471   -0.843797 0.000472673
          44   -0.840105   -0.843713 0.000469369
          45   -0.840028   -0.843631 0.000466072
          46    -0.84485   -0.843658 0.000456597
          47   -0.844464   -0.843675 0.000447105
          48   -0.852638   -0.843862 0.000475861
          49   -0.841775   -0.843819  0.00046799
          50    -0.84357   -0.843814 0.000458562
          51   -0.845699   -0.843851 0.000450997
          52   -0.850074   -0.843971 0.000458142
          53   -0.844223   -0.843976  0.00044944
          54   -0.841358   -0.843927 0.000443694
          55    -0.84337   -0.843917  0.00043567
          56    -0.84108   -0.843866 0.000430808
          57    -0.84459   -0.843879 0.000423373
          58   -0.841486   -0.843838  0.00041805
          59   -0.843574   -0.843833 0.000410927
          60   -0.841394   -0.843793  0.00040606
          61   -0.848258   -0.843866    0.000406
          62   -0.848325   -0.843938 0.000405822
          63   -0.844711    -0.84395 0.000399517
          64   -0.850351    -0.84405 0.000405745
          65   -0.840454   -0.843995 0.000403266
          66   -0.841122   -0.843951 0.000399487
          67   -0.846014   -0.843982 0.000394681
          68   -0.847178   -0.844029 0.000391663
          69   -0.836946   -0.843926 0.000399362
          70    -0.83731   -0.843832 0.000404807
          71   -0.841282   -0.843796 0.000400678
          72   -0.839777    -0.84374 0.000398998
          73   -0.846684    -0.84378 0.000395555
          74   -0.844462    -0.84379 0.000390282
          75   -0.848312    -0.84385 0.000389736
          76   -0.844685   -0.843861  0.00038473
          77    -0.85014   -0.843943 0.000388359
          78   -0.845643   -0.843964 0.000383967
          79   -0.838857     -0.8439 0.000384549
          80   -0.842398   -0.843881 0.000380175
          81   -0.845201   -0.843897 0.000375806
          82   -0.840719   -0.843858 0.000373212
          83    -0.84509   -0.843873 0.000368987
          84   -0.841438   -0.843844 0.000365718
          85   -0.844362    -0.84385 0.000361441
          86   -0.844757   -0.843861 0.000357369
          87    -0.84437   -0.843867 0.000353286
          88   -0.840861   -0.843833 0.000350915
          89   -0.851146   -0.843915 0.000356547
          90   -0.844847   -0.843925 0.000352715
          91   -0.839862   -0.843881 0.000351663
          92    -0.84406   -0.843882 0.000347825
          93   -0.838845   -0.843828 0.000348303
          94    -0.84475   -0.843838 0.000344717
          95   -0.844486   -0.843845 0.000341137
          96   -0.838036   -0.843784 0.000342945
          97    -0.84607   -0.843808 0.000340209
          98    -0.84821   -0.843853 0.000339702
          99   -0.842002   -0.843834 0.000336772
         100   -0.850271   -0.843899 0.000339545
