           1    0.264851    0.264851           0
           2    0.263587    0.264219 0.000631787
           3    0.270682    0.266373  0.00218507
           4    0.258905    0.264506  0.00242348
           5    0.266163    0.264838  0.00190625
           6    0.259953    0.264024  0.00175647
           7    0.258453    0.263228  0.00168433
           8    0.257392    0.262498  0.00163092
           9    0.259197    0.262132  0.00148437
          10    0.256922    0.261611  0.00142623
          11    0.252466    0.260779   0.0015347
          12    0.265156    0.261144  0.00144768
          13    0.270217    0.261842  0.00150349
          14    0.252066    0.261144  0.00155729
          15    0.259237    0.261017  0.00145532
          16    0.271974    0.261701  0.00152388
          17    0.266713    0.261996  0.00146148
          18     0.26684    0.262265  0.00140393
          19    0.261943    0.262248  0.00132809
          20    0.258064    0.262039  0.00127719
          21     0.25864    0.261877  0.00122559
          22    0.257264    0.261668  0.00118722
          23    0.258889    0.261547  0.00114084
          24    0.256686    0.261344  0.00111089
          25    0.261347    0.261344  0.00106552
          26    0.262816    0.261401  0.00102529
          27    0.264709    0.261523 0.000994163
          28    0.258707    0.261423 0.000963267
          29    0.261541    0.261427 0.000929467
          30     0.26422     0.26152 0.000902764
          31    0.267204    0.261703 0.000892203
          32    0.256136    0.261529 0.000881219
          33    0.263229    0.261581 0.000855649
          34    0.254248    0.261365 0.000857664
          35    0.266279    0.261506 0.000844549
          36    0.256255     0.26136 0.000833614
          37    0.256153    0.261219 0.000822892
          38    0.251514    0.260964 0.000840678
          39    0.256531     0.26085 0.000826688
          40    0.260006    0.260829 0.000806032
          41     0.26096    0.260832 0.000786134
          42    0.262863     0.26088 0.000768711
          43    0.260485    0.260871 0.000750677
          44    0.260499    0.260863 0.000733467
          45    0.260754     0.26086 0.000716986
          46    0.258974    0.260819 0.000702424
          47    0.257976    0.260759 0.000689975
          48    0.257384    0.260689 0.000679097
          49    0.266183    0.260801 0.000674479
          50    0.263353    0.260852  0.00066282
          51    0.260682    0.260848 0.000649702
          52    0.260393     0.26084 0.000637146
          53    0.262047    0.260862 0.000625424
          54    0.258888    0.260826 0.000614821
          55    0.255924    0.260737 0.000610085
          56     0.27016    0.260905 0.000622275
          57    0.253229     0.26077 0.000625919
          58    0.258274    0.260727 0.000616537
          59    0.258166    0.260684 0.000607551
          60    0.258014    0.260639 0.000598994
          61    0.262181    0.260665 0.000589634
          62    0.258562    0.260631 0.000581036
          63    0.258583    0.260598 0.000572662
          64    0.253831    0.260492 0.000573475
          65    0.260199    0.260488 0.000564601
          66     0.25946    0.260472 0.000556199
          67    0.254724    0.260387 0.000554512
          68    0.256649    0.260332 0.000549055
          69    0.260067    0.260328 0.000541052
          70    0.254087    0.260239 0.000540669
          71    0.251154    0.260111 0.000548141
          72    0.258308    0.260086 0.000541054
          73    0.255871    0.260028 0.000536706
          74    0.263291    0.260072 0.000531237
          75    0.258784    0.260055 0.000524387
          76    0.252397    0.259954 0.000527161
          77    0.266424    0.260038 0.000527012
          78    0.262501     0.26007 0.000521169
          79    0.258424    0.260049 0.000514951
          80    0.266894    0.260134 0.000515623
          81    0.255635    0.260079 0.000512237
          82    0.261389    0.260095 0.000506204
          83    0.263724    0.260139 0.000501976
          84    0.266607    0.260216 0.000501907
          85    0.249863    0.260094 0.000510701
          86     0.25979     0.26009  0.00050474
          87    0.259425    0.260083 0.000498964
          88    0.253846    0.260012 0.000498326
          89     0.26823    0.260104 0.000501274
          90     0.24982     0.25999 0.000508674
          91    0.255136    0.259936 0.000505873
          92    0.255013    0.259883 0.000503198
          93    0.262175    0.259908 0.000498368
          94    0.260036    0.259909  0.00049304
          95    0.254742    0.259855 0.000490844
          96    0.257087    0.259826 0.000486559
          97    0.258771    0.259815  0.00048164
          98    0.259526    0.259812 0.000476709
          99    0.261333    0.259827 0.000472119
         100    0.264186    0.259871 0.000469402
