           1       -0.54       -0.54           0
           2    -0.54196    -0.54098     0.00098
           3   -0.540488   -0.540816 0.000589092
           4   -0.539528   -0.540494 0.000526497
           5   -0.538784   -0.540152 0.000532244
           6   -0.544168   -0.540821 0.000798037
           7    -0.54216   -0.541013 0.000701052
           8   -0.539768   -0.540857 0.000626744
           9    -0.54396   -0.541202 0.000651451
          10   -0.544872   -0.541569 0.000688634
          11   -0.542136    -0.54162 0.000625023
          12   -0.540584   -0.541534 0.000577065
          13   -0.543912   -0.541717 0.000561456
          14   -0.541536   -0.541704 0.000519968
          15   -0.541296   -0.541677 0.000484828
          16   -0.541256   -0.541651 0.000454277
          17     -0.5402   -0.541565 0.000435165
          18   -0.539608   -0.541456 0.000424441
          19   -0.542104   -0.541491 0.000402925
          20   -0.538232   -0.541328 0.000415523
          21    -0.54252   -0.541384 0.000399299
          22   -0.540792   -0.541357 0.000381667
          23   -0.542288   -0.541398 0.000366933
          24    -0.54248   -0.541443 0.000354193
          25   -0.541288   -0.541437 0.000339787
          26   -0.541168   -0.541426  0.00032662
          27   -0.540096   -0.541377  0.00031813
          28   -0.539112   -0.541296 0.000317052
          29   -0.539376    -0.54123 0.000313009
          30   -0.543592   -0.541309 0.000312476
          31   -0.541328   -0.541309 0.000302229
          32   -0.542032   -0.541332 0.000293502
          33     -0.5416    -0.54134 0.000284585
          34   -0.540616   -0.541319 0.000276908
          35   -0.545216    -0.54143 0.000291024
          36   -0.539072   -0.541365 0.000290311
          37   -0.541256   -0.541362 0.000282371
          38   -0.541728   -0.541371 0.000275008
          39    -0.54092    -0.54136 0.000268114
          40   -0.537784    -0.54127 0.000276193
          41    -0.54408   -0.541339 0.000277952
          42    -0.54424   -0.541408  0.00027991
          43   -0.544112   -0.541471 0.000280463
          44   -0.539616   -0.541429 0.000277239
          45   -0.542048   -0.541442 0.000271357
          46   -0.541256   -0.541438 0.000265423
          47    -0.53948   -0.541397 0.000263036
          48     -0.5412   -0.541393 0.000257531
          49   -0.543456   -0.541435 0.000255711
          50   -0.542984   -0.541466 0.000252453
          51   -0.544208    -0.54152 0.000253228
          52   -0.542432   -0.541537  0.00024893
          53   -0.539864   -0.541506  0.00024622
          54   -0.540464   -0.541486 0.000242386
          55    -0.54344   -0.541522 0.000240575
          56    -0.53816   -0.541462 0.000243748
          57   -0.543072    -0.54149 0.000241094
          58     -0.5402   -0.541468 0.000237943
          59    -0.54208   -0.541478 0.000234105
          60   -0.540296   -0.541458 0.000231012
          61   -0.543216   -0.541487 0.000229013
          62   -0.541792   -0.541492 0.000225343
          63   -0.538264   -0.541441 0.000227581
          64   -0.540136    -0.54142 0.000224922
          65    -0.54468   -0.541471 0.000227042
          66    -0.53752   -0.541411  0.00023145
          67      -0.537   -0.541345 0.000237284
          68   -0.541328   -0.541345 0.000233769
          69   -0.542328   -0.541359 0.000230797
          70   -0.540424   -0.541346 0.000227867
          71      -0.542   -0.541355 0.000224824
          72    -0.54152   -0.541357 0.000221691
          73   -0.539968   -0.541338  0.00021946
          74   -0.541176   -0.541336 0.000216485
          75   -0.541016   -0.541332 0.000213622
          76   -0.539408   -0.541306 0.000212306
          77   -0.541808   -0.541313 0.000209632
          78    -0.54052   -0.541303 0.000207177
          79   -0.543648   -0.541332 0.000206681
          80   -0.541984    -0.54134 0.000204243
          81   -0.539872   -0.541322 0.000202519
          82   -0.539992   -0.541306 0.000200691
          83   -0.542096   -0.541316 0.000198487
          84   -0.539392   -0.541293 0.000197442
          85   -0.538712   -0.541262 0.000197454
          86   -0.541144   -0.541261 0.000195149
          87   -0.542136   -0.541271 0.000193155
          88   -0.539616   -0.541252 0.000191871
          89   -0.543576   -0.541278 0.000191492
          90    -0.54044   -0.541269 0.000189581
          91   -0.540808   -0.541264 0.000187554
          92   -0.540016    -0.54125    0.000186
          93   -0.541296   -0.541251  0.00018399
          94   -0.542608   -0.541265 0.000182593
          95   -0.546928   -0.541325  0.00019024
          96   -0.537664   -0.541287 0.000192072
          97   -0.540896   -0.541283 0.000190124
          98    -0.54388   -0.541309 0.000190031
          99      -0.542   -0.541316 0.000188232
         100   -0.542048   -0.541324 0.000186483
