           1     1.94796     1.94796           0
           2     2.07539     2.01168   0.0637188
           3     2.02255      2.0153   0.0369662
           4     2.08694     2.03321   0.0316867
           5     2.08939     2.04445    0.026994
           6      1.9385     2.02679   0.0282418
           7     2.06352     2.03204   0.0244386
           8     1.96925     2.02419   0.0225726
           9     2.01275     2.02292   0.0199477
          10      2.0939     2.03001   0.0192018
          11     2.02984        2.03   0.0173687
          12     1.97939     2.02578   0.0164067
          13     2.10484     2.03186   0.0162713
          14      2.0618       2.034   0.0152154
          15      2.0864     2.03749   0.0145892
          16     2.00629     2.03554   0.0137856
          17     2.04984     2.03639   0.0129766
          18     2.09064      2.0394   0.0126003
          19     2.11483     2.04337   0.0125625
          20     1.98616     2.04051   0.0122563
          21     2.03162     2.04009   0.0116657
          22     2.00368     2.03843   0.0112452
          23     2.05278     2.03906   0.0107633
          24     2.01943     2.03824   0.0103374
          25     1.93434     2.03408    0.010751
          26      1.9628     2.03134   0.0106869
          27     2.04191     2.03173   0.0102909
          28     2.01935     2.03129  0.00992642
          29     2.02964     2.03123  0.00957819
          30     2.06536     2.03237  0.00932308
          31     1.91382     2.02855  0.00979469
          32      2.0763     2.03004  0.00960034
          33     2.03039     2.03005  0.00930488
          34     2.01699     2.02966  0.00903522
          35     2.12142     2.03229  0.00915655
          36     2.01972     2.03194  0.00890541
          37     1.87021     2.02757  0.00970186
          38     2.02934     2.02761  0.00944321
          39     1.97145     2.02617  0.00930994
          40      2.0381     2.02647   0.0090791
          41     2.09333      2.0281  0.00900379
          42     1.95769     2.02643  0.00894531
          43     2.01493     2.02616  0.00873889
          44     2.09472     2.02772    0.008679
          45     2.13567     2.03011  0.00881656
          46     2.02272     2.02995  0.00862427
          47     1.83124     2.02573  0.00943864
          48      2.1372     2.02805  0.00952728
          49      2.1276     2.03008  0.00954944
          50     2.04485     2.03038  0.00936116
          51     2.03251     2.03042  0.00917587
          52     2.11851     2.03211  0.00915578
          53     2.09158     2.03323  0.00905118
          54     2.01318     2.03286  0.00888974
          55     2.15344     2.03505  0.00899776
          56     2.05086     2.03534  0.00884013
          57     2.02271     2.03512  0.00868648
          58     1.99849     2.03448  0.00855873
          59      1.9707      2.0334   0.0084816
          60     2.00202     2.03288  0.00835543
          61     1.99239     2.03222  0.00824408
          62     2.04877     2.03248  0.00811441
          63     1.97827     2.03162   0.0080308
          64     1.96157     2.03053  0.00797976
          65     2.02654     2.03047  0.00785628
          66      1.9888     2.02984  0.00776204
          67     1.98245     2.02913  0.00767795
          68     2.11672     2.03042   0.0076731
          69     2.12778     2.03183  0.00769162
          70     2.07153     2.03239  0.00760214
          71     2.07648     2.03302  0.00751997
          72     2.13461     2.03443  0.00754787
          73     2.02334     2.03427   0.0074453
          74     2.07883     2.03488  0.00736864
          75     1.92238     2.03338  0.00742286
          76     1.97325     2.03259  0.00736715
          77     2.07829     2.03318  0.00729503
          78     1.98034      2.0325  0.00723268
          79     2.05899     2.03284  0.00714841
          80     2.20434     2.03498  0.00737686
          81     2.01741     2.03476  0.00728845
          82     2.10251     2.03559  0.00724627
          83     2.05149     2.03578  0.00716099
          84      1.9903     2.03524  0.00709592
          85     2.06501     2.03559  0.00702069
          86     2.00914     2.03528  0.00694538
          87     2.02876     2.03521   0.0068655
          88      1.9607     2.03436  0.00683964
          89     2.12094     2.03533  0.00683197
          90     2.09111     2.03595  0.00678399
          91     1.99968     2.03556  0.00672086
          92      2.0751     2.03598  0.00666129
          93     2.04435     2.03607  0.00658989
          94     2.13923     2.03717  0.00661113
          95      2.0597     2.03741  0.00654547
          96     1.97846      2.0368  0.00650597
          97     2.06544     2.03709  0.00644532
          98     2.00987     2.03681  0.00638525
          99     2.16512     2.03811  0.00645193
         100     2.17176     2.03945  0.00652542
