           1     8.24635     8.24635           0
           2      8.4133     8.32982   0.0834737
           3     8.53411     8.39792   0.0834254
           4     8.07652     8.31757   0.0996792
           5     9.09149     8.47236    0.172974
           6     8.64737     8.50152    0.144213
           7     8.21966     8.46126    0.128361
           8     8.60647     8.47941    0.112636
           9      8.5554     8.48785   0.0996941
          10     8.48031      8.4871   0.0891723
          11     9.53522     8.58238    0.124839
          12     9.27855      8.6404    0.127879
          13     8.28359     8.61295    0.120791
          14     9.52269     8.67793     0.12934
          15     7.78269     8.61825    0.134388
          16     8.73558     8.62558    0.125922
          17        8.77     8.63408    0.118588
          18     8.59829     8.63209    0.111824
          19     9.23751     8.66395     0.11047
          20     8.85573     8.67354    0.105239
          21     8.73841     8.67663     0.10015
          22     8.29207     8.65915   0.0970757
          23     8.63418     8.65806   0.0927654
          24     9.19382     8.68039   0.0915785
          25      8.7578     8.68348   0.0878935
          26     8.69565     8.68395   0.0844467
          27     8.53065     8.67827    0.081457
          28     9.02508     8.69066   0.0794651
          29     9.33922     8.71302   0.0798709
          30      9.5432      8.7407   0.0819746
          31     8.51293     8.73335   0.0796258
          32     8.48306     8.72553   0.0774931
          33     8.09453     8.70641   0.0775039
          34     8.94928     8.71355   0.0755284
          35     8.84328     8.71726   0.0734323
          36     8.17496     8.70219   0.0729359
          37      8.9327     8.70842   0.0712103
          38     9.26749     8.72314   0.0708553
          39     8.38433     8.71445   0.0695592
          40     8.74746     8.71527    0.067803
          41     8.40482      8.7077   0.0665607
          42      8.7374     8.70841   0.0649604
          43     8.87881     8.71237   0.0635554
          44     8.61259      8.7101   0.0621356
          45     8.46251      8.7046   0.0609878
          46     8.44948     8.69906   0.0599045
          47      8.6641     8.69831   0.0586208
          48     7.96206     8.68297    0.059401
          49     8.66996     8.68271   0.0581768
          50     7.77565     8.66457   0.0598185
          51     9.60982      8.6831   0.0614935
          52     8.52949     8.68015   0.0603717
          53     9.29293     8.69171   0.0603397
          54     8.63571     8.69067   0.0592208
          55     8.28996     8.68339   0.0585889
          56     9.48029     8.69762   0.0592669
          57     8.86117     8.70049   0.0582885
          58     8.63075     8.69928   0.0572874
          59     8.16568     8.69024   0.0570297
          60     8.11988     8.68073   0.0568713
          61     8.87501     8.68392   0.0560218
          62     8.97963     8.68869   0.0553168
          63     9.53148     8.70207   0.0560515
          64     8.61732     8.70074   0.0551846
          65     8.13303     8.69201   0.0550266
          66     8.87125     8.69472   0.0542544
          67     8.06057     8.68526   0.0542703
          68     9.06835     8.69089   0.0537622
          69     8.40989     8.68682   0.0531336
          70     8.32189     8.68161   0.0526279
          71     8.78169     8.68302   0.0519005
          72     8.42846     8.67948   0.0512966
          73     7.99416     8.67009   0.0514527
          74     8.94553     8.67381    0.050889
          75     8.40752     8.67026   0.0503313
          76     8.21931     8.66433   0.0500178
          77     8.25533     8.65902   0.0496489
          78     9.08406     8.66447   0.0493103
          79     8.94768     8.66805   0.0488139
          80     8.91727     8.67117   0.0483004
          81     9.01817     8.67545   0.0478924
          82     8.70692     8.67584   0.0473063
          83     8.43395     8.67292   0.0468236
          84     8.90357     8.67567   0.0463443
          85     8.34715      8.6718   0.0459586
          86     8.83265     8.67367   0.0454595
          87     9.83109     8.68698    0.046862
          88     8.67511     8.68684   0.0463266
          89     8.56632     8.68549   0.0458232
          90     7.99762     8.67784   0.0459512
          91     9.30285     8.68471   0.0459596
          92     9.13971     8.68966   0.0457255
          93     8.28073     8.68526   0.0454444
          94     9.12028     8.68989   0.0451959
          95     9.02217     8.69339   0.0448542
          96     8.12883     8.68751   0.0447724
          97     8.03668      8.6808   0.0448136
          98     9.07385     8.68481   0.0445349
          99     9.47047     8.69274   0.0447914
         100     8.65815      8.6924   0.0443426
