           1   -0.780752   -0.780752           0
           2   -0.781736   -0.781244    0.000492
           3   -0.787352    -0.78328  0.00205572
           4   -0.777456   -0.781824  0.00205741
           5   -0.783624   -0.782184  0.00163382
           6   -0.783496   -0.782403  0.00135181
           7   -0.783336   -0.782536  0.00115024
           8   -0.784784   -0.782817  0.00103501
           9   -0.781824   -0.782707 0.000919439
          10   -0.782552   -0.782691 0.000822517
          11   -0.779608   -0.782411 0.000795042
          12   -0.787744   -0.782855 0.000851032
          13   -0.781096    -0.78272 0.000794447
          14    -0.78512   -0.782891 0.000755229
          15   -0.775768   -0.782417 0.000848438
          16    -0.78164   -0.782368 0.000795123
          17    -0.78128   -0.782304 0.000749625
          18   -0.783144   -0.782351 0.000708293
          19   -0.783424   -0.782407 0.000672355
          20    -0.78424   -0.782499 0.000644402
          21   -0.783088   -0.782527  0.00061359
          22   -0.778472   -0.782343 0.000613382
          23    -0.78364   -0.782399 0.000588815
          24   -0.782584   -0.782407   0.0005638
          25   -0.785296   -0.782522  0.00055299
          26   -0.782304   -0.782514 0.000531362
          27   -0.778928   -0.782381  0.00052827
          28     -0.7806   -0.782317 0.000513013
          29    -0.78428   -0.782385 0.000499611
          30   -0.786576   -0.782525  0.00050248
          31   -0.779432   -0.782425 0.000496135
          32   -0.788056   -0.782601 0.000511596
          33   -0.782688   -0.782604 0.000495858
          34   -0.779824   -0.782522  0.00048795
          35   -0.782216   -0.782513 0.000473884
          36   -0.781456   -0.782484 0.000461468
          37   -0.784448   -0.782537 0.000451951
          38   -0.782904   -0.782547 0.000440003
          39   -0.782032   -0.782533 0.000428775
          40   -0.779984    -0.78247  0.00042275
          41   -0.781456   -0.782445 0.000413051
          42   -0.781864   -0.782431 0.000403334
          43   -0.784776   -0.782486   0.0003976
          44   -0.785632   -0.782557 0.000394985
          45   -0.781096   -0.782525 0.000387471
          46   -0.783336   -0.782542 0.000379364
          47   -0.783472   -0.782562 0.000371732
          48   -0.781952   -0.782549 0.000364127
          49   -0.785328   -0.782606 0.000361099
          50   -0.783664   -0.782627 0.000354435
          51    -0.78512   -0.782676 0.000350838
          52    -0.78204   -0.782664 0.000344242
          53   -0.781408    -0.78264 0.000338515
          54    -0.78388   -0.782663 0.000332979
          55   -0.783104   -0.782671 0.000326967
          56   -0.784616   -0.782706 0.000322948
          57   -0.780512   -0.782667 0.000319558
          58   -0.781024   -0.782639 0.000315276
          59   -0.784384   -0.782669 0.000311295
          60   -0.783656   -0.782685 0.000306504
          61   -0.782408   -0.782681 0.000301472
          62   -0.781072   -0.782655 0.000297702
          63   -0.786608   -0.782717 0.000299585
          64   -0.784624   -0.782747 0.000296368
          65   -0.778816   -0.782687 0.000297975
          66   -0.784024   -0.782707 0.000294124
          67    -0.78332   -0.782716 0.000289846
          68   -0.783336   -0.782725 0.000285697
          69   -0.780096   -0.782687 0.000284093
          70   -0.779328   -0.782639 0.000284087
          71   -0.783664   -0.782654 0.000280429
          72   -0.780248    -0.78262 0.000278518
          73   -0.782184   -0.782614 0.000274741
          74   -0.784464   -0.782639 0.000272153
          75   -0.781448   -0.782623 0.000268969
          76   -0.784936   -0.782654 0.000267146
          77    -0.78268   -0.782654 0.000263654
          78   -0.785048   -0.782685 0.000262055
          79   -0.781024   -0.782664 0.000259569
          80   -0.781744   -0.782652 0.000256562
          81   -0.784552   -0.782676 0.000254458
          82   -0.781368    -0.78266 0.000251841
          83    -0.78232   -0.782656 0.000248822
          84   -0.779792   -0.782622 0.000248194
          85   -0.779344   -0.782583  0.00024827
          86   -0.779688   -0.782549 0.000247664
          87   -0.789488   -0.782629 0.000257465
          88   -0.780048     -0.7826 0.000256207
          89   -0.784032   -0.782616 0.000253823
          90   -0.782016   -0.782609 0.000251075
          91   -0.782872   -0.782612 0.000248317
          92   -0.784144   -0.782629 0.000246167
          93   -0.778848   -0.782588 0.000246876
          94   -0.784352   -0.782607 0.000244955
          95   -0.783384   -0.782615 0.000242501
          96   -0.778224   -0.782569 0.000244282
          97   -0.778064   -0.782523 0.000246172
          98   -0.785384   -0.782552  0.00024539
          99   -0.785672   -0.782584 0.000244935
         100   -0.785296   -0.782611 0.000243985
