           1    0.414745    0.414745           0
           2    0.423882    0.419314  0.00456819
           3    0.407971    0.415533  0.00461002
           4     0.44867    0.423817  0.00890255
           5     0.44963     0.42898  0.00861432
           6    0.417486    0.427064  0.00728977
           7    0.429744    0.427447  0.00617286
           8    0.390745    0.422859  0.00704449
           9    0.446185    0.425451  0.00673158
          10    0.431524    0.426058  0.00605146
          11    0.459107    0.429063   0.0062441
          12     0.43475    0.429536  0.00571973
          13    0.416962    0.428569  0.00534956
          14    0.432436    0.428845  0.00496043
          15    0.430751    0.428972  0.00461965
          16    0.422127    0.428545  0.00434242
          17    0.448051    0.429692  0.00423731
          18    0.419104    0.429104  0.00403804
          19    0.419268    0.428586  0.00385452
          20    0.424134    0.428364  0.00366349
          21    0.421127    0.428019  0.00350167
          22    0.439308    0.428532  0.00337791
          23    0.423917    0.428331  0.00323394
          24    0.416339    0.427832  0.00313632
          25    0.410032     0.42712  0.00309136
          26    0.428985    0.427191  0.00297095
          27    0.442086    0.427743  0.00291154
          28     0.44697     0.42843  0.00288843
          29    0.444627    0.428988  0.00284247
          30    0.436066    0.429224   0.0027562
          31    0.437505    0.429491  0.00267916
          32    0.424531    0.429336  0.00259871
          33    0.424907    0.429202   0.0025223
          34    0.441864    0.429575  0.00247517
          35    0.434059    0.429703  0.00240683
          36    0.427778    0.429649  0.00233962
          37    0.443358     0.43002  0.00230548
          38     0.41922    0.429736  0.00226191
          39    0.430362    0.429752  0.00220321
          40    0.448957    0.430232  0.00220045
          41    0.419127    0.429961  0.00216313
          42    0.419814    0.429719  0.00212478
          43    0.441719    0.429998  0.00209346
          44    0.423763    0.429857  0.00205023
          45     0.43774    0.430032   0.0020118
          46    0.440381    0.430257   0.0019804
          47    0.420775    0.430055  0.00194827
          48    0.402617    0.429483  0.00199108
          49    0.443343    0.429766  0.00197042
          50    0.435449     0.42988  0.00193396
          51    0.437187    0.430023  0.00190106
          52    0.420237    0.429835  0.00187362
          53    0.441933    0.430063  0.00185205
          54    0.439312    0.430235  0.00182548
          55    0.414207    0.429943  0.00181552
          56    0.443221     0.43018  0.00179851
          57    0.449829    0.430525  0.00179999
          58    0.427519    0.430473  0.00176944
          59     0.43644    0.430574  0.00174213
          60    0.438697     0.43071  0.00171819
          61    0.445356     0.43095  0.00170676
          62     0.44088     0.43111  0.00168663
          63    0.436397    0.431194  0.00166176
          64    0.432952    0.431221  0.00163582
          65     0.42757    0.431165  0.00161144
          66    0.423542     0.43105  0.00159103
          67    0.425034     0.43096  0.00156968
          68    0.444636    0.431161  0.00155944
          69    0.422258    0.431032  0.00154208
          70    0.421453    0.430895  0.00152604
          71    0.418075    0.430715  0.00151519
          72    0.459609    0.431116  0.00154696
          73    0.423004    0.431005  0.00152966
          74    0.429912     0.43099  0.00150892
          75     0.42216    0.430872  0.00149332
          76     0.43674    0.430949  0.00147556
          77     0.42475    0.430869  0.00145849
          78    0.420332    0.430734    0.001446
          79     0.43851    0.430832  0.00143096
          80    0.434677     0.43088  0.00141378
          81    0.429921    0.430868  0.00139627
          82     0.41462     0.43067   0.0013933
          83    0.430292    0.430666  0.00137642
          84    0.437538    0.430748  0.00136239
          85    0.440778    0.430866  0.00135143
          86    0.441559     0.43099   0.0013414
          87    0.440353    0.431098  0.00133025
          88    0.446121    0.431268  0.00132608
          89    0.448872    0.431466  0.00132593
          90    0.423806    0.431381  0.00131388
          91    0.425046    0.431311  0.00130122
          92    0.411485    0.431096  0.00130492
          93    0.419774    0.430974  0.00129654
          94    0.424187    0.430902   0.0012847
          95    0.436214    0.430958  0.00127234
          96    0.422261    0.430867  0.00126227
          97    0.424993    0.430807  0.00125066
          98     0.44003    0.430901   0.0012414
          99    0.438009    0.430973  0.00123089
         100    0.414287    0.430806  0.00122989
