           1   -0.815186   -0.815186           0
           2    -0.80727   -0.811228    0.003958
           3   -0.817231   -0.813229  0.00303738
           4   -0.811574   -0.812816  0.00218724
           5   -0.811631   -0.812579  0.00171071
           6   -0.818806   -0.813617  0.00174013
           7   -0.813502     -0.8136  0.00147077
           8    -0.81753   -0.814091  0.00136515
           9    -0.81867     -0.8146    0.001307
          10   -0.809494   -0.814089  0.00127568
          11   -0.811581   -0.813861  0.00117622
          12   -0.817354   -0.814152  0.00111247
          13   -0.811658   -0.813961  0.00104116
          14   -0.815053   -0.814039 0.000967075
          15   -0.808146   -0.813646 0.000982282
          16   -0.813415   -0.813631 0.000918954
          17   -0.809194    -0.81337 0.000901801
          18   -0.810599   -0.813216 0.000864051
          19   -0.809255   -0.813008 0.000843482
          20   -0.814284   -0.813072 0.000802737
          21   -0.824799    -0.81363 0.000945984
          22   -0.814624   -0.813675 0.000903091
          23   -0.816042   -0.813778 0.000869045
          24   -0.812844   -0.813739 0.000832957
          25   -0.814355   -0.813764 0.000799324
          26   -0.811494   -0.813677 0.000772911
          27    -0.81193   -0.813612 0.000746543
          28    -0.81397   -0.813625 0.000719501
          29   -0.816387    -0.81372 0.000700752
          30   -0.815703   -0.813786 0.000680211
          31   -0.808558   -0.813617 0.000679178
          32   -0.818997   -0.813786 0.000678757
          33    -0.81574   -0.813845 0.000660528
          34    -0.81102   -0.813762  0.00064617
          35   -0.813534   -0.813755  0.00062747
          36   -0.811626   -0.813696 0.000612652
          37   -0.815948   -0.813757 0.000598964
          38   -0.814765   -0.813783 0.000583592
          39   -0.804763   -0.813552 0.000613684
          40   -0.815292   -0.813596 0.000599724
          41   -0.812594   -0.813571 0.000585424
          42   -0.812408   -0.813543 0.000571986
          43   -0.813045   -0.813532 0.000558646
          44   -0.811528   -0.813486 0.000547699
          45   -0.808838   -0.813383 0.000545265
          46   -0.813702    -0.81339 0.000533325
          47   -0.811579   -0.813351 0.000523275
          48    -0.81648   -0.813417 0.000516387
          49   -0.811395   -0.813375 0.000507418
          50   -0.814325   -0.813394 0.000497529
          51   -0.813919   -0.813405 0.000487785
          52   -0.817013   -0.813474 0.000483319
          53    -0.81347   -0.813474 0.000474112
          54   -0.810282   -0.813415 0.000468988
          55   -0.814326   -0.813431  0.00046068
          56   -0.809881   -0.813368 0.000456801
          57   -0.810831   -0.813324 0.000450917
          58   -0.808808   -0.813246 0.000449862
          59   -0.813689   -0.813253 0.000442236
          60   -0.808517   -0.813174  0.00044191
          61   -0.815614   -0.813214 0.000436442
          62   -0.815332   -0.813248 0.000430701
          63   -0.812708    -0.81324 0.000423896
          64   -0.814782   -0.813264 0.000417916
          65   -0.809784    -0.81321 0.000414905
          66    -0.81022   -0.813165 0.000411075
          67   -0.813427   -0.813169 0.000404912
          68   -0.814469   -0.813188  0.00039937
          69   -0.802922   -0.813039 0.000420728
          70   -0.806594   -0.812947 0.000424772
          71   -0.809535   -0.812899 0.000421495
          72    -0.81155    -0.81288 0.000416022
          73   -0.815445   -0.812916 0.000411785
          74   -0.815449    -0.81295 0.000407622
          75   -0.816993   -0.813004 0.000405747
          76   -0.814316   -0.813021 0.000400745
          77   -0.815232    -0.81305 0.000396547
          78   -0.815739   -0.813084 0.000392946
          79    -0.81118    -0.81306 0.000388688
          80   -0.809998   -0.813022 0.000385703
          81   -0.813428   -0.813027 0.000380944
          82   -0.807613   -0.812961 0.000382018
          83   -0.811422   -0.812942 0.000377843
          84   -0.810333   -0.812911 0.000374608
          85   -0.813439   -0.812917 0.000370226
          86   -0.815169   -0.812944 0.000366831
          87    -0.81256   -0.812939 0.000362617
          88   -0.808912   -0.812893 0.000361382
          89    -0.81919   -0.812964 0.000364235
          90   -0.812342   -0.812957 0.000360231
          91   -0.806975   -0.812892 0.000362265
          92   -0.813129   -0.812894 0.000358315
          93   -0.809502   -0.812858 0.000356313
          94   -0.810775   -0.812835 0.000353197
          95   -0.810566   -0.812812 0.000350275
          96   -0.807486   -0.812756 0.000351019
          97   -0.814612   -0.812775 0.000347908
          98   -0.816756   -0.812816 0.000346727
          99   -0.811046   -0.812798 0.000343673
         100   -0.818662   -0.812857 0.000345235
