           1     1.91633     1.91633           0
           2     1.95792     1.93713   0.0207928
           3     1.92827     1.93417   0.0123628
           4     1.82609     1.90715   0.0283996
           5     2.00129     1.92598   0.0289554
           6     1.98787     1.93629    0.025794
           7     2.05882      1.9538   0.0279574
           8     1.80121     1.93473    0.030822
           9     1.95401     1.93687   0.0272668
          10     1.90323      1.9335   0.0246191
          11     1.92368     1.93261   0.0222867
          12     1.83257     1.92427   0.0219867
          13     1.89103     1.92172   0.0203859
          14     1.91246     1.92106   0.0188852
          15     1.94901     1.92292   0.0176797
          16     1.86555     1.91933    0.016922
          17     1.85208     1.91538   0.0163803
          18     1.97977     1.91895   0.0158525
          19     2.00184     1.92332   0.0156165
          20      1.9026     1.92228   0.0148513
          21     2.02534     1.92719   0.0149547
          22      1.9538      1.9284   0.0143099
          23     1.91094     1.92764   0.0136946
          24     1.88197     1.92574    0.013249
          25     1.91995      1.9255   0.0127101
          26      1.9471     1.92634   0.0122397
          27     1.97852     1.92827   0.0119352
          28     1.95386     1.92918   0.0115373
          29     1.97765     1.93085   0.0112571
          30     1.92506     1.93066   0.0108771
          31     1.99972     1.93289   0.0107537
          32     1.83832     1.92993   0.0108235
          33     1.83481     1.92705   0.0108792
          34     1.95155     1.92777    0.010579
          35     1.96194     1.92875   0.0103185
          36     1.92964     1.92877   0.0100278
          37     1.94347     1.92917  0.00976114
          38     1.93452     1.92931  0.00950184
          39     1.97871     1.93058  0.00934129
          40     1.90015     1.92982  0.00913648
          41     2.02801     1.93221  0.00922713
          42     1.98078     1.93337  0.00907872
          43     1.84847     1.93139  0.00908229
          44     1.87866     1.93019  0.00895406
          45     2.02496      1.9323   0.0090026
          46     1.90703     1.93175  0.00882184
          47     2.04595     1.93418  0.00896755
          48      1.9451     1.93441  0.00878169
          49     1.82594     1.93219  0.00888092
          50     1.73841     1.92832  0.00952557
          51     1.97976     1.92933  0.00939126
          52     1.82837     1.92739  0.00941132
          53     2.05309     1.92976  0.00953184
          54     1.95421     1.93021  0.00936461
          55     2.01307     1.93172  0.00931542
          56     1.89579     1.93108  0.00917003
          57     1.88355     1.93024  0.00904622
          58     1.88997     1.92955  0.00891596
          59     1.88305     1.92876   0.0087989
          60     2.06388     1.93101  0.00893933
          61     1.93998     1.93116  0.00879279
          62     1.89542     1.93058    0.008669
          63     1.93506     1.93065  0.00853058
          64     1.99507     1.93166  0.00845635
          65     1.95053     1.93195   0.0083303
          66     1.98379     1.93274  0.00824064
          67     1.82374     1.93111  0.00827812
          68     1.88554     1.93044  0.00818296
          69     1.93174     1.93046  0.00806352
          70     1.86715     1.92955  0.00799878
          71     1.95644     1.92993  0.00789441
          72     1.87549     1.92918  0.00782063
          73     1.90312     1.92882  0.00772101
          74      1.7588     1.92652  0.00795498
          75     1.87944     1.92589  0.00787326
          76     1.92344     1.92586  0.00776904
          77     1.88473     1.92533  0.00768606
          78      1.8961     1.92495  0.00759613
          79     1.98123     1.92566  0.00753312
          80     1.96821      1.9262  0.00745735
          81     1.89074     1.92576  0.00737771
          82     2.02874     1.92701  0.00739461
          83     2.06275     1.92865  0.00748581
          84     2.08424      1.9305  0.00762455
          85     1.95889     1.93084  0.00754172
          86     1.87657      1.9302  0.00748017
          87     1.89125     1.92976  0.00740723
          88     1.92184     1.92967  0.00732313
          89     1.98106     1.93024  0.00726337
          90      1.9236     1.93017  0.00718259
          91     1.78961     1.92863  0.00726923
          92     2.00858      1.9295  0.00724212
          93     1.95975     1.92982   0.0071712
          94     1.92238     1.92974  0.00709494
          95     1.92523     1.92969  0.00702002
          96     1.85168     1.92888  0.00699388
          97      1.8733     1.92831  0.00694508
          98     1.87331     1.92775  0.00689672
          99     2.00903     1.92857   0.0068759
         100     1.87033     1.92799  0.00683166
