           1    0.549092    0.549092           0
           2    0.533512    0.541302     0.00779
           3    0.555916    0.546173  0.00663008
           4    0.551152    0.547418  0.00485058
           5    0.543836    0.546702  0.00382493
           6    0.551548    0.547509  0.00322581
           7    0.542992    0.546864  0.00280164
           8    0.558248    0.548287   0.0028128
           9    0.554148    0.548938  0.00256471
          10    0.538468    0.547891   0.0025216
          11    0.540784    0.547245  0.00237062
          12    0.555408    0.547925  0.00226846
          13    0.544292    0.547646  0.00210531
          14    0.550984    0.547884  0.00196367
          15    0.537448    0.547189    0.001956
          16    0.548236    0.547254  0.00183084
          17    0.541332    0.546906   0.0017547
          18    0.544516    0.546773  0.00165967
          19    0.538196    0.546321   0.0016335
          20     0.55062    0.546536  0.00156451
          21    0.559756    0.547166  0.00161581
          22     0.54532    0.547082   0.0015429
          23    0.552288    0.547308  0.00149157
          24      0.5479    0.547333  0.00142828
          25    0.546576    0.547303  0.00137029
          26    0.545992    0.547252   0.0013175
          27    0.545048    0.547171  0.00127039
          28    0.547492    0.547182  0.00122423
          29    0.548496    0.547227  0.00118213
          30    0.551596    0.547373  0.00115129
          31    0.534588    0.546961  0.00118746
          32    0.559184    0.547343  0.00121154
          33     0.55366    0.547534  0.00118976
          34     0.53934    0.547293  0.00117913
          35    0.547028    0.547285  0.00114497
          36    0.543532    0.547181  0.00111758
          37     0.55162    0.547301  0.00109356
          38    0.550984    0.547398  0.00106879
          39    0.534256    0.547061  0.00109421
          40     0.55162    0.547175  0.00107258
          41    0.542728    0.547067   0.0010517
          42     0.54296    0.546969    0.001031
          43    0.548424    0.547003   0.0010073
          44     0.54544    0.546967 0.000984785
          45    0.538628    0.546782 0.000980327
          46    0.547952    0.546807 0.000959116
          47    0.541496    0.546694 0.000945267
          48     0.54832    0.546728 0.000925984
          49    0.543776    0.546668 0.000908888
          50    0.553664    0.546808  0.00090145
          51    0.549076    0.546852 0.000884717
          52    0.557864    0.547064 0.000893007
          53    0.544912    0.547023 0.000876937
          54    0.544252    0.546972 0.000862073
          55    0.543192    0.546903  0.00084904
          56    0.543204    0.546837 0.000836354
          57    0.539836    0.546715 0.000830682
          58     0.54348    0.546659 0.000818137
          59    0.547284    0.546669 0.000804221
          60    0.535544    0.546484 0.000812153
          61    0.552268    0.546579 0.000804337
          62     0.55334    0.546688 0.000798737
          63     0.54858    0.546718  0.00078653
          64    0.548112     0.54674  0.00077445
          65      0.5402    0.546639 0.000769051
          66     0.54398    0.546599  0.00075838
          67    0.554296    0.546714 0.000755758
          68    0.550904    0.546775 0.000747107
          69    0.529048    0.546518 0.000779741
          70    0.536932    0.546381 0.000780628
          71    0.543076    0.546335 0.000770961
          72    0.546988    0.546344 0.000760232
          73    0.550264    0.546398 0.000751666
          74    0.559204    0.546571 0.000761368
          75    0.554244    0.546673 0.000758084
          76      0.5481    0.546692 0.000748278
          77       0.553    0.546774 0.000743027
          78    0.553736    0.546863  0.00073885
          79      0.5425    0.546808 0.000731526
          80    0.542792    0.546757 0.000724066
          81     0.55158    0.546817 0.000717545
          82    0.539064    0.546722 0.000715019
          83    0.542472    0.546671 0.000708206
          84    0.537624    0.546564 0.000707965
          85    0.550236    0.546607 0.000700919
          86    0.550324     0.54665 0.000694068
          87     0.54724    0.546657 0.000686078
          88     0.54388    0.546625  0.00067897
          89    0.558748    0.546761 0.000684978
          90    0.545152    0.546744  0.00067756
          91    0.542036    0.546692 0.000672067
          92    0.544804    0.546671 0.000665038
          93    0.545192    0.546655 0.000658041
          94    0.540836    0.546593  0.00065394
          95    0.548268    0.546611  0.00064726
          96    0.538468    0.546526 0.000646074
          97     0.55458    0.546609 0.000644747
          98     0.55482    0.546693 0.000643611
          99    0.539708    0.546623 0.000640972
         100    0.558068    0.546737  0.00064477
