           1     0.59042     0.59042           0
           2    0.605489    0.597954  0.00753473
           3    0.599765    0.598558  0.00439184
           4    0.600995    0.599167  0.00316471
           5    0.614462    0.602226  0.00392008
           6    0.612175    0.603884  0.00360473
           7    0.599695    0.603286  0.00310477
           8    0.582043     0.60063  0.00377897
           9    0.593923    0.599885  0.00341505
          10    0.598062    0.599703  0.00305995
          11    0.576632    0.597606   0.0034727
          12    0.576488    0.595846  0.00362582
          13     0.60564    0.596599  0.00341931
          14    0.598246    0.596717  0.00316785
          15    0.593601    0.596509  0.00295641
          16    0.587718     0.59596  0.00281952
          17    0.581208    0.595092  0.00278701
          18    0.608499    0.595837  0.00273115
          19    0.612258    0.596701  0.00272414
          20    0.577458    0.595739  0.00275764
          21    0.625561    0.597159  0.00298279
          22    0.609567    0.597723  0.00289936
          23    0.594887      0.5976  0.00277318
          24    0.588935    0.597239  0.00267955
          25    0.599186    0.597317  0.00257131
          26    0.609466    0.597784  0.00251424
          27    0.598877    0.597824  0.00241967
          28    0.598178    0.597837  0.00233169
          29    0.600948    0.597944   0.0022524
          30    0.609246    0.598321   0.0022084
          31    0.613668    0.598816   0.0021926
          32    0.582272    0.598299  0.00218502
          33    0.595264    0.598207  0.00211977
          34    0.598683    0.598221  0.00205652
          35    0.609606    0.598546  0.00202322
          36    0.610989    0.598892  0.00199636
          37    0.608028    0.599139   0.0019573
          38     0.60368    0.599258  0.00190884
          39    0.614968    0.599661  0.00190238
          40    0.588417     0.59938   0.0018754
          41    0.626162    0.600033  0.00194223
          42    0.592996    0.599866  0.00190281
          43    0.590508    0.599648  0.00187073
          44    0.585503    0.599327  0.00185578
          45    0.627946    0.599963  0.00192233
          46     0.61215    0.600228  0.00189865
          47    0.634405    0.600955  0.00199506
          48     0.60838    0.601109  0.00195917
          49    0.575813    0.600593  0.00198701
          50    0.574861    0.600079  0.00201374
          51     0.63015    0.600668  0.00206004
          52    0.591365    0.600489  0.00202794
          53    0.611937    0.600705  0.00200101
          54    0.592553    0.600554  0.00196939
          55    0.613267    0.600785  0.00194702
          56    0.597748    0.600731  0.00191271
          57    0.582307    0.600408  0.00190645
          58    0.603453    0.600461  0.00187403
          59    0.579641    0.600108  0.00187549
          60    0.616565    0.600382  0.00186426
          61     0.61309     0.60059  0.00184524
          62    0.617257    0.600859  0.00183503
          63    0.605746    0.600937  0.00180733
          64    0.608618    0.601057  0.00178291
          65    0.584604    0.600804  0.00177342
          66    0.612834    0.600986  0.00175583
          67      0.5928    0.600864  0.00173374
          68    0.585815    0.600642  0.00172233
          69     0.58214    0.600374  0.00171824
          70    0.592299    0.600259  0.00169744
          71    0.614726    0.600463  0.00168572
          72    0.592591    0.600353  0.00166573
          73    0.600006    0.600349  0.00164276
          74    0.576117    0.600021  0.00165317
          75    0.585419    0.599826  0.00164256
          76    0.587102    0.599659  0.00162942
          77    0.596737    0.599621  0.00160857
          78    0.606017    0.599703  0.00158993
          79    0.600397    0.599712   0.0015697
          80    0.615676    0.599911  0.00156275
          81    0.587241    0.599755  0.00155124
          82    0.606689    0.599839  0.00153454
          83    0.611799    0.599984  0.00152277
          84    0.604478    0.600037  0.00150548
          85     0.61361    0.600197  0.00149621
          86    0.603002    0.600229  0.00147907
          87    0.578609    0.599981  0.00148294
          88    0.598057    0.599959  0.00146616
          89    0.630887    0.600306  0.00149066
          90    0.587379    0.600163  0.00148099
          91    0.573495     0.59987  0.00149365
          92    0.600679    0.599879  0.00147736
          93    0.602586    0.599908  0.00146167
          94    0.608233    0.599996  0.00144875
          95     0.59161    0.599908  0.00143613
          96    0.590082    0.599806  0.00142478
          97    0.605001    0.599859  0.00141103
          98    0.595625    0.599816  0.00139723
          99     0.59366    0.599754  0.00138444
         100    0.588862    0.599645  0.00137484
