           1    0.674289    0.674289           0
           2    0.698956    0.686622   0.0123333
           3    0.653623    0.675623   0.0131034
           4    0.674612     0.67537  0.00926892
           5    0.741077    0.688511   0.0149748
           6     0.65551    0.683011    0.013407
           7    0.672302    0.681481   0.0114338
           8    0.644211    0.676822   0.0109432
           9     0.68764    0.678024  0.00972555
          10    0.716282     0.68185   0.0095029
          11    0.705156    0.683969  0.00885297
          12    0.643975    0.680636  0.00874187
          13    0.659404    0.679003  0.00820552
          14    0.676091    0.678795  0.00759969
          15    0.704081    0.680481  0.00727298
          16    0.641083    0.678018  0.00723516
          17    0.681663    0.678233  0.00679963
          18    0.658105    0.677114  0.00650754
          19    0.651153    0.675748  0.00630536
          20    0.670446    0.675483  0.00598766
          21     0.67988    0.675692  0.00569925
          22    0.688129    0.676258  0.00546334
          23     0.68702    0.676726  0.00524133
          24    0.694429    0.677463  0.00507212
          25    0.668638     0.67711   0.0048778
          26      0.7176    0.678667  0.00493841
          27    0.727585    0.680479  0.00508565
          28    0.703674    0.681308  0.00497017
          29    0.654002    0.680366  0.00488729
          30    0.658751    0.679646  0.00477622
          31    0.688964    0.679946  0.00462935
          32    0.683282     0.68005  0.00448356
          33    0.642573    0.678915  0.00449153
          34    0.659807    0.678353  0.00439351
          35     0.70465    0.679104   0.0043318
          36    0.694064     0.67952  0.00423021
          37    0.697823    0.680014  0.00414393
          38    0.672787    0.679824  0.00403788
          39    0.696311    0.680247  0.00395564
          40    0.702779     0.68081  0.00389642
          41    0.703785    0.681371  0.00384129
          42    0.694151    0.681675  0.00376104
          43    0.695157    0.681988  0.00368589
          44    0.682294    0.681995  0.00360115
          45    0.715976     0.68275   0.0036003
          46    0.676796    0.682621  0.00352354
          47    0.671448    0.682383  0.00345594
          48    0.662544     0.68197  0.00340833
          49    0.719804    0.682742  0.00342619
          50    0.680957    0.682706  0.00335715
          51    0.680345     0.68266  0.00329099
          52    0.681823    0.682644  0.00322713
          53    0.723317    0.683411  0.00325734
          54    0.706393    0.683837  0.00322466
          55    0.697755     0.68409  0.00317558
          56    0.665202    0.683753  0.00313655
          57    0.718746    0.684367   0.0031416
          58    0.672859    0.684168  0.00309333
          59    0.681924     0.68413  0.00304068
          60    0.680953    0.684077  0.00299005
          61     0.67203     0.68388  0.00294724
          62    0.686053    0.683915  0.00289953
          63    0.686891    0.683962  0.00285353
          64    0.692981    0.684103  0.00281212
          65    0.689227    0.684182  0.00276964
          66    0.706665    0.684522  0.00274854
          67    0.676339      0.6844  0.00270996
          68    0.658876    0.684025  0.00269607
          69     0.68949    0.684104  0.00265789
          70    0.664701    0.683827  0.00263427
          71    0.672202    0.683663  0.00260206
          72    0.689538    0.683745  0.00256696
          73    0.706692    0.684059    0.002551
          74    0.671286    0.683887   0.0025222
          75    0.681005    0.683848  0.00248864
          76      0.6673     0.68363  0.00246531
          77    0.682272    0.683613  0.00243315
          78    0.640897    0.683065   0.0024634
          79    0.697012    0.683242  0.00243841
          80    0.696776    0.683411  0.00241368
          81    0.655354    0.683064  0.00240873
          82    0.684426    0.683081  0.00237923
          83    0.697763    0.683258  0.00235704
          84    0.692933    0.683373  0.00233165
          85    0.684849     0.68339  0.00230413
          86    0.698077    0.683561  0.00228357
          87    0.681587    0.683539  0.00225728
          88    0.696721    0.683688  0.00223651
          89    0.699983    0.683871   0.0022188
          90    0.673268    0.683754  0.00219717
          91    0.648675    0.683368  0.00220682
          92     0.67015    0.683225  0.00218742
          93    0.644932    0.682813   0.0022026
          94    0.654125    0.682508  0.00220031
          95    0.666144    0.682335  0.00218383
          96    0.678645    0.682297  0.00216131
          97    0.662812    0.682096  0.00214832
          98     0.64212    0.681688  0.00216506
          99    0.706737    0.681941  0.00215796
         100    0.664412    0.681766  0.00214346
