           1    -1.01944    -1.01944           0
           2    -1.01037     -1.0149   0.0045332
           3    -1.01429     -1.0147  0.00262517
           4    -1.01313    -1.01431  0.00189724
           5    -1.01094    -1.01363  0.00161679
           6    -1.01738    -1.01426  0.00146009
           7    -1.01893    -1.01492  0.00140311
           8    -1.01644    -1.01511  0.00122976
           9    -1.01269    -1.01484   0.0011174
          10    -1.00777    -1.01414  0.00122451
          11    -1.00678    -1.01347  0.00129407
          12    -1.01965    -1.01398  0.00128884
          13    -1.01853    -1.01433  0.00123616
          14    -1.01484    -1.01437  0.00114504
          15   -0.999192    -1.01336  0.00146974
          16    -1.01885     -1.0137  0.00141709
          17    -1.01982    -1.01406  0.00137892
          18    -1.01155    -1.01392  0.00130755
          19    -1.01203    -1.01382  0.00124082
          20    -1.01632    -1.01395  0.00118374
          21     -1.0088     -1.0137   0.0011523
          22    -1.01008    -1.01354  0.00111094
          23    -1.01442    -1.01358  0.00106223
          24    -1.01209    -1.01351  0.00101888
          25    -1.01395    -1.01353 0.000977431
          26    -1.00613    -1.01325 0.000981293
          27    -1.01107    -1.01317 0.000947693
          28    -1.00779    -1.01297 0.000933161
          29     -1.0132    -1.01298 0.000900441
          30    -1.01511    -1.01305  0.00087279
          31    -1.01161    -1.01301 0.000845447
          32    -1.01662    -1.01312 0.000826342
          33       -1.02    -1.01333 0.000827611
          34    -1.01098    -1.01326 0.000805871
          35    -1.00855    -1.01312 0.000793983
          36    -1.01128    -1.01307 0.000773313
          37    -1.01063    -1.01301 0.000755018
          38    -1.01324    -1.01301 0.000734906
          39    -1.01278    -1.01301 0.000715839
          40    -1.01452    -1.01304 0.000698745
          41     -1.0084    -1.01293 0.000690858
          42    -1.01199    -1.01291 0.000674581
          43    -1.01221    -1.01289 0.000658907
          44    -1.01413    -1.01292 0.000644369
          45    -1.00796    -1.01281 0.000639447
          46    -1.01226     -1.0128 0.000625504
          47    -1.01436    -1.01283 0.000612952
          48    -1.01209    -1.01282 0.000600246
          49    -1.01188     -1.0128 0.000588182
          50    -1.01061    -1.01275  0.00057795
          51     -1.0131    -1.01276 0.000566545
          52    -1.01627    -1.01283  0.00055963
          53    -1.00618     -1.0127 0.000563121
          54    -1.01331    -1.01271 0.000552709
          55    -1.01161    -1.01269 0.000542938
          56    -1.01428    -1.01272 0.000533908
          57    -1.00818    -1.01264 0.000530477
          58     -1.0158     -1.0127 0.000524086
          59    -1.01857     -1.0128 0.000524647
          60    -1.01358    -1.01281 0.000515997
          61     -1.0135    -1.01282 0.000507593
          62    -1.01763     -1.0129 0.000505328
          63    -1.00988    -1.01285 0.000499537
          64    -1.01058    -1.01281 0.000492948
          65    -1.01105    -1.01279 0.000486066
          66    -1.00918    -1.01273 0.000481749
          67      -1.013    -1.01274 0.000474522
          68     -1.0174    -1.01281 0.000472493
          69    -1.01252     -1.0128 0.000465613
          70     -1.0079    -1.01273 0.000464215
          71    -1.01428    -1.01275 0.000458152
          72     -1.0114    -1.01273 0.000452135
          73    -1.01035     -1.0127 0.000447094
          74    -1.01737    -1.01276 0.000445503
          75    -1.01661    -1.01282 0.000442506
          76    -1.01734    -1.01288 0.000440692
          77    -1.01871    -1.01295 0.000441478
          78    -1.01365    -1.01296 0.000435873
          79    -1.01174    -1.01294 0.000430595
          80    -1.01333    -1.01295 0.000425206
          81    -1.01597    -1.01299 0.000421578
          82    -1.01218    -1.01298  0.00041652
          83     -1.0096    -1.01294 0.000413483
          84    -1.01328    -1.01294 0.000408552
          85     -1.0133    -1.01294 0.000403739
          86    -1.00574    -1.01286 0.000407715
          87    -1.01454    -1.01288 0.000403463
          88    -1.00695    -1.01281 0.000404513
          89    -1.01396    -1.01283 0.000400151
          90    -1.01332    -1.01283 0.000395718
          91    -1.01734    -1.01288 0.000394464
          92    -1.01641    -1.01292 0.000392034
          93    -1.01769    -1.01297  0.00039117
          94    -1.01438    -1.01299 0.000387278
          95    -1.01653    -1.01302 0.000384993
          96    -1.00833    -1.01297  0.00038409
          97    -1.01295    -1.01297  0.00038011
          98    -1.02017    -1.01305 0.000383304
          99    -1.01526    -1.01307 0.000380072
         100    -1.01671    -1.01311 0.000378013
