           1     0.80442     0.80442           0
           2    0.785848    0.795134    0.009286
           3    0.792816    0.794361  0.00541667
           4    0.792812    0.793974   0.0038497
           5    0.783884    0.791956  0.00360061
           6     0.79668    0.792743  0.00304349
           7    0.800056    0.793788  0.00277626
           8    0.794068    0.793823  0.00240457
           9    0.789384     0.79333  0.00217723
          10    0.778608    0.791858  0.00244123
          11     0.77936    0.790721  0.00248331
          12     0.79962    0.791463  0.00238515
          13    0.799432    0.792076  0.00227804
          14    0.793728    0.792194  0.00211236
          15     0.76708     0.79052  0.00258269
          16    0.799272    0.791067  0.00247704
          17     0.80138    0.791673  0.00240456
          18    0.787812    0.791459  0.00227717
          19    0.782184    0.790971  0.00220861
          20    0.794868    0.791166  0.00210431
          21    0.782852     0.79077  0.00204037
          22     0.78012    0.790286  0.00200474
          23    0.789364    0.790246  0.00191602
          24    0.788148    0.790158  0.00183653
          25    0.791344    0.790206  0.00176217
          26    0.774004    0.789582  0.00180408
          27    0.785296    0.789424  0.00174322
          28    0.778564    0.789036    0.001724
          29     0.78826    0.789009   0.0016637
          30    0.792296    0.789119  0.00161102
          31    0.786332    0.789029  0.00156078
          32    0.795804    0.789241  0.00152598
          33     0.79892    0.789534  0.00150782
          34    0.786484    0.789444  0.00146554
          35    0.779672    0.789165  0.00145019
          36    0.786472     0.78909  0.00141131
          37     0.78658    0.789022  0.00137431
          38    0.790152    0.789052  0.00133799
          39    0.789444    0.789062  0.00130327
          40     0.79338     0.78917  0.00127485
          41    0.783976    0.789043   0.0012498
          42    0.785588    0.788961  0.00122245
          43    0.785248    0.788875  0.00119681
          44    0.794036    0.788992  0.00117516
          45    0.781376    0.788823  0.00116115
          46     0.78824     0.78881  0.00113569
          47     0.79104    0.788858  0.00111228
          48    0.784396    0.788765  0.00109282
          49     0.78642    0.788717  0.00107136
          50    0.784428    0.788631  0.00105321
          51    0.791052    0.788678  0.00103344
          52    0.796512    0.788829  0.00102451
          53    0.770652    0.788486   0.0010619
          54    0.793064    0.788571  0.00104549
          55     0.78948    0.788587  0.00102644
          56    0.792884    0.788664  0.00101086
          57    0.779016    0.788495  0.00100729
          58    0.799076    0.788677  0.00100645
          59    0.797152    0.788821 0.000999614
          60    0.788604    0.788817 0.000982819
          61    0.789204    0.788824 0.000966594
          62    0.799028    0.788988 0.000965015
          63    0.781304    0.788866 0.000957375
          64    0.783416    0.788781 0.000946138
          65    0.787116    0.788756  0.00093182
          66    0.781636    0.788648 0.000923912
          67     0.79042    0.788674 0.000910402
          68    0.799596    0.788835 0.000911182
          69    0.786464      0.7888 0.000898537
          70     0.78232    0.788708 0.000890433
          71    0.791736     0.78875 0.000878838
          72    0.785432    0.788704  0.00086777
          73    0.786544    0.788675 0.000856312
          74    0.798536    0.788808 0.000855108
          75      0.7973    0.788921 0.000851194
          76    0.795844    0.789012 0.000844845
          77     0.79806     0.78913 0.000842039
          78    0.792528    0.789173 0.000832315
          79    0.786524     0.78914 0.000822396
          80    0.793108    0.789189 0.000813564
          81     0.79598    0.789273 0.000807819
          82    0.789996    0.789282 0.000797956
          83      0.7833     0.78921 0.000791571
          84      0.7897    0.789216 0.000782113
          85     0.79094    0.789236 0.000773123
          86    0.777424    0.789099 0.000776327
          87     0.79194    0.789131 0.000768046
          88    0.783928    0.789072 0.000761567
          89     0.79142    0.789099 0.000753424
          90    0.792064    0.789132 0.000745733
          91    0.796444    0.789212 0.000741858
          92    0.792568    0.789248 0.000734656
          93    0.800356    0.789368 0.000736463
          94    0.792112    0.789397 0.000729171
          95    0.797692    0.789484 0.000726719
          96    0.785468    0.789443 0.000720325
          97    0.790124     0.78945 0.000712895
          98    0.801872    0.789576 0.000716879
          99    0.790552    0.789586 0.000709669
         100    0.793648    0.789627  0.00070371
