           1     1.33195     1.33195           0
           2     1.47467     1.40331   0.0713576
           3     1.40987      1.4055   0.0412563
           4     1.42938     1.41147   0.0297773
           5     1.73111      1.4754   0.0679615
           6     1.41444     1.46524   0.0564127
           7     1.39861     1.45572   0.0486181
           8     1.39128     1.44766   0.0428681
           9     1.56925     1.46117   0.0401473
          10     1.67883     1.48294   0.0419901
          11     1.58107     1.49186   0.0390151
          12     1.39092     1.48345   0.0365956
          13     1.38597     1.47595   0.0344882
          14     1.40494     1.47088   0.0323302
          15     1.67382     1.48441   0.0329988
          16     1.35172     1.47611   0.0319622
          17     1.40792      1.4721   0.0302901
          18     1.41104     1.46871   0.0287586
          19     1.50955     1.47086   0.0272877
          20     1.42792     1.46871   0.0259762
          21     1.54992     1.47258   0.0250091
          22     1.61054     1.47885   0.0246561
          23     1.52524     1.48087   0.0236459
          24     1.56967     1.48457   0.0229396
          25     1.47139     1.48404   0.0220092
          26     1.76231     1.49474      0.0237
          27     1.76322     1.50469   0.0248789
          28     1.65922     1.51021    0.024601
          29     1.49293     1.50961    0.023745
          30     1.49419      1.5091   0.0229457
          31     1.54142     1.51014   0.0222176
          32     1.44726     1.50817   0.0216017
          33     1.39152     1.50464   0.0212332
          34     1.54808     1.50592   0.0206388
          35     1.61601     1.50906   0.0202858
          36     1.56372     1.51058   0.0197726
          37     1.52764     1.51104   0.0192363
          38     1.51512     1.51115   0.0187236
          39     1.51421     1.51123   0.0182373
          40     1.53479     1.51182   0.0177853
          41     1.55876     1.51296   0.0173839
          42     1.62018     1.51551   0.0171559
          43      1.6773     1.51928   0.0171695
          44      1.4409      1.5175   0.0168691
          45     1.60505     1.51944   0.0166043
          46     1.56946     1.52053   0.0162757
          47     1.49462     1.51998   0.0159352
          48      1.5052     1.51967   0.0156027
          49     1.58746     1.52105   0.0153435
          50     1.55791     1.52179   0.0150515
          51     1.50085     1.52138   0.0147592
          52     1.42781     1.51958    0.014584
          53      1.7947     1.52477   0.0152188
          54     1.48633     1.52406   0.0149512
          55     1.55235     1.52457   0.0146859
          56     1.45963     1.52341   0.0144678
          57     1.67272     1.52603   0.0144511
          58     1.37453     1.52342    0.014438
          59      1.4442     1.52208   0.0142546
          60     1.48009     1.52138   0.0140324
          61     1.50055     1.52104   0.0138047
          62     1.41793     1.51937   0.0136817
          63     1.59373     1.52055   0.0135144
          64     1.56117     1.52119   0.0133167
          65     1.57816     1.52207   0.0131395
          66     1.66668     1.52426   0.0131231
          67     1.50803     1.52401    0.012928
          68     1.39134     1.52206    0.012885
          69     1.52088     1.52205   0.0126969
          70     1.51017     1.52188   0.0125154
          71     1.45353     1.52091   0.0123753
          72     1.54871      1.5213   0.0122083
          73     1.56905     1.52195   0.0120577
          74     1.37498     1.51997   0.0120583
          75     1.45621     1.51912   0.0119268
          76     1.45063     1.51822   0.0118033
          77     1.45693     1.51742   0.0116761
          78     1.38827     1.51576   0.0116438
          79     1.55049      1.5162   0.0115039
          80     1.47793     1.51573   0.0113692
          81     1.40006      1.5143   0.0113184
          82     1.51657     1.51433   0.0111796
          83     1.59572     1.51531   0.0110875
          84     1.56603     1.51591   0.0109714
          85     1.54837     1.51629   0.0108482
          86      1.6521     1.51787    0.010837
          87     1.49994     1.51767   0.0107137
          88      1.4446     1.51683   0.0106238
          89     1.51321     1.51679   0.0105038
          90     1.38617     1.51534   0.0104874
          91      1.3819     1.51388   0.0104746
          92      1.5051     1.51378   0.0103606
          93     1.33724     1.51188   0.0104229
          94      1.4223     1.51093   0.0103554
          95     1.40797     1.50985    0.010303
          96     1.49253     1.50967   0.0101967
          97     1.50156     1.50958   0.0100914
          98     1.34193     1.50787   0.0101333
          99     1.66773     1.50949   0.0101596
         100     1.45586     1.50895   0.0100717
