           1     15.6089     15.6089           0
           2     15.1357     15.3723    0.236635
           3     15.4718     15.4055    0.140591
           4      15.011     15.3069    0.140033
           5     15.3684     15.3192    0.109165
           6     15.2176     15.3022   0.0907261
           7     15.5649     15.3398   0.0853693
           8     16.4531     15.4789    0.157582
           9     15.4661     15.4775    0.138982
          10      16.188     15.5485    0.143181
          11     15.5599     15.5496    0.129517
          12     17.3827     15.7023     0.19317
          13     14.2875     15.5935     0.20837
          14     14.7844     15.5357    0.201385
          15     15.4797      15.532    0.187517
          16     17.5167      15.656    0.214836
          17      15.139     15.6256    0.204082
          18     14.0407     15.5376      0.2116
          19     14.2476     15.4697    0.211355
          20      15.799     15.4861    0.201184
          21     14.1836     15.4241    0.201165
          22     17.0463     15.4978    0.205489
          23     14.9094     15.4723    0.198011
          24     12.9716     15.3681    0.216328
          25     16.0294     15.3945    0.209173
          26      15.076     15.3823     0.20134
          27     14.3658     15.3446    0.197364
          28     14.8454     15.3268    0.191018
          29     15.7586     15.3417    0.184914
          30     14.8638     15.3258    0.179353
          31     16.4794      15.363    0.177417
          32     15.3357     15.3621    0.171786
          33     14.7169     15.3426    0.167643
          34     15.1724     15.3376    0.162714
          35     14.8813     15.3245    0.158534
          36      16.884     15.3678    0.160041
          37     15.7662     15.3786    0.156027
          38      16.087     15.3972    0.153006
          39     16.1455     15.4164    0.150261
          40     15.0419     15.4071    0.146755
          41     13.5061     15.3607    0.150453
          42     13.6828     15.3208    0.152166
          43     12.2942     15.2504    0.164412
          44     14.7003     15.2379    0.161118
          45     14.1764     15.2143    0.159253
          46     14.9539     15.2086    0.155856
          47      13.688     15.1763    0.155898
          48     14.7195     15.1667    0.152912
          49     15.8302     15.1803     0.15037
          50      13.936     15.1554    0.149418
          51     14.8582     15.1496    0.146575
          52     14.8956     15.1447    0.143812
          53     15.5227     15.1518    0.141252
          54     15.5755     15.1597    0.138834
          55     15.2233     15.1608    0.136291
          56     14.0194     15.1404    0.135378
          57     16.7286     15.1683     0.13587
          58     13.5536     15.1405    0.136378
          59     14.8505     15.1355    0.134137
          60     16.7224      15.162    0.134508
          61     14.7878     15.1559    0.132427
          62     14.5202     15.1456    0.130676
          63     14.7427     15.1392    0.128744
          64     15.2642     15.1412    0.126732
          65     16.0311     15.1549    0.125516
          66     14.0145     15.1376    0.124801
          67     16.0258     15.1508    0.123637
          68     15.4446     15.1552    0.121882
          69     15.7544     15.1638    0.120416
          70     14.4603     15.1538    0.119108
          71     15.3033     15.1559    0.117438
          72      12.857      15.124    0.120116
          73     16.0978     15.1373    0.119208
          74      15.651     15.1442    0.117791
          75     15.8143     15.1532    0.116553
          76     14.6525     15.1466    0.115198
          77     15.8738      15.156    0.114083
          78     12.9387     15.1276    0.116144
          79     16.0401     15.1392    0.115244
          80     15.1192     15.1389    0.113795
          81     14.5142     15.1312    0.112646
          82     16.3692     15.1463    0.112283
          83     13.5439      15.127     0.11259
          84     15.6759     15.1335    0.111433
          85     15.7133     15.1403    0.110325
          86      14.248       15.13    0.109527
          87     14.6668     15.1246    0.108392
          88      14.348     15.1158    0.107516
          89      14.237     15.1059    0.106759
          90     15.7662     15.1133    0.105821
          91     15.1104     15.1133    0.104651
          92     16.6943     15.1304    0.104924
          93     14.3685     15.1222    0.104113
          94     16.3541     15.1353     0.10383
          95     14.4626     15.1283    0.102975
          96     16.9156     15.1469    0.103583
          97     15.8851     15.1545    0.102792
          98     14.8938     15.1518    0.101772
          99     14.5064     15.1453     0.10095
         100     15.5215     15.1491    0.100006
