           1   -0.850176   -0.850176           0
           2   -0.848584    -0.84938    0.000796
           3    -0.84824      -0.849 0.000596327
           4   -0.845464   -0.848116 0.000979418
           5   -0.848696   -0.848232 0.000767471
           6   -0.847496   -0.848109 0.000638531
           7   -0.850136   -0.848399 0.000612416
           8   -0.853776   -0.849071 0.000856193
           9   -0.851264   -0.849315 0.000793433
          10   -0.850592   -0.849442 0.000721072
          11   -0.846616   -0.849185 0.000701021
          12   -0.857792   -0.849903 0.000961207
          13    -0.84984   -0.849898 0.000884195
          14   -0.848472   -0.849796 0.000824916
          15   -0.843512   -0.849377 0.000874792
          16   -0.852144    -0.84955 0.000836367
          17   -0.847664   -0.849439 0.000793424
          18   -0.845496    -0.84922 0.000779462
          19    -0.84932   -0.849225 0.000737316
          20   -0.848424   -0.849185 0.000700626
          21   -0.847808    -0.84912 0.000669647
          22      -0.852   -0.849251 0.000651769
          23   -0.849064   -0.849242  0.00062284
          24   -0.846072    -0.84911 0.000610781
          25   -0.849264   -0.849116 0.000585872
          26   -0.848736   -0.849102 0.000563078
          27   -0.844776   -0.848942 0.000565014
          28   -0.847696   -0.848897 0.000546275
          29   -0.849304   -0.848911 0.000527289
          30    -0.84564   -0.848802 0.000520948
          31   -0.849744   -0.848833 0.000504779
          32   -0.851888   -0.848928  0.00049799
          33    -0.84708   -0.848872 0.000485901
          34   -0.848784   -0.848869   0.0004714
          35   -0.848888    -0.84887 0.000457734
          36   -0.855048   -0.849042 0.000476793
          37   -0.850296   -0.849075 0.000464965
          38   -0.847376   -0.849031 0.000454768
          39   -0.850872   -0.849078 0.000445463
          40   -0.848336   -0.849059 0.000434579
          41   -0.848992   -0.849058 0.000423851
          42   -0.843728   -0.848931 0.000432664
          43   -0.844592    -0.84883 0.000434365
          44   -0.845688   -0.848759 0.000430344
          45    -0.84208    -0.84861 0.000446084
          46   -0.847688    -0.84859 0.000436739
          47   -0.845744    -0.84853 0.000431615
          48    -0.84736   -0.848505 0.000423229
          49   -0.855072   -0.848639 0.000435629
          50   -0.844416   -0.848555 0.000435104
          51   -0.845232    -0.84849 0.000431435
          52   -0.849648   -0.848512 0.000423643
          53   -0.848944    -0.84852 0.000415653
          54   -0.849352   -0.848535 0.000408174
          55   -0.848808    -0.84854 0.000400714
          56   -0.846184   -0.848498 0.000395737
          57   -0.852728   -0.848572 0.000395751
          58   -0.843448   -0.848484 0.000398779
          59   -0.848464   -0.848484 0.000391962
          60   -0.849496   -0.848501 0.000385743
          61      -0.847   -0.848476 0.000380164
          62   -0.847264   -0.848457 0.000374492
          63   -0.845224   -0.848405 0.000372055
          64   -0.848488   -0.848407 0.000366198
          65   -0.848408   -0.848407  0.00036052
          66   -0.845576   -0.848364 0.000357597
          67   -0.847528   -0.848351  0.00035244
          68   -0.845968   -0.848316 0.000348982
          69   -0.848624   -0.848321 0.000343916
          70   -0.851432   -0.848365 0.000341869
          71   -0.846792   -0.848343 0.000337747
          72   -0.847976   -0.848338 0.000333062
          73   -0.852928   -0.848401 0.000334433
          74   -0.847424   -0.848387 0.000330146
          75   -0.851464   -0.848428 0.000328288
          76    -0.84792   -0.848422 0.000324008
          77    -0.85048   -0.848449 0.000320888
          78   -0.847928   -0.848442 0.000316818
          79   -0.849008   -0.848449 0.000312864
          80   -0.846424   -0.848424 0.000309963
          81   -0.847624   -0.848414 0.000306272
          82   -0.849472   -0.848427 0.000302789
          83   -0.841336   -0.848341 0.000311079
          84   -0.850936   -0.848372 0.000308902
          85   -0.846232   -0.848347 0.000306283
          86   -0.841872   -0.848272 0.000311924
          87   -0.848456   -0.848274 0.000308325
          88   -0.843904   -0.848224 0.000308819
          89    -0.84356   -0.848172 0.000309795
          90   -0.845304    -0.84814 0.000307986
          91   -0.848544   -0.848144 0.000304615
          92   -0.853672   -0.848204 0.000307218
          93   -0.845856   -0.848179 0.000304944
          94    -0.84968   -0.848195 0.000302105
          95   -0.849328   -0.848207 0.000299146
          96   -0.851616   -0.848243 0.000298135
          97   -0.849888    -0.84826 0.000295533
          98   -0.845376    -0.84823 0.000293978
          99    -0.84752   -0.848223 0.000291082
         100   -0.849192   -0.848233 0.000288319
