           1     0.44061     0.44061           0
           2    0.454693    0.447652  0.00704164
           3    0.437196    0.444166  0.00535502
           4    0.475118    0.451904  0.00861463
           5    0.443742    0.450272  0.00686963
           6     0.43436     0.44762  0.00620435
           7    0.468624     0.45062  0.00604143
           8    0.434174    0.448564  0.00562145
           9    0.468988    0.450834  0.00545232
          10    0.449335    0.450684    0.004879
          11     0.45323    0.450915  0.00441929
          12    0.437669    0.449812  0.00418254
          13    0.429036    0.448213   0.0041661
          14    0.443943    0.447908   0.0038691
          15    0.453686    0.448294  0.00362248
          16    0.478978    0.450211  0.00389359
          17    0.443711    0.449829  0.00367732
          18     0.43369    0.448932  0.00358107
          19    0.442964    0.448618  0.00340189
          20    0.446706    0.448523  0.00322873
          21    0.419837    0.447157  0.00336121
          22     0.47195    0.448284  0.00339717
          23    0.434232    0.447673   0.0033031
          24     0.41527    0.446323  0.00343862
          25    0.425495    0.445489   0.0034018
          26    0.413538    0.444261  0.00349175
          27    0.441168    0.444146  0.00336189
          28    0.446673    0.444236  0.00324085
          29    0.446687    0.444321  0.00312824
          30    0.438765    0.444136  0.00302784
          31    0.456482    0.444534   0.0029555
          32    0.444859    0.444544  0.00286167
          33    0.447934    0.444647   0.0027755
          34    0.435272    0.444371  0.00270671
          35    0.411278    0.443425  0.00279313
          36    0.459559    0.443874  0.00275118
          37    0.447468    0.443971  0.00267756
          38     0.45445    0.444247  0.00262069
          39    0.459616    0.444641  0.00258285
          40    0.445571    0.444664  0.00251756
          41    0.415683    0.443957  0.00255511
          42    0.435714    0.443761  0.00250124
          43    0.419053    0.443186  0.00250906
          44    0.433322    0.442962   0.0024616
          45    0.467162      0.4435  0.00246564
          46    0.450432     0.44365  0.00241615
          47    0.421422    0.443178  0.00241102
          48    0.433368    0.442973  0.00236909
          49    0.441153    0.442936  0.00232053
          50    0.446276    0.443003  0.00227463
          51    0.446961     0.44308  0.00223094
          52    0.428628    0.442803   0.0022052
          53     0.45605    0.443052  0.00217758
          54    0.445317    0.443094  0.00213729
          55    0.441489    0.443065  0.00209827
          56    0.420362     0.44266  0.00209997
          57    0.452994    0.442841  0.00207075
          58    0.420421    0.442455  0.00207112
          59    0.423303     0.44213  0.00206143
          60    0.450605    0.442271   0.0020317
          61    0.415622    0.441834  0.00204532
          62    0.436878    0.441754  0.00201365
          63    0.425918    0.441503  0.00199731
          64    0.443721    0.441538  0.00196616
          65    0.446527    0.441614   0.0019372
          66    0.409321    0.441125  0.00196937
          67    0.437623    0.441073  0.00194046
          68    0.436117       0.441   0.0019131
          69     0.41989    0.440694  0.00190983
          70     0.42344    0.440448  0.00189842
          71    0.440546    0.440449  0.00187149
          72     0.40438    0.439948  0.00191211
          73    0.447443    0.440051  0.00188852
          74    0.438894    0.440035  0.00186289
          75    0.427583    0.439869  0.00184537
          76       0.421    0.439621  0.00183778
          77    0.441219    0.439641  0.00181387
          78     0.42604    0.439467  0.00179894
          79    0.434461    0.439404  0.00177715
          80    0.451726    0.439558  0.00176154
          81    0.454109    0.439737  0.00174891
          82    0.447491    0.439832  0.00173004
          83    0.435311    0.439777  0.00170993
          84    0.453907    0.439946  0.00169781
          85    0.452116    0.440089  0.00168381
          86    0.449526    0.440199  0.00166773
          87    0.444864    0.440252  0.00164932
          88    0.433809    0.440179  0.00163212
          89     0.43046     0.44007  0.00161737
          90    0.461952    0.440313  0.00161767
          91    0.438897    0.440297  0.00159987
          92    0.446747    0.440367  0.00158394
          93    0.444121    0.440408  0.00156733
          94     0.44908      0.4405  0.00155331
          95    0.450902     0.44061  0.00154077
          96    0.439958    0.440603  0.00152465
          97    0.467962    0.440885  0.00153499
          98    0.445542    0.440932  0.00151998
          99    0.430882    0.440831  0.00150797
         100    0.446349    0.440886  0.00149384
