33.1415
32.0826
31.2887
30.5391
29.137
29.0054
29.1191
28.3276
27.9771
27.577
27.2601
26.4442
26.1828
26.1373
25.7149
24.8969
24.6483
24.4412
24.2541
23.8951
23.3503
23.0066
22.5313
22.2734
21.8144
21.2023
20.7716
20.4561
20.2196
19.8311
19.4234
19.207
19.1842
19.2456
18.9183
18.8115
18.6676
18.6255
18.443
18.608
18.4379
18.1886
18.0555
17.8708
17.7579
17.6524
17.7356
17.7144
17.599
17.3698
17.3058
17.2656
17.238
17.2253
17.2142
17.197
17.1809
17.1673
17.1552
17.1428
17.1352
17.1079
17.0829
17.0847
17.0371
16.9986
16.9144
16.914
16.6991
16.8057
16.6237
16.4896
16.2671
16.0576
16.0046
15.8787
15.8788
15.8417
15.8287
15.8574
15.7766
15.6519
15.4944
15.4747
15.4675
15.5077
15.4132
15.3788
15.3178
15.1856
15.0124
14.8351
14.5078
13.8497
13.823
13.6699
13.4966
13.0765
12.5039
12.299
12.2546
11.9993
11.9176
11.8343
11.7333
11.6599
11.6497
11.645
11.6034
11.5894
11.5814
11.5523
11.4996
11.44
11.4291
11.4237
11.3409
11.2508
11.1586
11.1299
11.0959
11.0858
11.071
11.0625
11.0553
11.0451
11.0364
11.0198
11.0053
11.0037
11.0037
11.0037
11.0037
11.0037
11.0037
11.0037
11.0037
11.0037
11.0037
11.0006
10.982
10.9448
10.9073
10.8702
10.8071
10.7698
10.7719
10.7332
10.7122
10.6845
10.6566
10.6334
10.5844
10.577
10.568
10.5449
10.5311
10.5061
10.4969
10.4857
10.4699
10.4695
10.4695
10.4692
10.4673
10.4655
10.4608
10.4555
10.4511
10.4506
10.4462
10.4441
10.4416
10.4416
10.4416
10.4416
10.4416
10.4416
10.4416
10.4416
10.4416
10.4416
10.4411
10.4397
10.4353
10.4281
10.4233
10.417
10.4093
10.4045
10.4194
10.4061
10.4006
10.4016
10.3987
10.3982
10.3982
10.3982
10.3982
10.3982
10.3982
10.3982
10.3982
10.3982
10.3982
10.3982
10.3982
10.3982
10.3982
10.3982
10.3982
10.3982
10.3982
10.3982
10.3982
10.3982
10.3982
10.3982
10.3982
10.3982
10.3982
10.3982
10.3982
10.3982
10.3982
10.3982
10.3982
10.3982
10.3982
10.3982
10.3982
10.3982
10.3982
10.3982
10.3982
10.3982
10.3982
10.3982
10.3982
10.3974
10.3938
10.3844
10.3768
10.3661
10.3561
10.3414
10.3322
10.3311
10.3297
10.3297
10.3297
10.3297
10.3297
10.3297
10.3297
10.3297
10.3297
10.3297
10.3297
10.3297
10.3297
10.3297
10.3297
10.3297
10.3297
10.3297
10.3297
10.3297
10.3297
10.3297
10.3297
10.3297
10.3297
10.3297
10.3297
10.3297
10.3297
10.3297
10.3297
10.3297
10.3297
10.3297
10.3297
10.3297
10.3297
10.3297
10.3297
10.3318
10.3297
10.3297
10.3297
10.3297
10.3297
10.3297
10.3297
10.3297
10.3297
10.3297
10.3297
10.3264
10.3231
10.3098
10.2931
10.2481
10.2032
10.1957
10.1799
10.1799
10.1799
10.1799
10.1799
10.1799
10.1799
10.1799
10.1799
10.1799
10.1799
10.1799
10.1799
10.1799
10.1799
10.1799
10.1799
10.1799
10.1799
10.1799
10.1799
10.1799
10.1799
10.1799
10.1799
10.1799
10.1799
10.1799
10.1799
10.1799
10.1799
10.1799
10.1799
10.1799
10.1799
10.1799
10.1799
10.1799
10.1799
10.1799
10.1799
10.1799
10.1799
10.1799
10.1799
10.1799
10.1799
10.1799
10.1799
10.1799
10.1799
10.1799
10.1799
10.1799
10.1799
10.1799
10.1799
10.1799
10.1799
10.1799
10.1799
10.1799
10.1799
10.1799
10.1799
10.1799
10.1799
10.1799
10.1799
10.1799
10.1799
10.1799
10.1799
10.1799
10.1799
10.1799
10.1799
10.1799
10.1799
10.1799
10.1799
10.1799
10.1799
10.1799
10.1799
10.1799
10.1799
10.1799
10.1799
10.1799
10.1799
10.1799
10.1799
10.1799
10.1799
10.1799
10.1799
10.1799
10.1799
10.1799
10.1799
10.1799
10.1799
10.1799
10.1799
10.1799
10.1799
10.1799
10.1799
10.1799
10.1799
10.1799
10.1799
10.1799
10.1799
10.1799
10.1799
10.1799
10.1799
10.1799
10.1799
10.1799
10.1799
10.1799
10.1799
10.1799
10.1799
10.1799
10.1799
10.1799
10.1799
10.1799
10.1799
10.1799
10.1799
10.1799
10.1799
10.1799
10.1799
10.1799
10.1799
10.1799
10.1799
10.1799
10.1799
10.1799
10.1799
10.1799
10.1799
10.1799
10.1799
10.1799
10.1799
10.1799
10.1799
10.1799
10.1799
10.1799
10.1799
10.1799
10.1799
10.1799
10.1799
10.1799
10.1799
10.1799
10.1799
10.1799
10.1799
10.1799
10.1799
10.1799
10.1799
10.1799
10.1799
10.1799
10.1799
10.1799
10.1799
10.1799
10.1799
10.1799
10.1799
10.1799
10.1799
10.1799
10.1799
10.1799
10.1799
10.1799
10.1799
10.1799
10.1799
10.1799
