29.5725
27.3176
26.4486
26.4486
25.977
25.2738
25.2738
24.4869
24.0448
23.9834
23.4046
23.4046
23.4046
23.4046
22.928
22.3117
22.62
22.4136
22.4136
21.5321
20.656
20.656
20.656
19.0264
19.0264
18.8101
18.8101
18.7141
18.7141
18.7141
18.7141
18.2151
18.2568
18.2151
17.956
17.956
17.8974
17.5966
17.5966
17.5966
17.349
17.349
17.349
17.349
17.2475
17.2475
17.2475
17.2475
17.2475
17.2475
17.1676
17.1676
17.1676
17.1676
17.1676
17.1674
17.1008
17.1008
17.0416
17.0416
17.0391
16.6825
16.6825
16.6157
16.138
16.138
16.0763
16.0763
16.0051
16.0051
15.7499
15.729
15.729
15.729
15.6622
15.5262
15.5262
15.5262
15.4594
15.4594
15.4594
15.4594
15.2663
15.2276
15.2276
15.2276
15.1995
15.1995
15.0345
11.9784
11.9784
11.9784
11.9784
11.9784
11.9784
11.9784
11.9784
11.9784
11.6558
11.6558
11.6558
11.6558
11.6528
11.6528
11.458
11.458
11.458
11.458
11.455
11.368
11.368
11.368
11.3409
11.1619
11.1619
11.0719
11.0719
11.0719
11.0037
11.0719
11.0719
11.0037
11.0037
11.0037
11.0037
11.0037
11.0037
11.0037
11.0037
11.0037
11.0037
11.0037
11.0037
11.0037
11.0037
11.0037
11.0037
11.0037
11.0037
10.725
10.725
10.725
10.725
10.725
10.7113
10.6125
10.6125
10.5988
10.5503
10.5503
10.5366
10.5317
10.4695
10.4695
10.4695
10.4695
10.4695
10.4695
10.4695
10.4695
10.4695
10.4695
10.4695
10.4416
10.4416
10.4416
10.4416
10.4416
10.4416
10.4416
10.4416
10.4416
10.4416
10.4416
10.4416
10.4416
10.4416
10.4416
10.4416
10.4416
10.4416
10.4416
10.3982
10.3982
10.3982
10.3982
10.3982
10.3982
10.3982
10.3982
10.3982
10.3982
10.3982
10.3982
10.3982
10.3982
10.3982
10.3982
10.3982
10.3982
10.3982
10.3982
10.3982
10.3982
10.3982
10.3982
10.3982
10.3982
10.3982
10.3982
10.3982
10.3982
10.3982
10.3982
10.3982
10.3982
10.3982
10.3982
10.3982
10.3982
10.3982
10.3982
10.3982
10.3982
10.3982
10.3982
10.3982
10.3982
10.3982
10.3982
10.3982
10.3982
10.3982
10.3982
10.3982
10.3982
10.3982
10.3982
10.3982
10.3609
10.3297
10.3297
10.3297
10.3297
10.3297
10.3297
10.3297
10.3297
10.3297
10.3297
10.3297
10.3297
10.3297
10.3297
10.3297
10.3297
10.3297
10.3297
10.3297
10.3297
10.3297
10.3297
10.3297
10.3297
10.3297
10.3297
10.3297
10.3297
10.3297
10.3297
10.3297
10.3297
10.3297
10.3297
10.3297
10.3297
10.3297
10.3297
10.3297
10.3297
10.3297
10.3297
10.3297
10.3297
10.3297
10.3297
10.3297
10.3297
10.3297
10.3297
10.3297
10.3297
10.3297
10.3297
10.3297
10.3297
10.3297
10.3297
10.3297
10.1799
10.1799
10.1799
10.1799
10.1799
10.1799
10.1799
10.1799
10.1799
10.1799
10.1799
10.1799
10.1799
10.1799
10.1799
10.1799
10.1799
10.1799
10.1799
10.1799
10.1799
10.1799
10.1799
10.1799
10.1799
10.1799
10.1799
10.1799
10.1799
10.1799
10.1799
10.1799
10.1799
10.1799
10.1799
10.1799
10.1799
10.1799
10.1799
10.1799
10.1799
10.1799
10.1799
10.1799
10.1799
10.1799
10.1799
10.1799
10.1799
10.1799
10.1799
10.1799
10.1799
10.1799
10.1799
10.1799
10.1799
10.1799
10.1799
10.1799
10.1799
10.1799
10.1799
10.1799
10.1799
10.1799
10.1799
10.1799
10.1799
10.1799
10.1799
10.1799
10.1799
10.1799
10.1799
10.1799
10.1799
10.1799
10.1799
10.1799
10.1799
10.1799
10.1799
10.1799
10.1799
10.1799
10.1799
10.1799
10.1799
10.1799
10.1799
10.1799
10.1799
10.1799
10.1799
10.1799
10.1799
10.1799
10.1799
10.1799
10.1799
10.1799
10.1799
10.1799
10.1799
10.1799
10.1799
10.1799
10.1799
10.1799
10.1799
10.1799
10.1799
10.1799
10.1799
10.1799
10.1799
10.1799
10.1799
10.1799
10.1799
10.1799
10.1799
10.1799
10.1799
10.1799
10.1799
10.1799
10.1799
10.1799
10.1799
10.1799
10.1799
10.1799
10.1799
10.1799
10.1799
10.1799
10.1799
10.1799
10.1799
10.1799
10.1799
10.1799
10.1799
10.1799
10.1799
10.1799
10.1799
10.1799
10.1799
10.1799
10.1799
10.1799
10.1799
10.1799
10.1799
10.1799
10.1799
10.1799
10.1799
10.1799
10.1799
10.1799
10.1799
10.1799
10.1799
10.1799
10.1799
10.1799
10.1799
10.1799
10.1799
10.1799
10.1799
10.1799
10.1799
10.1799
10.1799
10.1799
10.1799
10.1799
10.1799
10.1799
10.1799
10.1799
10.1799
10.1799
10.1799
10.1799
10.1799
10.1799
10.1799
10.1799
10.1799
10.1799
10.1799
10.1799
10.1799
10.1799
10.1799
