1.6499
1.64968
1.6494
1.64908
1.6487
1.64828
1.6478
1.64727
1.64669
1.64606
1.64538
1.64465
1.64387
1.64304
1.64215
1.64121
1.64023
1.63919
1.63809
1.63695
1.63575
1.63451
1.63321
1.63185
1.63045
1.62899
1.62748
1.62591
1.6243
1.62263
1.62091
1.61914
1.61731
1.61543
1.6135
1.61151
1.60947
1.60738
1.60523
1.60303
1.60077
1.59846
1.5961
1.59368
1.59121
1.58869
1.58611
1.58347
1.58078
1.57804
1.57525
1.5724
1.56949
1.56653
1.56352
1.56045
1.55733
1.55415
1.55092
1.54763
1.54429
1.5409
1.53744
1.53394
1.53038
1.52677
1.5231
1.51938
1.51561
1.51178
1.5079
1.50396
1.49997
1.49592
1.49182
1.48767
1.48347
1.47921
1.4749
1.47054
1.46613
1.46167
1.45716
1.4526
1.44798
1.44333
1.43862
1.43386
1.42906
1.42422
1.41932
1.41439
1.40941
1.40439
1.39933
1.39423
1.3891
1.38392
1.37871
1.37347
1.36819
1.36289
1.35755
1.35219
1.34681
1.34139
1.33596
1.33051
1.32504
1.31955
1.31404
1.30853
1.303
1.29747
1.29193
1.28639
1.28085
1.27531
1.26977
1.26424
1.25871
1.2532
1.2477
1.24222
1.23675
1.2313
1.22587
1.22047
1.2151
1.20976
1.20444
1.19917
1.19392
1.18871
1.18355
1.17842
1.17334
1.16831
1.16332
1.15839
1.1535
1.14867
1.14389
1.13917
1.13451
1.12991
1.12538
1.1209
1.11649
1.11215
1.10787
1.10367
1.09953
1.09546
1.09147
1.08755
1.0837
1.07993
1.07623
1.07261
1.06907
1.0656
1.06222
1.05891
1.05568
1.05254
1.04947
1.04648
1.04358
1.04075
1.03801
1.03535
1.03276
1.03026
1.02784
1.02551
1.02325
1.02108
1.01898
1.01697
1.01503
1.01318
1.0114
1.0097
1.00807
1.00652
1.00505
1.00365
1.00232
1.00107
0.999888
0.998779
0.997739
0.996768
0.995864
0.995027
0.994256
0.99355
0.992908
0.992327
0.991807
0.991347
0.990944
0.990598
0.990308
0.990072
0.989888
0.989756
0.989673
0.989639
0.989653
0.989712
0.989816
0.989963
0.990152
0.990381
0.99065
0.990955
0.991297
0.991673
0.992083
0.992524
0.992996
0.993497
0.994026
0.994582
0.995163
0.995769
0.996399
0.99705
0.997721
0.998412
0.99912
0.999845
1.00058
1.00134
1.0021
1.00288
1.00367
1.00446
1.00527
1.00608
1.0069
1.00772
1.00854
1.00937
1.0102
1.01102
1.01185
1.01267
1.01349
1.01431
1.01512
1.01593
1.01673
1.01752
1.0183
1.01907
1.01984
1.02059
1.02133
1.02205
1.02276
1.02346
1.02414
1.02481
1.02546
1.02609
1.0267
1.0273
1.02788
1.02843
1.02897
1.02948
1.02997
1.03045
1.0309
1.03132
1.03173
1.03211
1.03247
1.0328
1.03311
1.0334
1.03366
1.03389
1.03411
1.03429
1.03445
1.03459
1.0347
1.03479
1.03485
1.03489
1.0349
1.03488
1.03485
1.03478
1.0347
1.03459
1.64987
1.6496
1.64924
1.64878
1.64823
1.6476
1.64687
1.64606
1.64516
1.64418
1.64311
1.64196
1.64073
1.63941
1.63802
1.63654
1.63499
1.63337
1.63166
1.62989
1.62805
1.62614
1.62416
1.62211
1.62
1.61783
1.61559
1.6133
1.61096
1.60856
1.60611
1.60361
1.60106
1.59846
1.59583
1.59315
1.59043
1.58768
1.5849
1.58208
1.57924
1.57637
1.57347
1.57056
1.56763
1.56468
1.56171
1.55874
1.55576
1.55277
1.54977
1.54678
1.54378
1.54079
1.5378
1.53482
1.53185
1.52889
1.52594
1.52301
1.52009
1.51719
1.51431
1.51145
1.50861
1.5058
1.50301
1.50024
1.49751
1.4948
1.49213
1.48948
1.48686
1.48428
1.48172
1.4792
1.47671
1.47425
1.47183
1.46943
1.46707
1.46474
1.46244
1.46017
1.45793
1.45572
1.45354
1.45139
1.44926
1.44716
1.44509
1.44303
1.441
1.43899
1.437
1.43502
1.43306
1.43112
1.42919
1.42727
1.42537
1.42347
1.42157
1.41968
1.4178
1.41591
1.41403
1.41214
1.41025
1.40835
1.40644
1.40453
1.40261
1.40068
1.39873
1.39677
1.3948
1.39281
1.3908
1.38878
1.38674
1.38468
1.38259
1.38049
1.37837
1.37622
1.37405
1.37186
1.36965
1.36741
1.36516
1.36288
1.36058
1.35826
1.35591
1.35355
1.35117
1.34877
1.34635
1.34391
1.34146
1.33899
1.33651
1.33402
1.33151
1.32899
1.32646
1.32393
1.32138
1.31883
1.31628
1.31372
1.31117
1.30861
1.30605
1.3035
1.30095
1.2984
1.29587
1.29334
1.29082
1.28831
1.28581
1.28333
1.28086
1.27841
1.27598
1.27356
1.27117
1.2688
1.26644
1.26412
1.26181
1.25954
1.25729
1.25506
1.25287
1.25071
1.24857
1.24647
1.2444
1.24237
1.24036
1.2384
1.23647
1.23457
1.23272
1.2309
1.22912
1.22738
1.22568
1.22402
1.2224
1.22083
1.2193
1.21781
1.21637
1.21497
1.21361
1.2123
1.21104
1.20983
1.20866
1.20754
1.20647
1.20544
1.20447
1.20354
1.20266
1.20183
1.20105
1.20032
1.19964
1.199
1.19842
1.19788
1.1974
1.19696
1.19657
1.19623
1.19593
1.19569
1.19549
1.19533
1.19523
1.19517
1.19515
1.19518
1.19525
1.19536
1.19552
1.19572
1.19596
1.19624
1.19656
1.19692
1.19732
1.19776
1.19823
1.19874
1.19928
1.19986
1.20047
1.20112
1.2018
1.20251
1.20325
1.20402
1.20482
1.20564
1.2065
1.20738
1.20829
1.20922
1.21017
1.21115
1.21216
1.21318
1.21423
1.2153
1.21638
1.21749
1.21861
1.21976
1.22092
1.22209
1.22329
1.2245
1.22572
1.22696
1.22822
1.22949
1.23077
1.23206
1.23337
1.23469
1.23602
1.23735
1.2387
1.24006
1.24143
1.2428
1.24419
1.24558
1.24698
1.24839
1.24981
1.25123
1.25266
1.2541
1.25555
1.257
1.25845
1.25992
1.26139
1.26286
1.26434
1.26583
1.26732
1.26882
1.65083
1.65252
1.65417
1.65577
1.65733
1.65885
1.66032
1.66175
1.66314
1.66448
1.66579
1.66704
1.66826
1.66943
1.67056
1.67164
1.67268
1.67367
1.67462
1.67553
1.67639
1.67721
1.67798
1.6787
1.67938
1.68001
1.68059
1.68112
1.6816
1.68204
1.68242
1.68275
1.68303
1.68326
1.68344
1.68356
1.68363
1.68365
1.68361
1.68352
1.68337
1.68316
1.6829
1.68259
1.68221
1.68178
1.6813
1.68075
1.68015
1.67949
1.67878
1.67801
1.67718
1.6763
1.67536
1.67436
1.67331
1.67221
1.67105
1.66984
1.66858
1.66727
1.6659
1.66449
1.66302
1.66151
1.65995
1.65834
1.65668
1.65498
1.65324
1.65145
1.64962
1.64775
1.64584
1.64389
1.6419
1.63987
1.63781
1.63571
1.63358
1.63141
1.62921
1.62698
1.62472
1.62244
1.62012
1.61778
1.61541
1.61302
1.6106
1.60817
1.60572
1.60325
1.60077
1.59827
1.59577
1.59326
1.59074
1.58822
1.5857
1.58319
1.58068
1.57817
1.57568
1.57321
1.57075
1.56831
1.5659
1.56351
1.56115
1.55883
1.55654
1.55429
1.55208
1.54991
1.54779
1.54571
1.54369
1.54171
1.53979
1.53793
1.53612
1.53437
1.53267
1.53103
1.52946
1.52794
1.52648
1.52508
1.52374
1.52247
1.52125
1.52009
1.51899
1.51795
1.51697
1.51605
1.51519
1.51439
1.51365
1.51296
1.51234
1.51178
1.51128
1.51084
1.51046
1.51015
1.5099
1.50972
1.5096
1.50956
1.50958
1.50968
1.50985
1.5101
1.51043
1.51083
1.51132
1.51189
1.51255
1.5133
1.51413
1.51505
1.51607
1.51717
1.51837
1.51966
1.52105
1.52253
1.5241
1.52576
1.52751
1.52935
1.53128
1.5333
1.5354
1.53758
1.53983
1.54217
1.54457
1.54705
1.54959
1.55219
1.55485
1.55756
1.56032
1.56312
1.56596
1.56883
1.57173
1.57466
1.5776
1.58056
1.58353
1.5865
1.58947
1.59244
1.59539
1.59833
1.60125
1.60415
1.60703
1.60987
1.61267
1.61544
1.61817
1.62085
1.62348
1.62607
1.62859
1.63107
1.63348
1.63583
1.63812
1.64034
1.6425
1.6446
1.64662
1.64857
1.65045
1.65227
1.654
1.65567
1.65726
1.65878
1.66023
1.6616
1.6629
1.66413
1.66528
1.66637
1.66738
1.66832
1.66919
1.66999
1.67072
1.67138
1.67197
1.6725
1.67297
1.67337
1.67371
1.67398
1.6742
1.67435
1.67445
1.67449
1.67448
1.67441
1.67429
1.67412
1.6739
1.67364
1.67333
1.67298
1.67259
1.67215
1.67168
1.67118
1.67064
1.67007
1.66947
1.66884
1.66819
1.66752
1.66683
1.66613
1.66541
1.66468
1.66394
1.6632
1.66246
1.66172
1.66098
1.66025
1.65954
1.65884
1.65816
1.65751
1.65687
1.65627
1.65571
1.65517
1.65468
1.65424
1.65384
1.65349
1.65319
1.65295
1.65277
1.65266
1.6526
1.65262
1.6527
1.65285
1.65307
1.65337
1.65374
1.65419
1.65029
1.65095
1.6517
1.65251
1.6534
1.65436
1.65539
1.65649
1.65765
1.65887
1.66015
1.66148
1.66287
1.6643
1.66578
1.6673
1.66885
1.67043
1.67204
1.67367
1.67532
1.67697
1.67864
1.6803
1.68197
1.68362
1.68526
1.68689
1.68849
1.69007
1.69161
1.69312
1.6946
1.69603
1.69741
1.69874
1.70002
1.70125
1.70241
1.70351
1.70455
1.70552
1.70642
1.70725
1.708
1.70868
1.70929
1.70982
1.71027
1.71065
1.71094
1.71116
1.7113
1.71136
1.71135
1.71126
1.71109
1.71085
1.71053
1.71015
1.70969
1.70916
1.70857
1.7079
1.70718
1.70639
1.70554
1.70463
1.70367
1.70266
1.70159
1.70048
1.69932
1.69811
1.69687
1.69558
1.69426
1.6929
1.69152
1.6901
1.68866
1.6872
1.68572
1.68421
1.6827
1.68116
1.67962
1.67807
1.6765
1.67494
1.67337
1.67179
1.67022
1.66865
1.66707
1.66551
1.66394
1.66238
1.66083
1.65927
1.65773
1.65618
1.65464
1.65311
1.65158
1.65005
1.64851
1.64698
1.64545
1.64391
1.64236
1.64081
1.63924
1.63766
1.63607
1.63445
1.63282
1.63116
1.62947
1.62775
1.626
1.62421
1.62238
1.62051
1.61859
1.61661
1.61459
1.61251
1.61037
1.60818
1.60591
1.60358
1.60118
1.59871
1.59617
1.59356
1.59087
1.5881
1.58525
1.58232
1.57932
1.57623
1.57307
1.56983
1.56651
1.56311
1.55963
1.55608
1.55246
1.54877
1.54501
1.54119
1.53731
1.53337
1.52938
1.52534
1.52126
1.51713
1.51297
1.50878
1.50457
1.50034
1.49609
1.49183
1.48757
1.48332
1.47907
1.47484
1.47062
1.46644
1.46228
1.45816
1.45409
1.45007
1.4461
1.4422
1.43835
1.43458
1.43089
1.42728
1.42375
1.42031
1.41697
1.41372
1.41058
1.40754
1.40462
1.40181
1.39912
1.39654
1.39409
1.39177
1.38958
1.38752
1.3856
1.38381
1.38216
1.38066
1.3793
1.37808
1.37701
1.37609
1.37532
1.3747
1.37423
1.37391
1.37374
1.37372
1.37386
1.37415
1.37459
1.37518
1.37591
1.3768
1.37783
1.37901
1.38032
1.38178
1.38337
1.3851
1.38695
1.38893
1.39104
1.39326
1.3956
1.39805
1.4006
1.40325
1.406
1.40883
1.41175
1.41475
1.41783
1.42097
1.42417
1.42743
1.43073
1.43409
1.43748
1.44091
1.44436
1.44784
1.45133
1.45484
1.45835
1.46187
1.46538
1.46888
1.47237
1.47585
1.4793
1.48273
1.48614
1.48951
1.49284
1.49614
1.4994
1.50261
1.50578
1.5089
1.51197
1.51499
1.51796
1.52088
1.52373
1.52654
1.52928
1.53197
1.5346
1.53717
1.53968
1.54214
1.54454
1.54688
1.54916
1.55139
1.55356
1.55568
1.55774
1.55975
1.56171
1.56362
1.56548
1.56728
1.56904
1.57075
1.57242
1.57403
1.57561
1.57714
1.57863
1.58008
1.58148
1.58285
1.58418
1.58547
1.58672
1.58793
1.5891
1.59024
1.65051
1.65156
1.65256
1.65352
1.65443
1.65531
1.65614
1.65693
1.65768
1.65838
1.65905
1.65967
1.66025
1.66078
1.66128
1.66173
1.66213
1.6625
1.66282
1.6631
1.66333
1.66352
1.66366
1.66376
1.66382
1.66383
1.66379
1.66371
1.66358
1.6634
1.66318
1.66292
1.6626
1.66224
1.66184
1.66138
1.66088
1.66034
1.65975
1.65911
1.65843
1.6577
1.65693
1.65611
1.65524
1.65433
1.65338
1.65239
1.65135
1.65026
1.64914
1.64797
1.64677
1.64552
1.64424
1.64292
1.64156
1.64016
1.63873
1.63726
1.63576
1.63422
1.63266
1.63106
1.62943
1.62778
1.6261
1.62439
1.62266
1.62091
1.61913
1.61733
1.61552
1.61369
1.61184
1.60998
1.60811
1.60622
1.60433
1.60242
1.60051
1.5986
1.59668
1.59476
1.59283
1.59091
1.58899
1.58707
1.58516
1.58325
1.58134
1.57944
1.57754
1.57565
1.57376
1.57188
1.57001
1.56814
1.56629
1.56444
1.56259
1.56075
1.55892
1.55709
1.55526
1.55344
1.55162
1.5498
1.54798
1.54617
1.54435
1.54252
1.5407
1.53887
1.53704
1.5352
1.53335
1.5315
1.52964
1.52777
1.52589
1.524
1.52211
1.5202
1.51829
1.51637
1.51444
1.5125
1.51056
1.50861
1.50665
1.50469
1.50272
1.50075
1.49878
1.49681
1.49483
1.49287
1.4909
1.48894
1.48699
1.48505
1.48312
1.4812
1.4793
1.47742
1.47556
1.47373
1.47192
1.47014
1.46839
1.46667
1.46499
1.46334
1.46174
1.46018
1.45867
1.45721
1.4558
1.45444
1.45314
1.4519
1.45072
1.44961
1.44856
1.44758
1.44667
1.44584
1.44508
1.44439
1.44379
1.44326
1.44282
1.44246
1.44218
1.44199
1.44189
1.44187
1.44195
1.44211
1.44236
1.44271
1.44314
1.44366
1.44427
1.44497
1.44576
1.44664
1.44761
1.44866
1.4498
1.45101
1.45231
1.45369
1.45515
1.45668
1.45828
1.45996
1.4617
1.4635
1.46536
1.46728
1.46925
1.47128
1.47335
1.47546
1.47761
1.4798
1.48202
1.48426
1.48653
1.48882
1.49112
1.49343
1.49575
1.49807
1.50039
1.50271
1.50502
1.50731
1.50959
1.51184
1.51408
1.51628
1.51846
1.5206
1.52271
1.52478
1.5268
1.52878
1.53072
1.53261
1.53445
1.53623
1.53797
1.53965
1.54128
1.54285
1.54436
1.54582
1.54723
1.54858
1.54987
1.55111
1.5523
1.55343
1.55451
1.55554
1.55652
1.55746
1.55835
1.5592
1.56001
1.56078
1.56151
1.56221
1.56288
1.56352
1.56414
1.56474
1.56531
1.56587
1.56642
1.56695
1.56748
1.568
1.56852
1.56905
1.56957
1.5701
1.57064
1.57119
1.57176
1.57234
1.57293
1.57355
1.57419
1.57485
1.57554
1.57625
1.57699
1.57775
1.57855
1.57938
1.58023
1.58112
1.58204
1.58299
1.58398
1.58499
1.58603
1.58711
1.58821
1.58935
1.59051
1.5917
1.59292
1.59416
1.59543
1.59672
1.65065
1.65202
1.6534
1.65479
1.65619
1.65759
1.659
1.66042
1.66184
1.66326
1.66468
1.6661
1.66752
1.66894
1.67036
1.67177
1.67318
1.67459
1.67598
1.67737
1.67875
1.68013
1.68149
1.68285
1.68419
1.68553
1.68686
1.68818
1.68948
1.69078
1.69206
1.69333
1.69459
1.69583
1.69706
1.69828
1.69948
1.70067
1.70184
1.70299
1.70412
1.70523
1.70632
1.70738
1.70843
1.70944
1.71043
1.71139
1.71232
1.71321
1.71407
1.7149
1.71568
1.71642
1.71712
1.71778
1.71838
1.71894
1.71945
1.7199
1.7203
1.72065
1.72093
1.72116
1.72132
1.72142
1.72146
1.72143
1.72134
1.72118
1.72095
1.72066
1.7203
1.71986
1.71936
1.71879
1.71816
1.71745
1.71668
1.71583
1.71493
1.71395
1.71291
1.71181
1.71065
1.70943
1.70814
1.7068
1.7054
1.70395
1.70245
1.70089
1.69929
1.69763
1.69593
1.69419
1.6924
1.69057
1.68871
1.6868
1.68486
1.68288
1.68087
1.67883
1.67675
1.67464
1.67251
1.67035
1.66816
1.66594
1.6637
1.66143
1.65914
1.65683
1.65449
1.65214
1.64976
1.64735
1.64493
1.64248
1.64001
1.63753
1.63502
1.63249
1.62994
1.62737
1.62478
1.62218
1.61955
1.61691
1.61424
1.61156
1.60887
1.60615
1.60343
1.60069
1.59793
1.59517
1.5924
1.58962
1.58683
1.58403
1.58124
1.57844
1.57564
1.57284
1.57005
1.56726
1.56449
1.56172
1.55898
1.55624
1.55353
1.55083
1.54816
1.54552
1.54291
1.54032
1.53776
1.53524
1.53276
1.53032
1.52791
1.52555
1.52323
1.52095
1.51872
1.51654
1.51441
1.51233
1.51029
1.50831
1.50637
1.50449
1.50266
1.50088
1.49915
1.49748
1.49585
1.49427
1.49274
1.49126
1.48983
1.48844
1.4871
1.4858
1.48455
1.48334
1.48216
1.48103
1.47994
1.47888
1.47786
1.47687
1.47592
1.475
1.4741
1.47324
1.47241
1.47161
1.47083
1.47008
1.46935
1.46865
1.46797
1.46732
1.46669
1.46608
1.4655
1.46494
1.4644
1.46388
1.46338
1.46291
1.46246
1.46204
1.46163
1.46126
1.4609
1.46058
1.46028
1.46
1.45976
1.45954
1.45936
1.4592
1.45908
1.45899
1.45894
1.45892
1.45894
1.459
1.4591
1.45923
1.45941
1.45962
1.45988
1.46018
1.46052
1.46091
1.46135
1.46182
1.46234
1.46291
1.46352
1.46418
1.46488
1.46563
1.46642
1.46726
1.46814
1.46906
1.47003
1.47104
1.47208
1.47317
1.4743
1.47546
1.47666
1.47789
1.47915
1.48045
1.48177
1.48312
1.48449
1.48588
1.4873
1.48873
1.49017
1.49164
1.49311
1.49459
1.49607
1.49756
1.49906
1.50055
1.50203
1.50351
1.50499
1.50645
1.5079
1.50934
1.51076
1.51216
1.51354
1.51491
1.51624
1.51756
1.51884
1.5201
1.52133
1.52254
1.52371
1.52485
1.52596
1.52705
1.5281
1.52912
1.53011
1.53107
1.65044
1.65133
1.65219
1.65301
1.65378
1.65452
1.65522
1.65589
1.65653
1.65714
1.65773
1.65829
1.65883
1.65936
1.65987
1.66037
1.66086
1.66135
1.66184
1.66233
1.66283
1.66334
1.66386
1.66439
1.66494
1.66552
1.66611
1.66673
1.66738
1.66806
1.66877
1.66952
1.6703
1.67112
1.67197
1.67286
1.67379
1.67476
1.67577
1.67681
1.6779
1.67902
1.68017
1.68136
1.68258
1.68383
1.68511
1.68641
1.68774
1.68909
1.69046
1.69185
1.69324
1.69465
1.69607
1.69749
1.69891
1.70032
1.70173
1.70314
1.70453
1.7059
1.70726
1.7086
1.70992
1.71121
1.71247
1.7137
1.71489
1.71604
1.71716
1.71823
1.71926
1.72024
1.72118
1.72207
1.7229
1.72368
1.72441
1.72509
1.7257
1.72626
1.72677
1.72721
1.7276
1.72793
1.7282
1.72842
1.72857
1.72867
1.72871
1.7287
1.72863
1.7285
1.72832
1.72809
1.72781
1.72748
1.7271
1.72667
1.7262
1.72568
1.72513
1.72453
1.7239
1.72322
1.72252
1.72178
1.72101
1.72021
1.71938
1.71853
1.71765
1.71676
1.71584
1.7149
1.71395
1.71299
1.71201
1.71101
1.71001
1.709
1.70797
1.70694
1.7059
1.70485
1.70379
1.70272
1.70165
1.70057
1.69949
1.69839
1.69729
1.69617
1.69505
1.69391
1.69276
1.6916
1.69042
1.68923
1.68802
1.6868
1.68555
1.68429
1.683
1.6817
1.68037
1.67901
1.67763
1.67623
1.67479
1.67333
1.67184
1.67033
1.66878
1.66721
1.66561
1.66398
1.66233
1.66065
1.65894
1.65721
1.65546
1.65369
1.6519
1.65009
1.64827
1.64643
1.64459
1.64273
1.64087
1.63901
1.63714
1.63528
1.63342
1.63157
1.62974
1.62791
1.6261
1.62431
1.62253
1.62078
1.61906
1.61737
1.6157
1.61407
1.61248
1.61092
1.6094
1.60792
1.60649
1.6051
1.60375
1.60246
1.60121
1.60001
1.59887
1.59778
1.59674
1.59576
1.59484
1.59398
1.59317
1.59243
1.59174
1.59112
1.59056
1.59007
1.58963
1.58926
1.58896
1.58872
1.58854
1.58843
1.58838
1.5884
1.58848
1.58863
1.58884
1.58911
1.58944
1.58984
1.5903
1.59081
1.59139
1.59202
1.59271
1.59345
1.59425
1.5951
1.596
1.59696
1.59796
1.599
1.6001
1.60123
1.60241
1.60363
1.60488
1.60617
1.6075
1.60886
1.61025
1.61166
1.61311
1.61458
1.61608
1.6176
1.61914
1.62069
1.62227
1.62386
1.62546
1.62708
1.6287
1.63034
1.63198
1.63363
1.63528
1.63693
1.63858
1.64023
1.64187
1.64351
1.64513
1.64675
1.64836
1.64995
1.65153
1.65309
1.65463
1.65614
1.65764
1.6591
1.66054
1.66195
1.66332
1.66466
1.66597
1.66723
1.66846
1.66965
1.67079
1.67188
1.67293
1.67392
1.67487
1.67576
1.6766
1.67739
1.67812
1.67879
1.6794
1.67995
1.68044
1.68087
1.68124
1.68154
1.68178
1.68196
1.64998
1.64997
1.64991
1.64979
1.64961
1.64937
1.64909
1.64874
1.64834
1.64789
1.64739
1.64684
1.64624
1.64559
1.6449
1.64417
1.64339
1.64256
1.6417
1.6408
1.63987
1.6389
1.6379
1.63687
1.63582
1.63473
1.63362
1.63249
1.63134
1.63017
1.62898
1.62778
1.62656
1.62533
1.6241
1.62285
1.6216
1.62034
1.61908
1.61781
1.61655
1.61529
1.61404
1.61279
1.61154
1.61031
1.60908
1.60787
1.60668
1.6055
1.60434
1.6032
1.60209
1.601
1.59994
1.59891
1.59791
1.59695
1.59603
1.59514
1.5943
1.59351
1.59276
1.59207
1.59142
1.59084
1.59031
1.58985
1.58945
1.58911
1.58885
1.58865
1.58853
1.58848
1.58852
1.58863
1.58882
1.58909
1.58944
1.58988
1.5904
1.591
1.59168
1.59245
1.5933
1.59423
1.59524
1.59633
1.59749
1.59872
1.60003
1.60141
1.60285
1.60435
1.60592
1.60754
1.60921
1.61093
1.6127
1.6145
1.61635
1.61822
1.62012
1.62204
1.62397
1.62592
1.62788
1.62984
1.6318
1.63375
1.63569
1.63762
1.63954
1.64142
1.64329
1.64512
1.64692
1.64869
1.65041
1.65209
1.65373
1.65532
1.65686
1.65834
1.65978
1.66115
1.66247
1.66374
1.66494
1.66609
1.66718
1.66821
1.66918
1.6701
1.67096
1.67176
1.6725
1.6732
1.67384
1.67444
1.67498
1.67549
1.67595
1.67636
1.67674
1.67709
1.6774
1.67768
1.67793
1.67816
1.67836
1.67854
1.67871
1.67886
1.67899
1.67912
1.67923
1.67934
1.67944
1.67953
1.67962
1.67971
1.6798
1.67988
1.67996
1.68004
1.68011
1.68019
1.68026
1.68033
1.68039
1.68045
1.6805
1.68054
1.68058
1.6806
1.68062
1.68062
1.68061
1.68058
1.68054
1.68047
1.6804
1.6803
1.68018
1.68004
1.67987
1.67969
1.67948
1.67925
1.679
1.67872
1.67842
1.6781
1.67776
1.67739
1.67701
1.67661
1.67619
1.67576
1.67531
1.67485
1.67438
1.6739
1.67341
1.67291
1.67241
1.67191
1.67141
1.67092
1.67043
1.66994
1.66947
1.66901
1.66856
1.66812
1.66771
1.66731
1.66694
1.66658
1.66625
1.66595
1.66567
1.66543
1.66521
1.66502
1.66486
1.66474
1.66465
1.66459
1.66456
1.66457
1.66462
1.66469
1.66481
1.66495
1.66513
1.66534
1.66559
1.66587
1.66617
1.66651
1.66688
1.66727
1.6677
1.66814
1.66862
1.66912
1.66964
1.67018
1.67074
1.67133
1.67193
1.67255
1.67318
1.67383
1.6745
1.67517
1.67586
1.67657
1.67728
1.678
1.67873
1.67946
1.68021
1.68096
1.68172
1.68249
1.68326
1.68404
1.68482
1.68561
1.68641
1.68721
1.68802
1.68884
1.68966
1.69049
1.69133
1.69217
1.69302
1.69388
1.69475
1.69563
1.69651
1.6974
1.6983
1.69922
1.70013
1.70106
1.702
1.70294
1.7039
1.70486
1.70583
1.70681
1.70779
1.70878
1.70977
1.71077
1.65046
1.65145
1.65246
1.65346
1.65448
1.65549
1.65651
1.65753
1.65854
1.65956
1.66056
1.66156
1.66255
1.66353
1.66448
1.66543
1.66635
1.66724
1.66811
1.66896
1.66977
1.67055
1.67129
1.67199
1.67265
1.67327
1.67384
1.67436
1.67484
1.67526
1.67563
1.67594
1.67619
1.67639
1.67652
1.67659
1.67659
1.67653
1.6764
1.6762
1.67594
1.6756
1.6752
1.67472
1.67417
1.67355
1.67285
1.67208
1.67124
1.67032
1.66933
1.66826
1.66712
1.66591
1.66462
1.66326
1.66183
1.66033
1.65876
1.65712
1.65542
1.65365
1.65181
1.64992
1.64797
1.64597
1.64391
1.6418
1.63965
1.63746
1.63523
1.63297
1.63069
1.62838
1.62605
1.62371
1.62137
1.61903
1.61669
1.61436
1.61206
1.60978
1.60754
1.60533
1.60317
1.60106
1.59901
1.59703
1.59512
1.59329
1.59155
1.58989
1.58834
1.58688
1.58554
1.5843
1.58318
1.58219
1.58131
1.58057
1.57995
1.57946
1.5791
1.57887
1.57878
1.57882
1.57898
1.57928
1.57971
1.58026
1.58094
1.58173
1.58264
1.58366
1.58479
1.58603
1.58736
1.58878
1.5903
1.5919
1.59358
1.59533
1.59715
1.59904
1.60098
1.60298
1.60502
1.60711
1.60924
1.6114
1.61359
1.61581
1.61805
1.6203
1.62257
1.62485
1.62713
1.62942
1.63171
1.63399
1.63627
1.63853
1.64079
1.64303
1.64526
1.64747
1.64966
1.65182
1.65396
1.65607
1.65816
1.66021
1.66222
1.6642
1.66615
1.66805
1.66992
1.67174
1.67352
1.67525
1.67693
1.67856
1.68014
1.68166
1.68313
1.68454
1.68589
1.68717
1.68839
1.68955
1.69063
1.69165
1.69259
1.69346
1.69425
1.69496
1.6956
1.69615
1.69663
1.69702
1.69734
1.69757
1.69771
1.69778
1.69776
1.69766
1.69747
1.69721
1.69686
1.69644
1.69594
1.69536
1.69471
1.69399
1.6932
1.69234
1.69142
1.69044
1.6894
1.6883
1.68715
1.68596
1.68472
1.68344
1.68212
1.68077
1.67938
1.67798
1.67654
1.67509
1.67363
1.67215
1.67067
1.66918
1.66769
1.6662
1.66472
1.66326
1.6618
1.66036
1.65895
1.65756
1.65619
1.65485
1.65355
1.65228
1.65104
1.64985
1.6487
1.64759
1.64653
1.64551
1.64455
1.64363
1.64277
1.64197
1.64122
1.64052
1.63989
1.63931
1.6388
1.63835
1.63796
1.63764
1.63738
1.63718
1.63705
1.63699
1.637
1.63707
1.63721
1.63742
1.6377
1.63804
1.63845
1.63892
1.63946
1.64007
1.64074
1.64148
1.64228
1.64314
1.64407
1.64505
1.64609
1.64719
1.64835
1.64956
1.65082
1.65213
1.65349
1.6549
1.65635
1.65783
1.65936
1.66092
1.66252
1.66414
1.66579
1.66746
1.66915
1.67086
1.67258
1.67431
1.67605
1.67779
1.67953
1.68126
1.68299
1.6847
1.68641
1.68809
1.68976
1.6914
1.69301
1.6946
1.69615
1.69766
1.69914
1.70058
1.65063
1.65192
1.65317
1.65438
1.65555
1.65667
1.65774
1.65876
1.65974
1.66067
1.66155
1.66238
1.66316
1.66389
1.66457
1.66519
1.66577
1.66629
1.66677
1.66719
1.66757
1.66789
1.66817
1.66841
1.6686
1.66875
1.66885
1.66892
1.66894
1.66893
1.66888
1.66879
1.66867
1.66852
1.66834
1.66813
1.6679
1.66764
1.66736
1.66705
1.66673
1.66639
1.66603
1.66566
1.66527
1.66488
1.66447
1.66405
1.66362
1.66319
1.66275
1.66231
1.66186
1.6614
1.66095
1.66049
1.66003
1.65957
1.6591
1.65864
1.65817
1.6577
1.65724
1.65676
1.65629
1.65581
1.65533
1.65485
1.65436
1.65386
1.65335
1.65284
1.65231
1.65178
1.65123
1.65066
1.65008
1.64948
1.64886
1.64822
1.64756
1.64687
1.64616
1.64542
1.64465
1.64385
1.64301
1.64214
1.64123
1.64028
1.6393
1.63827
1.6372
1.63608
1.63491
1.63369
1.63243
1.63111
1.62974
1.62832
1.62684
1.6253
1.62371
1.62206
1.62035
1.61857
1.61674
1.61485
1.61289
1.61087
1.60879
1.60665
1.60444
1.60217
1.59984
1.59745
1.595
1.59248
1.5899
1.58727
1.58457
1.58182
1.57901
1.57614
1.57322
1.57024
1.56721
1.56414
1.56101
1.55783
1.55461
1.55134
1.54803
1.54468
1.54129
1.53787
1.53441
1.53092
1.5274
1.52385
1.52028
1.51669
1.51308
1.50945
1.5058
1.50215
1.49848
1.49481
1.49113
1.48746
1.48378
1.48012
1.47646
1.47281
1.46917
1.46556
1.46196
1.45839
1.45484
1.45133
1.44785
1.4444
1.441
1.43764
1.43432
1.43106
1.42786
1.42471
1.42162
1.4186
1.41565
1.41278
1.40998
1.40726
1.40462
1.40207
1.39962
1.39725
1.39499
1.39283
1.39077
1.38882
1.38698
1.38525
1.38365
1.38216
1.38079
1.37955
1.37843
1.37744
1.37658
1.37585
1.37525
1.37479
1.37446
1.37427
1.37421
1.37429
1.3745
1.37485
1.37533
1.37594
1.37668
1.37755
1.37855
1.37967
1.38092
1.38228
1.38377
1.38537
1.38707
1.38889
1.39081
1.39284
1.39496
1.39717
1.39947
1.40186
1.40432
1.40686
1.40948
1.41216
1.4149
1.41771
1.42057
1.42348
1.42644
1.42944
1.43247
1.43554
1.43865
1.44177
1.44492
1.44809
1.45127
1.45446
1.45766
1.46086
1.46407
1.46727
1.47046
1.47365
1.47682
1.47998
1.48312
1.48624
1.48933
1.4924
1.49544
1.49845
1.50143
1.50436
1.50726
1.51012
1.51294
1.51571
1.51843
1.52109
1.52371
1.52627
1.52878
1.53123
1.53362
1.53594
1.5382
1.5404
1.54253
1.54458
1.54657
1.54849
1.55033
1.55209
1.55378
1.55539
1.55692
1.55837
1.55973
1.56101
1.56221
1.56333
1.56436
1.5653
1.56616
1.56692
1.56761
1.5682
1.56871
1.56912
1.56946
1.5697
1.56986
1.56994
1.56993
1.56984
1.56966
1.56941
1.56907
1.56866
1.56818
1.56762
1.6496
1.64881
1.64795
1.64701
1.64601
1.64494
1.6438
1.64261
1.64137
1.64008
1.63874
1.63737
1.63596
1.63453
1.63307
1.63159
1.6301
1.6286
1.6271
1.62561
1.62412
1.62265
1.6212
1.61977
1.61837
1.61701
1.61568
1.6144
1.61317
1.612
1.61087
1.60981
1.60881
1.60787
1.60701
1.60622
1.6055
1.60486
1.60429
1.6038
1.6034
1.60307
1.60282
1.60266
1.60257
1.60257
1.60265
1.6028
1.60304
1.60335
1.60374
1.60421
1.60475
1.60536
1.60605
1.6068
1.60763
1.60852
1.60947
1.61049
1.61158
1.61272
1.61393
1.61519
1.61651
1.61789
1.61932
1.62081
1.62235
1.62395
1.62559
1.62729
1.62904
1.63083
1.63267
1.63456
1.6365
1.63849
1.64052
1.64259
1.64472
1.64688
1.64909
1.65134
1.65364
1.65597
1.65835
1.66076
1.66322
1.66571
1.66823
1.67079
1.67338
1.67601
1.67866
1.68134
1.68404
1.68677
1.68952
1.69229
1.69508
1.69788
1.70069
1.70351
1.70634
1.70916
1.71199
1.71481
1.71761
1.72041
1.72319
1.72595
1.72869
1.73139
1.73407
1.73671
1.73931
1.74186
1.74437
1.74682
1.74921
1.75155
1.75382
1.75603
1.75816
1.76022
1.7622
1.76411
1.76592
1.76766
1.7693
1.77086
1.77232
1.77368
1.77495
1.77613
1.7772
1.77818
1.77906
1.77984
1.78052
1.7811
1.78159
1.78198
1.78227
1.78247
1.78257
1.78258
1.78251
1.78235
1.78211
1.78178
1.78138
1.78091
1.78036
1.77974
1.77906
1.77831
1.7775
1.77664
1.77572
1.77476
1.77374
1.77268
1.77157
1.77043
1.76924
1.76802
1.76676
1.76547
1.76415
1.7628
1.76141
1.75999
1.75854
1.75706
1.75555
1.75401
1.75244
1.75083
1.74919
1.74751
1.7458
1.74404
1.74225
1.74041
1.73853
1.73661
1.73463
1.73261
1.73054
1.72841
1.72622
1.72398
1.72168
1.71932
1.71691
1.71443
1.71189
1.70928
1.70661
1.70387
1.70107
1.6982
1.69526
1.69226
1.6892
1.68607
1.68288
1.67963
1.67632
1.67295
1.66953
1.66605
1.66253
1.65895
1.65534
1.65168
1.64798
1.64425
1.64049
1.6367
1.63288
1.62905
1.62521
1.62135
1.61749
1.61362
1.60976
1.6059
1.60206
1.59824
1.59443
1.59065
1.58691
1.5832
1.57953
1.57591
1.57234
1.56882
1.56536
1.56197
1.55864
1.5554
1.55223
1.54914
1.54614
1.54323
1.54042
1.53771
1.53511
1.53262
1.53024
1.52798
1.52585
1.52384
1.52196
1.52022
1.51861
1.51715
1.51583
1.51466
1.51365
1.51278
1.51208
1.51154
1.51115
1.51094
1.51088
1.511
1.51128
1.51173
1.51235
1.51314
1.5141
1.51522
1.51652
1.51797
1.51959
1.52137
1.5233
1.52539
1.52763
1.53002
1.53254
1.53521
1.53801
1.54093
1.54398
1.54714
1.55041
1.55379
1.55726
1.56082
1.56447
1.5682
1.57199
1.57585
1.57977
1.58374
1.65203
1.65617
1.66032
1.66448
1.66864
1.67278
1.67692
1.68103
1.68511
1.68916
1.69317
1.69713
1.70104
1.70489
1.70868
1.71241
1.71606
1.71963
1.72313
1.72654
1.72986
1.73309
1.73622
1.73925
1.74218
1.745
1.74772
1.75032
1.75282
1.7552
1.75746
1.75961
1.76165
1.76356
1.76536
1.76704
1.76861
1.77005
1.77138
1.7726
1.7737
1.7747
1.77559
1.77637
1.77704
1.77762
1.7781
1.77848
1.77878
1.77898
1.77911
1.77915
1.77912
1.77901
1.77884
1.77861
1.77831
1.77796
1.77757
1.77712
1.77664
1.77612
1.77557
1.77498
1.77438
1.77375
1.77311
1.77245
1.77179
1.77112
1.77044
1.76977
1.7691
1.76843
1.76777
1.76712
1.76648
1.76586
1.76526
1.76467
1.7641
1.76355
1.76302
1.76251
1.76202
1.76155
1.76111
1.76069
1.76029
1.75992
1.75957
1.75924
1.75894
1.75866
1.75839
1.75815
1.75793
1.75773
1.75755
1.75738
1.75723
1.7571
1.75698
1.75688
1.75679
1.75672
1.75665
1.75659
1.75655
1.75651
1.75648
1.75646
1.75644
1.75643
1.75642
1.75642
1.75642
1.75642
1.75643
1.75643
1.75644
1.75645
1.75645
1.75646
1.75647
1.75648
1.75648
1.75649
1.75649
1.7565
1.7565
1.7565
1.7565
1.75651
1.75651
1.75651
1.75651
1.75651
1.75652
1.75652
1.75653
1.75654
1.75655
1.75657
1.75659
1.75662
1.75665
1.75669
1.75673
1.75678
1.75684
1.75691
1.75698
1.75707
1.75716
1.75726
1.75738
1.75751
1.75765
1.7578
1.75796
1.75814
1.75834
1.75855
1.75877
1.75902
1.75928
1.75955
1.75984
1.76015
1.76048
1.76083
1.7612
1.76159
1.762
1.76242
1.76287
1.76334
1.76383
1.76434
1.76488
1.76543
1.76601
1.76661
1.76724
1.76789
1.76856
1.76925
1.76997
1.77071
1.77148
1.77227
1.77308
1.77392
1.77478
1.77566
1.77656
1.77749
1.77844
1.77941
1.7804
1.78141
1.78244
1.78349
1.78456
1.78564
1.78674
1.78785
1.78898
1.79012
1.79127
1.79243
1.7936
1.79477
1.79595
1.79713
1.79832
1.79951
1.80069
1.80187
1.80305
1.80422
1.80539
1.80654
1.80768
1.80882
1.80994
1.81104
1.81212
1.81319
1.81424
1.81526
1.81627
1.81725
1.8182
1.81913
1.82003
1.8209
1.82174
1.82255
1.82332
1.82407
1.82479
1.82547
1.82612
1.82674
1.82731
1.82786
1.82836
1.82883
1.82926
1.82966
1.83001
1.83033
1.83061
1.83086
1.83106
1.83123
1.83136
1.83145
1.83151
1.83153
1.83151
1.83145
1.83136
1.83123
1.83106
1.83085
1.83061
1.83033
1.83001
1.82966
1.82927
1.82884
1.82838
1.82788
1.82734
1.82677
1.82617
1.82553
1.82485
1.82414
1.82339
1.82261
1.8218
1.82096
1.82008
1.81916
1.81822
1.81724
1.81624
1.8152
1.81413
1.81303
1.8119
1.81075
1.80956
1.80835
1.80711
1.80585
1.64934
1.64809
1.64682
1.64556
1.6443
1.64304
1.64178
1.64053
1.63928
1.63804
1.6368
1.63558
1.63436
1.63316
1.63197
1.6308
1.62964
1.6285
1.62738
1.62629
1.62522
1.62417
1.62315
1.62215
1.62119
1.62026
1.61936
1.6185
1.61767
1.61689
1.61614
1.61544
1.61478
1.61417
1.6136
1.61308
1.6126
1.61218
1.61181
1.6115
1.61123
1.61103
1.61088
1.61079
1.61075
1.61078
1.61086
1.611
1.61121
1.61147
1.6118
1.61218
1.61262
1.61313
1.61369
1.61431
1.61499
1.61572
1.61651
1.61735
1.61825
1.61919
1.62019
1.62123
1.62231
1.62344
1.62462
1.62583
1.62707
1.62835
1.62966
1.631
1.63237
1.63376
1.63516
1.63659
1.63803
1.63948
1.64094
1.6424
1.64386
1.64533
1.64679
1.64824
1.64968
1.65112
1.65253
1.65393
1.65532
1.65668
1.65801
1.65932
1.6606
1.66186
1.66308
1.66426
1.66542
1.66653
1.66762
1.66866
1.66967
1.67064
1.67157
1.67246
1.67331
1.67413
1.6749
1.67564
1.67634
1.677
1.67762
1.67821
1.67876
1.67928
1.67976
1.6802
1.68062
1.68101
1.68136
1.68169
1.68199
1.68226
1.68251
1.68274
1.68295
1.68313
1.68329
1.68344
1.68356
1.68367
1.68376
1.68384
1.6839
1.68395
1.68399
1.68401
1.68402
1.68402
1.68401
1.68399
1.68396
1.68392
1.68387
1.68381
1.68375
1.68367
1.68359
1.6835
1.6834
1.68329
1.68317
1.68305
1.68292
1.68278
1.68263
1.68248
1.68232
1.68215
1.68197
1.68178
1.68159
1.68139
1.68118
1.68096
1.68073
1.68049
1.68024
1.67998
1.67971
1.67943
1.67914
1.67883
1.67851
1.67818
1.67784
1.67748
1.67711
1.67672
1.67632
1.6759
1.67546
1.675
1.67452
1.67402
1.67351
1.67297
1.67241
1.67183
1.67122
1.67059
1.66994
1.66927
1.66857
1.66784
1.66709
1.66631
1.66551
1.66468
1.66382
1.66294
1.66204
1.6611
1.66014
1.65916
1.65815
1.65711
1.65606
1.65498
1.65387
1.65274
1.6516
1.65043
1.64924
1.64803
1.64681
1.64557
1.64432
1.64305
1.64177
1.64048
1.63917
1.63786
1.63655
1.63522
1.6339
1.63257
1.63123
1.6299
1.62857
1.62724
1.62591
1.62459
1.62328
1.62197
1.62067
1.61938
1.6181
1.61683
1.61558
1.61433
1.61311
1.6119
1.6107
1.60953
1.60837
1.60723
1.6061
1.605
1.60392
1.60286
1.60182
1.6008
1.59979
1.59881
1.59785
1.59691
1.59599
1.59509
1.5942
1.59333
1.59248
1.59164
1.59082
1.59002
1.58922
1.58844
1.58767
1.58691
1.58616
1.58541
1.58467
1.58394
1.58322
1.58249
1.58177
1.58104
1.58032
1.57959
1.57886
1.57812
1.57738
1.57663
1.57587
1.5751
1.57432
1.57353
1.57273
1.57191
1.57108
1.57024
1.56939
1.56852
1.56764
1.56674
1.56583
1.5649
1.56396
1.563
1.56203
1.56104
1.64945
1.64838
1.64729
1.64617
1.64502
1.64385
1.64266
1.64144
1.64021
1.63895
1.63767
1.63637
1.63505
1.63372
1.63236
1.631
1.62962
1.62822
1.62682
1.6254
1.62397
1.62254
1.6211
1.61965
1.6182
1.61674
1.61528
1.61382
1.61236
1.6109
1.60944
1.60798
1.60652
1.60507
1.60363
1.60219
1.60076
1.59934
1.59792
1.59652
1.59513
1.59376
1.59239
1.59104
1.58971
1.5884
1.5871
1.58582
1.58456
1.58332
1.5821
1.5809
1.57972
1.57857
1.57744
1.57634
1.57526
1.57421
1.57319
1.57219
1.57123
1.57029
1.56938
1.56851
1.56767
1.56685
1.56608
1.56533
1.56462
1.56394
1.5633
1.56269
1.56211
1.56158
1.56107
1.56061
1.56018
1.55979
1.55944
1.55912
1.55884
1.55859
1.55838
1.5582
1.55806
1.55795
1.55787
1.55783
1.55782
1.55784
1.55789
1.55797
1.55808
1.55822
1.55838
1.55857
1.55879
1.55902
1.55928
1.55956
1.55986
1.56018
1.56052
1.56087
1.56123
1.56161
1.56201
1.56241
1.56282
1.56325
1.56368
1.56412
1.56456
1.56501
1.56547
1.56593
1.5664
1.56687
1.56735
1.56782
1.5683
1.56879
1.56928
1.56977
1.57027
1.57077
1.57128
1.57179
1.57231
1.57284
1.57337
1.57392
1.57447
1.57504
1.57562
1.57621
1.57682
1.57745
1.57809
1.57876
1.57944
1.58015
1.58088
1.58164
1.58242
1.58324
1.58408
1.58495
1.58586
1.58679
1.58776
1.58877
1.58981
1.59088
1.59199
1.59314
1.59433
1.59555
1.59681
1.5981
1.59943
1.6008
1.60221
1.60365
1.60512
1.60663
1.60817
1.60974
1.61133
1.61296
1.61462
1.61629
1.618
1.61972
1.62146
1.62322
1.62499
1.62677
1.62856
1.63037
1.63217
1.63398
1.63579
1.63759
1.63939
1.64118
1.64296
1.64473
1.64648
1.64821
1.64992
1.6516
1.65326
1.65489
1.65648
1.65805
1.65957
1.66105
1.6625
1.66389
1.66525
1.66655
1.66781
1.66902
1.67017
1.67126
1.67231
1.67329
1.67422
1.67508
1.67589
1.67663
1.67731
1.67794
1.6785
1.67899
1.67943
1.6798
1.68012
1.68037
1.68057
1.6807
1.68079
1.68081
1.68079
1.68072
1.6806
1.68043
1.68022
1.67997
1.67968
1.67936
1.67901
1.67864
1.67824
1.67782
1.67739
1.67694
1.67649
1.67603
1.67557
1.67511
1.67466
1.67422
1.67379
1.67338
1.67298
1.67261
1.67226
1.67194
1.67164
1.67138
1.67115
1.67094
1.67077
1.67064
1.67053
1.67047
1.67043
1.67042
1.67045
1.67051
1.67059
1.6707
1.67084
1.67099
1.67117
1.67136
1.67156
1.67178
1.67201
1.67224
1.67247
1.6727
1.67292
1.67314
1.67334
1.67353
1.6737
1.67385
1.67398
1.67407
1.67414
1.67417
1.67417
1.67413
1.67405
1.67392
1.67374
1.67352
1.67324
1.6729
1.67251
1.67206
1.67155
1.67097
1.67033
1.66962
1.66884
1.66799
1.64946
1.6484
1.64726
1.64605
1.64476
1.64339
1.64195
1.64042
1.63882
1.63714
1.63537
1.63353
1.63161
1.62961
1.62752
1.62536
1.62313
1.62081
1.61842
1.61596
1.61342
1.61082
1.60814
1.60541
1.60261
1.59975
1.59683
1.59386
1.59084
1.58777
1.58467
1.58152
1.57835
1.57515
1.57192
1.56868
1.56543
1.56218
1.55892
1.55568
1.55244
1.54923
1.54605
1.54291
1.5398
1.53674
1.53374
1.53081
1.52794
1.52515
1.52244
1.51982
1.5173
1.51489
1.51258
1.5104
1.50834
1.5064
1.5046
1.50294
1.50143
1.50006
1.49885
1.4978
1.49691
1.49618
1.49562
1.49522
1.495
1.49494
1.49506
1.49535
1.49581
1.49644
1.49724
1.49821
1.49934
1.50063
1.50208
1.50369
1.50545
1.50736
1.50941
1.5116
1.51392
1.51637
1.51894
1.52162
1.52442
1.52731
1.53031
1.53339
1.53656
1.5398
1.54311
1.54648
1.54991
1.55339
1.5569
1.56045
1.56403
1.56763
1.57124
1.57486
1.57848
1.5821
1.5857
1.58928
1.59284
1.59637
1.59987
1.60332
1.60672
1.61007
1.61336
1.61658
1.61973
1.62281
1.62581
1.62872
1.63153
1.63425
1.63687
1.63939
1.64179
1.64408
1.64625
1.6483
1.65022
1.65201
1.65367
1.65518
1.65655
1.65778
1.65886
1.65978
1.66055
1.66116
1.66161
1.6619
1.66203
1.66198
1.66177
1.66139
1.66083
1.6601
1.65921
1.65813
1.65689
1.65547
1.65387
1.65211
1.65017
1.64806
1.64579
1.64334
1.64074
1.63797
1.63504
1.63196
1.62873
1.62535
1.62182
1.61816
1.61437
1.61045
1.60641
1.60225
1.59799
1.59362
1.58916
1.58461
1.57998
1.57527
1.5705
1.56567
1.5608
1.55588
1.55093
1.54596
1.54097
1.53598
1.53099
1.52601
1.52105
1.51613
1.51124
1.5064
1.50161
1.49689
1.49224
1.48767
1.48318
1.4788
1.47452
1.47034
1.46628
1.46235
1.45855
1.45487
1.45134
1.44795
1.44472
1.44163
1.4387
1.43593
1.43333
1.43089
1.42861
1.42651
1.42458
1.42281
1.42122
1.4198
1.41855
1.41746
1.41655
1.41579
1.41521
1.41478
1.41451
1.41439
1.41443
1.41462
1.41495
1.41542
1.41603
1.41677
1.41763
1.41862
1.41973
1.42094
1.42227
1.4237
1.42522
1.42684
1.42854
1.43033
1.4322
1.43413
1.43614
1.43821
1.44035
1.44253
1.44477
1.44706
1.44939
1.45176
1.45417
1.45661
1.45908
1.46157
1.46409
1.46663
1.46919
1.47176
1.47434
1.47693
1.47953
1.48213
1.48473
1.48733
1.48993
1.49252
1.4951
1.49767
1.50023
1.50277
1.50529
1.5078
1.51028
1.51274
1.51517
1.51758
1.51996
1.5223
1.52461
1.52689
1.52913
1.53133
1.5335
1.53562
1.5377
1.53974
1.54174
1.54369
1.5456
1.54747
1.54928
1.55106
1.55278
1.55446
1.5561
1.5577
1.55925
1.56076
1.56223
1.56365
1.56504
1.5664
1.65062
1.6519
1.65313
1.65433
1.65549
1.65661
1.6577
1.65877
1.6598
1.66082
1.66181
1.66278
1.66374
1.66468
1.66562
1.66655
1.66747
1.66839
1.66931
1.67024
1.67117
1.67211
1.67307
1.67404
1.67502
1.67603
1.67705
1.6781
1.67917
1.68027
1.68139
1.68254
1.68372
1.68494
1.68618
1.68746
1.68877
1.69011
1.69148
1.69289
1.69433
1.6958
1.6973
1.69883
1.70039
1.70198
1.7036
1.70524
1.7069
1.70858
1.71028
1.712
1.71373
1.71548
1.71723
1.71899
1.72076
1.72252
1.72428
1.72604
1.72779
1.72952
1.73124
1.73294
1.73462
1.73627
1.73789
1.73949
1.74104
1.74256
1.74404
1.74547
1.74686
1.74819
1.74947
1.7507
1.75187
1.75297
1.75402
1.755
1.75591
1.75676
1.75754
1.75824
1.75888
1.75944
1.75992
1.76034
1.76068
1.76094
1.76113
1.76125
1.76129
1.76126
1.76116
1.76099
1.76075
1.76044
1.76006
1.75961
1.75911
1.75854
1.75791
1.75723
1.75649
1.7557
1.75486
1.75397
1.75303
1.75206
1.75104
1.74999
1.7489
1.74778
1.74663
1.74546
1.74427
1.74306
1.74183
1.74059
1.73934
1.73808
1.73682
1.73556
1.7343
1.73305
1.7318
1.73057
1.72935
1.72815
1.72698
1.72582
1.72469
1.7236
1.72253
1.7215
1.72051
1.71956
1.71866
1.7178
1.71699
1.71623
1.71553
1.71488
1.71429
1.71376
1.7133
1.7129
1.71257
1.71231
1.71212
1.712
1.71196
1.71199
1.7121
1.71228
1.71254
1.71288
1.71331
1.71381
1.71439
1.71506
1.7158
1.71663
1.71753
1.71852
1.71958
1.72073
1.72195
1.72325
1.72462
1.72607
1.72759
1.72917
1.73083
1.73255
1.73433
1.73617
1.73807
1.74002
1.74202
1.74407
1.74617
1.7483
1.75048
1.75268
1.75492
1.75719
1.75948
1.76178
1.7641
1.76643
1.76877
1.77111
1.77344
1.77578
1.7781
1.7804
1.78269
1.78495
1.78719
1.7894
1.79157
1.79371
1.7958
1.79784
1.79983
1.80177
1.80365
1.80547
1.80723
1.80892
1.81054
1.81208
1.81354
1.81493
1.81624
1.81746
1.81859
1.81963
1.82058
1.82144
1.8222
1.82286
1.82342
1.82388
1.82425
1.8245
1.82465
1.8247
1.82464
1.82447
1.8242
1.82382
1.82333
1.82273
1.82203
1.82122
1.8203
1.81928
1.81815
1.81691
1.81558
1.81414
1.81259
1.81095
1.80921
1.80738
1.80544
1.80342
1.80131
1.79911
1.79682
1.79445
1.792
1.78947
1.78687
1.78419
1.78145
1.77864
1.77577
1.77284
1.76985
1.76681
1.76373
1.7606
1.75743
1.75422
1.75098
1.74771
1.74441
1.7411
1.73776
1.73442
1.73106
1.7277
1.72434
1.72098
1.71763
1.71429
1.71097
1.70766
1.70438
1.70112
1.69788
1.69468
1.69152
1.6884
1.68531
1.68227
1.67927
1.67633
1.67343
1.67059
1.6678
1.66507
1.66239
1.65978
1.65723
1.65473
1.6488
1.6465
1.64426
1.64208
1.63997
1.63792
1.63593
1.634
1.63213
1.63033
1.62858
1.62689
1.62525
1.62367
1.62215
1.62068
1.61926
1.61789
1.61656
1.61529
1.61405
1.61286
1.61172
1.61061
1.60954
1.6085
1.6075
1.60653
1.6056
1.6047
1.60382
1.60298
1.60216
1.60136
1.6006
1.59985
1.59913
1.59843
1.59776
1.5971
1.59647
1.59586
1.59527
1.59469
1.59414
1.59361
1.5931
1.59262
1.59215
1.59171
1.59128
1.59089
1.59051
1.59016
1.58984
1.58954
1.58927
1.58903
1.58882
1.58864
1.5885
1.58838
1.58831
1.58826
1.58826
1.5883
1.58837
1.58849
1.58865
1.58886
1.58911
1.5894
1.58975
1.59014
1.59058
1.59107
1.59162
1.59221
1.59287
1.59357
1.59433
1.59515
1.59602
1.59695
1.59794
1.59898
1.60008
1.60124
1.60245
1.60372
1.60505
1.60643
1.60787
1.60936
1.6109
1.6125
1.61415
1.61585
1.61759
1.61939
1.62123
1.62311
1.62504
1.62701
1.62901
1.63106
1.63313
1.63525
1.63739
1.63956
1.64176
1.64398
1.64623
1.64849
1.65077
1.65306
1.65537
1.65769
1.66002
1.66235
1.66468
1.66701
1.66934
1.67167
1.67399
1.6763
1.6786
1.68088
1.68315
1.68541
1.68764
1.68985
1.69203
1.69418
1.69631
1.6984
1.70046
1.70249
1.70447
1.70642
1.70832
1.71018
1.712
1.71376
1.71548
1.71715
1.71876
1.72032
1.72182
1.72327
1.72465
1.72598
1.72724
1.72843
1.72957
1.73063
1.73163
1.73255
1.73341
1.73419
1.73489
1.73552
1.73608
1.73655
1.73695
1.73726
1.7375
1.73766
1.73773
1.73772
1.73763
1.73745
1.73719
1.73684
1.7364
1.73588
1.73527
1.73458
1.7338
1.73293
1.73198
1.73094
1.72982
1.72861
1.72731
1.72594
1.72448
1.72294
1.72132
1.71963
1.71785
1.716
1.71408
1.71209
1.71003
1.7079
1.70571
1.70345
1.70114
1.69878
1.69636
1.69389
1.69138
1.68883
1.68624
1.68362
1.68097
1.67829
1.67559
1.67288
1.67015
1.66742
1.66469
1.66196
1.65923
1.65653
1.65383
1.65116
1.64852
1.64591
1.64334
1.64081
1.63833
1.6359
1.63353
1.63121
1.62896
1.62678
1.62466
1.62263
1.62066
1.61878
1.61698
1.61527
1.61364
1.61209
1.61064
1.60927
1.60799
1.6068
1.60569
1.60468
1.60375
1.6029
1.60214
1.60146
1.60085
1.60032
1.59987
1.59948
1.59916
1.59891
1.59871
1.59857
1.59849
1.59845
1.59845
1.5985
1.59858
1.5987
1.59884
1.599
1.59919
1.59939
1.5996
1.59982
1.60004
1.60027
1.60049
1.6007
1.6009
1.60109
1.60126
1.60141
1.60154
1.60164
1.60171
1.60175
1.60176
1.60173
1.60166
1.60154
1.60139
1.60118
1.60093
1.60063
1.60029
1.59989
1.59944
1.59893
1.59838
1.59776
1.5971
1.59637
1.59559
1.59476
1.59387
1.59293
1.59193
1.59089
1.64937
1.64814
1.64685
1.6455
1.6441
1.64264
1.64114
1.63959
1.63799
1.63635
1.63467
1.63296
1.63122
1.62945
1.62765
1.62584
1.62401
1.62218
1.62033
1.61849
1.61665
1.61481
1.61299
1.6112
1.60942
1.60768
1.60597
1.6043
1.60268
1.60112
1.59961
1.59817
1.5968
1.5955
1.59429
1.59316
1.59213
1.59119
1.59036
1.58963
1.58902
1.58852
1.58814
1.58788
1.58775
1.58775
1.58788
1.58815
1.58855
1.58909
1.58977
1.59058
1.59153
1.59263
1.59385
1.59521
1.59671
1.59834
1.60009
1.60197
1.60398
1.6061
1.60834
1.61068
1.61313
1.61567
1.61831
1.62104
1.62385
1.62674
1.62969
1.63271
1.63578
1.63891
1.64208
1.64529
1.64853
1.6518
1.65508
1.65838
1.66168
1.66499
1.66829
1.67158
1.67485
1.67811
1.68133
1.68453
1.68769
1.6908
1.69388
1.6969
1.69988
1.70279
1.70565
1.70845
1.71119
1.71385
1.71645
1.71897
1.72141
1.72378
1.72607
1.72828
1.73041
1.73245
1.73441
1.73629
1.73807
1.73977
1.74138
1.7429
1.74433
1.74567
1.74692
1.74808
1.74915
1.75013
1.75102
1.75181
1.75252
1.75313
1.75365
1.75409
1.75443
1.75468
1.75485
1.75492
1.75491
1.75481
1.75462
1.75434
1.75398
1.75353
1.753
1.75238
1.75168
1.7509
1.75004
1.7491
1.74808
1.74698
1.74581
1.74456
1.74325
1.74186
1.7404
1.73888
1.73729
1.73564
1.73393
1.73216
1.73034
1.72846
1.72654
1.72456
1.72254
1.72048
1.71837
1.71623
1.71406
1.71186
1.70963
1.70738
1.70511
1.70283
1.70053
1.69822
1.69591
1.69359
1.69128
1.68897
1.68668
1.6844
1.68213
1.67989
1.67767
1.67549
1.67333
1.67122
1.66915
1.66712
1.66514
1.66322
1.66135
1.65955
1.6578
1.65613
1.65453
1.653
1.65156
1.65019
1.64891
1.64772
1.64662
1.64561
1.6447
1.64389
1.64318
1.64257
1.64206
1.64166
1.64137
1.64119
1.64111
1.64115
1.6413
1.64156
1.64193
1.64241
1.643
1.6437
1.64451
1.64542
1.64644
1.64756
1.64878
1.6501
1.65152
1.65302
1.65462
1.6563
1.65807
1.65991
1.66182
1.66381
1.66586
1.66797
1.67014
1.67236
1.67463
1.67694
1.67928
1.68166
1.68406
1.68649
1.68893
1.69138
1.69384
1.6963
1.69876
1.70121
1.70365
1.70608
1.70848
1.71085
1.7132
1.71551
1.71779
1.72002
1.72221
1.72434
1.72643
1.72846
1.73044
1.73235
1.7342
1.73598
1.7377
1.73935
1.74093
1.74243
1.74386
1.74521
1.74649
1.74768
1.7488
1.74983
1.75079
1.75166
1.75245
1.75316
1.75378
1.75432
1.75478
1.75516
1.75545
1.75566
1.75578
1.75582
1.75579
1.75566
1.75546
1.75518
1.75482
1.75438
1.75386
1.75326
1.75258
1.75183
1.751
1.7501
1.74912
1.74806
1.74694
1.74574
1.74447
1.74313
1.74172
1.74023
1.64917
1.64754
1.64585
1.64411
1.64232
1.64047
1.63857
1.63662
1.63462
1.63257
1.63047
1.62833
1.62613
1.62389
1.6216
1.61927
1.61689
1.61447
1.612
1.60949
1.60694
1.60434
1.60171
1.59904
1.59633
1.59359
1.59081
1.588
1.58517
1.5823
1.57941
1.57649
1.57356
1.5706
1.56762
1.56463
1.56163
1.55862
1.55561
1.55259
1.54957
1.54656
1.54356
1.54057
1.53759
1.53463
1.53169
1.52878
1.5259
1.52305
1.52024
1.51747
1.51474
1.51207
1.50944
1.50687
1.50435
1.5019
1.49951
1.49718
1.49493
1.49275
1.49064
1.48861
1.48666
1.48479
1.48301
1.48131
1.4797
1.47817
1.47674
1.4754
1.47415
1.473
1.47194
1.47099
1.47013
1.46937
1.46871
1.46815
1.4677
1.46735
1.46711
1.46698
1.46695
1.46703
1.46722
1.46753
1.46795
1.46849
1.46914
1.46991
1.4708
1.47181
1.47294
1.4742
1.47558
1.47708
1.47871
1.48046
1.48235
1.48435
1.48649
1.48875
1.49113
1.49364
1.49628
1.49903
1.50191
1.5049
1.50801
1.51124
1.51458
1.51802
1.52157
1.52522
1.52896
1.5328
1.53673
1.54074
1.54483
1.54899
1.55321
1.5575
1.56185
1.56624
1.57068
1.57516
1.57967
1.5842
1.58876
1.59332
1.5979
1.60247
1.60704
1.61159
1.61612
1.62063
1.62511
1.62955
1.63395
1.6383
1.64259
1.64683
1.651
1.65511
1.65914
1.6631
1.66697
1.67076
1.67445
1.67805
1.68156
1.68496
1.68826
1.69146
1.69455
1.69752
1.70039
1.70314
1.70578
1.70831
1.71072
1.71301
1.71519
1.71725
1.71919
1.72102
1.72274
1.72434
1.72583
1.72722
1.72849
1.72965
1.73071
1.73167
1.73252
1.73328
1.73394
1.73451
1.73499
1.73537
1.73567
1.73589
1.73603
1.73609
1.73608
1.736
1.73585
1.73563
1.73535
1.73501
1.73462
1.73417
1.73367
1.73312
1.73252
1.73188
1.73119
1.73047
1.72971
1.72891
1.72807
1.7272
1.72631
1.72538
1.72442
1.72343
1.72242
1.72138
1.72032
1.71923
1.71812
1.71698
1.71583
1.71465
1.71345
1.71223
1.71099
1.70973
1.70845
1.70715
1.70583
1.70449
1.70314
1.70177
1.70038
1.69899
1.69757
1.69615
1.69471
1.69326
1.69181
1.69035
1.68888
1.68741
1.68594
1.68446
1.68299
1.68152
1.68006
1.6786
1.67716
1.67573
1.67431
1.67291
1.67153
1.67018
1.66885
1.66756
1.66629
1.66506
1.66387
1.66272
1.66162
1.66056
1.65955
1.65859
1.65769
1.65684
1.65606
1.65533
1.65467
1.65407
1.65355
1.65309
1.6527
1.65239
1.65215
1.65198
1.65189
1.65187
1.65194
1.65208
1.6523
1.65259
1.65297
1.65342
1.65396
1.65457
1.65526
1.65603
1.65688
1.6578
1.6588
1.65987
1.66102
1.66225
1.66355
1.66492
1.66636
1.66787
1.66945
1.6711
1.67281
1.67459
1.67644
1.67835
1.68033
1.68236
1.65105
1.65323
1.65548
1.65779
1.66015
1.66256
1.66503
1.66755
1.67011
1.67273
1.67538
1.67808
1.68082
1.68359
1.6864
1.68924
1.69211
1.695
1.69792
1.70085
1.70381
1.70677
1.70974
1.71272
1.7157
1.71868
1.72165
1.72462
1.72757
1.73051
1.73342
1.73631
1.73917
1.74199
1.74478
1.74752
1.75022
1.75287
1.75547
1.75801
1.76049
1.7629
1.76525
1.76752
1.76972
1.77184
1.77388
1.77584
1.7777
1.77948
1.78117
1.78276
1.78425
1.78565
1.78694
1.78814
1.78923
1.79021
1.79109
1.79186
1.79252
1.79308
1.79353
1.79387
1.7941
1.79422
1.79424
1.79414
1.79395
1.79365
1.79324
1.79274
1.79213
1.79143
1.79063
1.78973
1.78875
1.78767
1.78651
1.78527
1.78395
1.78254
1.78107
1.77952
1.7779
1.77621
1.77447
1.77266
1.7708
1.76889
1.76693
1.76493
1.76288
1.7608
1.75869
1.75654
1.75437
1.75218
1.74996
1.74773
1.74548
1.74322
1.74095
1.73868
1.73639
1.7341
1.73181
1.72952
1.72723
1.72494
1.72265
1.72036
1.71807
1.71578
1.7135
1.71121
1.70892
1.70663
1.70434
1.70204
1.69973
1.69742
1.69509
1.69276
1.69041
1.68804
1.68565
1.68325
1.68082
1.67836
1.67588
1.67338
1.67084
1.66826
1.66566
1.66302
1.66035
1.65764
1.6549
1.65212
1.6493
1.64645
1.64356
1.64063
1.63768
1.63469
1.63167
1.62862
1.62555
1.62246
1.61934
1.61622
1.61307
1.60992
1.60677
1.60361
1.60046
1.59731
1.59418
1.59107
1.58798
1.58492
1.58189
1.5789
1.57596
1.57306
1.57022
1.56744
1.56473
1.56209
1.55952
1.55703
1.55463
1.55231
1.55009
1.54796
1.54593
1.544
1.54218
1.54047
1.53886
1.53737
1.53599
1.53472
1.53357
1.53253
1.5316
1.53079
1.53009
1.5295
1.52903
1.52866
1.52839
1.52823
1.52817
1.52821
1.52834
1.52857
1.52888
1.52928
1.52976
1.53031
1.53094
1.53164
1.53241
1.53323
1.53411
1.53505
1.53603
1.53705
1.53812
1.53922
1.54036
1.54152
1.54271
1.54392
1.54515
1.5464
1.54765
1.54891
1.55018
1.55145
1.55273
1.55399
1.55526
1.55651
1.55776
1.55899
1.56021
1.56142
1.56261
1.56378
1.56493
1.56606
1.56718
1.56827
1.56934
1.57039
1.57141
1.57242
1.5734
1.57435
1.57529
1.57621
1.5771
1.57797
1.57883
1.57966
1.58048
1.58128
1.58206
1.58283
1.58359
1.58433
1.58507
1.58579
1.58651
1.58721
1.58792
1.58861
1.58931
1.59
1.59069
1.59137
1.59206
1.59275
1.59344
1.59413
1.59483
1.59553
1.59623
1.59694
1.59766
1.59838
1.5991
1.59982
1.60055
1.60128
1.60201
1.60274
1.60348
1.60421
1.60493
1.60566
1.60637
1.60708
1.60778
1.60847
1.60914
1.6098
1.61045
1.61108
1.61168
1.61227
1.61283
1.61337
1.61388
1.61436
1.61481
1.61523
1.65014
1.65046
1.65073
1.65096
1.65115
1.65129
1.65139
1.65145
1.65146
1.65143
1.65135
1.65124
1.65108
1.65088
1.65064
1.65036
1.65005
1.6497
1.64932
1.6489
1.64846
1.64799
1.64749
1.64697
1.64643
1.64587
1.64529
1.6447
1.64409
1.64348
1.64286
1.64223
1.6416
1.64097
1.64034
1.63971
1.63909
1.63847
1.63787
1.63728
1.6367
1.63613
1.63558
1.63505
1.63454
1.63405
1.63358
1.63313
1.63271
1.63231
1.63194
1.6316
1.63129
1.631
1.63075
1.63053
1.63033
1.63017
1.63004
1.62995
1.62988
1.62985
1.62986
1.62989
1.62996
1.63006
1.63019
1.63035
1.63055
1.63077
1.63103
1.63131
1.63162
1.63197
1.63233
1.63273
1.63315
1.6336
1.63407
1.63456
1.63507
1.6356
1.63615
1.63671
1.6373
1.63789
1.6385
1.63911
1.63974
1.64037
1.64101
1.64165
1.64229
1.64293
1.64356
1.64419
1.64482
1.64544
1.64605
1.64665
1.64723
1.64779
1.64834
1.64887
1.64938
1.64986
1.65032
1.65075
1.65116
1.65153
1.65187
1.65219
1.65247
1.65271
1.65292
1.65309
1.65322
1.65332
1.65338
1.6534
1.65338
1.65332
1.65322
1.65309
1.65291
1.6527
1.65245
1.65217
1.65185
1.65149
1.6511
1.65068
1.65023
1.64974
1.64924
1.6487
1.64814
1.64756
1.64696
1.64634
1.6457
1.64505
1.64439
1.64372
1.64305
1.64237
1.6417
1.64102
1.64035
1.63968
1.63903
1.63839
1.63776
1.63715
1.63657
1.636
1.63547
1.63496
1.63448
1.63403
1.63362
1.63325
1.63291
1.63261
1.63236
1.63215
1.63199
1.63187
1.6318
1.63178
1.63181
1.63189
1.63202
1.6322
1.63244
1.63273
1.63307
1.63347
1.63392
1.63442
1.63497
1.63557
1.63622
1.63692
1.63766
1.63845
1.63929
1.64016
1.64107
1.64203
1.64301
1.64403
1.64508
1.64616
1.64726
1.64838
1.64953
1.65069
1.65186
1.65304
1.65423
1.65543
1.65663
1.65782
1.65901
1.66019
1.66136
1.66252
1.66366
1.66478
1.66587
1.66694
1.66799
1.669
1.66997
1.67091
1.67182
1.67268
1.67349
1.67427
1.67499
1.67567
1.6763
1.67687
1.67739
1.67786
1.67827
1.67862
1.67892
1.67916
1.67933
1.67945
1.67951
1.6795
1.67943
1.6793
1.6791
1.67885
1.67853
1.67814
1.6777
1.67719
1.67662
1.67599
1.67529
1.67454
1.67372
1.67284
1.6719
1.67091
1.66985
1.66873
1.66756
1.66633
1.66505
1.66371
1.66232
1.66087
1.65938
1.65783
1.65623
1.65459
1.6529
1.65116
1.64939
1.64756
1.6457
1.6438
1.64187
1.63989
1.63788
1.63584
1.63377
1.63167
1.62954
1.62739
1.62521
1.62301
1.6208
1.61857
1.61632
1.61407
1.61181
1.60954
1.60727
1.60499
1.60272
1.60046
1.5982
1.59596
1.59373
1.59151
1.58932
1.58714
1.585
1.58288
1.5808
1.57875
1.57674
1.57477
