-4.30097
-4.29992
-4.29884
-4.29725
-4.29514
-4.29324
-4.29083
-4.28838
-4.28566
-4.28266
-4.27939
-4.27585
-4.27179
-4.26771
-4.26334
-4.25895
-4.25379
-4.24909
-4.24339
-4.23742
-4.23118
-4.2249
-4.21835
-4.21176
-4.20442
-4.19705
-4.18893
-4.18053
-4.17258
-4.16461
-4.15539
-4.14663
-4.1376
-4.12806
-4.11849
-4.1084
-4.09781
-4.08743
-4.07654
-4.06562
-4.05395
-4.04225
-4.03005
-4.0183
-4.00581
-3.99377
-3.98075
-3.96698
-3.95319
-3.9389
-3.92506
-3.91097
-3.89638
-3.88152
-3.86689
-3.85128
-3.83566
-3.81977
-3.8034
-3.78701
-3.77061
-3.75371
-3.73633
-3.71918
-3.70106
-3.68341
-3.6648
-3.64643
-3.62781
-3.60848
-3.58939
-3.56981
-3.55001
-3.52997
-3.5097
-3.48968
-3.4692
-3.44825
-3.42732
-3.40617
-3.3848
-3.36274
-3.34096
-3.31896
-3.297
-3.27485
-3.25225
-3.22971
-3.20697
-3.18381
-3.16023
-3.13671
-3.11279
-3.08869
-3.06468
-3.04076
-3.0162
-2.9915
-2.96714
-2.94217
-2.91756
-2.89283
-2.86799
-2.84256
-2.81703
-2.7919
-2.7662
-2.74091
-2.7153
-2.68964
-2.66368
-2.63793
-2.61189
-2.58631
-2.56023
-2.5339
-2.50806
-2.48245
-2.45639
-2.43107
-2.40506
-2.37958
-2.35367
-2.32806
-2.30276
-2.27753
-2.25264
-2.22736
-2.2017
-2.1764
-2.1517
-2.12689
-2.10222
-2.07721
-2.05284
-2.02863
-2.00459
-1.98049
-1.95657
-1.93333
-1.9098
-1.88648
-1.86338
-1.84073
-1.81831
-1.79637
-1.7749
-1.75344
-1.73223
-1.71104
-1.68986
-1.66919
-1.64856
-1.62819
-1.60787
-1.58903
-1.56976
-1.55079
-1.5321
-1.51324
-1.49492
-1.47714
-1.45991
-1.44251
-1.4259
-1.40985
-1.39363
-1.37773
-1.36214
-1.34688
-1.33193
-1.31755
-1.30349
-1.28974
-1.27633
-1.26227
-1.24877
-1.23632
-1.22418
-1.21189
-1.20015
-1.18872
-1.17737
-1.16658
-1.15609
-1.14567
-1.13579
-1.12598
-1.11646
-1.10749
-1.09881
-1.09042
-1.08232
-1.0745
-1.06672
-1.05898
-1.05223
-1.04575
-1.04002
-1.03407
-1.02837
-1.02245
-1.01701
-1.01182
-1.00734
-1.00262
-0.99812
-0.993848
-0.990036
-0.985956
-0.982326
-0.97914
-0.975672
-0.972639
-0.969554
-0.966653
-0.963931
-0.961623
-0.959242
-0.957266
-0.955447
-0.953781
-0.952504
-0.951369
-0.949891
-0.949027
-0.948291
-0.946957
-0.946223
-0.945361
-0.945088
-0.944919
-0.945088
-0.94487
-0.944498
-0.944451
-0.944724
-0.945072
-0.945248
-0.945248
-0.94579
-0.946147
-0.947037
-0.947733
-0.94799
-0.948526
-0.949096
-0.949936
-0.950562
-0.951209
-0.951633
-0.952551
-0.953239
-0.953932
-0.954867
-0.955802
-0.95649
-0.957169
-0.957836
-0.958729
-0.959361
-0.959972
-0.960075
-0.960631
-0.961155
-0.961885
-0.962337
-0.962989
-0.963358
-0.963441
-0.963957
-0.964182
-0.964595
-0.964712
-0.964773
-0.965015
-0.964955
-0.964833
-0.964647
-0.964635
-0.964315
-0.964408
-0.963949
-0.963179
-0.962335
-0.9619
-0.96139
-0.961046
-0.959903
-0.959166
-0.958351
-0.957218
-0.956247
-0.955682
-0.954076
-0.952633
-0.951353
-0.948792
-0.946876
-0.944643
-0.612601
-0.610654
-0.607407
-0.604066
-0.60015
-0.596866
-0.59229
-0.586907
-0.581444
-0.576624
-0.571487
-0.565799
-0.559563
-0.553023
-0.546182
-0.539046
-0.5321
-0.52511
-0.517117
-0.508851
-0.500075
-0.491516
-0.482701
-0.473152
-0.463358
-0.453084
-0.442821
-0.432815
-0.422111
-0.411437
-0.400079
-0.389007
-0.377989
-0.36655
-0.354939
-0.342924
-0.330512
-0.318434
-0.306457
-0.293868
-0.281638
-0.268811
-0.256603
-0.243815
-0.231178
-0.21822
-0.20543
-0.191855
-0.178706
-0.16623
-0.152994
-0.139967
-0.126915
-0.114328
-0.100528
-0.0867274
-0.0731722
-0.0596293
-0.0468271
-0.0338095
-0.020823
-0.00787325
0.00479293
0.0181331
0.0306977
0.0434448
0.0561298
0.0685069
0.0815336
0.0935229
0.106878
0.119429
0.131898
0.14428
0.156816
0.168539
0.180412
0.192435
0.204606
0.216686
0.228192
0.240088
0.251653
0.26361
0.275478
0.286537
0.297513
0.308406
0.319462
0.330442
0.341108
0.352427
0.362716
0.373665
0.384075
0.394672
0.404738
0.414999
0.425458
0.436124
0.446517
0.456643
0.466748
0.477078
0.487637
0.49795
0.508021
0.518335
0.528658
0.538993
0.549345
0.559478
0.569396
0.580305
0.590767
0.601505
0.611802
0.623105
0.633491
0.644407
0.655375
0.666395
0.67723
0.688362
0.699312
0.71032
0.721389
0.732276
0.743704
0.754951
0.766498
0.778103
0.789282
0.800758
0.812527
0.824348
0.836217
0.848374
0.860093
0.872094
0.884132
0.896205
0.907587
0.919958
0.93187
0.944041
0.955987
0.967943
0.979663
0.991867
1.00334
1.01481
1.02675
1.03867
1.05104
1.06315
1.07474
1.08678
1.09829
1.11024
1.12214
1.13397
1.14527
1.15698
1.16837
1.17994
1.19118
1.20281
1.21412
1.22509
1.23621
1.24722
1.25837
1.26892
1.27936
1.28993
1.29965
1.30973
1.32016
1.32998
1.33966
1.3492
1.3586
1.36761
1.37695
1.3859
1.39422
1.40262
1.4111
1.41941
1.42732
1.43553
1.4431
1.45073
1.45819
1.46522
1.4728
1.47995
1.48619
1.49273
1.49883
1.50426
1.51047
1.51671
1.52252
1.52813
1.53282
1.5378
1.54281
1.54738
1.55174
1.55591
1.56035
1.56483
1.56863
1.57246
1.57561
1.57855
1.5813
1.5836
1.58594
1.58832
1.59051
1.59273
1.59452
1.59588
1.59704
1.59801
1.59855
1.59891
1.59908
1.59978
1.5991
1.59897
1.59866
1.59817
1.59727
1.59644
1.59593
1.59525
1.59368
1.59268
1.59104
1.589
1.58681
1.5852
1.5832
1.58081
1.57804
1.57562
1.5721
1.56868
1.56514
1.56195
1.55864
1.5552
1.55141
1.54798
1.54419
1.5403
1.53678
1.53315
1.52894
1.52463
1.51974
1.51523
1.51087
1.50643
1.50165
1.49702
1.49159
1.48608
1.48049
1.47555
1.47029
1.46471
1.45883
1.45336
1.44782
1.44198
1.43632
1.43084
1.42505
1.41922
1.41332
1.40713
1.40065
1.3946
1.3885
1.38259
1.3764
1.37064
1.36411
1.35779
1.35118
1.34526
1.33882
1.3321
1.32631
1.31976
1.50822
1.50054
1.49301
1.48539
1.47863
1.47203
1.4651
1.45855
1.4524
1.44641
1.44008
1.43391
1.4279
1.42253
1.41708
1.41179
1.40666
1.40169
1.39689
1.39274
1.38875
1.38469
1.38057
1.37637
1.3726
1.36948
1.36654
1.36354
1.36049
1.35762
1.35446
1.35173
1.35112
1.34926
1.34687
1.34492
1.34365
1.34234
1.34124
1.3401
1.33988
1.3394
1.33912
1.33953
1.33944
1.34003
1.34035
1.34137
1.34236
1.3438
1.34521
1.34707
1.34913
1.35069
1.35317
1.35538
1.35755
1.36064
1.36417
1.36742
1.37134
1.37473
1.37831
1.38232
1.38627
1.39136
1.3959
1.40086
1.40575
1.41057
1.41627
1.42164
1.42718
1.4331
1.43894
1.44515
1.45151
1.45801
1.46439
1.47091
1.47706
1.48334
1.48997
1.49696
1.50381
1.511
1.51853
1.52543
1.53242
1.53972
1.54734
1.55479
1.5623
1.5701
1.57819
1.58583
1.59399
1.60169
1.60988
1.61711
1.6253
1.63371
1.64138
1.6495
1.65733
1.66534
1.67305
1.68044
1.68871
1.6964
1.70423
1.71146
1.7188
1.72528
1.73258
1.73925
1.74671
1.75305
1.75848
1.76422
1.76976
1.77487
1.78026
1.78569
1.79115
1.79568
1.80023
1.80409
1.80796
1.81162
1.81554
1.81876
1.82175
1.82476
1.82707
1.82939
1.83173
1.83385
1.83574
1.83765
1.83885
1.84078
1.84153
1.84228
1.84328
1.84333
1.84314
1.8427
1.84227
1.8411
1.83968
1.83896
1.8375
1.83626
1.83426
1.83271
1.83039
1.8273
1.82416
1.82048
1.81651
1.81295
1.80835
1.80393
1.79871
1.79317
1.7878
1.78187
1.77563
1.76858
1.76171
1.75452
1.74679
1.73827
1.73018
1.72157
1.71339
1.70422
1.69503
1.68559
1.67638
1.66623
1.65634
1.64576
1.63572
1.62478
1.61343
1.60243
1.59105
1.57956
1.56821
1.55702
1.54553
1.5347
1.52336
1.51153
1.49993
1.48786
1.4763
1.46479
1.45333
1.44219
1.43041
1.41849
1.40716
1.39547
1.38512
1.3742
1.36319
1.35283
1.34264
1.3324
1.32236
1.31251
1.30311
1.29345
1.28473
1.27623
1.26772
1.25945
1.25165
1.24362
1.23655
1.22948
1.22195
1.2149
1.2081
1.20204
1.19598
1.19042
1.18535
1.18052
1.17547
1.17066
1.16609
1.16153
1.15746
1.15338
1.15001
1.1464
1.1435
1.14011
1.13742
1.1347
1.13221
1.13016
1.1276
1.12572
1.12453
1.12328
1.12223
1.12135
1.12065
1.11989
1.12049
1.12053
1.12048
1.12034
1.12058
1.12071
1.12122
1.1216
1.12209
1.12269
1.12363
1.12465
1.12551
1.12693
1.12816
1.12993
1.13199
1.13311
1.13377
1.13493
1.13609
1.13748
1.13861
1.13971
1.14028
1.14153
1.14247
1.14358
1.14436
1.14528
1.14586
1.14632
1.14689
1.14732
1.14784
1.1482
1.14816
1.1477
1.14706
1.14623
1.14545
1.14447
1.14329
1.14238
1.14101
1.13895
1.13128
1.12906
1.12639
1.12254
1.11945
1.11592
1.11291
1.10852
1.1049
1.10087
1.09619
1.09233
1.08856
1.08369
1.07943
1.07483
1.07013
1.06535
1.06027
1.05514
1.04973
1.04454
1.03935
1.03441
1.02949
1.02461
1.01954
1.01454
1.01011
1.00553
1.00034
0.995989
0.991778
0.987474
0.983569
0.979593
0.97604
0.972916
0.969752
0.966074
0.962852
0.959613
0.957568
0.955277
0.95371
0.951906
0.950113
0.949293
0.948007
0.947219
0.946931
0.946662
0.947132
0.947381
0.948127
0.948648
0.949421
0.951408
0.952921
0.954437
0.956675
0.958908
0.961133
0.963824
0.966495
0.970582
0.973674
0.978412
0.982863
0.987021
0.990878
0.995151
1.00031
1.00467
1.0087
1.01359
1.01862
1.02378
1.0293
1.03422
1.03971
1.04507
1.05051
1.05628
1.06261
1.06925
1.07523
1.08102
1.08735
1.09349
1.09966
1.10563
1.1109
1.11741
1.12346
1.12953
1.13586
1.14197
1.14785
1.15423
1.16063
1.16704
1.17371
1.18016
1.18687
1.19336
1.19989
1.20668
1.21328
1.21968
1.2266
1.23311
1.24015
1.24703
1.25423
1.26055
1.26792
1.2754
1.28299
1.2907
1.2983
1.30604
1.31417
1.32173
1.32994
1.33833
1.34738
1.35567
1.36464
1.37381
1.38345
1.39258
1.40267
1.41299
1.42331
1.43387
1.44468
1.45574
1.4673
1.47887
1.49117
1.50349
1.51582
1.52816
1.54074
1.55381
1.56736
1.58113
1.59514
1.60911
1.62353
1.63839
1.65295
1.66696
1.68209
1.69712
1.71277
1.72757
1.74222
1.75817
1.77346
1.78928
1.80464
1.82027
1.83588
1.85171
1.86702
1.8825
1.8979
1.91343
1.92861
1.94292
1.9578
1.9725
1.987
2.00129
2.0151
2.02939
2.04293
2.05619
2.06988
2.08277
2.09558
2.10732
2.11895
2.13069
2.14181
2.15205
2.16238
2.17204
2.18152
2.19033
2.19844
2.20707
2.21475
2.22123
2.22748
2.23324
2.23874
2.24375
2.24826
2.25226
2.25623
2.25897
2.26118
2.26312
2.26454
2.26519
2.26557
2.26543
2.26526
2.26433
2.26289
2.26095
2.25826
2.25581
2.25191
2.24753
2.24244
2.23738
2.23186
2.22592
2.21955
2.21301
2.20608
2.19804
2.18988
2.18184
2.17396
2.16504
2.15606
2.14656
2.1368
2.12679
2.1168
2.10587
2.095
2.0842
2.07301
2.06168
2.05048
2.03918
2.02781
2.01637
2.00513
1.99362
1.98187
1.97035
1.95862
1.94692
1.93527
1.92368
1.91265
1.90098
1.88989
1.87891
1.86781
1.85684
1.84577
1.83508
1.82478
1.81464
1.80371
1.79391
1.78429
1.77532
1.7663
1.75747
1.74858
1.73989
1.73114
1.72307
1.71496
1.70679
1.69931
1.69153
1.68443
1.67751
1.67079
1.66449
1.65766
1.65174
1.64576
1.63947
1.63336
1.62743
1.62143
1.61585
1.61139
1.60686
1.60177
1.59733
1.59305
1.58916
1.58471
1.58065
1.57675
1.57299
1.56963
1.56618
1.59119
1.58838
1.58599
1.58376
1.58147
1.57935
1.57644
1.5749
1.57305
1.57137
1.56986
1.56852
1.56759
1.56659
1.56553
1.56488
1.56416
1.56457
1.5642
1.56423
1.56324
1.56387
1.56467
1.56541
1.56632
1.56765
1.5694
1.57109
1.57222
1.57402
1.57551
1.57766
1.57951
1.58201
1.58445
1.58706
1.58985
1.59282
1.59571
1.5995
1.60275
1.60664
1.61094
1.61517
1.61885
1.62365
1.62814
1.63327
1.63784
1.64305
1.64841
1.65417
1.65959
1.66517
1.67089
1.67675
1.68299
1.68913
1.69565
1.70181
1.70882
1.71619
1.72344
1.73129
1.73804
1.74539
1.75259
1.76013
1.76753
1.7755
1.78379
1.79168
1.79941
1.80768
1.81505
1.82369
1.8319
1.83992
1.84798
1.85632
1.86469
1.87334
1.88177
1.89094
1.89965
1.90836
1.91685
1.92557
1.93382
1.94255
1.95103
1.95926
1.96772
1.97593
1.9846
1.99326
2.00215
2.01077
2.01818
2.02652
2.03485
2.04341
2.05219
2.06047
2.06825
2.07699
2.08499
2.09298
2.10144
2.10893
2.11642
2.12462
2.13259
2.14079
2.14876
2.1572
2.16542
2.17339
2.18161
2.18984
2.19783
2.20583
2.21431
2.22232
2.23056
2.23906
2.24706
2.25579
2.26403
2.2725
2.28119
2.2894
2.29758
2.30573
2.3141
2.32244
2.33049
2.33874
2.34669
2.35435
2.36195
2.36947
2.37739
2.38475
2.39177
2.39918
2.40671
2.41365
2.4207
2.4281
2.43463
2.44101
2.44724
2.45354
2.45942
2.46536
2.47182
2.47761
2.48246
2.48757
2.49246
2.49663
2.50153
2.50593
2.5096
2.513
2.51661
2.5197
2.52276
2.52528
2.5275
2.52943
2.53129
2.53261
2.53361
2.53453
2.53489
2.53469
2.53416
2.53355
2.53261
2.53135
2.52976
2.52784
2.5256
2.52327
2.5199
2.5167
2.51439
2.51008
2.50595
2.50152
2.49655
2.49202
2.4865
2.48094
2.47512
2.46905
2.46249
2.4557
2.44893
2.44219
2.43452
2.42691
2.41887
2.41092
2.40305
2.3948
2.38667
2.37843
2.36985
2.36142
2.35316
2.34508
2.33623
2.32735
2.31917
2.31075
2.30185
2.29346
2.28509
2.27653
2.26826
2.25982
2.25146
2.24318
2.235
2.22741
2.21993
2.21234
2.20439
2.19658
2.18892
2.18116
2.17404
2.16755
2.16074
2.15434
2.14786
2.14179
2.1354
2.12966
2.12433
2.11844
2.11271
2.10739
2.10198
2.09648
2.09161
2.08592
2.08133
2.07664
2.07254
2.06857
2.06471
2.06096
2.0573
2.053
2.04903
2.04536
2.04177
2.03846
2.0352
2.03174
2.02831
2.02513
2.02149
2.01761
2.0142
2.01078
2.00735
2.00508
2.00158
1.99804
1.99469
1.99104
1.98758
1.98381
1.97973
1.97558
1.97183
1.96728
1.96313
1.95962
1.95505
1.95088
1.94566
1.94083
1.93567
1.93066
1.92605
1.92135
1.91657
1.91146
1.90627
1.90101
1.89567
1.89075
1.88504
1.87974
1.89658
1.89081
1.88526
1.87921
1.87315
1.86683
1.86148
1.85636
1.85005
1.84447
1.83865
1.83286
1.82709
1.82134
1.81633
1.80944
1.80378
1.7984
1.79281
1.78728
1.78178
1.77634
1.77142
1.76608
1.76055
1.75507
1.75037
1.7455
1.74044
1.7352
1.73003
1.72493
1.71965
1.71493
1.71004
1.70523
1.70073
1.69681
1.69272
1.68873
1.68435
1.68055
1.67709
1.67277
1.66881
1.66545
1.66172
1.65885
1.65587
1.65279
1.64913
1.64635
1.64373
1.64152
1.63923
1.63713
1.63593
1.63372
1.63218
1.63085
1.62973
1.62834
1.62765
1.62694
1.62743
1.62719
1.62766
1.62837
1.62812
1.62908
1.63005
1.6315
1.63321
1.63564
1.63761
1.64006
1.64277
1.64548
1.64893
1.65237
1.65606
1.65999
1.66439
1.66878
1.67341
1.67777
1.68332
1.68836
1.69385
1.69931
1.70544
1.71129
1.71733
1.72354
1.73042
1.73675
1.74372
1.7511
1.75863
1.76583
1.77294
1.78115
1.78901
1.797
1.80512
1.81385
1.82173
1.8302
1.83951
1.84821
1.85725
1.86591
1.87539
1.88473
1.89248
1.90152
1.91113
1.92059
1.9299
1.93953
1.94877
1.95833
1.96796
1.97768
1.98771
1.99805
2.00799
2.01848
2.02928
2.03991
2.05036
2.06063
2.0712
2.08182
2.09225
2.10393
2.1147
2.12526
2.13633
2.14743
2.15855
2.16969
2.18036
2.19079
2.20146
2.21163
2.22323
2.23336
2.24442
2.25545
2.26618
2.27733
2.28818
2.29896
2.31038
2.32123
2.33126
2.34143
2.35149
2.36191
2.37196
2.38141
2.39119
2.40084
2.40985
2.4187
2.42788
2.43666
2.44503
2.45395
2.46221
2.47006
2.47821
2.48594
2.49349
2.50109
2.50828
2.51505
2.52163
2.52851
2.53474
2.54103
2.54738
2.55332
2.55933
2.5647
2.57013
2.57589
2.58077
2.58621
2.59102
2.59568
2.6002
2.60433
2.6088
2.61242
2.61614
2.61974
2.62368
2.6263
2.63
2.63334
2.63584
2.63919
2.64242
2.64505
2.64854
2.65119
2.65373
2.65616
2.65824
2.66021
2.66231
2.66357
2.6652
2.66647
2.66835
2.67011
2.67054
2.67206
2.67345
2.67472
2.67538
2.67638
2.67701
2.67702
2.67784
2.67853
2.67834
2.67824
2.67775
2.67735
2.67726
2.67654
2.67541
2.67387
2.67312
2.67245
2.67064
2.66842
2.6665
2.66417
2.66191
2.65874
2.6566
2.65381
2.65084
2.6477
2.64462
2.64113
2.63724
2.63293
2.62871
2.62432
2.6205
2.61628
2.61144
2.60669
2.6018
2.59655
2.59164
2.58661
2.58171
2.57646
2.57063
2.56494
2.55917
2.55307
2.5469
2.54091
2.53462
2.52876
2.52261
2.51692
2.5112
2.50522
2.49922
2.49323
2.48724
2.48078
2.47434
2.46816
2.46202
2.45591
2.44961
2.44336
2.43741
2.43152
2.42593
2.42017
2.41448
2.40935
2.4031
2.39789
2.39348
2.38843
2.38323
2.37787
2.37259
2.36692
2.42016
2.41531
2.41083
2.40575
2.40128
2.39693
2.39246
2.38833
2.3843
2.38036
2.37699
2.3737
2.36999
2.36659
2.36275
2.35919
2.35591
2.35265
2.34867
2.34519
2.34193
2.33818
2.33488
2.33107
2.32722
2.3238
2.32008
2.31677
2.31291
2.3085
2.30424
2.29965
2.29521
2.29116
2.28629
2.2818
2.2772
2.27299
2.26796
2.26306
2.25855
2.25323
2.24853
2.24327
2.23793
2.23251
2.22726
2.2217
2.21609
2.21043
2.20473
2.199
2.19373
2.18796
2.18219
2.17666
2.17042
2.16469
2.15876
2.1531
2.14751
2.14173
2.13675
2.13112
2.12607
2.12088
2.11603
2.11107
2.10623
2.10152
2.09719
2.09277
2.08851
2.08464
2.08143
2.07766
2.07407
2.07066
2.06792
2.06537
2.06253
2.06012
2.05815
2.05494
2.05312
2.05151
2.04938
2.04792
2.04643
2.04537
2.04452
2.04385
2.04363
2.04383
2.04374
2.04359
2.0441
2.04407
2.04492
2.04571
2.04666
2.04848
2.04949
2.05162
2.05292
2.05459
2.0564
2.05809
2.06038
2.06302
2.06457
2.06693
2.06988
2.07267
2.07531
2.07755
2.08009
2.08271
2.0854
2.08766
2.09047
2.09357
2.09696
2.09944
2.10269
2.10646
2.11028
2.11367
2.11733
2.12128
2.12503
2.12883
2.13243
2.13607
2.14001
2.14327
2.14707
2.15045
2.15436
2.15834
2.16237
2.16648
2.17065
2.17514
2.17946
2.18338
2.1881
2.19339
2.1978
2.20278
2.20737
2.21229
2.2173
2.22216
2.22663
2.23191
2.23728
2.24298
2.24828
2.25414
2.2596
2.26537
2.27122
2.27736
2.28333
2.28934
2.2954
2.3015
2.30715
2.31306
2.31923
2.3254
2.33182
2.33846
2.34509
2.35169
2.35825
2.3638
2.36979
2.37595
2.38204
2.38782
2.39303
2.39838
2.40435
2.40974
2.41525
2.42039
2.42445
2.42933
2.43431
2.4389
2.4431
2.44786
2.45198
2.45569
2.45946
2.46186
2.46552
2.46899
2.47227
2.47464
2.47729
2.47975
2.48224
2.48429
2.48637
2.48849
2.48991
2.49136
2.49285
2.49267
2.49348
2.4936
2.49351
2.49368
2.49388
2.49339
2.49269
2.49203
2.49068
2.48936
2.48809
2.48662
2.48472
2.48311
2.48083
2.47886
2.47646
2.47293
2.46972
2.46611
2.46233
2.45913
2.45554
2.45182
2.44724
2.44325
2.4389
2.43492
2.43011
2.42591
2.42114
2.41604
2.41133
2.40679
2.40218
2.39702
2.39205
2.38702
2.38171
2.37635
2.37121
2.36555
2.36012
2.35443
2.34946
2.344
2.33879
2.33311
2.32793
2.32277
2.31741
2.31232
2.30753
2.30278
2.29785
2.29251
2.28747
2.28324
2.27934
2.27481
2.27062
2.26581
2.2616
2.25727
2.25307
2.24949
2.24557
2.24203
2.23841
2.23567
2.23261
2.22949
2.22655
2.22403
2.22146
2.21933
2.21668
2.21495
2.21367
2.21211
2.21102
2.21014
2.20925
2.20882
2.20837
2.20864
2.20889
2.20937
2.19339
2.19381
2.19564
2.19719
2.19871
2.20091
2.20307
2.2059
2.20869
2.21143
2.21412
2.21698
2.2205
2.2242
2.22758
2.23136
2.2353
2.23916
2.24315
2.24777
2.25204
2.25643
2.26118
2.26509
2.27006
2.27514
2.28055
2.28605
2.29187
2.29704
2.30204
2.30807
2.31319
2.31907
2.32404
2.33
2.33576
2.34081
2.34661
2.35241
2.35773
2.36378
2.36957
2.37535
2.38111
2.38659
2.39229
2.39721
2.40281
2.40883
2.4143
2.4197
2.42478
2.43049
2.43538
2.44017
2.44509
2.45036
2.45526
2.45979
2.46392
2.46814
2.47172
2.47536
2.47857
2.48208
2.48538
2.48848
2.49136
2.49402
2.49692
2.49911
2.5008
2.50201
2.50296
2.5046
2.50502
2.50589
2.506
2.50584
2.50588
2.50492
2.50393
2.50314
2.5016
2.50026
2.49842
2.49632
2.49396
2.4916
2.48851
2.48542
2.48259
2.47882
2.47509
2.47092
2.46728
2.463
2.45903
2.4542
2.44971
2.44487
2.44015
2.43511
2.43023
2.42481
2.41957
2.4143
2.40877
2.40347
2.39866
2.39386
2.38885
2.38317
2.37826
2.37342
2.36817
2.36277
2.35795
2.35275
2.34815
2.34391
2.33957
2.33559
2.33176
2.32784
2.32382
2.31996
2.31721
2.31366
2.31051
2.30799
2.30467
2.30223
2.2997
2.29732
2.29533
2.29348
2.29152
2.29018
2.28824
2.28691
2.2852
2.28409
2.28283
2.28142
2.28058
2.27981
2.27936
2.27848
2.27765
2.27687
2.27661
2.27566
2.27521
2.27479
2.2739
2.27349
2.27285
2.27221
2.27109
2.27044
2.26954
2.26935
2.26867
2.26798
2.2668
2.26634
2.2661
2.26562
2.26513
2.26464
2.26367
2.26319
2.26296
2.26177
2.26108
2.25969
2.25928
2.2589
2.25807
2.25751
2.25723
2.25651
2.25631
2.25567
2.25533
2.25503
2.25501
2.25481
2.25442
2.25456
2.25475
2.25546
2.25502
2.25534
2.2557
2.2561
2.25654
2.25652
2.25677
2.25752
2.25804
2.25858
2.25888
2.25918
2.25924
2.25928
2.25954
2.26002
2.26071
2.26112
2.26148
2.26132
2.26158
2.26226
2.26216
2.26149
2.26148
2.2609
2.26047
2.25971
2.25886
2.25815
2.25734
2.25666
2.2554
2.25378
2.25254
2.25143
2.24972
2.24741
2.24572
2.24367
2.24151
2.23947
2.23757
2.23483
2.23247
2.23001
2.22744
2.22478
2.22274
2.21964
2.21645
2.2139
2.21127
2.20759
2.20432
2.20073
2.19756
2.19432
2.19127
2.18767
2.18426
2.18057
2.1761
2.17255
2.16872
2.16486
2.1612
2.15751
2.15355
2.14981
2.14556
2.14152
2.13771
2.13339
2.12954
2.12567
2.12178
2.11836
2.11395
2.10953
2.10534
2.10113
2.09691
2.09243
2.08842
2.08415
2.07986
2.07532
2.07148
2.06715
2.06304
2.05867
2.05476
2.05059
2.04617
2.04173
2.0368
2.03233
2.02809
2.02384
2.01933
2.01506
2.01006
2.00553
2.00149
1.99744
1.95518
1.95074
1.94605
1.94135
1.93688
1.93241
1.92747
1.92302
1.9198
1.91491
1.91029
1.90572
1.90095
1.89623
1.89278
1.88844
1.88442
1.88048
1.8764
1.87218
1.86831
1.86504
1.8619
1.85865
1.85555
1.85235
1.84955
1.84691
1.84421
1.84168
1.83981
1.83838
1.83618
1.8349
1.83335
1.83225
1.8316
1.83118
1.83074
1.83052
1.83053
1.8303
1.83078
1.83102
1.8315
1.83294
1.83486
1.83654
1.83847
1.84016
1.84258
1.845
1.8479
1.8508
1.85442
1.85779
1.8614
1.86572
1.86977
1.87477
1.87926
1.88444
1.88958
1.89467
1.90018
1.90563
1.91124
1.91749
1.92363
1.93015
1.93629
1.94302
1.95008
1.95672
1.9627
1.96991
1.97666
1.98364
1.98988
1.99584
2.00246
2.00924
2.01568
2.02223
2.02815
2.03391
2.03924
2.04461
2.04975
2.05488
2.05974
2.06432
2.06884
2.07304
2.07666
2.07946
2.08237
2.08467
2.08683
2.0886
2.08997
2.09094
2.0915
2.09165
2.09163
2.09072
2.08965
2.08841
2.08702
2.08501
2.08188
2.07863
2.07502
2.07107
2.06702
2.06241
2.05773
2.05277
2.04656
2.04058
2.03459
2.0291
2.02268
2.01606
2.00926
2.00207
1.9952
1.98821
1.98158
1.97437
1.96684
1.96043
1.95276
1.94553
1.93779
1.93026
1.92297
1.91568
1.90817
1.90067
1.89322
1.8858
1.87892
1.87137
1.86389
1.85721
1.85014
1.84267
1.83579
1.82901
1.82258
1.8158
1.80914
1.80285
1.79671
1.7907
1.78462
1.77893
1.7734
1.76805
1.76287
1.75788
1.75332
1.74823
1.74358
1.73963
1.73565
1.73189
1.72884
1.72554
1.72272
1.72015
1.7183
1.71623
1.71418
1.71262
1.7111
1.7096
1.70862
1.70742
1.70723
1.70683
1.70742
1.70782
1.70848
1.70942
1.71088
1.71211
1.71434
1.71706
1.71931
1.72181
1.7248
1.72802
1.73146
1.73488
1.73803
1.74185
1.74659
1.75103
1.7554
1.75968
1.76362
1.76867
1.77383
1.77958
1.78471
1.78969
1.79498
1.80033
1.80525
1.81045
1.81591
1.82138
1.82662
1.83208
1.83776
1.84365
1.84925
1.85528
1.86076
1.86592
1.87076
1.8755
1.88038
1.88514
1.89026
1.89453
1.89866
1.90265
1.90673
1.91064
1.91464
1.91822
1.92162
1.92485
1.92788
1.93073
1.9329
1.93583
1.93783
1.93987
1.94121
1.94283
1.94422
1.9454
1.94684
1.94758
1.94785
1.94814
1.94821
1.94781
1.94694
1.94657
1.94598
1.94516
1.94437
1.94311
1.9414
1.93923
1.93757
1.93498
1.93266
1.92991
1.92648
1.92334
1.92049
1.91699
1.91379
1.9097
1.90497
1.90057
1.89675
1.89231
1.88726
1.88185
1.87729
1.87216
1.86717
1.8621
1.85697
1.85154
1.8463
1.84102
1.83572
1.83016
1.8246
1.81928
1.81399
1.80848
1.80301
1.79734
1.79247
1.78766
1.78293
1.77757
1.77279
1.76787
1.76332
1.75792
1.72134
1.71737
1.71328
1.70981
1.70575
1.70255
1.69974
1.69564
1.69265
1.68933
1.6869
1.68391
1.68132
1.67913
1.67735
1.6755
1.67381
1.67229
1.67117
1.66997
1.66918
1.66854
1.66807
1.66726
1.66709
1.66683
1.66743
1.6677
1.66762
1.66791
1.66858
1.66961
1.66956
1.67035
1.67149
1.67105
1.67191
1.67312
1.67442
1.67629
1.67776
1.67906
1.68045
1.68214
1.68414
1.6862
1.68833
1.6905
1.69297
1.69477
1.69709
1.69922
1.70139
1.7036
1.70633
1.7091
1.7119
1.71425
1.71689
1.71883
1.72056
1.7233
1.72607
1.72864
1.73124
1.73413
1.73682
1.73956
1.74259
1.74519
1.7476
1.75056
1.75309
1.75642
1.75982
1.76281
1.76588
1.76904
1.77253
1.77588
1.77957
1.78312
1.78678
1.79081
1.79471
1.79874
1.80338
1.80745
1.81237
1.81745
1.82291
1.82782
1.83313
1.8386
1.84474
1.85056
1.85705
1.86348
1.86938
1.87596
1.88297
1.88945
1.89638
1.90399
1.91156
1.91959
1.92758
1.93578
1.94395
1.95257
1.96141
1.97117
1.98067
1.99013
1.9998
2.00991
2.01975
2.02979
2.04003
2.05095
2.06182
2.07336
2.08509
2.09676
2.10836
2.12037
2.13256
2.14514
2.1574
2.17028
2.18307
2.19624
2.2093
2.22247
2.23504
2.24796
2.26074
2.27409
2.28752
2.30078
2.31411
2.32774
2.34165
2.35537
2.36912
2.38288
2.39642
2.41019
2.42396
2.43795
2.45095
2.46487
2.47874
2.49279
2.50605
2.51922
2.5323
2.54576
2.5591
2.57184
2.58515
2.59832
2.61061
2.62248
2.63489
2.64686
2.65886
2.6704
2.68171
2.69228
2.70237
2.7129
2.72315
2.73359
2.74348
2.7533
2.76183
2.77073
2.77905
2.78725
2.79459
2.80155
2.80861
2.81477
2.82077
2.82635
2.83175
2.83647
2.84075
2.84483
2.84773
2.85066
2.85265
2.85465
2.8562
2.85727
2.85764
2.8573
2.85698
2.85619
2.85543
2.85348
2.85132
2.84872
2.84544
2.84196
2.83781
2.83325
2.82852
2.82363
2.81907
2.81341
2.80739
2.80053
2.7938
2.78723
2.7789
2.77122
2.76278
2.75454
2.7458
2.73729
2.72758
2.71814
2.708
2.6984
2.68862
2.67795
2.66785
2.65737
2.64678
2.63631
2.62574
2.61509
2.60389
2.59311
2.58204
2.57094
2.55957
2.54843
2.53681
2.52543
2.51408
2.50348
2.49269
2.4817
2.47125
2.45991
2.44865
2.43772
2.42736
2.41736
2.40675
2.3965
2.38662
2.37664
2.36705
2.35761
2.34786
2.339
2.33007
2.32084
2.31157
2.30346
2.29531
2.28736
2.27988
2.27214
2.26487
2.25711
2.24982
2.24303
2.23648
2.22995
2.22343
2.21742
2.2124
2.20716
2.20317
2.19896
2.19456
2.18995
2.18634
2.18278
2.17951
2.17676
2.17405
2.17163
2.16998
2.16764
2.16582
2.16525
2.16398
2.16323
2.16299
2.16252
2.16279
2.16307
2.1636
2.16412
2.21099
2.21247
2.21446
2.21668
2.2189
2.22133
2.22373
2.22681
2.22934
2.23275
2.23584
2.2393
2.24312
2.2468
2.25081
2.25441
2.25878
2.26295
2.26737
2.27132
2.27525
2.27987
2.28348
2.2875
2.29144
2.29529
2.2995
2.30311
2.30609
2.3094
2.3123
2.31503
2.31756
2.3199
2.32251
2.3237
2.32515
2.32588
2.32734
2.3288
2.32929
2.32953
2.32977
2.32951
2.32948
2.32872
2.32771
2.32692
2.32565
2.32413
2.32237
2.3206
2.31788
2.31564
2.31245
2.30928
2.30637
2.30275
2.29917
2.29537
2.29137
2.28645
2.2818
2.27745
2.27219
2.26722
2.26159
2.25626
2.25051
2.24435
2.23826
2.23225
2.22583
2.21925
2.21276
2.20635
2.19955
2.19187
2.18525
2.17776
2.17013
2.16261
2.15494
2.14666
2.13849
2.13067
2.12201
2.11395
2.10554
2.09726
2.08887
2.08014
2.07131
2.0624
2.05317
2.04409
2.03471
2.02623
2.01698
2.0072
1.99786
1.98874
1.97959
1.96924
1.95961
1.95
1.94065
1.93158
1.92279
1.91383
1.90422
1.89493
1.8855
1.87643
1.86795
1.85914
1.85095
1.84292
1.83459
1.82645
1.81875
1.81102
1.80399
1.79696
1.79018
1.7839
1.77788
1.7719
1.76645
1.76129
1.75619
1.75165
1.74766
1.74376
1.73994
1.73645
1.73306
1.73024
1.72728
1.7249
1.72334
1.72187
1.72026
1.71947
1.71901
1.71863
1.71857
1.71907
1.72012
1.72123
1.72288
1.72458
1.72679
1.72855
1.73154
1.73478
1.73802
1.74126
1.74448
1.74815
1.75204
1.75612
1.76063
1.76533
1.76996
1.77475
1.77971
1.7853
1.79105
1.79646
1.80225
1.8077
1.81352
1.81972
1.82558
1.8318
1.83817
1.84442
1.85082
1.85807
1.86474
1.87132
1.87852
1.88588
1.8934
1.90107
1.90915
1.91668
1.92463
1.93275
1.9413
1.9498
1.95873
1.96761
1.97645
1.9867
1.99619
2.00637
2.01701
2.02761
2.0377
2.04873
2.05948
2.07117
2.08259
2.09421
2.10627
2.11829
2.13051
2.14315
2.15597
2.16897
2.18189
2.19521
2.20868
2.22228
2.23554
2.24914
2.26262
2.27595
2.28984
2.30403
2.31828
2.33209
2.34593
2.36026
2.3741
2.38816
2.40243
2.41616
2.42959
2.44366
2.45738
2.47124
2.48496
2.49781
2.51098
2.52373
2.53653
2.54887
2.56123
2.57358
2.58496
2.5963
2.60759
2.61882
2.62949
2.63934
2.64933
2.65967
2.66964
2.67825
2.68645
2.69448
2.70183
2.70873
2.71542
2.7226
2.72833
2.73357
2.73831
2.74181
2.74574
2.74891
2.75128
2.7536
2.75535
2.75679
2.75742
2.75723
2.75648
2.75515
2.75301
2.75005
2.747
2.74387
2.73944
2.73471
2.72942
2.72382
2.7177
2.71081
2.70341
2.69552
2.68762
2.67877
2.66971
2.65973
2.64982
2.63974
2.62905
2.61752
2.60588
2.59393
2.58169
2.56917
2.55639
2.54363
2.53042
2.51655
2.52119
2.50667
2.49257
2.47772
2.46381
2.44895
2.43485
2.42128
2.40729
2.39364
2.37963
2.36574
2.35225
2.3394
2.32578
2.31285
2.30061
2.28813
2.27614
2.26417
2.25272
2.24084
2.2295
2.21871
2.20801
2.19764
2.18713
2.17769
2.16861
2.15941
2.15106
2.14308
2.13547
2.12824
2.12139
2.11492
2.10932
2.10336
2.09827
2.09331
2.08871
2.08472
2.08109
2.07781
2.07535
2.07275
2.07072
2.0678
2.06591
2.06456
2.06301
2.06174
2.06145
2.06118
2.0609
2.06061
2.06076
2.0616
2.0619
2.06261
2.06324
2.06402
2.06493
2.06644
2.06733
2.06928
2.07083
2.07294
2.07487
2.0766
2.07838
2.08043
2.0825
2.08434
2.08571
2.08756
2.0894
2.09147
2.094
2.09578
2.09754
2.0995
2.10167
2.10355
2.10516
2.10672
2.10848
2.11043
2.11186
2.11251
2.11384
2.11488
2.11587
2.11705
2.11796
2.11905
2.11987
2.12064
2.12089
2.12159
2.12249
2.12384
2.12468
2.12501
2.12555
2.1263
2.1268
2.12752
2.12846
2.12891
2.12934
2.13001
2.13042
2.13108
2.1322
2.13333
2.13374
2.13414
2.13503
2.13592
2.13658
2.13724
2.13766
2.13785
2.13853
2.13922
2.13991
2.14013
2.1406
2.14107
2.14204
2.143
2.14398
2.14471
2.14521
2.14619
2.14693
2.14743
2.14817
2.1489
2.14939
2.15059
2.15106
2.15177
2.15245
2.15313
2.15355
2.15467
2.15529
2.15613
2.15695
2.1575
2.15778
2.15755
2.1585
2.15844
2.15884
2.1592
2.15903
2.15931
2.15979
2.15974
2.15916
2.15974
2.15978
2.15954
2.15924
2.15889
2.15848
2.1585
2.15846
2.15788
2.1582
2.1575
2.15698
2.15639
2.15525
2.15477
2.15398
2.15336
2.15268
2.15144
2.15038
2.14948
2.14851
2.14747
2.14635
2.14492
2.14366
2.14208
2.14043
2.13846
2.13667
2.13504
2.1331
2.13109
2.12924
2.12661
2.12464
2.12212
2.12025
2.11809
2.11515
2.1119
2.10933
2.10695
2.10428
2.10205
2.09905
2.09699
2.09441
2.09156
2.08844
2.08531
2.08312
2.08092
2.07728
2.07459
2.07143
2.06876
2.06538
2.06202
2.0594
2.05633
2.05353
2.05077
2.04781
2.04562
2.04276
2.03996
2.03746
2.03454
2.03241
2.03011
2.02813
2.02622
2.02392
2.0217
2.0203
2.01826
2.01608
2.01399
2.01247
2.01082
2.0095
2.00757
2.00646
2.0057
2.0048
2.0045
2.00381
2.00324
2.00302
2.00242
2.00169
2.0018
2.00177
2.00208
2.00227
2.0028
2.00368
2.00394
2.00527
2.0055
2.00656
2.00724
2.00851
2.00987
2.0111
2.01266
2.01409
2.01561
2.01723
2.01871
2.02028
2.02195
2.0237
2.02555
2.02773
2.03001
2.03237
2.03506
2.03783
2.04069
2.04339
2.04593
2.04879
2.05221
2.05547
2.05832
2.06149
2.06449
2.06707
2.07044
2.07388
2.07714
2.08094
2.08383
2.08774
2.09145
2.01694
2.02057
2.02393
2.02749
2.03101
2.03449
2.0384
2.0425
2.04559
2.04909
2.05205
2.05542
2.05824
2.06146
2.06459
2.06692
2.06963
2.07201
2.07381
2.07573
2.07827
2.08069
2.08226
2.08395
2.08575
2.08764
2.0894
2.09028
2.09174
2.09255
2.09344
2.09368
2.09399
2.09461
2.09505
2.09506
2.0944
2.09403
2.09347
2.0927
2.09126
2.09033
2.08895
2.08712
2.08605
2.08428
2.0823
2.0801
2.07745
2.07459
2.07127
2.06846
2.06521
2.06126
2.05735
2.05299
2.04795
2.04296
2.0385
2.03337
2.02854
2.02306
2.01764
2.01255
2.00705
2.00117
1.99514
1.98826
1.98198
1.97582
1.96979
1.9627
1.95576
1.94922
1.94262
1.93571
1.92875
1.9215
1.91471
1.90766
1.9006
1.89377
1.88671
1.87991
1.8729
1.86544
1.85827
1.85139
1.84481
1.83806
1.83139
1.8248
1.81855
1.81239
1.80585
1.79966
1.79359
1.78787
1.78228
1.77608
1.7705
1.76433
1.75901
1.75335
1.74854
1.74291
1.73814
1.73326
1.72949
1.72512
1.72065
1.71632
1.71284
1.70901
1.70554
1.70244
1.69922
1.69564
1.69194
1.68859
1.68559
1.68293
1.6799
1.67745
1.67509
1.67283
1.67042
1.6681
1.66586
1.66394
1.66211
1.66083
1.65914
1.65729
1.65502
1.65306
1.65141
1.65006
1.64854
1.64708
1.64567
1.64433
1.64304
1.64157
1.64063
1.63951
1.63845
1.63719
1.63575
1.6346
1.63374
1.63293
1.63242
1.63171
1.63105
1.63021
1.62989
1.6289
1.62844
1.62804
1.62792
1.62761
1.62735
1.62739
1.62723
1.62713
1.62659
1.62636
1.62665
1.62652
1.62621
1.62595
1.62647
1.62705
1.62745
1.62768
1.6282
1.62855
1.62946
1.63018
1.63098
1.63185
1.63255
1.63357
1.63467
1.63584
1.63733
1.63818
1.64007
1.64181
1.64291
1.64457
1.64608
1.64744
1.64888
1.65041
1.65251
1.65493
1.65768
1.66028
1.66296
1.66549
1.66786
1.67031
1.67309
1.6757
1.67814
1.68114
1.68398
1.68712
1.69009
1.6936
1.69669
1.69936
1.7028
1.70604
1.70982
1.71315
1.71677
1.72041
1.72481
1.72875
1.73246
1.73644
1.74018
1.74393
1.74696
1.7512
1.75518
1.75868
1.76216
1.76611
1.76979
1.77344
1.77682
1.78042
1.78373
1.78749
1.79096
1.79486
1.79824
1.80108
1.80338
1.80684
1.81023
1.8138
1.81683
1.8198
1.8227
1.82506
1.82808
1.82982
1.83246
1.83504
1.8378
1.84025
1.8424
1.84473
1.847
1.84922
1.85138
1.85374
1.8558
1.85758
1.85932
1.86126
1.86316
1.86575
1.86808
1.8699
1.87121
1.873
1.87477
1.87653
1.87877
1.88052
1.88205
1.88406
1.88584
1.8874
1.8897
1.89179
1.89366
1.89555
1.89749
1.89946
1.90122
1.90351
1.9056
1.90773
1.91015
1.91213
1.91465
1.91697
1.91958
1.92201
1.92424
1.9258
1.92861
1.93124
1.98365
1.98653
1.98951
1.99281
1.99621
1.99969
2.00325
2.00666
2.01063
2.01395
2.01855
2.02226
2.02555
2.02964
2.0333
2.0375
2.04175
2.04606
2.05017
2.05408
2.05828
2.06251
2.06677
2.0713
2.0761
2.08044
2.08479
2.0894
2.09402
2.0984
2.10231
2.1067
2.11108
2.11521
2.11958
2.1244
2.12946
2.13376
2.13828
2.14229
2.14626
2.1502
2.15458
2.15844
2.16321
2.16721
2.17091
2.17456
2.17815
2.18167
2.18537
2.189
2.19305
2.19653
2.20017
2.2035
2.20601
2.20917
2.21199
2.2152
2.21855
2.22157
2.22376
2.22633
2.2288
2.2314
2.23364
2.2353
2.23708
2.23899
2.24054
2.24269
2.24425
2.24592
2.24747
2.24889
2.24947
2.25016
2.25097
2.25166
2.25247
2.25315
2.2537
2.2539
2.25397
2.25416
2.25376
2.25324
2.25284
2.25257
2.25171
2.25122
2.25063
2.24921
2.24746
2.24705
2.24558
2.2445
2.2431
2.24234
2.24101
2.23937
2.23741
2.23587
2.23426
2.23211
2.22989
2.2281
2.22578
2.22364
2.2217
2.21971
2.21744
2.21441
2.21206
2.20991
2.20748
2.20526
2.20324
2.20047
2.19839
2.19531
2.19267
2.19024
2.18753
2.18431
2.18128
2.17869
2.17606
2.17339
2.17066
2.1674
2.16457
2.16144
2.15824
2.15498
2.15165
2.14825
2.14452
2.14048
2.13732
2.13358
2.12975
2.12606
2.12204
2.11766
2.11318
2.10883
2.10437
2.10004
2.09486
2.0898
2.08511
2.08053
2.07511
2.07028
2.06509
2.05929
2.05409
2.04805
2.04212
2.03608
2.03016
2.02389
2.01726
2.01077
2.00418
1.99724
1.99046
1.98334
1.97639
1.97008
1.96298
1.95533
1.94811
1.94036
1.93354
1.9262
1.91907
1.91049
1.90334
1.89595
1.88881
1.88144
1.87435
1.86657
1.85908
1.85188
1.84474
1.83768
1.83046
1.82357
1.81654
1.80986
1.80305
1.79661
1.79054
1.78461
1.77811
1.77201
1.76655
1.76053
1.75517
1.75048
1.7455
1.7407
1.73659
1.73195
1.72777
1.72379
1.72027
1.7172
1.71412
1.71101
1.70787
1.70569
1.70348
1.70149
1.69972
1.6984
1.69682
1.69568
1.69451
1.69426
1.69372
1.69313
1.69272
1.69248
1.69242
1.69226
1.69274
1.69287
1.6929
1.694
1.69449
1.69556
1.69599
1.6965
1.69707
1.6977
1.69933
1.70052
1.70148
1.70246
1.70368
1.70466
1.70586
1.70751
1.70794
1.70905
1.70987
1.71089
1.71186
1.71277
1.71338
1.71418
1.71492
1.71536
1.71599
1.71608
1.71611
1.71707
1.71702
1.71765
1.71874
1.71908
1.71964
1.71996
1.72124
1.72132
1.7219
1.72251
1.72316
1.72385
1.72411
1.72469
1.72533
1.72607
1.7269
1.72783
1.72889
1.73006
1.73088
1.73233
1.73345
1.73497
1.73713
1.739
1.74128
1.74424
1.74716
1.75028
1.75338
1.75646
1.76
1.76377
1.7673
1.77131
1.77557
1.7808
1.78197
1.78747
1.79322
1.79924
1.80576
1.81207
1.81912
1.82621
1.83308
1.8407
1.84859
1.85699
1.86493
1.87362
1.88209
1.8913
1.90029
1.90977
1.91973
1.93018
1.94062
1.95129
1.96313
1.97494
1.98599
1.99747
2.00864
2.02022
2.03244
2.04503
2.05702
2.06912
2.08204
2.09431
2.10688
2.11948
2.13211
2.14474
2.15735
2.17016
2.18242
2.1946
2.20692
2.21911
2.23115
2.24277
2.25444
2.26589
2.2771
2.28805
2.29847
2.30882
2.31884
2.32826
2.33756
2.34646
2.35495
2.36325
2.3711
2.37824
2.38467
2.39084
2.3965
2.40116
2.40553
2.40984
2.41312
2.41633
2.41922
2.42058
2.42186
2.42209
2.42223
2.42158
2.42085
2.41933
2.41653
2.41344
2.41031
2.40665
2.4025
2.39785
2.39248
2.38714
2.38063
2.37441
2.36754
2.36028
2.35338
2.34564
2.33782
2.32896
2.32006
2.31042
2.30077
2.29163
2.28205
2.27205
2.26142
2.25115
2.24077
2.23054
2.21929
2.20945
2.19886
2.18875
2.17867
2.1684
2.1577
2.14806
2.13756
2.12694
2.11695
2.10688
2.09748
2.08804
2.07809
2.06911
2.06062
2.05192
2.04375
2.03589
2.0281
2.02114
2.01452
2.00828
2.00217
1.99622
1.9902
1.9858
1.98136
1.97761
1.97383
1.97101
1.96867
1.96731
1.96596
1.96488
1.96385
1.96382
1.96456
1.96537
1.96647
1.96909
1.97131
1.9748
1.97861
1.98226
1.98767
1.99316
1.9992
2.00629
2.01344
2.02115
2.02963
2.03865
2.04748
2.05754
2.06739
2.07774
2.08881
2.10084
2.11332
2.12624
2.13935
2.15262
2.16725
2.18175
2.19613
2.21107
2.22656
2.24185
2.25763
2.27365
2.28988
2.30605
2.32213
2.33906
2.35585
2.37296
2.39059
2.40752
2.4242
2.44132
2.45837
2.47484
2.49144
2.50764
2.5239
2.53996
2.55555
2.5704
2.58618
2.60116
2.61558
2.62965
2.64431
2.65786
2.67099
2.68346
2.69524
2.70704
2.71884
2.72944
2.73929
2.74935
2.75866
2.76719
2.77567
2.78336
2.79027
2.79736
2.80365
2.80916
2.81413
2.81854
2.82242
2.82577
2.82859
2.83088
2.83267
2.83443
2.83593
2.83623
2.83655
2.83568
2.83436
2.83286
2.83021
2.82837
2.82565
2.82281
2.81912
2.81582
2.8117
2.80776
2.8028
2.79779
2.79229
2.78701
2.78125
2.77503
2.76813
2.76199
2.75518
2.74918
2.74205
2.73598
2.72906
2.7213
2.71415
2.70665
2.69859
2.69117
2.6832
2.67518
2.66782
2.66018
2.65275
2.64506
2.63735
2.62915
2.62119
2.61349
2.60556
2.59765
2.59001
2.58194
2.57414
2.56665
2.55921
2.55159
2.54429
2.53707
2.52921
2.52216
2.51472
2.50739
2.50016
2.49353
2.48724
2.48132
2.47456
2.46816
2.46213
2.45623
2.44998
2.44386
2.43787
2.4325
2.42726
2.42143
2.41622
2.41065
2.40545
2.40133
2.39661
2.39177
2.38679
2.38241
2.417
2.41307
2.40951
2.40607
2.40274
2.39952
2.39567
2.39214
2.38894
2.38582
2.38227
2.37902
2.37581
2.37216
2.36902
2.3659
2.36279
2.3592
2.35632
2.35319
2.35003
2.34685
2.34266
2.33891
2.33534
2.33148
2.32779
2.32403
2.32091
2.31723
2.31347
2.30961
2.30591
2.30186
2.29724
2.29324
2.28865
2.28445
2.2799
2.27549
2.27098
2.26541
2.26047
2.25592
2.25127
2.24654
2.24101
2.23661
2.23141
2.22615
2.22035
2.2157
2.21005
2.20388
2.19792
2.19243
2.18669
2.18071
2.17473
2.16854
2.16262
2.15698
2.15139
2.14562
2.13993
2.13359
2.12807
2.12289
2.11807
2.11312
2.10856
2.10389
2.09937
2.09502
2.09108
2.08684
2.08326
2.07915
2.07548
2.07178
2.06877
2.06646
2.06414
2.06204
2.05993
2.05781
2.05593
2.05452
2.05312
2.05171
2.0515
2.05106
2.05084
2.05087
2.05088
2.05137
2.05232
2.05326
2.05442
2.05579
2.05736
2.05866
2.06063
2.06183
2.06369
2.06597
2.06842
2.07175
2.0745
2.0774
2.08043
2.08383
2.0871
2.09121
2.09469
2.09849
2.10238
2.10657
2.11082
2.11512
2.12019
2.12431
2.12846
2.13262
2.13701
2.14115
2.14528
2.14937
2.15294
2.1567
2.1604
2.16403
2.16734
2.1708
2.1744
2.17838
2.182
2.18501
2.18789
2.19111
2.19394
2.1966
2.19886
2.20142
2.20356
2.20479
2.20679
2.2081
2.20919
2.21056
2.21098
2.21118
2.21163
2.21112
2.21085
2.21034
2.21031
2.21027
2.2095
2.20824
2.20672
2.20471
2.20268
2.20041
2.19813
2.19559
2.19281
2.1893
2.18603
2.18157
2.17783
2.17386
2.16896
2.16408
2.15947
2.15442
2.14894
2.14376
2.1384
2.13239
2.1272
2.12137
2.11517
2.10909
2.10266
2.09637
2.08974
2.08329
2.07676
2.06995
2.06334
2.05695
2.05079
2.04391
2.03633
2.02926
2.02295
2.01597
2.00907
2.00249
1.99625
1.99036
1.98387
1.978
1.97203
1.96647
1.96108
1.95564
1.94943
1.94463
1.93933
1.93473
1.9299
1.9258
1.92172
1.91814
1.91509
1.91208
1.9096
1.90719
1.90508
1.90304
1.90157
1.90067
1.89937
1.89889
1.89924
1.8992
1.9
1.9009
1.90192
1.90354
1.90526
1.90807
1.911
1.91452
1.91888
1.92311
1.92745
1.93166
1.93647
1.94162
1.94687
1.95293
1.95885
1.96535
1.97216
1.97905
1.98697
1.99495
2.00275
2.01059
2.01896
2.02832
2.03698
2.04637
2.05577
2.06589
2.07622
2.08653
2.0968
2.10702
2.11765
2.12869
2.13989
2.15147
2.16245
2.17427
2.18524
2.19677
2.2091
2.22102
2.23298
2.24571
2.25749
2.26952
2.28107
2.29357
2.30579
2.3175
2.32962
2.34144
2.35294
2.36483
2.37686
2.38853
2.3996
2.41126
2.42229
2.43317
2.44389
2.4542
2.46457
2.475
2.48427
2.49431
2.50366
2.51281
2.52223
2.53119
2.54737
2.55495
2.56254
2.57015
2.57778
2.58542
2.59284
2.59979
2.60677
2.61353
2.62007
2.62665
2.63229
2.63796
2.64367
2.64846
2.65354
2.65843
2.66314
2.66718
2.67129
2.67546
2.67947
2.68308
2.68677
2.69031
2.69346
2.69695
2.69982
2.70327
2.70612
2.70859
2.71094
2.71341
2.716
2.71848
2.7206
2.72309
2.72499
2.72703
2.72896
2.73031
2.73227
2.73389
2.73541
2.73634
2.73789
2.73837
2.73923
2.74023
2.74135
2.74189
2.74231
2.74214
2.7421
2.74217
2.74189
2.74196
2.74166
2.74172
2.7414
2.73973
2.73865
2.73767
2.73653
2.73525
2.73381
2.73221
2.73045
2.72876
2.72642
2.72391
2.72147
2.71885
2.71605
2.71282
2.70989
2.70677
2.70322
2.69972
2.69602
2.69165
2.68757
2.68353
2.67881
2.67437
2.66902
2.66348
2.65822
2.65278
2.64714
2.64108
2.63435
2.62671
2.62034
2.61356
2.60612
2.59876
2.59147
2.58403
2.57693
2.56919
2.56131
2.5533
2.54541
2.53715
2.52854
2.52175
2.51341
2.50474
2.49646
2.48739
2.47825
2.46929
2.45956
2.45074
2.4414
2.43252
2.42362
2.41422
2.40554
2.39639
2.38677
2.37765
2.3688
2.35927
2.35074
2.34155
2.33218
2.32335
2.31461
2.30595
2.29715
2.28869
2.28057
2.2721
2.26446
2.25696
2.24912
2.24069
2.23362
2.22599
2.21877
2.21147
2.2046
2.19839
2.19189
2.18583
2.17948
2.17359
2.16792
2.1627
2.15795
2.15319
2.14818
2.14342
2.13938
2.13559
2.13206
2.12855
2.12507
2.1221
2.1194
2.11673
2.11459
2.11273
2.11164
2.1106
2.10985
2.1094
2.10973
2.1094
2.10936
2.11012
2.11117
2.11206
2.11397
2.11546
2.11774
2.12009
2.12274
2.12569
2.12919
2.13251
2.1366
2.14075
2.14495
2.14991
2.15516
2.16045
2.16576
2.17183
2.17767
2.18401
2.19035
2.19693
2.2035
2.21077
2.21849
2.22642
2.23453
2.2421
2.25033
2.25894
2.26819
2.27612
2.28464
2.29376
2.3032
2.31176
2.3211
2.33
2.33942
2.34933
2.35875
2.36792
2.37705
2.38566
2.39516
2.4041
2.41246
2.42071
2.42932
2.43779
2.4461
2.45424
2.46245
2.47022
2.47779
2.48538
2.49251
2.49941
2.50607
2.51297
2.51913
2.52479
2.5302
2.53534
2.5407
2.5458
2.54991
2.55424
2.55831
2.56213
2.5657
2.56974
2.57282
2.57568
2.57855
2.58168
2.58365
2.58542
2.58725
2.58914
2.59087
2.59245
2.59413
2.59471
2.59517
2.59602
2.59676
2.59767
2.59827
2.59809
2.59858
2.59904
2.60044
2.60087
2.60129
2.60148
2.60217
2.60266
2.60342
2.60327
2.6039
2.60484
2.60633
2.60767
2.60814
2.60942
2.61057
2.61183
2.61369
2.61519
2.61681
2.61929
2.62166
2.62345
2.62561
2.62793
2.63086
2.6337
2.63669
2.64007
2.64287
2.64606
2.64939
2.65262
2.65647
2.65998
2.70001
2.70401
2.70888
2.71318
2.71811
2.72294
2.72765
2.73272
2.73767
2.74319
2.74881
2.75402
2.75954
2.76463
2.76953
2.77542
2.78084
2.7865
2.79263
2.79825
2.80383
2.80911
2.81407
2.8199
2.82514
2.83026
2.83499
2.83956
2.84443
2.84886
2.8526
2.85611
2.85937
2.86236
2.86555
2.86892
2.87126
2.87303
2.87469
2.87624
2.87765
2.87892
2.87931
2.87881
2.8779
2.87728
2.87599
2.87427
2.87258
2.86996
2.8669
2.86387
2.86039
2.85599
2.85114
2.84562
2.8399
2.83376
2.82672
2.81904
2.81096
2.80323
2.79513
2.78619
2.77692
2.76781
2.75912
2.74918
2.73922
2.72901
2.71881
2.70816
2.69709
2.68584
2.67494
2.66294
2.65155
2.64009
2.62831
2.61673
2.60512
2.59302
2.58142
2.57009
2.55807
2.54661
2.53523
2.52346
2.51204
2.50123
2.49056
2.47956
2.46897
2.45784
2.44689
2.43735
2.42777
2.4177
2.40857
2.3992
2.39008
2.38169
2.37331
2.36521
2.35713
2.34933
2.34229
2.33529
2.32834
2.32192
2.31556
2.31021
2.30469
2.29898
2.29358
2.28945
2.28466
2.28017
2.27599
2.27261
2.26977
2.26724
2.26549
2.26334
2.26148
2.26042
2.25917
2.25799
2.25808
2.25774
2.25746
2.25771
2.25898
2.25982
2.26095
2.2626
2.26429
2.26554
2.26803
2.2703
2.27284
2.27564
2.2787
2.28176
2.28555
2.29006
2.2948
2.29952
2.30423
2.30962
2.3145
2.32005
2.32555
2.33123
2.33708
2.34285
2.34901
2.35556
2.36223
2.36903
2.3757
2.3815
2.38836
2.39505
2.40277
2.41006
2.41691
2.42379
2.43045
2.43759
2.44497
2.45233
2.45941
2.46644
2.4739
2.4808
2.48762
2.49434
2.5007
2.50694
2.51328
2.51948
2.52575
2.53112
2.53678
2.54249
2.54774
2.55277
2.5578
2.56234
2.56687
2.57161
2.57607
2.57952
2.58291
2.58552
2.58805
2.59002
2.59287
2.59417
2.59538
2.596
2.59652
2.59644
2.59624
2.59593
2.59526
2.59374
2.59187
2.58939
2.58705
2.58411
2.5813
2.57839
2.57441
2.57011
2.56548
2.56005
2.55528
2.54948
2.54388
2.53849
2.53235
2.52619
2.52004
2.51342
2.50708
2.49957
2.49164
2.48402
2.47626
2.46811
2.45985
2.45149
2.44376
2.43548
2.42715
2.41854
2.41039
2.40176
2.39313
2.38501
2.37694
2.36868
2.36025
2.35191
2.34415
2.33602
2.32826
2.32016
2.31293
2.30563
2.29826
2.29131
2.28457
2.27802
2.27073
2.26534
2.25947
2.25455
2.24915
2.24401
2.23888
2.2345
2.23038
2.22606
2.22202
2.21897
2.21501
2.2123
2.20987
2.20702
2.20517
2.20339
2.20141
2.20046
2.19932
2.19871
2.19841
2.1984
2.19868
2.19974
2.20061
2.20202
2.203
2.20378
2.20606
2.20814
2.21074
2.21339
2.2168
2.22025
2.22398
2.22798
2.23249
2.2368
2.24161
2.24644
2.25202
2.25714
2.22152
2.22745
2.23359
2.24017
2.24743
2.25465
2.26158
2.26846
2.27601
2.28374
2.29166
2.29976
2.30804
2.31649
2.3256
2.33439
2.34335
2.35248
2.36151
2.37095
2.38053
2.39003
2.3999
2.40991
2.42005
2.43007
2.44094
2.45119
2.46251
2.47297
2.484
2.49463
2.50557
2.51634
2.52692
2.53828
2.54943
2.5606
2.57227
2.58298
2.5944
2.60557
2.6167
2.62779
2.63906
2.65026
2.66114
2.67192
2.68284
2.69316
2.70334
2.71386
2.72421
2.73416
2.74417
2.7535
2.76238
2.77105
2.7802
2.78889
2.79659
2.80429
2.81267
2.81982
2.82716
2.83397
2.84096
2.84692
2.85329
2.85933
2.86481
2.86995
2.87475
2.87896
2.88331
2.88754
2.89093
2.89371
2.89636
2.89839
2.90004
2.90155
2.90267
2.90364
2.90396
2.90389
2.90364
2.90274
2.90119
2.89921
2.89705
2.89445
2.89143
2.88797
2.8843
2.8802
2.87564
2.87064
2.86495
2.85833
2.85198
2.84469
2.83696
2.82854
2.82015
2.81061
2.80158
2.79189
2.78201
2.77124
2.76053
2.74942
2.73696
2.72484
2.71211
2.69927
2.68608
2.67233
2.6585
2.64462
2.63094
2.61652
2.60162
2.58673
2.57163
2.55635
2.54042
2.52435
2.50864
2.49234
2.47643
2.46023
2.44447
2.42821
2.41171
2.39547
2.37904
2.3634
2.34735
2.33118
2.31561
2.30042
2.28467
2.26959
2.25421
2.23954
2.22484
2.2104
2.19597
2.18206
2.16795
2.15462
2.14136
2.12842
2.11606
2.10379
2.09211
2.08079
2.06983
2.05972
2.04925
2.03941
2.0297
2.02037
2.01143
2.00335
1.99613
1.98834
1.98116
1.97413
1.96698
1.9607
1.95525
1.9497
1.9445
1.93964
1.93514
1.93121
1.92762
1.92483
1.92139
1.91874
1.9164
1.91458
1.91281
1.9113
1.90959
1.90933
1.90859
1.90857
1.9083
1.90825
1.90913
1.90973
1.91077
1.91175
1.91291
1.91376
1.91501
1.91594
1.91774
1.91873
1.92033
1.9223
1.9244
1.92687
1.9292
1.93166
1.93446
1.93688
1.93941
1.94227
1.94595
1.94924
1.95238
1.95608
1.95939
1.96278
1.96648
1.97003
1.97364
1.97709
1.98036
1.98442
1.98806
1.99175
1.99575
2.00003
2.00412
2.00825
2.01194
2.01735
2.02134
2.02559
2.0301
2.03413
2.03866
2.04294
2.04745
2.0517
2.05617
2.06061
2.06477
2.06887
2.0734
2.07739
2.08105
2.08511
2.08884
2.09222
2.09597
2.09911
2.10237
2.10572
2.10893
2.11173
2.11365
2.11635
2.11887
2.12119
2.12284
2.12452
2.12599
2.12748
2.12826
2.12953
2.12984
2.13039
2.13046
2.13004
2.12936
2.12916
2.12821
2.12701
2.12554
2.12382
2.12183
2.11982
2.1173
2.11477
2.11149
2.10795
2.10464
2.10107
2.09725
2.09293
2.08813
2.08235
2.07754
2.07225
2.06696
2.06096
2.05521
2.04948
2.04328
2.03663
2.03001
2.02293
2.0159
2.00819
1.97371
1.96599
1.95784
1.94998
1.9417
1.93301
1.92391
1.91489
1.90572
1.89688
1.88767
1.87784
1.86765
1.85784
1.8484
1.83814
1.82804
1.81811
1.80739
1.79711
1.78678
1.77617
1.76676
1.75637
1.74599
1.73587
1.72506
1.71453
1.70478
1.69461
1.68477
1.67479
1.66491
1.65515
1.64578
1.63607
1.627
1.6181
1.60939
1.60065
1.59187
1.5838
1.57596
1.56813
1.56032
1.55302
1.54647
1.53998
1.53354
1.52788
1.52182
1.51656
1.51188
1.50704
1.50255
1.49816
1.49413
1.49069
1.48737
1.48465
1.4823
1.47984
1.47846
1.47722
1.47634
1.47655
1.4764
1.47614
1.47696
1.47766
1.47871
1.48011
1.4833
1.48587
1.48756
1.49103
1.49457
1.49842
1.50306
1.50679
1.51177
1.51678
1.52158
1.52712
1.5329
1.53892
1.54493
1.55116
1.55758
1.5642
1.57076
1.5775
1.58463
1.59191
1.59933
1.60664
1.6143
1.62256
1.62971
1.63814
1.6457
1.65381
1.6615
1.66949
1.67801
1.6861
1.69471
1.70263
1.71154
1.71976
1.72849
1.73629
1.74555
1.75363
1.76173
1.77059
1.77899
1.78695
1.79517
1.80416
1.8127
1.8213
1.83066
1.84033
1.84981
1.85863
1.86802
1.87747
1.88629
1.89567
1.90539
1.91497
1.92464
1.93442
1.94431
1.95455
1.96441
1.97535
1.98472
1.99516
2.00596
2.01638
2.02691
2.03802
2.04923
2.06053
2.07119
2.08265
2.09322
2.10482
2.11622
2.12814
2.13961
2.15013
2.16161
2.17285
2.1843
2.19595
2.20706
2.21834
2.22954
2.24111
2.25208
2.26315
2.27432
2.28507
2.29515
2.30552
2.31542
2.32606
2.33524
2.34464
2.3528
2.3614
2.36921
2.37742
2.38484
2.39192
2.39865
2.40528
2.41155
2.41698
2.42228
2.42746
2.4325
2.43742
2.44147
2.44468
2.44848
2.45192
2.45452
2.45627
2.45768
2.45899
2.46044
2.46205
2.46262
2.46289
2.46286
2.46302
2.46243
2.46158
2.45976
2.45842
2.45685
2.45483
2.45309
2.45093
2.4481
2.44608
2.44319
2.44064
2.43772
2.43493
2.43155
2.42809
2.4243
2.42092
2.41773
2.41376
2.41
2.40644
2.4031
2.39974
2.39638
2.39278
2.38894
2.38536
2.38204
2.37922
2.37572
2.372
2.36856
2.36516
2.36133
2.35802
2.355
2.35179
2.34911
2.346
2.3427
2.33945
2.33673
2.33382
2.33169
2.32863
2.32586
2.32289
2.31997
2.31732
2.3147
2.31235
2.30956
2.30702
2.30499
2.30225
2.30025
2.29778
2.29556
2.29333
2.29087
2.28889
2.28594
2.28395
2.28146
2.27896
2.2762
2.27367
2.27136
2.26854
2.26547
2.26334
2.26119
2.2583
2.25611
2.2527
2.24975
2.24704
2.24431
2.24061
2.23836
2.23562
2.23288
2.23015
2.22744
2.22498
2.22231
2.21966
2.21729
2.21472
2.21171
2.20947
2.20705
2.20421
2.20144
2.19898
2.19733
2.19551
2.19379
2.19167
2.20597
2.20416
2.20295
2.20188
2.20094
2.19941
2.19849
2.19819
2.19779
2.19704
2.19643
2.19594
2.19655
2.19656
2.19621
2.19647
2.19708
2.19828
2.19983
2.20028
2.20107
2.20098
2.20194
2.20274
2.20361
2.20526
2.20697
2.20825
2.20934
2.2107
2.21185
2.21351
2.2147
2.21663
2.21807
2.21976
2.22072
2.22214
2.22354
2.22468
2.22651
2.22734
2.22909
2.23031
2.23148
2.2326
2.23366
2.23418
2.23535
2.23598
2.23725
2.23773
2.23861
2.23821
2.23821
2.23861
2.23916
2.23939
2.23977
2.23958
2.24026
2.23989
2.23992
2.23961
2.23921
2.23873
2.23839
2.23725
2.23651
2.23592
2.23501
2.23378
2.23247
2.23132
2.2301
2.22881
2.2272
2.22578
2.22453
2.22347
2.22187
2.21974
2.21781
2.21607
2.21454
2.21273
2.21018
2.20832
2.20693
2.20505
2.20364
2.20223
2.20058
2.19894
2.19708
2.19572
2.19415
2.19308
2.19085
2.18915
2.18726
2.18541
2.18339
2.18168
2.18027
2.17918
2.17793
2.17676
2.17569
2.17494
2.17285
2.17231
2.17186
2.17129
2.17106
2.17071
2.17023
2.17034
2.17033
2.17045
2.17043
2.1703
2.17028
2.17135
2.17156
2.17237
2.17353
2.17504
2.17594
2.17718
2.17899
2.18019
2.18171
2.18307
2.185
2.187
2.18786
2.18951
2.19145
2.19368
2.1957
2.19752
2.19913
2.20123
2.20285
2.20496
2.20682
2.20891
2.21073
2.213
2.21522
2.21716
2.21879
2.2206
2.22258
2.22448
2.22556
2.22702
2.22887
2.23012
2.23077
2.23129
2.23217
2.23364
2.23424
2.23445
2.23451
2.23442
2.23441
2.23424
2.23366
2.23388
2.23344
2.23284
2.23134
2.2304
2.22928
2.22775
2.22581
2.22418
2.22239
2.2202
2.21737
2.21462
2.21197
2.20869
2.20575
2.20292
2.19973
2.19617
2.19274
2.18921
2.18607
2.18212
2.17833
2.17423
2.17055
2.16682
2.16306
2.15926
2.15521
2.1509
2.14731
2.14302
2.13899
2.13499
2.13031
2.1264
2.1228
2.11831
2.11414
2.1103
2.10728
2.10389
2.10038
2.09747
2.09446
2.09135
2.08862
2.08606
2.08341
2.08166
2.07984
2.0782
2.07698
2.07548
2.07392
2.07257
2.07166
2.07095
2.06997
2.06993
2.06961
2.07
2.0706
2.07118
2.07222
2.07324
2.07497
2.07619
2.07764
2.0793
2.08143
2.08377
2.08658
2.08985
2.09237
2.09558
2.09901
2.10289
2.10674
2.11079
2.11505
2.11975
2.12464
2.12949
2.1343
2.13904
2.14446
2.14957
2.15558
2.16151
2.16665
2.1734
2.17958
2.18639
2.19359
2.20068
2.20767
2.21552
2.22276
2.23012
2.23783
2.2454
2.25283
2.26059
2.26819
2.27562
2.28384
2.29164
2.29997
2.30834
2.31626
2.32396
2.33193
2.34086
2.34954
2.35773
2.36566
2.37404
2.38237
2.39042
2.3984
2.40654
2.41437
2.4221
2.42948
2.43603
2.44341
2.4509
