-2.89561
-2.89568
-2.89595
-2.89613
-2.8962
-2.89663
-2.89695
-2.89748
-2.89806
-2.89869
-2.89937
-2.9001
-2.90073
-2.90157
-2.90245
-2.90354
-2.90438
-2.90572
-2.90666
-2.90765
-2.9087
-2.90994
-2.91124
-2.91275
-2.914
-2.91546
-2.91667
-2.91793
-2.9197
-2.92167
-2.92309
-2.92501
-2.92699
-2.92887
-2.93095
-2.93294
-2.93483
-2.93708
-2.93922
-2.94158
-2.94368
-2.94599
-2.9482
-2.95092
-2.95339
-2.95637
-2.95895
-2.96128
-2.96382
-2.96626
-2.9692
-2.9722
-2.97511
-2.97807
-2.98138
-2.9843
-2.98742
-2.9906
-2.99368
-2.99697
-3.00046
-3.00386
-3.00716
-3.01081
-3.01407
-3.01783
-3.0212
-3.02492
-3.02869
-3.03222
-3.0361
-3.03989
-3.04373
-3.04762
-3.05157
-3.05587
-3.06008
-3.06418
-3.06849
-3.07285
-3.07726
-3.08142
-3.08593
-3.0905
-3.09526
-3.10007
-3.10478
-3.10968
-3.11463
-3.11948
-3.12422
-3.12916
-3.13398
-3.13885
-3.14391
-3.14916
-3.15415
-3.15917
-3.16453
-3.16962
-3.17505
-3.1805
-3.18599
-3.1912
-3.19644
-3.202
-3.20728
-3.21288
-3.21836
-3.22385
-3.2292
-3.23471
-3.24009
-3.24577
-3.25116
-3.2564
-3.26194
-3.26763
-3.27302
-3.27885
-3.28422
-3.28989
-3.29524
-3.30072
-3.30634
-3.31194
-3.31767
-3.32307
-3.32814
-3.33333
-3.33879
-3.34407
-3.34932
-3.35422
-3.35939
-3.36451
-3.36959
-3.37448
-3.37931
-3.3844
-3.38913
-3.39381
-3.39844
-3.40316
-3.40782
-3.41257
-3.41741
-3.42203
-3.42659
-3.43094
-3.43506
-3.43927
-3.44325
-3.44717
-3.45086
-3.45524
-3.45908
-3.46286
-3.46655
-3.46987
-3.47326
-3.47672
-3.48026
-3.48342
-3.4868
-3.49025
-3.49331
-3.4963
-3.4992
-3.50203
-3.50477
-3.50759
-3.51032
-3.51297
-3.51554
-3.51743
-3.51938
-3.52171
-3.52395
-3.52582
-3.52775
-3.52961
-3.53123
-3.53294
-3.53456
-3.53596
-3.53743
-3.53868
-3.53986
-3.54111
-3.54229
-3.5434
-3.54444
-3.54541
-3.54616
-3.5467
-3.54762
-3.54848
-3.54957
-3.55031
-3.55098
-3.55129
-3.55169
-3.55203
-3.55263
-3.55286
-3.55305
-3.55318
-3.55341
-3.5533
-3.55328
-3.55337
-3.55312
-3.55297
-3.55263
-3.55225
-3.55183
-3.55153
-3.55103
-3.55066
-3.55025
-3.54981
-3.54949
-3.54914
-3.54846
-3.54805
-3.54762
-3.54671
-3.54608
-3.54528
-3.54476
-3.54422
-3.54382
-3.54309
-3.5422
-3.54145
-3.54083
-3.54021
-3.53942
-3.53847
-3.53782
-3.53701
-3.53649
-3.53582
-3.53485
-3.53402
-3.5332
-3.53252
-3.53169
-3.53087
-3.5299
-3.52923
-3.52842
-3.52761
-3.52696
-3.52632
-3.52554
-3.52477
-3.52401
-3.52341
-3.52267
-3.52194
-3.52093
-3.52023
-3.51955
-3.51903
-3.51839
-3.51791
-3.51729
-3.51655
-3.51612
-3.51556
-3.51518
-3.51467
-3.51417
-3.51385
-3.5134
-3.51297
-3.51257
-3.51234
-3.51198
-3.51195
-3.51164
-3.5112
-3.51079
-3.51071
-3.51065
-3.51076
-3.51045
-3.51046
-3.5105
-3.51042
-3.51051
-3.51092
-3.51076
-3.51077
-3.51096
-3.51042
-3.51035
-3.51016
-2.2793
-2.28002
-2.28024
-2.28069
-2.28109
-2.28218
-2.28275
-2.28311
-2.2837
-2.28499
-2.28636
-2.28766
-2.2889
-2.29021
-2.29161
-2.29308
-2.29493
-2.29701
-2.29871
-2.30048
-2.30218
-2.30424
-2.30637
-2.30827
-2.31022
-2.3121
-2.31418
-2.31662
-2.31881
-2.32121
-2.32336
-2.32586
-2.32856
-2.33116
-2.33379
-2.33632
-2.33873
-2.34148
-2.34442
-2.34708
-2.35008
-2.3528
-2.35599
-2.35891
-2.36199
-2.36494
-2.36806
-2.37073
-2.37371
-2.37715
-2.38015
-2.38329
-2.38644
-2.38988
-2.39257
-2.39525
-2.39807
-2.40088
-2.40413
-2.40721
-2.41028
-2.41333
-2.41652
-2.41922
-2.42236
-2.42533
-2.42827
-2.43134
-2.43392
-2.43708
-2.4393
-2.44195
-2.44457
-2.44715
-2.44955
-2.45238
-2.45502
-2.45748
-2.45975
-2.462
-2.46451
-2.46669
-2.46899
-2.47095
-2.47289
-2.47525
-2.47758
-2.47989
-2.48201
-2.48412
-2.48634
-2.4881
-2.49043
-2.49229
-2.49443
-2.49641
-2.49867
-2.50076
-2.50269
-2.50446
-2.50637
-2.50842
-2.51046
-2.51235
-2.51409
-2.51597
-2.51801
-2.5199
-2.52179
-2.52369
-2.52559
-2.52766
-2.52988
-2.53151
-2.53346
-2.53526
-2.53739
-2.53892
-2.54108
-2.54295
-2.54484
-2.54676
-2.54884
-2.55079
-2.55291
-2.55506
-2.55723
-2.55957
-2.56163
-2.56387
-2.56597
-2.5681
-2.57055
-2.57287
-2.57507
-2.57728
-2.57951
-2.58161
-2.58402
-2.58631
-2.58861
-2.59093
-2.59371
-2.5959
-2.59841
-2.60078
-2.60331
-2.60584
-2.60854
-2.61094
-2.61379
-2.61665
-2.61921
-2.62177
-2.62402
-2.62642
-2.62912
-2.63152
-2.6342
-2.63658
-2.63895
-2.64131
-2.64396
-2.64629
-2.64875
-2.65105
-2.65349
-2.6556
-2.65784
-2.66022
-2.66242
-2.66459
-2.66659
-2.66887
-2.67112
-2.67319
-2.67569
-2.67785
-2.67968
-2.68179
-2.68385
-2.68589
-2.68789
-2.69001
-2.69179
-2.69368
-2.69584
-2.69781
-2.69959
-2.70133
-2.70318
-2.70469
-2.70646
-2.70803
-2.70956
-2.7112
-2.71234
-2.71359
-2.71525
-2.71656
-2.71797
-2.71964
-2.72065
-2.72147
-2.72239
-2.72327
-2.72454
-2.72547
-2.7262
-2.72703
-2.72781
-2.72854
-2.72892
-2.7291
-2.72953
-2.72977
-2.73025
-2.73069
-2.73108
-2.73157
-2.73187
-2.73196
-2.73201
-2.73186
-2.73182
-2.73188
-2.7319
-2.73187
-2.73195
-2.73199
-2.73198
-2.73148
-2.73169
-2.73141
-2.73109
-2.73073
-2.73048
-2.73005
-2.72927
-2.72846
-2.72807
-2.72719
-2.72657
-2.72608
-2.72555
-2.72454
-2.72365
-2.72288
-2.72223
-2.72125
-2.72085
-2.72027
-2.71967
-2.71874
-2.71778
-2.7168
-2.71595
-2.71477
-2.71372
-2.71266
-2.71127
-2.70986
-2.70874
-2.70759
-2.70673
-2.70556
-2.70421
-2.70285
-2.70163
-2.70024
-2.69928
-2.69832
-2.69734
-2.69589
-2.69458
-2.69342
-2.69239
-2.69105
-2.68971
-2.6885
-2.68713
-2.6856
-2.68422
-2.68283
-2.68143
-2.68017
-2.67905
-2.67763
-2.6762
-2.67461
-2.67317
-2.67141
-2.67011
-2.66864
-2.66732
-2.66555
-2.66407
-2.66273
-2.66078
-2.65929
-1.89857
-1.89704
-1.89554
-1.89424
-1.89253
-1.89086
-1.88954
-1.88811
-1.88657
-1.88507
-1.88392
-1.88282
-1.88175
-1.88043
-1.87931
-1.87822
-1.87718
-1.87619
-1.87524
-1.87403
-1.87287
-1.8719
-1.87113
-1.87056
-1.86988
-1.86895
-1.86807
-1.86738
-1.8669
-1.86647
-1.86639
-1.86621
-1.86487
-1.86449
-1.86461
-1.86464
-1.86442
-1.8644
-1.86444
-1.86468
-1.86453
-1.86473
-1.865
-1.86501
-1.86553
-1.86581
-1.86645
-1.86684
-1.86745
-1.86795
-1.86867
-1.86929
-1.86996
-1.87115
-1.87194
-1.87308
-1.87444
-1.87539
-1.87624
-1.87745
-1.87841
-1.87988
-1.88139
-1.88281
-1.88443
-1.88549
-1.88705
-1.88851
-1.89016
-1.89201
-1.89345
-1.89524
-1.89707
-1.89879
-1.9007
-1.9025
-1.90434
-1.90621
-1.90828
-1.91038
-1.91281
-1.91528
-1.91763
-1.91986
-1.92227
-1.92456
-1.92672
-1.92937
-1.93204
-1.93458
-1.93699
-1.93958
-1.94218
-1.94465
-1.94698
-1.94963
-1.95198
-1.95464
-1.95701
-1.95998
-1.96235
-1.96456
-1.96722
-1.96957
-1.97206
-1.97439
-1.97684
-1.97943
-1.98139
-1.98363
-1.98569
-1.98801
-1.99015
-1.9927
-1.99461
-1.99678
-1.9983
-2.00037
-2.00285
-2.00497
-2.00705
-2.00921
-2.01102
-2.01262
-2.01402
-2.0158
-2.01738
-2.0192
-2.02081
-2.02236
-2.02355
-2.02498
-2.02635
-2.02751
-2.02891
-2.0301
-2.03108
-2.032
-2.03286
-2.03351
-2.0344
-2.03463
-2.0354
-2.03597
-2.03617
-2.03676
-2.03728
-2.03775
-2.038
-2.03848
-2.0389
-2.03864
-2.03862
-2.03822
-2.03804
-2.03734
-2.03686
-2.03661
-2.03612
-2.0357
-2.03519
-2.03414
-2.03346
-2.03239
-2.03152
-2.03057
-2.02922
-2.02793
-2.02654
-2.02537
-2.0238
-2.02214
-2.02053
-2.01915
-2.01722
-2.01535
-2.01295
-2.01092
-2.00866
-2.00633
-2.00362
-2.0013
-1.99861
-1.99616
-1.9932
-1.99064
-1.98818
-1.98538
-1.98269
-1.97997
-1.97707
-1.97399
-1.97105
-1.96764
-1.96452
-1.9617
-1.95873
-1.95607
-1.95311
-1.95017
-1.94725
-1.9442
-1.94163
-1.93924
-1.93659
-1.93427
-1.93124
-1.92871
-1.92638
-1.9238
-1.92127
-1.91895
-1.91669
-1.91449
-1.9122
-1.91028
-1.90797
-1.90572
-1.9037
-1.90175
-1.89971
-1.89805
-1.89601
-1.8942
-1.89291
-1.89154
-1.89024
-1.88872
-1.88742
-1.88604
-1.88458
-1.8832
-1.88219
-1.88125
-1.88038
-1.87973
-1.879
-1.87848
-1.87774
-1.87736
-1.87675
-1.87665
-1.87631
-1.87618
-1.87612
-1.87597
-1.87632
-1.87643
-1.87629
-1.87636
-1.87648
-1.87665
-1.87687
-1.87728
-1.87698
-1.87718
-1.87758
-1.87816
-1.87863
-1.87929
-1.87983
-1.88055
-1.8813
-1.88208
-1.88273
-1.8834
-1.88424
-1.88479
-1.88551
-1.88594
-1.88622
-1.88712
-1.88831
-1.8892
-1.89009
-1.89081
-1.89168
-1.89253
-1.89366
-1.89432
-1.8951
-1.8957
-1.89642
-1.89695
-1.89759
-1.89819
-1.89859
-1.89894
-1.89908
-1.89917
-1.89935
-1.89962
-1.89982
-1.89996
-1.89988
-1.89972
-1.8995
-1.8989
-1.89838
-1.89809
-1.90745
-1.90663
-1.90589
-1.90568
-1.90479
-1.90398
-1.90265
-1.90201
-1.9007
-1.89948
-1.8985
-1.89686
-1.89502
-1.89374
-1.89196
-1.89029
-1.88859
-1.88686
-1.88525
-1.88362
-1.88213
-1.88047
-1.8788
-1.87699
-1.87517
-1.87337
-1.87173
-1.8701
-1.8682
-1.86647
-1.86523
-1.86357
-1.86194
-1.86051
-1.85898
-1.85765
-1.85621
-1.85469
-1.85337
-1.85258
-1.85169
-1.85102
-1.84982
-1.84899
-1.84793
-1.84725
-1.8468
-1.84597
-1.84566
-1.84529
-1.84484
-1.84462
-1.84418
-1.84412
-1.84398
-1.84423
-1.84454
-1.84433
-1.84465
-1.84518
-1.84549
-1.84602
-1.84676
-1.84743
-1.84831
-1.84849
-1.84949
-1.84964
-1.85015
-1.85101
-1.85223
-1.85334
-1.85405
-1.8554
-1.8571
-1.85839
-1.85971
-1.86106
-1.8623
-1.86401
-1.86545
-1.86707
-1.8687
-1.87021
-1.87142
-1.8725
-1.87404
-1.87575
-1.87716
-1.87873
-1.8803
-1.88202
-1.8842
-1.88562
-1.88734
-1.88906
-1.89063
-1.89234
-1.8942
-1.89575
-1.8973
-1.89884
-1.90023
-1.90177
-1.90315
-1.90468
-1.90621
-1.90759
-1.90912
-1.91081
-1.91221
-1.91391
-1.91533
-1.91691
-1.91835
-1.92042
-1.9219
-1.92341
-1.92495
-1.92652
-1.92827
-1.93006
-1.93174
-1.93392
-1.93584
-1.93781
-1.93953
-1.94191
-1.94405
-1.94625
-1.94836
-1.951
-1.95324
-1.95556
-1.9581
-1.96072
-1.96341
-1.96618
-1.96887
-1.9718
-1.9745
-1.97744
-1.9806
-1.984
-1.98747
-1.99087
-1.99419
-1.99759
-2.00106
-2.00475
-2.00835
-2.01187
-2.01576
-2.02015
-2.02399
-2.02803
-2.03181
-2.03623
-2.04085
-2.04473
-2.0491
-2.05318
-2.05758
-2.06183
-2.06609
-2.0702
-2.0746
-2.07883
-2.08304
-2.08708
-2.09123
-2.0958
-2.09987
-2.10389
-2.10786
-2.11177
-2.11576
-2.11923
-2.12292
-2.12654
-2.12961
-2.1329
-2.13594
-2.13934
-2.14248
-2.14521
-2.14798
-2.15094
-2.15349
-2.15606
-2.15836
-2.16068
-2.16302
-2.16463
-2.1664
-2.16849
-2.17029
-2.17194
-2.1733
-2.17452
-2.17559
-2.17651
-2.17698
-2.17775
-2.17837
-2.17869
-2.17886
-2.17903
-2.17889
-2.1786
-2.17786
-2.17712
-2.17623
-2.1752
-2.17417
-2.17254
-2.17137
-2.17007
-2.16878
-2.16705
-2.1652
-2.16322
-2.16111
-2.15874
-2.15625
-2.1541
-2.1517
-2.1489
-2.1457
-2.14286
-2.13979
-2.13679
-2.13372
-2.13058
-2.12723
-2.12427
-2.12112
-2.11776
-2.11452
-2.11125
-2.10779
-2.10431
-2.10082
-2.09732
-2.09365
-2.09014
-2.08678
-2.08327
-2.07993
-2.07661
-2.07331
-2.07003
-2.06647
-2.06341
-2.06007
-2.05677
-2.05367
-2.0506
-2.04774
-2.04477
-2.0417
-2.03868
-2.03631
-2.0334
-2.03054
-2.02744
-2.02454
-2.0217
-2.01907
-2.0165
-2.01414
-2.01153
-2.00913
-2.00694
-2.00451
-2.00243
-2.00011
-1.99784
-1.99562
-1.99331
-1.9915
-1.98929
-1.98729
-1.98563
-1.98402
-1.98246
-1.9811
-1.97963
-1.9776
-1.97577
-1.97443
-1.97283
-1.97128
-1.96961
-1.96843
-1.96714
-1.96589
-1.96468
-1.96335
-1.96222
-1.84354
-1.84235
-1.84104
-1.83978
-1.83871
-1.83769
-1.83731
-1.83622
-1.83547
-1.83476
-1.8341
-1.83348
-1.83275
-1.83221
-1.83187
-1.83142
-1.83116
-1.83035
-1.83018
-1.8299
-1.83042
-1.83008
-1.82978
-1.82969
-1.82963
-1.82947
-1.82921
-1.82914
-1.82957
-1.82974
-1.83027
-1.83053
-1.83115
-1.83151
-1.83206
-1.83267
-1.83332
-1.83402
-1.83491
-1.8354
-1.83638
-1.83711
-1.83773
-1.83855
-1.83987
-1.84062
-1.84173
-1.84257
-1.84391
-1.845
-1.84612
-1.84714
-1.84849
-1.84989
-1.85133
-1.8528
-1.85416
-1.85571
-1.85714
-1.85891
-1.86026
-1.86149
-1.86291
-1.86405
-1.86598
-1.86763
-1.86946
-1.87117
-1.87305
-1.87466
-1.87613
-1.87793
-1.87989
-1.88157
-1.88387
-1.88543
-1.88731
-1.88934
-1.89139
-1.89329
-1.8952
-1.89696
-1.89888
-1.90035
-1.90212
-1.90389
-1.90581
-1.90758
-1.90965
-1.91141
-1.91332
-1.91537
-1.91727
-1.91931
-1.92105
-1.92277
-1.92434
-1.92606
-1.92852
-1.93037
-1.93222
-1.9339
-1.93544
-1.93727
-1.9394
-1.94092
-1.94289
-1.94486
-1.94652
-1.94879
-1.95107
-1.95289
-1.95486
-1.95669
-1.95868
-1.96037
-1.96221
-1.96422
-1.96608
-1.96795
-1.96998
-1.97201
-1.97376
-1.97581
-1.97773
-1.9795
-1.98158
-1.98321
-1.98516
-1.98696
-1.98861
-1.99057
-1.99254
-1.99451
-1.99633
-1.99815
-2.00012
-2.00194
-2.00391
-2.00602
-2.00812
-2.01021
-2.01199
-2.01406
-2.01626
-2.01814
-2.01985
-2.02183
-2.02364
-2.02512
-2.02702
-2.02889
-2.03072
-2.03237
-2.03412
-2.03568
-2.03674
-2.03805
-2.03976
-2.04112
-2.04242
-2.04396
-2.04483
-2.0458
-2.047
-2.04813
-2.04888
-2.04972
-2.05033
-2.05101
-2.05162
-2.05214
-2.05244
-2.0528
-2.05307
-2.05311
-2.05322
-2.05338
-2.05346
-2.0533
-2.05304
-2.0527
-2.05227
-2.05175
-2.05113
-2.05028
-2.04979
-2.04892
-2.0472
-2.04645
-2.04531
-2.04409
-2.04294
-2.04126
-2.03996
-2.03842
-2.03682
-2.03515
-2.03356
-2.03191
-2.03005
-2.02798
-2.02631
-2.02444
-2.02267
-2.02071
-2.01855
-2.01652
-2.0143
-2.01206
-2.00994
-2.00765
-2.0052
-2.00259
-2.00042
-1.99825
-1.99563
-1.99316
-1.991
-1.98856
-1.98613
-1.98387
-1.98149
-1.97928
-1.97711
-1.97496
-1.97286
-1.97049
-1.96816
-1.96603
-1.96424
-1.96251
-1.96082
-1.95933
-1.9576
-1.95562
-1.95399
-1.95227
-1.95075
-1.94914
-1.94789
-1.94639
-1.94479
-1.9437
-1.94267
-1.94153
-1.9406
-1.93987
-1.93889
-1.93856
-1.93767
-1.93697
-1.93601
-1.93509
-1.93421
-1.93335
-1.93253
-1.93219
-1.93173
-1.93113
-1.93055
-1.92984
-1.92915
-1.92861
-1.92808
-1.92741
-1.92704
-1.92682
-1.92629
-1.92576
-1.92522
-1.92392
-1.92335
-1.92277
-1.92202
-1.92141
-1.92062
-1.91996
-1.91942
-1.91886
-1.91797
-1.9175
-1.91671
-1.91543
-1.91472
-1.91368
-1.91322
-1.91242
-1.91174
-1.91087
-1.90968
-1.90845
-1.9072
-1.90606
-1.9049
-1.90371
-1.90249
-1.90095
-1.89983
-1.89839
-1.79271
-1.79134
-1.78981
-1.78857
-1.78733
-1.78622
-1.78451
-1.78264
-1.78153
-1.77995
-1.77853
-1.77711
-1.77569
-1.77427
-1.7724
-1.77174
-1.77033
-1.76878
-1.76738
-1.76599
-1.76461
-1.76324
-1.76157
-1.76021
-1.75902
-1.75783
-1.7562
-1.75473
-1.75343
-1.75228
-1.75115
-1.75003
-1.74908
-1.74783
-1.74675
-1.74569
-1.74448
-1.743
-1.74168
-1.74038
-1.7394
-1.73813
-1.73674
-1.73598
-1.73509
-1.73392
-1.73308
-1.73182
-1.73074
-1.72985
-1.72944
-1.72862
-1.72783
-1.72694
-1.72624
-1.72559
-1.72453
-1.72427
-1.72377
-1.72331
-1.72291
-1.72287
-1.72258
-1.72251
-1.72189
-1.72194
-1.72176
-1.72163
-1.72233
-1.72249
-1.72286
-1.72316
-1.72352
-1.72365
-1.7243
-1.72487
-1.72551
-1.72637
-1.72699
-1.72783
-1.72874
-1.72971
-1.7306
-1.7317
-1.73287
-1.73439
-1.73537
-1.73687
-1.73826
-1.73987
-1.74122
-1.74293
-1.74468
-1.74649
-1.74804
-1.75008
-1.75187
-1.75355
-1.75526
-1.75732
-1.75956
-1.76124
-1.76325
-1.76529
-1.76737
-1.76917
-1.77161
-1.77377
-1.77551
-1.77772
-1.77982
-1.78223
-1.78422
-1.78638
-1.78963
-1.79213
-1.79436
-1.79677
-1.79934
-1.80179
-1.80456
-1.8072
-1.80986
-1.81254
-1.81509
-1.8175
-1.82024
-1.8227
-1.82502
-1.82752
-1.83018
-1.83301
-1.83571
-1.83842
-1.8413
-1.84343
-1.84619
-1.8491
-1.85172
-1.85435
-1.85699
-1.85963
-1.86258
-1.86568
-1.86863
-1.87188
-1.87422
-1.87746
-1.88008
-1.8827
-1.88545
-1.88788
-1.89044
-1.89298
-1.89505
-1.89739
-1.90016
-1.90274
-1.9053
-1.90751
-1.90985
-1.91244
-1.9147
-1.91691
-1.91938
-1.9218
-1.92388
-1.92606
-1.92835
-1.93013
-1.93216
-1.9343
-1.93608
-1.93796
-1.93979
-1.94142
-1.94315
-1.94498
-1.94675
-1.94818
-1.94986
-1.95134
-1.95262
-1.95401
-1.9552
-1.95665
-1.95791
-1.95882
-1.96014
-1.96097
-1.96206
-1.96312
-1.96414
-1.96528
-1.96608
-1.96731
-1.96835
-1.96936
-1.97004
-1.97145
-1.97208
-1.97283
-1.97401
-1.97456
-1.97508
-1.97589
-1.97606
-1.97667
-1.97726
-1.97782
-1.97851
-1.97918
-1.97967
-1.9806
-1.9812
-1.98193
-1.98218
-1.9824
-1.98336
-1.98354
-1.98368
-1.98381
-1.9842
-1.98427
-1.98445
-1.98491
-1.98473
-1.98451
-1.98472
-1.98474
-1.98487
-1.98481
-1.98441
-1.98428
-1.98425
-1.98434
-1.98378
-1.98303
-1.98283
-1.98275
-1.98231
-1.98199
-1.98147
-1.98135
-1.98044
-1.97978
-1.97908
-1.97833
-1.97739
-1.97655
-1.97582
-1.9752
-1.97439
-1.97353
-1.97218
-1.97094
-1.96997
-1.9688
-1.96761
-1.96653
-1.96511
-1.96367
-1.96204
-1.96055
-1.95932
-1.95793
-1.95652
-1.95524
-1.95394
-1.95248
-1.95116
-1.94953
-1.94804
-1.94625
-1.94446
-1.94281
-1.94118
-1.93954
-1.93792
-1.93661
-1.93531
-1.93387
-1.93245
-1.93105
-1.92982
-1.92861
-1.92727
-1.92596
-1.92452
-1.92326
-1.92203
-1.92053
-1.91981
-1.91851
-1.91679
-1.91556
-1.91451
-1.91364
-1.9128
-1.91229
-1.67525
-1.67435
-1.67335
-1.67283
-1.67205
-1.67132
-1.67076
-1.67009
-1.66946
-1.66885
-1.66796
-1.66709
-1.66655
-1.66587
-1.66551
-1.66501
-1.66437
-1.66373
-1.66354
-1.66305
-1.6624
-1.66204
-1.66137
-1.66099
-1.66059
-1.65987
-1.65927
-1.65835
-1.6577
-1.65732
-1.65676
-1.65632
-1.65569
-1.65472
-1.65417
-1.65327
-1.65234
-1.65107
-1.65022
-1.64917
-1.64778
-1.64682
-1.64536
-1.64417
-1.64295
-1.6417
-1.64027
-1.63897
-1.63764
-1.63629
-1.63492
-1.63354
-1.63184
-1.63043
-1.62901
-1.62744
-1.62633
-1.62491
-1.62365
-1.62225
-1.62086
-1.61963
-1.61797
-1.61678
-1.61531
-1.61402
-1.61261
-1.61139
-1.6102
-1.60904
-1.60778
-1.6067
-1.60567
-1.60454
-1.60315
-1.60226
-1.60143
-1.60064
-1.59961
-1.59864
-1.59802
-1.59731
-1.5965
-1.59666
-1.59612
-1.59564
-1.59567
-1.59546
-1.59545
-1.59535
-1.59531
-1.59533
-1.59525
-1.59507
-1.59525
-1.59563
-1.59576
-1.5964
-1.59663
-1.59705
-1.59753
-1.59759
-1.5983
-1.59844
-1.59922
-1.5999
-1.6006
-1.60149
-1.60211
-1.60261
-1.60389
-1.60474
-1.60531
-1.60606
-1.60698
-1.60821
-1.60932
-1.61043
-1.61156
-1.61301
-1.61416
-1.61518
-1.61605
-1.61754
-1.61858
-1.61933
-1.62008
-1.62115
-1.62207
-1.62285
-1.62378
-1.62473
-1.62583
-1.62695
-1.62792
-1.62936
-1.63051
-1.63197
-1.63315
-1.63434
-1.63555
-1.63678
-1.63802
-1.63913
-1.64042
-1.64203
-1.64321
-1.64411
-1.64564
-1.64689
-1.64848
-1.64994
-1.65143
-1.6531
-1.6551
-1.65667
-1.65827
-1.65974
-1.66155
-1.66308
-1.66493
-1.66666
-1.66841
-1.67003
-1.67182
-1.67363
-1.67545
-1.67729
-1.67944
-1.68144
-1.6833
-1.68517
-1.68688
-1.68844
-1.69
-1.69154
-1.69308
-1.69521
-1.69702
-1.69866
-1.70028
-1.70203
-1.70406
-1.7059
-1.70726
-1.70889
-1.71034
-1.7119
-1.71402
-1.7155
-1.71678
-1.71817
-1.71967
-1.72066
-1.72191
-1.72325
-1.7244
-1.72624
-1.72713
-1.72795
-1.72872
-1.72989
-1.7307
-1.73144
-1.73197
-1.7326
-1.733
-1.7332
-1.73363
-1.73385
-1.73385
-1.7347
-1.73473
-1.73499
-1.73519
-1.73502
-1.73463
-1.73448
-1.73428
-1.73385
-1.73367
-1.73327
-1.73267
-1.732
-1.73142
-1.73049
-1.7298
-1.72876
-1.72781
-1.72741
-1.72666
-1.72601
-1.72531
-1.72411
-1.72302
-1.72188
-1.72116
-1.71994
-1.71884
-1.7174
-1.71637
-1.71487
-1.71363
-1.71251
-1.71106
-1.70944
-1.70779
-1.70643
-1.70489
-1.70333
-1.70191
-1.70047
-1.69887
-1.69755
-1.69608
-1.69474
-1.69295
-1.69146
-1.68981
-1.68846
-1.68681
-1.68516
-1.68367
-1.68203
-1.68025
-1.67848
-1.67687
-1.67558
-1.67416
-1.6723
-1.6703
-1.66879
-1.66714
-1.66598
-1.66454
-1.66329
-1.66206
-1.66057
-1.65942
-1.65815
-1.65708
-1.65559
-1.65445
-1.65351
-1.65261
-1.65161
-1.65082
-1.64993
-1.64954
-1.64875
-1.64787
-1.64735
-1.64674
-1.64619
-1.64585
-1.64542
-1.64521
-1.64475
-1.64451
-1.64434
-1.70875
-1.70921
-1.70898
-1.7091
-1.70943
-1.70951
-1.7098
-1.70984
-1.71009
-1.71054
-1.71119
-1.71189
-1.71234
-1.71284
-1.71368
-1.71442
-1.7152
-1.71617
-1.71718
-1.71793
-1.71901
-1.72013
-1.72113
-1.72277
-1.72382
-1.72491
-1.72586
-1.72684
-1.72769
-1.72902
-1.73051
-1.73141
-1.73292
-1.734
-1.73569
-1.73679
-1.73804
-1.73975
-1.74101
-1.74228
-1.74384
-1.74495
-1.7462
-1.74746
-1.7487
-1.75008
-1.75131
-1.75297
-1.75417
-1.75504
-1.7562
-1.75734
-1.75861
-1.75939
-1.76061
-1.76179
-1.76278
-1.76344
-1.76421
-1.7651
-1.76609
-1.76688
-1.76793
-1.76878
-1.76972
-1.77031
-1.77083
-1.7713
-1.7717
-1.77203
-1.772
-1.77219
-1.77246
-1.77281
-1.77308
-1.77267
-1.77278
-1.77236
-1.77216
-1.77187
-1.7712
-1.7709
-1.77037
-1.76945
-1.76875
-1.76767
-1.76666
-1.76557
-1.76441
-1.76303
-1.76187
-1.76049
-1.75875
-1.7574
-1.75583
-1.75437
-1.75239
-1.75067
-1.7486
-1.74695
-1.74495
-1.74308
-1.74103
-1.73911
-1.73703
-1.73523
-1.73327
-1.73131
-1.72951
-1.72755
-1.72531
-1.72308
-1.72101
-1.71943
-1.71741
-1.71543
-1.71378
-1.71232
-1.71059
-1.70921
-1.70758
-1.70584
-1.7043
-1.70266
-1.70108
-1.6997
-1.69853
-1.69742
-1.69576
-1.69476
-1.69367
-1.69234
-1.69167
-1.6906
-1.68975
-1.68894
-1.68804
-1.6872
-1.68656
-1.68566
-1.68526
-1.68461
-1.6843
-1.68373
-1.68335
-1.68316
-1.6827
-1.68227
-1.68171
-1.68149
-1.68128
-1.6811
-1.68063
-1.68063
-1.68035
-1.68007
-1.68011
-1.67985
-1.67975
-1.67965
-1.67986
-1.67978
-1.67984
-1.67946
-1.67938
-1.6793
-1.67953
-1.6793
-1.67893
-1.67871
-1.6785
-1.67829
-1.67839
-1.67819
-1.67785
-1.67813
-1.67812
-1.67857
-1.67843
-1.67831
-1.6785
-1.67856
-1.67849
-1.67874
-1.67871
-1.679
-1.67916
-1.67935
-1.6794
-1.67963
-1.68004
-1.68016
-1.68031
-1.68018
-1.68082
-1.68104
-1.68127
-1.68152
-1.68178
-1.68237
-1.68282
-1.68297
-1.6833
-1.68363
-1.68412
-1.68461
-1.68526
-1.68591
-1.68641
-1.68675
-1.68694
-1.68728
-1.6876
-1.68821
-1.68851
-1.68849
-1.68891
-1.68961
-1.68983
-1.69033
-1.69066
-1.69112
-1.69154
-1.69179
-1.69201
-1.69205
-1.69236
-1.69278
-1.69287
-1.69278
-1.69296
-1.6934
-1.69336
-1.69343
-1.69347
-1.69332
-1.69299
-1.69308
-1.69284
-1.69256
-1.69225
-1.69192
-1.6911
-1.69085
-1.69058
-1.68983
-1.68905
-1.68886
-1.68834
-1.68794
-1.68723
-1.6865
-1.68559
-1.68497
-1.68419
-1.68354
-1.68333
-1.6825
-1.68181
-1.68111
-1.68024
-1.67937
-1.67864
-1.67776
-1.67716
-1.67641
-1.6755
-1.67488
-1.67396
-1.67303
-1.6721
-1.67085
-1.67021
-1.66955
-1.66874
-1.66793
-1.6671
-1.66643
-1.66544
-1.66459
-1.66374
-1.66303
-1.66186
-1.66099
-1.65995
-1.65906
-1.65786
-1.6568
-1.65588
-1.65495
-1.65431
-1.65337
-1.65226
-1.65115
-1.65018
-1.64905
-1.64837
-1.64738
-1.64609
-1.64478
-1.76741
-1.76642
-1.76557
-1.76471
-1.7637
-1.76269
-1.76197
-1.76095
-1.75918
-1.75847
-1.75761
-1.75677
-1.75608
-1.75541
-1.754
-1.75321
-1.75229
-1.75139
-1.75067
-1.75013
-1.74947
-1.74854
-1.74765
-1.74695
-1.74629
-1.74582
-1.74525
-1.74472
-1.7444
-1.74413
-1.74361
-1.743
-1.74305
-1.7427
-1.74272
-1.74265
-1.7425
-1.74241
-1.74254
-1.74273
-1.743
-1.74364
-1.74404
-1.74482
-1.74567
-1.74615
-1.74654
-1.74731
-1.74815
-1.74937
-1.75036
-1.75158
-1.75272
-1.75409
-1.75522
-1.75673
-1.75832
-1.75967
-1.76139
-1.76273
-1.76458
-1.7662
-1.76803
-1.77008
-1.77203
-1.77418
-1.77639
-1.77834
-1.7805
-1.78253
-1.78491
-1.78702
-1.78901
-1.79131
-1.79409
-1.79613
-1.79847
-1.80067
-1.8033
-1.80608
-1.80839
-1.81051
-1.81276
-1.81481
-1.81712
-1.81938
-1.82173
-1.82387
-1.82592
-1.82775
-1.8295
-1.83115
-1.83256
-1.83386
-1.83521
-1.83674
-1.83786
-1.83901
-1.83988
-1.84063
-1.84125
-1.84174
-1.8421
-1.84232
-1.84227
-1.84238
-1.84221
-1.84176
-1.84103
-1.84033
-1.83996
-1.83931
-1.83855
-1.83768
-1.83655
-1.83547
-1.83414
-1.83271
-1.8318
-1.8305
-1.82898
-1.82692
-1.82525
-1.82352
-1.82173
-1.82003
-1.81799
-1.8159
-1.81347
-1.81131
-1.80927
-1.80645
-1.80436
-1.80195
-1.79984
-1.79756
-1.79512
-1.79269
-1.7904
-1.78812
-1.78584
-1.78357
-1.78102
-1.77892
-1.77685
-1.77434
-1.77215
-1.77029
-1.76815
-1.76604
-1.7638
-1.7619
-1.76004
-1.75806
-1.75611
-1.75421
-1.75249
-1.75067
-1.74889
-1.74716
-1.74548
-1.74385
-1.74212
-1.7409
-1.73958
-1.73802
-1.73667
-1.73539
-1.73387
-1.73271
-1.73148
-1.73031
-1.72892
-1.7279
-1.72711
-1.72624
-1.72561
-1.7252
-1.72473
-1.72463
-1.72417
-1.72409
-1.72364
-1.72358
-1.7236
-1.7237
-1.72373
-1.72415
-1.72419
-1.72416
-1.72466
-1.72524
-1.72574
-1.72631
-1.72695
-1.7278
-1.72903
-1.73001
-1.7306
-1.73154
-1.73269
-1.73403
-1.73573
-1.73686
-1.73803
-1.73892
-1.74031
-1.74186
-1.7433
-1.74474
-1.74651
-1.74814
-1.74962
-1.75111
-1.75275
-1.75424
-1.75557
-1.75673
-1.75804
-1.75902
-1.76028
-1.76167
-1.76319
-1.76468
-1.76598
-1.76725
-1.76819
-1.76953
-1.77084
-1.77209
-1.77316
-1.77417
-1.77499
-1.7759
-1.77676
-1.77757
-1.77832
-1.77901
-1.77995
-1.78022
-1.78088
-1.78133
-1.78202
-1.78235
-1.78261
-1.7828
-1.78263
-1.78269
-1.78283
-1.78276
-1.78262
-1.78256
-1.78259
-1.7821
-1.78154
-1.78091
-1.78007
-1.77931
-1.77864
-1.77805
-1.77695
-1.77624
-1.77516
-1.77418
-1.77344
-1.77234
-1.77088
-1.76967
-1.76811
-1.76695
-1.76604
-1.76479
-1.76304
-1.76155
-1.76032
-1.75921
-1.75747
-1.756
-1.75435
-1.75268
-1.75098
-1.74943
-1.74771
-1.74598
-1.74424
-1.74265
-1.74107
-1.73933
-1.7376
-1.73604
-1.73449
-1.7331
-1.73129
-1.7295
-1.72773
-1.72645
-1.7249
-1.72353
-1.72205
-1.72122
-1.82387
-1.82258
-1.82148
-1.82012
-1.81926
-1.81799
-1.81662
-1.8162
-1.81522
-1.81459
-1.81356
-1.81303
-1.8124
-1.81167
-1.81085
-1.81022
-1.80964
-1.80912
-1.8085
-1.80807
-1.80754
-1.80707
-1.80663
-1.80655
-1.80621
-1.80606
-1.8055
-1.80529
-1.80541
-1.80543
-1.80533
-1.80511
-1.80568
-1.80583
-1.80586
-1.80698
-1.80736
-1.80762
-1.8079
-1.80791
-1.80823
-1.80872
-1.80923
-1.8096
-1.80984
-1.81008
-1.81034
-1.81061
-1.81073
-1.81131
-1.8116
-1.81205
-1.81249
-1.81295
-1.8131
-1.81326
-1.81342
-1.81388
-1.81419
-1.81496
-1.81588
-1.81619
-1.81651
-1.81698
-1.81746
-1.81778
-1.81826
-1.81875
-1.81909
-1.81974
-1.82055
-1.82106
-1.82189
-1.82228
-1.82267
-1.82339
-1.82412
-1.82487
-1.82549
-1.82628
-1.82694
-1.82778
-1.82865
-1.82939
-1.83031
-1.83126
-1.83195
-1.83312
-1.83388
-1.83468
-1.83536
-1.83654
-1.83761
-1.83873
-1.8396
-1.84081
-1.84177
-1.84294
-1.84461
-1.84604
-1.84736
-1.8492
-1.85095
-1.85245
-1.85416
-1.85578
-1.85762
-1.85951
-1.86162
-1.86364
-1.86572
-1.86741
-1.86946
-1.87173
-1.87406
-1.8763
-1.87891
-1.88157
-1.8843
-1.88679
-1.88948
-1.89193
-1.89444
-1.89716
-1.90008
-1.9029
-1.90578
-1.90856
-1.91169
-1.91456
-1.91763
-1.9206
-1.92376
-1.92696
-1.93065
-1.93422
-1.93799
-1.94148
-1.94499
-1.94869
-1.95241
-1.956
-1.95947
-1.9631
-1.96674
-1.9704
-1.97421
-1.97788
-1.98156
-1.98508
-1.98921
-1.99273
-1.99624
-1.99958
-2.00337
-2.00713
-2.01088
-2.0143
-2.0177
-2.02136
-2.02454
-2.02769
-2.03124
-2.0349
-2.03806
-2.04132
-2.04438
-2.04753
-2.05061
-2.05394
-2.05734
-2.06022
-2.06301
-2.06543
-2.06792
-2.07016
-2.07292
-2.07513
-2.07739
-2.07941
-2.08162
-2.08372
-2.0854
-2.08728
-2.08889
-2.09038
-2.09159
-2.09284
-2.09396
-2.09479
-2.09596
-2.09668
-2.09758
-2.09804
-2.09837
-2.09856
-2.09877
-2.099
-2.09879
-2.09844
-2.09766
-2.0972
-2.09646
-2.09559
-2.09474
-2.09362
-2.09252
-2.09131
-2.08982
-2.08808
-2.08576
-2.08379
-2.08172
-2.07985
-2.07758
-2.07492
-2.07307
-2.07053
-2.06822
-2.06552
-2.06291
-2.05993
-2.05748
-2.05468
-2.05212
-2.04906
-2.04595
-2.04325
-2.04007
-2.03699
-2.03389
-2.03062
-2.02732
-2.024
-2.02097
-2.01763
-2.01443
-2.01123
-2.00817
-2.00497
-2.00208
-1.99905
-1.99602
-1.99256
-1.98927
-1.98615
-1.98276
-1.97999
-1.97725
-1.97439
-1.97127
-1.96803
-1.96528
-1.96242
-1.95946
-1.95669
-1.95382
-1.951
-1.94853
-1.94567
-1.94301
-1.94071
-1.93863
-1.936
-1.93359
-1.93124
-1.92881
-1.92675
-1.92461
-1.923
-1.92131
-1.91955
-1.91786
-1.9164
-1.91518
-1.91388
-1.91221
-1.91093
-1.90912
-1.90771
-1.90668
-1.90604
-1.90503
-1.90426
-1.90358
-1.90284
-1.90233
-1.90191
-1.90128
-1.90133
-1.90132
-1.9008
-1.90096
-1.90105
-1.90107
-1.90148
-1.90166
-1.90207
-1.90255
-1.90326
-1.73784
-1.73862
-1.73933
-1.74012
-1.74112
-1.7422
-1.74348
-1.74452
-1.74607
-1.74721
-1.74869
-1.75006
-1.75132
-1.75275
-1.75406
-1.75569
-1.75688
-1.75822
-1.75942
-1.76092
-1.7624
-1.76342
-1.76502
-1.7663
-1.76755
-1.76876
-1.76963
-1.77076
-1.77214
-1.77317
-1.77429
-1.77535
-1.77635
-1.77729
-1.77785
-1.77909
-1.77996
-1.78106
-1.78147
-1.78166
-1.78222
-1.78269
-1.78294
-1.78326
-1.78319
-1.78335
-1.78342
-1.78311
-1.78288
-1.78256
-1.78217
-1.78156
-1.78132
-1.78055
-1.78017
-1.77957
-1.77859
-1.77785
-1.7769
-1.77588
-1.77479
-1.7741
-1.77305
-1.77163
-1.77061
-1.76923
-1.7681
-1.76662
-1.76523
-1.76393
-1.76244
-1.76074
-1.75915
-1.7575
-1.75566
-1.75362
-1.75168
-1.75015
-1.74782
-1.74589
-1.74392
-1.74175
-1.73955
-1.7376
-1.73545
-1.73296
-1.73089
-1.72833
-1.72587
-1.72323
-1.72056
-1.718
-1.7154
-1.71278
-1.71028
-1.7076
-1.70505
-1.70187
-1.69911
-1.69665
-1.69386
-1.69091
-1.68795
-1.68573
-1.68306
-1.68038
-1.67756
-1.67459
-1.67148
-1.66853
-1.66605
-1.66344
-1.66101
-1.65846
-1.65563
-1.65314
-1.65039
-1.64769
-1.64533
-1.64303
-1.64064
-1.63845
-1.63603
-1.63382
-1.63169
-1.62948
-1.62735
-1.62544
-1.62347
-1.62159
-1.61995
-1.61824
-1.61648
-1.61496
-1.61369
-1.61252
-1.61159
-1.61061
-1.61004
-1.60941
-1.60858
-1.60799
-1.60781
-1.60742
-1.60713
-1.60708
-1.60713
-1.60712
-1.60704
-1.6072
-1.60729
-1.60761
-1.60786
-1.60864
-1.60889
-1.6092
-1.60974
-1.61048
-1.61144
-1.6123
-1.61322
-1.61419
-1.61505
-1.61596
-1.61707
-1.61821
-1.6194
-1.62032
-1.62127
-1.62256
-1.62373
-1.62524
-1.62663
-1.62789
-1.62949
-1.63097
-1.63248
-1.63417
-1.6359
-1.63721
-1.639
-1.64098
-1.64269
-1.64445
-1.64624
-1.64808
-1.6498
-1.65203
-1.65416
-1.65633
-1.65841
-1.66069
-1.66287
-1.66527
-1.66787
-1.66977
-1.67234
-1.67467
-1.67691
-1.67936
-1.68234
-1.68492
-1.68788
-1.69044
-1.69338
-1.69638
-1.69929
-1.70242
-1.70561
-1.70871
-1.71187
-1.71508
-1.71851
-1.72183
-1.72521
-1.72863
-1.7324
-1.73606
-1.7399
-1.74394
-1.7477
-1.75134
-1.755
-1.75898
-1.76298
-1.76669
-1.7707
-1.77456
-1.77827
-1.78228
-1.78642
-1.7901
-1.7939
-1.79753
-1.80112
-1.80513
-1.8088
-1.81258
-1.81615
-1.81982
-1.82327
-1.82651
-1.83014
-1.83354
-1.83671
-1.83965
-1.84264
-1.84585
-1.84866
-1.85092
-1.85307
-1.85571
-1.85824
-1.8605
-1.86278
-1.86494
-1.86682
-1.86796
-1.86956
-1.87103
-1.87234
-1.87397
-1.87483
-1.87569
-1.87655
-1.87694
-1.87717
-1.87709
-1.87699
-1.87687
-1.87659
-1.87614
-1.87567
-1.87518
-1.87423
-1.8728
-1.87166
-1.8702
-1.86858
-1.86666
-1.86457
-1.86248
-1.86024
-1.85786
-1.85503
-1.85236
-1.84941
-1.84664
-1.84344
-1.83998
-1.83656
-1.83333
-1.82986
-1.8263
-1.82265
-1.81892
-1.81513
-1.81112
-1.8072
-1.80354
-1.67515
-1.67132
-1.66716
-1.66346
-1.65915
-1.65546
-1.65133
-1.64692
-1.64283
-1.63864
-1.63478
-1.63097
-1.62706
-1.6229
-1.61941
-1.61569
-1.61174
-1.60816
-1.60451
-1.6011
-1.59763
-1.59471
-1.59173
-1.5887
-1.58592
-1.58325
-1.58099
-1.57838
-1.57589
-1.57381
-1.57154
-1.56939
-1.56736
-1.56544
-1.56364
-1.56196
-1.5601
-1.5588
-1.55732
-1.5561
-1.555
-1.55385
-1.55281
-1.55188
-1.55075
-1.55003
-1.54924
-1.54931
-1.54902
-1.54866
-1.54869
-1.54879
-1.54853
-1.54848
-1.54865
-1.54904
-1.54933
-1.54938
-1.54992
-1.55037
-1.551
-1.55167
-1.55238
-1.55281
-1.55371
-1.55404
-1.55468
-1.55503
-1.55555
-1.55622
-1.55689
-1.55742
-1.55794
-1.5586
-1.55957
-1.56021
-1.56085
-1.56132
-1.56147
-1.56206
-1.56263
-1.56303
-1.56326
-1.56362
-1.5641
-1.56457
-1.56486
-1.56498
-1.56538
-1.5662
-1.56655
-1.56703
-1.56749
-1.56777
-1.56818
-1.56842
-1.5688
-1.56915
-1.56979
-1.5701
-1.57025
-1.57008
-1.5702
-1.5706
-1.57084
-1.57092
-1.57114
-1.57119
-1.57109
-1.57128
-1.57146
-1.57148
-1.57165
-1.57166
-1.57136
-1.57106
-1.57122
-1.57136
-1.57121
-1.57105
-1.57105
-1.57104
-1.57118
-1.57148
-1.57147
-1.57146
-1.57146
-1.57175
-1.5719
-1.57205
-1.57189
-1.57174
-1.57159
-1.57159
-1.57173
-1.57158
-1.57158
-1.57173
-1.57173
-1.57172
-1.57186
-1.57155
-1.57169
-1.57167
-1.57165
-1.57162
-1.57174
-1.5714
-1.57136
-1.57116
-1.57095
-1.57088
-1.57096
-1.57133
-1.57093
-1.57113
-1.57101
-1.57089
-1.57105
-1.5709
-1.57058
-1.57055
-1.57081
-1.5703
-1.57007
-1.56998
-1.56987
-1.56975
-1.56961
-1.56914
-1.56866
-1.56847
-1.56764
-1.56741
-1.567
-1.56657
-1.56643
-1.56581
-1.56532
-1.56465
-1.56397
-1.56356
-1.56298
-1.56223
-1.56146
-1.56066
-1.55984
-1.55914
-1.55827
-1.55753
-1.55676
-1.55612
-1.55531
-1.55433
-1.55347
-1.55258
-1.55153
-1.5509
-1.5498
-1.54898
-1.54769
-1.54653
-1.5458
-1.5452
-1.54414
-1.5429
-1.5418
-1.54039
-1.53941
-1.53782
-1.53652
-1.53536
-1.53434
-1.53332
-1.53169
-1.53005
-1.52932
-1.52798
-1.52695
-1.52561
-1.52474
-1.52387
-1.52255
-1.52155
-1.52041
-1.51928
-1.51831
-1.5169
-1.51597
-1.51505
-1.514
-1.51328
-1.51213
-1.51115
-1.51004
-1.50897
-1.50822
-1.5075
-1.50636
-1.5057
-1.50522
-1.50478
-1.50406
-1.50353
-1.50288
-1.50272
-1.50214
-1.50145
-1.50094
-1.50017
-1.49974
-1.49934
-1.49884
-1.49867
-1.49869
-1.49829
-1.49809
-1.49777
-1.49764
-1.49739
-1.49704
-1.49717
-1.49673
-1.49709
-1.49703
-1.49732
-1.49733
-1.49739
-1.49763
-1.49776
-1.49808
-1.49843
-1.49882
-1.4994
-1.50002
-1.50067
-1.50135
-1.50207
-1.50268
-1.50332
-1.504
-1.50456
-1.50515
-1.50578
-1.50659
-1.50759
-1.50847
-1.50908
-1.50987
-1.511
-1.51201
-1.5132
-1.51472
-1.51582
-1.51695
-1.51825
-1.51928
-1.52095
-1.52203
-1.52329
-1.83372
-1.83498
-1.83639
-1.83765
-1.83891
-1.84017
-1.84113
-1.84193
-1.84333
-1.84442
-1.84581
-1.84688
-1.84825
-1.8493
-1.85033
-1.85181
-1.85297
-1.85426
-1.85583
-1.85723
-1.85815
-1.85904
-1.86037
-1.86151
-1.86247
-1.86325
-1.864
-1.86517
-1.86584
-1.86677
-1.86752
-1.86853
-1.86934
-1.8698
-1.87022
-1.87074
-1.87151
-1.87193
-1.8723
-1.87262
-1.87318
-1.87324
-1.87339
-1.87363
-1.87321
-1.87304
-1.8728
-1.87251
-1.8723
-1.87204
-1.87187
-1.87118
-1.87059
-1.87023
-1.86967
-1.8692
-1.86898
-1.86855
-1.86761
-1.86692
-1.86587
-1.86508
-1.86408
-1.86274
-1.8615
-1.86037
-1.8592
-1.85844
-1.85719
-1.85576
-1.85415
-1.85311
-1.8519
-1.85036
-1.8488
-1.84738
-1.84594
-1.84464
-1.84303
-1.84157
-1.8401
-1.83849
-1.83703
-1.83543
-1.83398
-1.83285
-1.83158
-1.83018
-1.82865
-1.82729
-1.82596
-1.82465
-1.82321
-1.82181
-1.82074
-1.81955
-1.8184
-1.81713
-1.8159
-1.81516
-1.81415
-1.81363
-1.8127
-1.81211
-1.81111
-1.81075
-1.80997
-1.80939
-1.80823
-1.80757
-1.8071
-1.80667
-1.80581
-1.8053
-1.80467
-1.80392
-1.80335
-1.80311
-1.80306
-1.80288
-1.80258
-1.80216
-1.80206
-1.80168
-1.80132
-1.80099
-1.80083
-1.80068
-1.80056
-1.8003
-1.80005
-1.79952
-1.79931
-1.79926
-1.79953
-1.79966
-1.79965
-1.79949
-1.7995
-1.79952
-1.79956
-1.7996
-1.79964
-1.79985
-1.79977
-1.79984
-1.79993
-1.80017
-1.80057
-1.80083
-1.80095
-1.80107
-1.80105
-1.80119
-1.80134
-1.80164
-1.80165
-1.80212
-1.8023
-1.80249
-1.80253
-1.80273
-1.80294
-1.80301
-1.80324
-1.80348
-1.80403
-1.80444
-1.80456
-1.80499
-1.80559
-1.8062
-1.80636
-1.80654
-1.80688
-1.80739
-1.80776
-1.8083
-1.80856
-1.80898
-1.80942
-1.80988
-1.81051
-1.811
-1.81152
-1.81206
-1.81247
-1.81335
-1.81365
-1.81413
-1.81508
-1.81576
-1.81661
-1.81764
-1.81869
-1.81977
-1.82058
-1.82125
-1.82181
-1.82254
-1.82329
-1.82423
-1.82534
-1.82647
-1.82748
-1.82867
-1.83003
-1.83111
-1.83237
-1.83349
-1.83479
-1.83581
-1.83715
-1.83881
-1.84003
-1.84142
-1.84252
-1.84394
-1.84522
-1.84652
-1.84736
-1.84852
-1.84984
-1.85101
-1.85234
-1.85367
-1.85546
-1.85649
-1.85767
-1.85915
-1.86062
-1.86179
-1.86311
-1.86442
-1.86587
-1.86716
-1.86859
-1.86971
-1.87096
-1.8719
-1.87313
-1.87464
-1.87644
-1.87747
-1.87847
-1.87931
-1.88043
-1.88154
-1.88262
-1.88398
-1.88487
-1.8865
-1.8875
-1.88848
-1.88929
-1.89023
-1.8913
-1.89221
-1.89309
-1.89396
-1.89481
-1.8955
-1.89632
-1.89728
-1.89822
-1.899
-1.89978
-1.90008
-1.90053
-1.90128
-1.90232
-1.90305
-1.90378
-1.9045
-1.90492
-1.90565
-1.90652
-1.9071
-1.90783
-1.90872
-1.90916
-1.90976
-1.91052
-1.91129
-1.91207
-1.91286
-1.91381
-1.91448
-1.91531
-1.91615
-1.91685
-1.91787
-1.9186
-1.9195
-1.92026
-1.92119
-1.92228
-1.92384
-1.92466
-1.92565
-1.74758
-1.74865
-1.74974
-1.75071
-1.7517
-1.75272
-1.75376
-1.75498
-1.75592
-1.75733
-1.758
-1.7593
-1.76092
-1.7621
-1.76361
-1.76482
-1.76605
-1.76729
-1.7687
-1.77027
-1.77169
-1.77313
-1.77457
-1.77586
-1.77701
-1.77847
-1.77993
-1.78124
-1.78255
-1.78401
-1.78578
-1.78723
-1.78869
-1.79029
-1.79174
-1.79287
-1.79385
-1.79527
-1.79653
-1.79809
-1.79963
-1.80116
-1.80237
-1.80387
-1.80474
-1.80606
-1.80751
-1.80894
-1.81035
-1.81174
-1.81296
-1.81416
-1.81504
-1.81619
-1.81717
-1.81827
-1.8198
-1.82085
-1.82202
-1.82287
-1.82353
-1.82432
-1.82553
-1.8264
-1.82724
-1.8279
-1.82868
-1.82973
-1.83059
-1.83127
-1.83207
-1.83237
-1.83295
-1.83333
-1.83368
-1.834
-1.83473
-1.83527
-1.83562
-1.83594
-1.83607
-1.83617
-1.83623
-1.83641
-1.83655
-1.83651
-1.83673
-1.83693
-1.83694
-1.83677
-1.83687
-1.83664
-1.83638
-1.83654
-1.83683
-1.83619
-1.83612
-1.83574
-1.83548
-1.83474
-1.83429
-1.83397
-1.83379
-1.83329
-1.83277
-1.83254
-1.8323
-1.83175
-1.83148
-1.83106
-1.83048
-1.82989
-1.82944
-1.82944
-1.82899
-1.82837
-1.82791
-1.82728
-1.82651
-1.82618
-1.8254
-1.82521
-1.82473
-1.82408
-1.82359
-1.82339
-1.82303
-1.82237
-1.8217
-1.82102
-1.82033
-1.81994
-1.81923
-1.81866
-1.81808
-1.81749
-1.81688
-1.81625
-1.81576
-1.8154
-1.81441
-1.8137
-1.81297
-1.81206
-1.81128
-1.81062
-1.80992
-1.80905
-1.80815
-1.80706
-1.80639
-1.80554
-1.80435
-1.80297
-1.80201
-1.80056
-1.79922
-1.79815
-1.79659
-1.79545
-1.79412
-1.79275
-1.79119
-1.78975
-1.78843
-1.78692
-1.78538
-1.78397
-1.78237
-1.78089
-1.77924
-1.77711
-1.77541
-1.77399
-1.77224
-1.77079
-1.76872
-1.76693
-1.76499
-1.76394
-1.76199
-1.76018
-1.75822
-1.75641
-1.75446
-1.75297
-1.75135
-1.74958
-1.74783
-1.7461
-1.74454
-1.74286
-1.74135
-1.73972
-1.73828
-1.73672
-1.73504
-1.73341
-1.73227
-1.73102
-1.72952
-1.72851
-1.72726
-1.72575
-1.7246
-1.7235
-1.72216
-1.72132
-1.7204
-1.71953
-1.71858
-1.71753
-1.7167
-1.71607
-1.71567
-1.71487
-1.71428
-1.71375
-1.71329
-1.71273
-1.71254
-1.71225
-1.71217
-1.71168
-1.71156
-1.71163
-1.71175
-1.71192
-1.71213
-1.71253
-1.71266
-1.71313
-1.71379
-1.71386
-1.71441
-1.71468
-1.71541
-1.71616
-1.71692
-1.71768
-1.71783
-1.71829
-1.71889
-1.71948
-1.71991
-1.72048
-1.72087
-1.72094
-1.72174
-1.72207
-1.72251
-1.72278
-1.72301
-1.72321
-1.72353
-1.72367
-1.72377
-1.72399
-1.72403
-1.72434
-1.72461
-1.72426
-1.72447
-1.72421
-1.72362
-1.72347
-1.72314
-1.72295
-1.72214
-1.72207
-1.7217
-1.72132
-1.72094
-1.72055
-1.72048
-1.72027
-1.72006
-1.71987
-1.7197
-1.71955
-1.71943
-1.71933
-1.71957
-1.71953
-1.71984
-1.72003
-1.71996
-1.72024
-1.72042
-1.72034
-1.72047
-1.72065
-1.72104
-1.72165
-1.72216
-1.72274
-1.72368
-1.72454
-1.72547
-1.72602
-1.76132
-1.76238
-1.76352
-1.76473
-1.76587
-1.76739
-1.76868
-1.77021
-1.77211
-1.7738
-1.77556
-1.77725
-1.77948
-1.78148
-1.78386
-1.78602
-1.78856
-1.79103
-1.79342
-1.79573
-1.79826
-1.80087
-1.80294
-1.80522
-1.80817
-1.81103
-1.81425
-1.81737
-1.82024
-1.82301
-1.82626
-1.82956
-1.83243
-1.83578
-1.83901
-1.84225
-1.8455
-1.84875
-1.852
-1.8551
-1.85848
-1.86184
-1.86502
-1.86817
-1.87127
-1.87448
-1.87748
-1.88042
-1.88329
-1.88608
-1.88894
-1.89155
-1.89407
-1.89664
-1.89894
-1.90113
-1.90319
-1.90497
-1.90662
-1.90828
-1.90994
-1.91131
-1.91252
-1.91387
-1.91492
-1.91549
-1.91621
-1.91645
-1.91637
-1.91673
-1.91661
-1.91662
-1.91616
-1.91568
-1.91473
-1.91377
-1.91309
-1.9121
-1.91065
-1.90904
-1.90728
-1.90537
-1.90348
-1.90114
-1.89912
-1.89652
-1.89395
-1.89126
-1.88802
-1.88497
-1.88167
-1.87874
-1.87558
-1.87264
-1.86948
-1.8658
-1.86222
-1.85875
-1.85553
-1.85198
-1.84841
-1.84466
-1.8415
-1.83743
-1.83381
-1.82989
-1.82599
-1.82225
-1.81884
-1.81486
-1.81152
-1.80837
-1.80496
-1.80177
-1.79833
-1.7951
-1.79241
-1.78933
-1.78618
-1.78343
-1.78061
-1.77789
-1.77542
-1.77275
-1.7702
-1.76776
-1.76559
-1.76369
-1.76222
-1.76013
-1.75848
-1.75681
-1.75559
-1.75421
-1.75299
-1.75161
-1.75069
-1.75008
-1.74993
-1.74964
-1.74936
-1.74956
-1.75008
-1.75016
-1.75101
-1.75159
-1.75249
-1.75401
-1.75496
-1.75638
-1.75797
-1.75943
-1.76137
-1.76348
-1.7656
-1.7679
-1.77081
-1.77342
-1.77665
-1.78004
-1.78342
-1.78665
-1.79002
-1.79353
-1.79732
-1.80139
-1.80498
-1.80898
-1.8134
-1.81777
-1.82208
-1.82678
-1.83141
-1.83611
-1.84088
-1.84586
-1.85104
-1.8558
-1.86075
-1.86557
-1.87011
-1.8751
-1.88024
-1.88507
-1.88987
-1.89495
-1.89984
-1.90483
-1.90962
-1.91434
-1.91914
-1.92416
-1.92834
-1.93273
-1.93716
-1.94149
-1.94509
-1.94902
-1.95283
-1.95665
-1.96048
-1.96387
-1.96681
-1.97004
-1.97327
-1.97589
-1.9785
-1.98109
-1.98321
-1.98531
-1.9874
-1.98886
-1.9903
-1.99172
-1.99298
-1.99406
-1.99498
-1.99573
-1.99632
-1.99675
-1.99702
-1.99683
-1.99634
-1.99615
-1.99552
-1.9952
-1.99474
-1.994
-1.99359
-1.9923
-1.99119
-1.98983
-1.98865
-1.98692
-1.9854
-1.98348
-1.98193
-1.98014
-1.97843
-1.97634
-1.97433
-1.97241
-1.97073
-1.96839
-1.96631
-1.96357
-1.96139
-1.95841
-1.95585
-1.95372
-1.9511
-1.9486
-1.94638
-1.94369
-1.94129
-1.93887
-1.93598
-1.93324
-1.93034
-1.92759
-1.92484
-1.92239
-1.91979
-1.91705
-1.91447
-1.9119
-1.90919
-1.9068
-1.90428
-1.90162
-1.89899
-1.89653
-1.89394
-1.89139
-1.88931
-1.88682
-1.88466
-1.88253
-1.88044
-1.87809
-1.87562
-1.87304
-1.87111
-1.86907
-1.86692
-1.86482
-1.86306
-1.86135
-1.85968
-1.85776
-1.85588
-1.8545
-1.85286
-1.85157
-1.85017
-1.84821
-1.84674
-1.84546
-1.84437
-1.84302
-1.67747
-1.67604
-1.67451
-1.67301
-1.67155
-1.67012
-1.66918
-1.66812
-1.66693
-1.66576
-1.66492
-1.66395
-1.66299
-1.66235
-1.66141
-1.66049
-1.65956
-1.65894
-1.65787
-1.65694
-1.65601
-1.65507
-1.65472
-1.65405
-1.65322
-1.65251
-1.65164
-1.65074
-1.64937
-1.64827
-1.64715
-1.646
-1.64466
-1.64345
-1.64251
-1.64108
-1.63992
-1.63843
-1.63706
-1.6355
-1.63391
-1.63289
-1.63139
-1.62956
-1.62769
-1.6258
-1.62434
-1.62209
-1.62028
-1.61845
-1.6169
-1.61457
-1.61284
-1.6114
-1.6098
-1.60789
-1.60612
-1.60451
-1.6029
-1.60145
-1.59985
-1.59811
-1.5964
-1.59485
-1.59332
-1.59227
-1.5908
-1.58921
-1.5875
-1.58598
-1.58435
-1.58292
-1.58153
-1.5802
-1.57877
-1.57769
-1.57638
-1.57557
-1.57468
-1.574
-1.57309
-1.57194
-1.57101
-1.57015
-1.56952
-1.56911
-1.56877
-1.56836
-1.56817
-1.56821
-1.56772
-1.5676
-1.56756
-1.56759
-1.56784
-1.56801
-1.5681
-1.56841
-1.56879
-1.56923
-1.56974
-1.57061
-1.57124
-1.57253
-1.57357
-1.57451
-1.5755
-1.57609
-1.57717
-1.5783
-1.57947
-1.58052
-1.58176
-1.58257
-1.58387
-1.58504
-1.58624
-1.5873
-1.58837
-1.58946
-1.59011
-1.59137
-1.59263
-1.59389
-1.595
-1.59625
-1.59749
-1.59872
-1.60024
-1.60159
-1.60292
-1.60423
-1.60566
-1.60691
-1.60797
-1.6087
-1.60954
-1.61064
-1.61169
-1.6124
-1.61321
-1.61397
-1.61483
-1.61532
-1.61591
-1.61689
-1.6172
-1.61775
-1.61823
-1.61834
-1.61883
-1.61926
-1.6193
-1.61972
-1.61977
-1.61973
-1.61917
-1.61837
-1.6178
-1.6173
-1.61671
-1.6162
-1.61546
-1.61463
-1.61357
-1.61244
-1.61122
-1.61023
-1.60885
-1.60801
-1.60649
-1.60489
-1.60367
-1.60224
-1.60043
-1.59871
-1.59708
-1.59509
-1.59304
-1.59124
-1.58879
-1.58659
-1.58449
-1.5822
-1.58003
-1.57767
-1.57543
-1.57302
-1.57058
-1.56827
-1.5658
-1.56317
-1.56038
-1.55804
-1.55616
-1.55398
-1.55136
-1.5492
-1.54706
-1.5448
-1.54241
-1.5399
-1.53788
-1.5356
-1.53351
-1.53131
-1.52917
-1.52723
-1.52595
-1.52398
-1.52253
-1.52084
-1.51952
-1.51798
-1.51667
-1.51528
-1.51382
-1.5126
-1.51132
-1.51028
-1.50933
-1.50862
-1.50786
-1.50705
-1.50679
-1.50633
-1.50566
-1.50556
-1.50526
-1.50521
-1.50542
-1.50559
-1.50601
-1.50609
-1.50643
-1.50673
-1.50682
-1.50733
-1.5081
-1.50927
-1.5104
-1.51163
-1.51312
-1.51441
-1.5161
-1.51775
-1.51949
-1.52147
-1.5231
-1.52497
-1.52724
-1.52974
-1.53218
-1.53425
-1.537
-1.53953
-1.54228
-1.54481
-1.5474
-1.55021
-1.55323
-1.55646
-1.5596
-1.56264
-1.56572
-1.5687
-1.57218
-1.57523
-1.57893
-1.58235
-1.58534
-1.58865
-1.59199
-1.59488
-1.59839
-1.60175
-1.60541
-1.60846
-1.61166
-1.61515
-1.61833
-1.62164
-1.62507
-1.62818
-1.63111
-1.63416
-1.63747
-1.6403
-1.64338
-1.64642
-1.64942
-1.65251
-1.65541
-1.6581
-1.66134
-1.66392
-1.66675
-1.66952
-1.67192
-1.67441
-1.68178
-1.68453
-1.68708
-1.6894
-1.69152
-1.69342
-1.69525
-1.69718
-1.6989
-1.70055
-1.70215
-1.70354
-1.70533
-1.7069
-1.70828
-1.71005
-1.71147
-1.71284
-1.71417
-1.71575
-1.71713
-1.71832
-1.71947
-1.72073
-1.7218
-1.72283
-1.72399
-1.7248
-1.72589
-1.72649
-1.72736
-1.72836
-1.72933
-1.73012
-1.73074
-1.73133
-1.73205
-1.73245
-1.73312
-1.73363
-1.73411
-1.73487
-1.73516
-1.73558
-1.73598
-1.73667
-1.73687
-1.73766
-1.73813
-1.73842
-1.73854
-1.73894
-1.73931
-1.73996
-1.74044
-1.74073
-1.74115
-1.74124
-1.74145
-1.74133
-1.74133
-1.74204
-1.74227
-1.74231
-1.74232
-1.74228
-1.74221
-1.74209
-1.74193
-1.74157
-1.74147
-1.74133
-1.74098
-1.74059
-1.74015
-1.73981
-1.73911
-1.73836
-1.73771
-1.73686
-1.73594
-1.73528
-1.73426
-1.73302
-1.73204
-1.73069
-1.72974
-1.72873
-1.72737
-1.72595
-1.72447
-1.72309
-1.72196
-1.72122
-1.71952
-1.71793
-1.71658
-1.71503
-1.71329
-1.71149
-1.70935
-1.70747
-1.70554
-1.70357
-1.70142
-1.69937
-1.69745
-1.69428
-1.69198
-1.68981
-1.68731
-1.68524
-1.68315
-1.68089
-1.67906
-1.67661
-1.67445
-1.67199
-1.66951
-1.66733
-1.66469
-1.66236
-1.66033
-1.658
-1.65553
-1.65353
-1.65093
-1.64879
-1.64683
-1.64457
-1.64234
-1.64013
-1.6381
-1.63595
-1.63367
-1.63173
-1.62937
-1.62704
-1.62506
-1.62356
-1.62136
-1.61965
-1.61783
-1.61622
-1.6145
-1.61253
-1.61092
-1.60921
-1.60786
-1.60641
-1.60503
-1.60355
-1.60199
-1.60064
-1.59966
-1.59875
-1.5976
-1.59652
-1.59552
-1.59474
-1.59419
-1.59356
-1.593
-1.59268
-1.59228
-1.59196
-1.59142
-1.59112
-1.59089
-1.59075
-1.59039
-1.59072
-1.59114
-1.59133
-1.59162
-1.59229
-1.59259
-1.59344
-1.59407
-1.59493
-1.59589
-1.59693
-1.5979
-1.59926
-1.6004
-1.60178
-1.60339
-1.60478
-1.60625
-1.60794
-1.60987
-1.61156
-1.61364
-1.61563
-1.61784
-1.62012
-1.62261
-1.62487
-1.62703
-1.62924
-1.63151
-1.63428
-1.63679
-1.63919
-1.64132
-1.6444
-1.6472
-1.64973
-1.65212
-1.65514
-1.65771
-1.66059
-1.66318
-1.66545
-1.66803
-1.67074
-1.67343
-1.6764
-1.67874
-1.68135
-1.68422
-1.68705
-1.68953
-1.69196
-1.69434
-1.69665
-1.69875
-1.70094
-1.70305
-1.70493
-1.7069
-1.70878
-1.71058
-1.71199
-1.71362
-1.71532
-1.71692
-1.71844
-1.71957
-1.72061
-1.72202
-1.72303
-1.72396
-1.72481
-1.72557
-1.7258
-1.7264
-1.72693
-1.72724
-1.72717
-1.72764
-1.72805
-1.72824
-1.72823
-1.72817
-1.72806
-1.72775
-1.72801
-1.72823
-1.72811
-1.72797
-1.72765
-1.72747
-1.72772
-1.72751
-1.72729
-1.72646
-1.72624
-1.72602
-1.72596
-1.7256
-1.72541
-1.72509
-1.7254
-1.72527
-1.72502
-1.72449
-1.72415
-1.72445
-1.72433
-1.7244
-1.72451
-1.72437
-1.72457
-1.72482
-1.72467
-1.72471
-1.72526
-1.72571
-1.72622
-1.72647
-1.72693
-1.72745
-1.72787
-1.7288
-1.72963
-1.73052
-1.73162
-1.73246
-1.73366
-1.6146
-1.61598
-1.61697
-1.61846
-1.61971
-1.62117
-1.62283
-1.62438
-1.62613
-1.62761
-1.62914
-1.631
-1.63274
-1.63482
-1.63706
-1.63872
-1.6407
-1.64254
-1.64408
-1.64593
-1.64777
-1.64975
-1.65187
-1.65337
-1.65514
-1.65688
-1.65874
-1.66056
-1.66203
-1.66359
-1.6654
-1.66715
-1.66882
-1.67042
-1.67163
-1.67245
-1.67364
-1.67488
-1.67586
-1.67659
-1.67705
-1.67725
-1.67763
-1.67819
-1.67862
-1.67846
-1.67833
-1.67807
-1.67736
-1.67682
-1.67615
-1.67503
-1.67378
-1.67268
-1.67146
-1.67025
-1.66875
-1.66712
-1.66567
-1.66424
-1.66269
-1.66057
-1.65834
-1.65629
-1.65415
-1.6516
-1.64851
-1.64593
-1.64312
-1.64024
-1.63714
-1.63412
-1.63119
-1.62822
-1.6249
-1.62214
-1.6189
-1.61564
-1.6125
-1.60921
-1.6059
-1.6029
-1.5996
-1.59616
-1.59319
-1.58993
-1.58671
-1.58382
-1.58081
-1.57754
-1.57432
-1.57144
-1.56847
-1.566
-1.5636
-1.5605
-1.55761
-1.55525
-1.5525
-1.55013
-1.54784
-1.54532
-1.54303
-1.54082
-1.53884
-1.53695
-1.53484
-1.53297
-1.53133
-1.52963
-1.52817
-1.52635
-1.52492
-1.52388
-1.52293
-1.52147
-1.5207
-1.52003
-1.51944
-1.51865
-1.51779
-1.51703
-1.51605
-1.51562
-1.51528
-1.51472
-1.51456
-1.51463
-1.51419
-1.51429
-1.51463
-1.51491
-1.51482
-1.51527
-1.5158
-1.51626
-1.51696
-1.5182
-1.51891
-1.52
-1.52117
-1.52242
-1.52374
-1.52529
-1.52661
-1.52769
-1.52885
-1.53022
-1.53181
-1.53315
-1.53501
-1.53663
-1.53846
-1.54033
-1.54226
-1.54439
-1.54641
-1.54832
-1.55027
-1.55226
-1.55443
-1.55724
-1.55946
-1.56186
-1.56368
-1.56582
-1.56827
-1.57073
-1.57334
-1.57565
-1.57781
-1.57997
-1.58227
-1.58455
-1.58651
-1.58875
-1.59097
-1.59315
-1.59546
-1.59772
-1.59979
-1.60182
-1.60365
-1.60587
-1.60774
-1.60939
-1.61114
-1.61281
-1.61426
-1.61578
-1.61708
-1.61799
-1.61882
-1.62001
-1.62096
-1.62212
-1.62303
-1.62399
-1.6241
-1.62486
-1.62536
-1.62591
-1.62621
-1.62654
-1.62662
-1.62643
-1.62613
-1.62602
-1.6258
-1.62562
-1.62503
-1.62448
-1.62353
-1.62231
-1.62144
-1.62047
-1.6194
-1.61854
-1.61697
-1.61576
-1.61417
-1.61218
-1.61042
-1.60843
-1.60621
-1.60407
-1.60157
-1.59961
-1.59774
-1.59552
-1.59326
-1.5911
-1.58891
-1.58668
-1.58398
-1.58155
-1.57911
-1.57681
-1.5742
-1.57189
-1.56958
-1.56697
-1.56438
-1.56196
-1.55971
-1.55749
-1.55499
-1.55283
-1.55055
-1.54863
-1.54629
-1.54415
-1.54221
-1.54018
-1.53821
-1.5363
-1.53505
-1.53281
-1.53109
-1.52899
-1.52742
-1.52591
-1.52463
-1.52313
-1.52171
-1.52066
-1.5197
-1.51836
-1.51786
-1.51683
-1.51589
-1.51549
-1.51471
-1.51417
-1.51402
-1.51349
-1.51335
-1.51314
-1.51302
-1.51297
-1.51301
-1.51283
-1.51303
-1.51316
-1.51383
-1.51488
-1.51524
-1.51599
-1.51667
-1.51757
-1.51825
-1.51915
-1.52013
-1.52119
-1.52216
-1.52351
-1.52478
-1.52627
-1.52754
-1.52932
-1.70873
-1.71051
-1.71235
-1.71409
-1.71559
-1.71728
-1.71933
-1.72158
-1.72358
-1.72563
-1.72773
-1.72987
-1.73207
-1.73431
-1.7363
-1.73863
-1.74101
-1.74343
-1.74605
-1.74856
-1.75111
-1.75386
-1.75649
-1.75916
-1.76187
-1.76476
-1.76724
-1.7702
-1.77258
-1.7756
-1.77834
-1.7814
-1.78434
-1.78745
-1.79073
-1.79357
-1.79657
-1.79958
-1.80229
-1.80561
-1.80847
-1.81149
-1.81449
-1.81748
-1.82031
-1.82312
-1.82606
-1.82897
-1.8317
-1.83469
-1.83766
-1.84028
-1.84285
-1.84553
-1.848
-1.85073
-1.85355
-1.8563
-1.85854
-1.86086
-1.86357
-1.86605
-1.86786
-1.87019
-1.87214
-1.87416
-1.87579
-1.87779
-1.87925
-1.88063
-1.88206
-1.8834
-1.88465
-1.88595
-1.88686
-1.88751
-1.88837
-1.88928
-1.88994
-1.89065
-1.89125
-1.8916
-1.89184
-1.89182
-1.89185
-1.89177
-1.89142
-1.89112
-1.89085
-1.89046
-1.88981
-1.88904
-1.88815
-1.88714
-1.88586
-1.88445
-1.88292
-1.88127
-1.87964
-1.87818
-1.87615
-1.87429
-1.87231
-1.87035
-1.86797
-1.86591
-1.86313
-1.86037
-1.85734
-1.8545
-1.85124
-1.84786
-1.84498
-1.84153
-1.83814
-1.83449
-1.83074
-1.82705
-1.82313
-1.81897
-1.81443
-1.81012
-1.80589
-1.80145
-1.79695
-1.79241
-1.78812
-1.78379
-1.77913
-1.77475
-1.77004
-1.76548
-1.7606
-1.75603
-1.75162
-1.74706
-1.74268
-1.73787
-1.73339
-1.7291
-1.72456
-1.7199
-1.71576
-1.71137
-1.70735
-1.70309
-1.69906
-1.69511
-1.69139
-1.6876
-1.68421
-1.6806
-1.67725
-1.674
-1.6707
-1.66765
-1.66456
-1.66159
-1.65872
-1.65567
-1.65318
-1.65065
-1.6484
-1.64625
-1.64423
-1.64202
-1.63962
-1.63794
-1.63622
-1.63477
-1.63373
-1.6325
-1.63108
-1.63006
-1.62915
-1.62835
-1.62764
-1.62689
-1.62623
-1.62536
-1.62518
-1.62479
-1.62449
-1.62412
-1.62398
-1.62392
-1.62424
-1.62387
-1.62402
-1.62393
-1.62421
-1.62455
-1.62449
-1.62479
-1.62499
-1.62539
-1.62583
-1.62663
-1.62731
-1.62834
-1.62895
-1.6302
-1.63119
-1.63205
-1.63295
-1.63373
-1.63469
-1.63567
-1.63654
-1.63773
-1.63894
-1.64003
-1.64069
-1.64167
-1.64283
-1.6437
-1.6449
-1.64612
-1.64721
-1.64848
-1.64976
-1.65121
-1.65283
-1.65401
-1.65551
-1.65704
-1.65842
-1.65967
-1.66108
-1.66251
-1.66425
-1.66494
-1.66654
-1.668
-1.66932
-1.67094
-1.67226
-1.67374
-1.67506
-1.67653
-1.67784
-1.67914
-1.68059
-1.68202
-1.68314
-1.68453
-1.68606
-1.68726
-1.68859
-1.69004
-1.69115
-1.69253
-1.69372
-1.69472
-1.69567
-1.69673
-1.6982
-1.699
-1.69975
-1.70045
-1.70139
-1.70211
-1.70277
-1.70322
-1.7039
-1.70405
-1.70459
-1.70475
-1.70499
-1.70531
-1.70555
-1.70527
-1.7052
-1.70506
-1.70484
-1.70455
-1.70417
-1.70356
-1.70303
-1.70227
-1.70173
-1.70111
-1.70011
-1.69904
-1.69789
-1.69681
-1.69581
-1.6952
-1.69375
-1.69238
-1.69078
-1.68942
-1.68769
-1.68574
-1.68387
-1.68209
-1.68009
-1.67818
-1.67606
-1.67418
-1.74105
-1.73871
-1.73646
-1.73385
-1.73134
-1.72893
-1.72661
-1.72409
-1.72153
-1.71861
-1.71581
-1.71326
-1.71082
-1.70805
-1.70494
-1.70225
-1.69938
-1.69634
-1.69372
-1.69079
-1.68784
-1.68503
-1.68145
-1.67847
-1.67549
-1.67236
-1.66969
-1.66688
-1.66362
-1.66069
-1.65762
-1.65474
-1.65188
-1.64905
-1.64611
-1.64352
-1.64067
-1.63787
-1.63512
-1.63258
-1.63025
-1.62769
-1.62519
-1.62292
-1.62087
-1.61875
-1.61641
-1.6143
-1.61244
-1.61036
-1.60882
-1.60708
-1.60529
-1.60389
-1.60259
-1.60155
-1.60061
-1.59963
-1.5989
-1.59813
-1.59747
-1.59721
-1.59661
-1.59628
-1.59604
-1.59547
-1.59545
-1.59585
-1.59589
-1.59634
-1.5969
-1.59756
-1.59741
-1.59796
-1.59936
-1.59995
-1.60079
-1.60171
-1.60242
-1.60396
-1.60498
-1.60623
-1.60786
-1.60926
-1.61073
-1.61226
-1.61401
-1.61581
-1.61767
-1.61958
-1.62169
-1.62385
-1.62589
-1.62797
-1.63009
-1.63238
-1.63455
-1.63645
-1.63912
-1.64104
-1.64359
-1.64585
-1.64843
-1.65085
-1.65299
-1.65543
-1.65756
-1.66016
-1.66215
-1.66459
-1.66673
-1.66947
-1.67131
-1.6739
-1.67649
-1.67862
-1.68106
-1.6838
-1.6864
-1.68855
-1.69101
-1.69347
-1.69549
-1.69738
-1.69943
-1.70195
-1.70418
-1.70644
-1.70917
-1.71162
-1.71395
-1.71646
-1.719
-1.72157
-1.72418
-1.72666
-1.72949
-1.73174
-1.73509
-1.73787
-1.74054
-1.74354
-1.74658
-1.74935
-1.75216
-1.755
-1.75832
-1.76121
-1.76474
-1.76768
-1.77079
-1.77362
-1.77676
-1.78052
-1.78367
-1.78698
-1.79013
-1.79312
-1.79641
-1.79952
-1.80261
-1.80537
-1.80839
-1.81123
-1.81387
-1.81662
-1.81961
-1.82223
-1.82495
-1.82699
-1.82971
-1.83204
-1.8349
-1.83721
-1.83974
-1.84172
-1.8439
-1.84597
-1.84794
-1.84966
-1.85126
-1.85306
-1.85459
-1.85586
-1.85686
-1.8576
-1.85852
-1.85964
-1.86004
-1.86032
-1.8608
-1.86147
-1.86204
-1.86235
-1.86226
-1.86177
-1.86163
-1.86141
-1.8611
-1.8604
-1.85992
-1.85936
-1.85919
-1.85849
-1.85772
-1.85705
-1.85602
-1.85508
-1.85441
-1.85308
-1.85216
-1.85091
-1.84977
-1.84846
-1.84742
-1.84636
-1.84543
-1.84419
-1.84278
-1.84182
-1.8407
-1.83943
-1.83801
-1.83659
-1.83518
-1.83392
-1.83283
-1.8316
-1.83022
-1.82856
-1.82737
-1.82635
-1.8252
-1.82407
-1.82326
-1.82217
-1.82094
-1.8199
-1.81857
-1.81757
-1.81674
-1.81593
-1.81484
-1.81393
-1.81258
-1.81186
-1.811
-1.81032
-1.80965
-1.80885
-1.80807
-1.80715
-1.80654
-1.8058
-1.80476
-1.80419
-1.80317
-1.80246
-1.80161
-1.80076
-1.80007
-1.79908
-1.79869
-1.7977
-1.79701
-1.79632
-1.79578
-1.79509
-1.79424
-1.79369
-1.79329
-1.79228
-1.79126
-1.7907
-1.78967
-1.7894
-1.78882
-1.78809
-1.78736
-1.78723
-1.7862
-1.78547
-1.78474
-1.78402
-1.7833
-1.78244
-1.78174
-1.78106
-1.78023
-1.77957
-1.77923
-1.77845
-1.77785
-1.77756
-1.7773
-1.77692
-1.77611
-1.77547
-1.77487
-1.77461
-1.70582
-1.70565
-1.70523
-1.70485
-1.70451
-1.70466
-1.70456
-1.70421
-1.70404
-1.70423
-1.70445
-1.70472
-1.70442
-1.70462
-1.70516
-1.70544
-1.7056
-1.7055
-1.70528
-1.70584
-1.70629
-1.70736
-1.70786
-1.70853
-1.70922
-1.70948
-1.70976
-1.71035
-1.71111
-1.71172
-1.71249
-1.71297
-1.71375
-1.71408
-1.71471
-1.71518
-1.71611
-1.71672
-1.71733
-1.71807
-1.71835
-1.71922
-1.71946
-1.72
-1.72051
-1.721
-1.72147
-1.72222
-1.72249
-1.72303
-1.7231
-1.72359
-1.72376
-1.72464
-1.7252
-1.72542
-1.72547
-1.72563
-1.7256
-1.72585
-1.72546
-1.72564
-1.72549
-1.72546
-1.72539
-1.72529
-1.72501
-1.72515
-1.72495
-1.72457
-1.72432
-1.72419
-1.72403
-1.72368
-1.72331
-1.72292
-1.72265
-1.7222
-1.72158
-1.72079
-1.72028
-1.72005
-1.71965
-1.71909
-1.71835
-1.71776
-1.7176
-1.71699
-1.71606
-1.71543
-1.71449
-1.71355
-1.71276
-1.71197
-1.71133
-1.7104
-1.70962
-1.70855
-1.70824
-1.70765
-1.70722
-1.7068
-1.70655
-1.70618
-1.70567
-1.70504
-1.70458
-1.70414
-1.70374
-1.70322
-1.70363
-1.70316
-1.70273
-1.70249
-1.70213
-1.70196
-1.70198
-1.70173
-1.70167
-1.70165
-1.70182
-1.70218
-1.70258
-1.70242
-1.70289
-1.7031
-1.7032
-1.70318
-1.70365
-1.70401
-1.7041
-1.70467
-1.70512
-1.70576
-1.70611
-1.7065
-1.70766
-1.7084
-1.709
-1.70947
-1.7101
-1.7109
-1.71186
-1.71253
-1.71351
-1.71418
-1.71501
-1.71569
-1.71651
-1.71702
-1.71753
-1.71817
-1.71894
-1.71955
-1.71999
-1.7204
-1.72124
-1.72175
-1.72192
-1.72237
-1.72309
-1.72376
-1.7241
-1.72394
-1.7242
-1.72456
-1.72487
-1.72514
-1.72521
-1.72523
-1.72535
-1.72482
-1.72454
-1.7242
-1.72427
-1.72382
-1.72333
-1.72293
-1.72264
-1.72199
-1.72128
-1.72068
-1.72033
-1.71979
-1.71904
-1.71855
-1.71772
-1.7167
-1.71578
-1.71498
-1.714
-1.71298
-1.71163
-1.7107
-1.7096
-1.70863
-1.70733
-1.70602
-1.7047
-1.70336
-1.70217
-1.70113
-1.69963
-1.69859
-1.6974
-1.69621
-1.6955
-1.69434
-1.69305
-1.69239
-1.69159
-1.69067
-1.68933
-1.68832
-1.68749
-1.6864
-1.6855
-1.68479
-1.68397
-1.6832
-1.68262
-1.68165
-1.68087
-1.68014
-1.67932
-1.67885
-1.67859
-1.67839
-1.67809
-1.67786
-1.67798
-1.67771
-1.67781
-1.67767
-1.67758
-1.67772
-1.67776
-1.67802
-1.67803
-1.67857
-1.67916
-1.67982
-1.68039
-1.68103
-1.68157
-1.68202
-1.68314
-1.68402
-1.68496
-1.68581
-1.68686
-1.68798
-1.68915
-1.69023
-1.69136
-1.6927
-1.69424
-1.69599
-1.69749
-1.69933
-1.70078
-1.70242
-1.70472
-1.70615
-1.70808
-1.70975
-1.71131
-1.71306
-1.71499
-1.71651
-1.71852
-1.72056
-1.72249
-1.72459
-1.72687
-1.72902
-1.73135
-1.73385
-1.73591
-1.73829
-1.74039
-1.74249
-1.7449
-1.74747
-1.7499
-1.75171
-1.75368
-1.75595
-1.75835
-1.76045
-1.76253
-1.76474
-1.76694
-1.76896
-1.7711
-1.77322
-1.77546
-1.77811
-1.78012
-1.78193
