1.09993
1.09978
1.0996
1.09939
1.09913
1.09885
1.09853
1.09818
1.0978
1.09738
1.09692
1.09643
1.09591
1.09536
1.09477
1.09414
1.09348
1.09279
1.09206
1.0913
1.0905
1.08967
1.0888
1.0879
1.08696
1.08599
1.08498
1.08394
1.08287
1.08175
1.08061
1.07942
1.07821
1.07695
1.07566
1.07434
1.07298
1.07158
1.07015
1.06868
1.06718
1.06564
1.06407
1.06245
1.06081
1.05912
1.0574
1.05565
1.05386
1.05203
1.05017
1.04827
1.04633
1.04436
1.04235
1.0403
1.03822
1.0361
1.03395
1.03176
1.02953
1.02726
1.02496
1.02263
1.02025
1.01785
1.0154
1.01292
1.0104
1.00785
1.00526
1.00264
0.999978
0.997281
0.994549
0.991781
0.988979
0.986141
0.983269
0.980362
0.977421
0.974446
0.971438
0.968397
0.965323
0.962217
0.959079
0.955909
0.952708
0.949477
0.946216
0.942925
0.939607
0.936261
0.932888
0.929488
0.926063
0.922614
0.919141
0.915646
0.912129
0.908593
0.905036
0.901462
0.897871
0.894263
0.890641
0.887005
0.883357
0.879698
0.876029
0.872353
0.86867
0.864981
0.861289
0.857595
0.853899
0.850205
0.846513
0.842825
0.839142
0.835467
0.8318
0.828143
0.824498
0.820867
0.81725
0.81365
0.810067
0.806504
0.802963
0.799443
0.795948
0.792477
0.789032
0.785616
0.782229
0.778873
0.775549
0.772258
0.769001
0.76578
0.762596
0.75945
0.756343
0.753276
0.750251
0.747269
0.744329
0.741434
0.738583
0.735778
0.73302
0.730309
0.727645
0.725031
0.722466
0.719952
0.717487
0.715074
0.712713
0.710403
0.708146
0.705941
0.70379
0.701692
0.699647
0.697656
0.695719
0.693835
0.692006
0.69023
0.688509
0.686842
0.68523
0.683672
0.682168
0.680718
0.679321
0.677978
0.676688
0.67545
0.674265
0.67313
0.672047
0.671014
0.670031
0.669098
0.668214
0.667379
0.666592
0.665852
0.665159
0.664512
0.663909
0.663351
0.662837
0.662367
0.661938
0.661552
0.661205
0.660898
0.660629
0.660399
0.660205
0.660048
0.659925
0.659837
0.659782
0.65976
0.659769
0.659808
0.659877
0.659975
0.660101
0.660254
0.660433
0.660637
0.660865
0.661116
0.661389
0.661683
0.661997
0.662331
0.662684
0.663054
0.663442
0.663846
0.664266
0.6647
0.665148
0.665608
0.66608
0.666563
0.667056
0.667558
0.668069
0.668587
0.669112
0.669643
0.67018
0.67072
0.671264
0.671811
0.672361
0.672912
0.673464
0.674015
0.674566
0.675116
0.675663
0.676208
0.676749
0.677287
0.677819
0.678347
0.678868
0.679383
0.679891
0.680392
0.680885
0.681368
0.681843
0.682308
0.682762
0.683206
0.683639
0.68406
0.684469
0.684866
0.68525
0.685621
0.685978
0.686321
0.68665
0.686964
0.687264
0.687549
0.687818
0.688072
0.688311
0.688533
0.68874
0.688931
0.689105
0.689263
0.689404
0.689528
0.689636
0.689727
0.689801
0.689859
0.689899
0.689924
0.689932
0.689923
0.689898
0.689856
0.689799
0.689725
1.09992
1.09973
1.09949
1.09919
1.09882
1.0984
1.09792
1.09737
1.09678
1.09612
1.09541
1.09464
1.09382
1.09294
1.09201
1.09103
1.08999
1.08891
1.08778
1.08659
1.08537
1.08409
1.08277
1.08141
1.08
1.07855
1.07706
1.07554
1.07397
1.07237
1.07074
1.06907
1.06737
1.06564
1.06388
1.0621
1.06029
1.05846
1.0566
1.05472
1.05283
1.05091
1.04898
1.04704
1.04508
1.04312
1.04114
1.03916
1.03717
1.03518
1.03318
1.03118
1.02919
1.02719
1.0252
1.02322
1.02123
1.01926
1.01729
1.01534
1.01339
1.01146
1.00954
1.00763
1.00574
1.00386
1.002
1.00016
0.998339
0.996535
0.99475
0.992985
0.991241
0.989517
0.987814
0.986133
0.984473
0.982834
0.981217
0.979622
0.978047
0.976493
0.97496
0.973448
0.971955
0.970483
0.969029
0.967594
0.966176
0.964775
0.96339
0.962021
0.960666
0.959325
0.957997
0.956681
0.955375
0.95408
0.952794
0.951516
0.950244
0.948977
0.947715
0.946456
0.945198
0.943941
0.942684
0.941425
0.940164
0.938899
0.937629
0.936354
0.935073
0.933784
0.932487
0.931182
0.929866
0.92854
0.927203
0.925854
0.924492
0.923118
0.92173
0.920328
0.918912
0.917481
0.916036
0.914575
0.9131
0.91161
0.910105
0.908586
0.907052
0.905504
0.903943
0.902368
0.90078
0.899179
0.897567
0.895943
0.894308
0.892663
0.891008
0.889345
0.887673
0.885994
0.884309
0.882618
0.880922
0.879222
0.87752
0.875816
0.874111
0.872405
0.870701
0.868999
0.867299
0.865603
0.863911
0.862225
0.860545
0.858873
0.857208
0.855553
0.853908
0.852274
0.850652
0.849042
0.847446
0.845864
0.844297
0.842745
0.84121
0.839692
0.838192
0.83671
0.835247
0.833805
0.832382
0.830981
0.829601
0.828244
0.826909
0.825598
0.824311
0.823048
0.82181
0.820598
0.819412
0.818252
0.817119
0.816014
0.814936
0.813886
0.812865
0.811873
0.81091
0.809978
0.809075
0.808203
0.807362
0.806552
0.805773
0.805026
0.804311
0.803628
0.802978
0.80236
0.801774
0.801222
0.800701
0.800213
0.799758
0.799335
0.798946
0.798589
0.798265
0.797973
0.797713
0.797486
0.797289
0.797125
0.796992
0.79689
0.796819
0.796778
0.796767
0.796785
0.796833
0.796909
0.797014
0.797147
0.797307
0.797494
0.797708
0.797948
0.798214
0.798504
0.798819
0.799158
0.799521
0.799907
0.800316
0.800747
0.801199
0.801672
0.802165
0.802678
0.80321
0.803762
0.804331
0.804918
0.805523
0.806145
0.806783
0.807436
0.808105
0.808789
0.809486
0.810197
0.810922
0.811659
0.812409
0.813171
0.813945
0.81473
0.815525
0.816332
0.817149
0.817976
0.818813
0.819659
0.820513
0.821376
0.822247
0.823125
0.824011
0.824903
0.825802
0.826707
0.827619
0.828536
0.82946
0.830388
0.831322
0.832261
0.833206
0.834155
0.835109
0.836068
0.83703
0.837998
0.838969
0.839945
0.840925
0.841908
0.842895
0.843886
0.844881
0.84588
1.10056
1.10168
1.10278
1.10385
1.10489
1.1059
1.10688
1.10783
1.10876
1.10966
1.11052
1.11136
1.11217
1.11295
1.1137
1.11443
1.11512
1.11578
1.11642
1.11702
1.11759
1.11814
1.11865
1.11913
1.11958
1.12
1.12039
1.12075
1.12107
1.12136
1.12161
1.12183
1.12202
1.12217
1.12229
1.12238
1.12242
1.12243
1.12241
1.12235
1.12225
1.12211
1.12194
1.12173
1.12148
1.12119
1.12087
1.1205
1.1201
1.11966
1.11919
1.11867
1.11812
1.11753
1.11691
1.11624
1.11554
1.11481
1.11404
1.11323
1.11239
1.11151
1.1106
1.10966
1.10868
1.10767
1.10663
1.10556
1.10445
1.10332
1.10216
1.10097
1.09975
1.0985
1.09723
1.09593
1.0946
1.09325
1.09187
1.09047
1.08905
1.08761
1.08614
1.08466
1.08315
1.08162
1.08008
1.07852
1.07694
1.07534
1.07374
1.07211
1.07048
1.06883
1.06718
1.06552
1.06385
1.06217
1.06049
1.05881
1.05713
1.05546
1.05378
1.05212
1.05046
1.04881
1.04717
1.04554
1.04393
1.04234
1.04077
1.03922
1.03769
1.03619
1.03472
1.03327
1.03186
1.03047
1.02913
1.02781
1.02653
1.02529
1.02408
1.02291
1.02178
1.02069
1.01964
1.01863
1.01765
1.01672
1.01583
1.01498
1.01417
1.01339
1.01266
1.01197
1.01131
1.0107
1.01013
1.00959
1.0091
1.00864
1.00823
1.00785
1.00752
1.00723
1.00697
1.00677
1.0066
1.00648
1.0064
1.00637
1.00639
1.00645
1.00657
1.00673
1.00695
1.00722
1.00755
1.00793
1.00837
1.00886
1.00942
1.01004
1.01071
1.01145
1.01225
1.01311
1.01403
1.01502
1.01606
1.01717
1.01834
1.01957
1.02085
1.0222
1.0236
1.02505
1.02656
1.02811
1.02972
1.03137
1.03306
1.03479
1.03657
1.03837
1.04021
1.04208
1.04397
1.04589
1.04782
1.04977
1.05174
1.05371
1.05569
1.05767
1.05965
1.06162
1.06359
1.06556
1.0675
1.06944
1.07135
1.07324
1.07512
1.07696
1.07878
1.08057
1.08232
1.08404
1.08573
1.08738
1.08899
1.09055
1.09208
1.09356
1.095
1.0964
1.09775
1.09905
1.1003
1.10151
1.10267
1.10378
1.10484
1.10585
1.10682
1.10773
1.1086
1.10942
1.11019
1.11091
1.11158
1.11221
1.11279
1.11332
1.11381
1.11425
1.11465
1.115
1.11531
1.11558
1.1158
1.11599
1.11613
1.11623
1.1163
1.11633
1.11632
1.11627
1.11619
1.11608
1.11594
1.11576
1.11555
1.11532
1.11506
1.11477
1.11446
1.11412
1.11376
1.11338
1.11298
1.11256
1.11213
1.11168
1.11122
1.11075
1.11027
1.10978
1.10929
1.1088
1.1083
1.10781
1.10732
1.10684
1.10636
1.10589
1.10544
1.105
1.10458
1.10418
1.1038
1.10345
1.10312
1.10282
1.10256
1.10232
1.10213
1.10197
1.10185
1.10177
1.10174
1.10175
1.1018
1.1019
1.10205
1.10225
1.10249
1.10279
1.10019
1.10064
1.10113
1.10168
1.10227
1.10291
1.1036
1.10433
1.1051
1.10591
1.10677
1.10766
1.10858
1.10954
1.11052
1.11153
1.11257
1.11362
1.11469
1.11578
1.11688
1.11798
1.11909
1.1202
1.12131
1.12241
1.12351
1.12459
1.12566
1.12671
1.12774
1.12875
1.12973
1.13068
1.13161
1.13249
1.13335
1.13416
1.13494
1.13567
1.13637
1.13701
1.13761
1.13816
1.13867
1.13912
1.13953
1.13988
1.14018
1.14043
1.14063
1.14077
1.14087
1.14091
1.1409
1.14084
1.14073
1.14057
1.14036
1.1401
1.13979
1.13944
1.13904
1.1386
1.13812
1.13759
1.13703
1.13642
1.13578
1.13511
1.1344
1.13365
1.13288
1.13207
1.13124
1.13039
1.12951
1.1286
1.12768
1.12674
1.12578
1.1248
1.12381
1.12281
1.1218
1.12078
1.11975
1.11871
1.11767
1.11662
1.11558
1.11453
1.11348
1.11243
1.11138
1.11034
1.10929
1.10825
1.10722
1.10618
1.10515
1.10412
1.1031
1.10207
1.10105
1.10003
1.09901
1.09799
1.09697
1.09594
1.09491
1.09387
1.09283
1.09178
1.09071
1.08964
1.08855
1.08744
1.08631
1.08517
1.084
1.08281
1.08159
1.08034
1.07906
1.07774
1.07639
1.07501
1.07358
1.07212
1.07061
1.06905
1.06746
1.06581
1.06411
1.06237
1.06058
1.05873
1.05683
1.05488
1.05288
1.05082
1.04871
1.04655
1.04434
1.04207
1.03975
1.03739
1.03497
1.03251
1.03001
1.02746
1.02487
1.02225
1.01959
1.01689
1.01417
1.01142
1.00865
1.00586
1.00305
1.00022
0.997393
0.994555
0.991715
0.988877
0.986045
0.983223
0.980415
0.977623
0.974854
0.972109
0.969395
0.966713
0.964068
0.961464
0.958903
0.956389
0.953926
0.951517
0.949164
0.946872
0.944643
0.94248
0.940386
0.938362
0.936413
0.934539
0.932744
0.931029
0.929396
0.927848
0.926386
0.925014
0.923731
0.92254
0.921442
0.920439
0.919532
0.918721
0.918008
0.917393
0.916879
0.916465
0.916151
0.915938
0.915827
0.915817
0.915908
0.916099
0.916392
0.916785
0.917276
0.917867
0.918554
0.919337
0.920214
0.921185
0.922246
0.923397
0.924634
0.925956
0.927359
0.928841
0.930399
0.932031
0.933732
0.9355
0.937331
0.939222
0.941169
0.943169
0.945217
0.94731
0.949445
0.951617
0.953823
0.956059
0.958321
0.960606
0.962909
0.965227
0.967557
0.969894
0.972236
0.974579
0.97692
0.979255
0.981583
0.9839
0.986203
0.98849
0.990758
0.993005
0.995229
0.997428
0.999599
1.00174
1.00385
1.00594
1.00798
1.01
1.01197
1.01392
1.01582
1.01769
1.01952
1.02131
1.02307
1.02478
1.02646
1.02809
1.02969
1.03125
1.03278
1.03426
1.03571
1.03712
1.0385
1.03984
1.04114
1.04241
1.04365
1.04485
1.04603
1.04717
1.04828
1.04936
1.05041
1.05143
1.05242
1.05338
1.05432
1.05523
1.05612
1.05698
1.05781
1.05862
1.0594
1.06016
1.10034
1.10104
1.1017
1.10234
1.10295
1.10354
1.10409
1.10462
1.10512
1.10559
1.10603
1.10645
1.10683
1.10719
1.10752
1.10782
1.10809
1.10833
1.10855
1.10873
1.10889
1.10901
1.10911
1.10918
1.10921
1.10922
1.10919
1.10914
1.10905
1.10894
1.10879
1.10861
1.1084
1.10816
1.10789
1.10759
1.10726
1.10689
1.1065
1.10607
1.10562
1.10513
1.10462
1.10407
1.1035
1.10289
1.10225
1.10159
1.1009
1.10018
1.09943
1.09865
1.09785
1.09701
1.09616
1.09528
1.09437
1.09344
1.09248
1.09151
1.0905
1.08948
1.08844
1.08737
1.08629
1.08519
1.08407
1.08293
1.08177
1.08061
1.07942
1.07822
1.07701
1.07579
1.07456
1.07332
1.07207
1.07081
1.06955
1.06828
1.06701
1.06573
1.06445
1.06317
1.06189
1.06061
1.05933
1.05805
1.05677
1.0555
1.05423
1.05296
1.05169
1.05043
1.04917
1.04792
1.04667
1.04543
1.04419
1.04296
1.04173
1.0405
1.03928
1.03806
1.03684
1.03563
1.03441
1.0332
1.03199
1.03078
1.02956
1.02835
1.02713
1.02591
1.02469
1.02347
1.02223
1.021
1.01976
1.01851
1.01726
1.016
1.01474
1.01347
1.01219
1.01091
1.00963
1.00833
1.00704
1.00574
1.00443
1.00312
1.00181
1.0005
0.999186
0.997871
0.996556
0.995244
0.993933
0.992627
0.991326
0.990032
0.988746
0.987469
0.986203
0.984949
0.98371
0.982486
0.981279
0.980091
0.978924
0.97778
0.976658
0.975563
0.974494
0.973455
0.972448
0.971473
0.970533
0.969628
0.968762
0.967935
0.96715
0.966407
0.965708
0.965055
0.96445
0.963892
0.963385
0.962929
0.962525
0.962175
0.961879
0.961639
0.961455
0.961328
0.961259
0.961248
0.961298
0.961407
0.961576
0.961804
0.962092
0.96244
0.962848
0.963316
0.963842
0.964428
0.965071
0.965773
0.96653
0.967343
0.96821
0.969129
0.9701
0.971121
0.97219
0.973305
0.974464
0.975665
0.976907
0.978187
0.979502
0.980851
0.982231
0.98364
0.985074
0.986532
0.988011
0.989507
0.991019
0.992543
0.994077
0.995619
0.997165
0.998713
1.00026
1.00181
1.00334
1.00487
1.00639
1.0079
1.00938
1.01086
1.01231
1.01373
1.01514
1.01652
1.01787
1.01919
1.02048
1.02174
1.02296
1.02416
1.02531
1.02643
1.02752
1.02856
1.02957
1.03055
1.03148
1.03238
1.03325
1.03407
1.03486
1.03562
1.03634
1.03703
1.03768
1.03831
1.0389
1.03947
1.04
1.04052
1.04101
1.04147
1.04192
1.04235
1.04276
1.04316
1.04354
1.04391
1.04428
1.04464
1.04499
1.04534
1.04568
1.04603
1.04638
1.04673
1.04709
1.04746
1.04784
1.04822
1.04862
1.04903
1.04946
1.0499
1.05036
1.05083
1.05132
1.05184
1.05237
1.05292
1.05349
1.05408
1.05469
1.05533
1.05598
1.05666
1.05736
1.05807
1.05881
1.05957
1.06034
1.06113
1.06195
1.06277
1.06362
1.06448
1.10044
1.10135
1.10227
1.10319
1.10412
1.10506
1.106
1.10694
1.10789
1.10884
1.10979
1.11073
1.11168
1.11263
1.11357
1.11452
1.11545
1.11639
1.11732
1.11825
1.11917
1.12008
1.12099
1.1219
1.1228
1.12369
1.12457
1.12545
1.12632
1.12718
1.12804
1.12889
1.12973
1.13056
1.13138
1.13219
1.13299
1.13378
1.13456
1.13532
1.13608
1.13682
1.13754
1.13826
1.13895
1.13963
1.14029
1.14093
1.14155
1.14214
1.14272
1.14327
1.14379
1.14428
1.14475
1.14518
1.14559
1.14596
1.1463
1.1466
1.14687
1.1471
1.14729
1.14744
1.14755
1.14761
1.14764
1.14762
1.14756
1.14745
1.1473
1.14711
1.14686
1.14658
1.14624
1.14586
1.14544
1.14497
1.14445
1.14389
1.14328
1.14264
1.14194
1.14121
1.14043
1.13962
1.13876
1.13787
1.13694
1.13597
1.13496
1.13393
1.13286
1.13176
1.13062
1.12946
1.12827
1.12705
1.1258
1.12453
1.12324
1.12192
1.12058
1.11922
1.11783
1.11643
1.11501
1.11356
1.1121
1.11063
1.10913
1.10762
1.1061
1.10455
1.103
1.10142
1.09984
1.09824
1.09662
1.09499
1.09334
1.09168
1.09001
1.08833
1.08663
1.08491
1.08319
1.08145
1.0797
1.07794
1.07616
1.07438
1.07258
1.07077
1.06895
1.06712
1.06529
1.06345
1.0616
1.05974
1.05789
1.05602
1.05416
1.05229
1.05042
1.04856
1.0467
1.04484
1.04299
1.04115
1.03932
1.03749
1.03569
1.03389
1.03211
1.03035
1.0286
1.02688
1.02518
1.0235
1.02184
1.02021
1.01861
1.01703
1.01548
1.01397
1.01248
1.01103
1.00961
1.00822
1.00686
1.00554
1.00425
1.003
1.00177
1.00059
0.999437
0.998318
0.997233
0.996182
0.995162
0.994175
0.99322
0.992295
0.9914
0.990535
0.989699
0.98889
0.988109
0.987354
0.986625
0.985921
0.98524
0.984581
0.983945
0.983331
0.982737
0.982163
0.981608
0.981072
0.980553
0.980052
0.979568
0.979101
0.97865
0.978214
0.977794
0.97739
0.977
0.976625
0.976265
0.975919
0.975589
0.975274
0.974974
0.974691
0.974423
0.974171
0.973936
0.973719
0.973519
0.973337
0.973173
0.973029
0.972905
0.972802
0.972721
0.972663
0.972628
0.972616
0.972629
0.972667
0.97273
0.972821
0.972937
0.973081
0.973253
0.973454
0.973683
0.973942
0.97423
0.974548
0.974896
0.975273
0.975681
0.97612
0.976588
0.977086
0.977614
0.978172
0.978758
0.979374
0.980018
0.98069
0.981389
0.982114
0.982865
0.98364
0.984439
0.985259
0.986102
0.986964
0.987845
0.988744
0.989659
0.990588
0.991531
0.992485
0.99345
0.994424
0.995405
0.996392
0.997383
0.998376
0.99937
1.00036
1.00136
1.00234
1.00333
1.0043
1.00527
1.00623
1.00717
1.00811
1.00903
1.00994
1.01083
1.0117
1.01256
1.0134
1.01422
1.01502
1.01581
1.01657
1.01731
1.01803
1.01873
1.01941
1.02007
1.02071
1.10029
1.10089
1.10146
1.102
1.10252
1.10301
1.10348
1.10393
1.10436
1.10476
1.10515
1.10553
1.10589
1.10624
1.10658
1.10691
1.10724
1.10757
1.10789
1.10822
1.10855
1.10889
1.10924
1.10959
1.10996
1.11034
1.11074
1.11116
1.11159
1.11204
1.11251
1.11301
1.11353
1.11408
1.11465
1.11524
1.11586
1.11651
1.11718
1.11788
1.1186
1.11934
1.12011
1.12091
1.12172
1.12255
1.12341
1.12428
1.12516
1.12606
1.12697
1.1279
1.12883
1.12977
1.13071
1.13166
1.1326
1.13355
1.13449
1.13543
1.13635
1.13727
1.13818
1.13907
1.13995
1.14081
1.14165
1.14246
1.14326
1.14403
1.14477
1.14549
1.14617
1.14683
1.14745
1.14804
1.1486
1.14912
1.14961
1.15006
1.15047
1.15084
1.15118
1.15148
1.15173
1.15195
1.15214
1.15228
1.15238
1.15245
1.15248
1.15247
1.15242
1.15233
1.15222
1.15206
1.15187
1.15165
1.1514
1.15111
1.1508
1.15046
1.15008
1.14969
1.14926
1.14882
1.14834
1.14785
1.14734
1.14681
1.14625
1.14569
1.1451
1.14451
1.14389
1.14327
1.14264
1.14199
1.14134
1.14068
1.14001
1.13933
1.13865
1.13796
1.13726
1.13656
1.13586
1.13515
1.13443
1.13372
1.13299
1.13226
1.13152
1.13078
1.13003
1.12927
1.12851
1.12773
1.12695
1.12615
1.12535
1.12453
1.1237
1.12286
1.122
1.12113
1.12024
1.11934
1.11842
1.11748
1.11653
1.11555
1.11456
1.11355
1.11252
1.11147
1.11041
1.10932
1.10822
1.1071
1.10596
1.10481
1.10364
1.10246
1.10127
1.10006
1.09885
1.09762
1.09639
1.09515
1.09391
1.09267
1.09143
1.09019
1.08895
1.08772
1.08649
1.08527
1.08407
1.08287
1.08169
1.08052
1.07937
1.07825
1.07714
1.07605
1.07499
1.07395
1.07293
1.07195
1.07099
1.07006
1.06917
1.0683
1.06747
1.06668
1.06591
1.06519
1.0645
1.06384
1.06323
1.06265
1.06212
1.06162
1.06116
1.06075
1.06038
1.06004
1.05976
1.05951
1.0593
1.05914
1.05903
1.05895
1.05892
1.05893
1.05899
1.05909
1.05923
1.05941
1.05963
1.05989
1.0602
1.06054
1.06093
1.06135
1.06181
1.0623
1.06283
1.0634
1.064
1.06464
1.0653
1.066
1.06673
1.06749
1.06827
1.06908
1.06992
1.07078
1.07166
1.07257
1.0735
1.07444
1.07541
1.07639
1.07739
1.0784
1.07942
1.08046
1.08151
1.08257
1.08364
1.08472
1.0858
1.08689
1.08799
1.08908
1.09018
1.09128
1.09239
1.09348
1.09458
1.09567
1.09676
1.09784
1.09891
1.09997
1.10102
1.10206
1.10308
1.1041
1.10509
1.10607
1.10703
1.10796
1.10888
1.10977
1.11064
1.11149
1.11231
1.1131
1.11386
1.11459
1.11528
1.11595
1.11658
1.11718
1.11773
1.11826
1.11874
1.11919
1.1196
1.11997
1.12029
1.12058
1.12082
1.12103
1.12119
1.1213
1.09999
1.09998
1.09994
1.09986
1.09974
1.09958
1.09939
1.09916
1.0989
1.0986
1.09826
1.09789
1.09749
1.09706
1.0966
1.09611
1.09559
1.09504
1.09447
1.09387
1.09325
1.0926
1.09194
1.09125
1.09054
1.08982
1.08908
1.08833
1.08756
1.08678
1.08599
1.08519
1.08437
1.08356
1.08273
1.0819
1.08106
1.08023
1.07938
1.07854
1.0777
1.07686
1.07602
1.07519
1.07436
1.07354
1.07272
1.07192
1.07112
1.07033
1.06956
1.0688
1.06806
1.06733
1.06662
1.06594
1.06527
1.06463
1.06402
1.06343
1.06287
1.06234
1.06184
1.06138
1.06095
1.06056
1.06021
1.0599
1.05963
1.05941
1.05923
1.0591
1.05902
1.05899
1.05901
1.05908
1.05921
1.05939
1.05963
1.05992
1.06026
1.06067
1.06112
1.06164
1.0622
1.06282
1.06349
1.06422
1.06499
1.06582
1.06669
1.0676
1.06857
1.06957
1.07061
1.07169
1.07281
1.07395
1.07513
1.07634
1.07756
1.07881
1.08008
1.08136
1.08265
1.08395
1.08525
1.08656
1.08786
1.08917
1.09046
1.09175
1.09302
1.09428
1.09553
1.09675
1.09795
1.09912
1.10027
1.10139
1.10249
1.10354
1.10457
1.10556
1.10652
1.10744
1.10832
1.10916
1.10996
1.11073
1.11145
1.11214
1.11279
1.1134
1.11397
1.11451
1.115
1.11547
1.1159
1.11629
1.11666
1.11699
1.1173
1.11758
1.11783
1.11806
1.11826
1.11845
1.11862
1.11877
1.11891
1.11903
1.11914
1.11924
1.11933
1.11941
1.11949
1.11956
1.11963
1.11969
1.11975
1.11981
1.11986
1.11992
1.11997
1.12003
1.12008
1.12013
1.12017
1.12022
1.12026
1.1203
1.12033
1.12036
1.12038
1.1204
1.12041
1.12041
1.1204
1.12039
1.12036
1.12032
1.12026
1.1202
1.12012
1.12002
1.11992
1.11979
1.11965
1.1195
1.11933
1.11915
1.11895
1.11873
1.11851
1.11826
1.11801
1.11774
1.11746
1.11717
1.11687
1.11657
1.11625
1.11593
1.11561
1.11528
1.11494
1.11461
1.11428
1.11395
1.11362
1.1133
1.11298
1.11267
1.11237
1.11208
1.11181
1.11154
1.11129
1.11106
1.11084
1.11063
1.11045
1.11028
1.11014
1.11001
1.10991
1.10983
1.10976
1.10973
1.10971
1.10971
1.10974
1.1098
1.10987
1.10997
1.11009
1.11023
1.11039
1.11058
1.11078
1.11101
1.11125
1.11151
1.1118
1.1121
1.11241
1.11274
1.11309
1.11345
1.11383
1.11422
1.11462
1.11503
1.11546
1.11589
1.11633
1.11678
1.11724
1.11771
1.11818
1.11866
1.11915
1.11964
1.12014
1.12064
1.12115
1.12166
1.12217
1.12269
1.12321
1.12374
1.12427
1.12481
1.12535
1.12589
1.12644
1.12699
1.12755
1.12812
1.12868
1.12926
1.12983
1.13042
1.13101
1.1316
1.1322
1.13281
1.13342
1.13404
1.13467
1.1353
1.13593
1.13657
1.13722
1.13787
1.13853
1.13919
1.13985
1.14052
1.10031
1.10097
1.10164
1.10231
1.10298
1.10366
1.10434
1.10502
1.1057
1.10637
1.10704
1.10771
1.10837
1.10902
1.10966
1.11028
1.1109
1.1115
1.11208
1.11264
1.11318
1.1137
1.11419
1.11466
1.1151
1.11551
1.11589
1.11624
1.11656
1.11684
1.11708
1.11729
1.11746
1.11759
1.11768
1.11772
1.11773
1.11769
1.1176
1.11747
1.11729
1.11707
1.1168
1.11648
1.11611
1.1157
1.11524
1.11472
1.11416
1.11355
1.11289
1.11218
1.11142
1.11061
1.10975
1.10884
1.10789
1.10689
1.10584
1.10475
1.10361
1.10243
1.10121
1.09995
1.09865
1.09731
1.09594
1.09454
1.0931
1.09164
1.09016
1.08865
1.08712
1.08559
1.08403
1.08248
1.08091
1.07935
1.07779
1.07624
1.07471
1.07319
1.07169
1.07022
1.06878
1.06737
1.06601
1.06469
1.06341
1.06219
1.06103
1.05993
1.05889
1.05792
1.05702
1.0562
1.05546
1.05479
1.05421
1.05371
1.0533
1.05297
1.05273
1.05258
1.05252
1.05254
1.05266
1.05286
1.05314
1.05351
1.05396
1.05449
1.05509
1.05578
1.05653
1.05735
1.05824
1.05919
1.0602
1.06127
1.06239
1.06356
1.06477
1.06603
1.06732
1.06865
1.07002
1.07141
1.07283
1.07427
1.07573
1.07721
1.0787
1.0802
1.08171
1.08323
1.08476
1.08628
1.08781
1.08933
1.09084
1.09236
1.09386
1.09536
1.09684
1.09831
1.09977
1.10121
1.10264
1.10405
1.10544
1.1068
1.10815
1.10947
1.11077
1.11204
1.11328
1.11449
1.11568
1.11683
1.11795
1.11904
1.12009
1.12111
1.12209
1.12303
1.12393
1.12478
1.1256
1.12636
1.12709
1.12776
1.12839
1.12897
1.1295
1.12997
1.1304
1.13077
1.13109
1.13135
1.13156
1.13171
1.13181
1.13185
1.13184
1.13177
1.13165
1.13147
1.13124
1.13096
1.13063
1.13024
1.12981
1.12933
1.1288
1.12823
1.12761
1.12696
1.12626
1.12553
1.12477
1.12397
1.12314
1.12229
1.12141
1.12051
1.11959
1.11865
1.1177
1.11673
1.11575
1.11477
1.11378
1.11279
1.11179
1.1108
1.10982
1.10884
1.10787
1.10691
1.10597
1.10504
1.10413
1.10324
1.10237
1.10152
1.1007
1.0999
1.09913
1.09839
1.09768
1.09701
1.09636
1.09576
1.09518
1.09464
1.09414
1.09368
1.09326
1.09288
1.09253
1.09223
1.09197
1.09176
1.09159
1.09146
1.09137
1.09133
1.09133
1.09138
1.09147
1.09161
1.0918
1.09202
1.0923
1.09261
1.09298
1.09338
1.09383
1.09432
1.09485
1.09543
1.09605
1.0967
1.0974
1.09813
1.0989
1.09971
1.10055
1.10142
1.10233
1.10326
1.10423
1.10522
1.10624
1.10728
1.10834
1.10943
1.11053
1.11164
1.11277
1.11391
1.11505
1.11621
1.11737
1.11852
1.11968
1.12084
1.12199
1.12314
1.12427
1.12539
1.1265
1.1276
1.12867
1.12973
1.13077
1.13178
1.13276
1.13372
1.10042
1.10128
1.10212
1.10292
1.1037
1.10444
1.10516
1.10584
1.1065
1.10711
1.1077
1.10825
1.10877
1.10926
1.10971
1.11013
1.11051
1.11086
1.11118
1.11146
1.11171
1.11193
1.11212
1.11227
1.1124
1.1125
1.11257
1.11261
1.11263
1.11262
1.11258
1.11253
1.11245
1.11235
1.11223
1.11209
1.11193
1.11176
1.11157
1.11137
1.11115
1.11093
1.11069
1.11044
1.11018
1.10992
1.10964
1.10937
1.10908
1.10879
1.1085
1.1082
1.10791
1.1076
1.1073
1.10699
1.10669
1.10638
1.10607
1.10576
1.10545
1.10514
1.10482
1.10451
1.10419
1.10388
1.10356
1.10323
1.1029
1.10257
1.10224
1.10189
1.10154
1.10118
1.10082
1.10044
1.10005
1.09965
1.09924
1.09882
1.09837
1.09792
1.09744
1.09695
1.09643
1.0959
1.09534
1.09476
1.09415
1.09352
1.09286
1.09218
1.09146
1.09072
1.08994
1.08913
1.08829
1.08741
1.0865
1.08555
1.08456
1.08354
1.08247
1.08137
1.08023
1.07905
1.07783
1.07656
1.07526
1.07391
1.07253
1.0711
1.06963
1.06812
1.06656
1.06497
1.06333
1.06165
1.05994
1.05818
1.05638
1.05455
1.05267
1.05076
1.04881
1.04683
1.04481
1.04276
1.04067
1.03855
1.0364
1.03423
1.03202
1.02979
1.02753
1.02524
1.02294
1.02061
1.01826
1.0159
1.01352
1.01113
1.00872
1.0063
1.00387
1.00143
0.998988
0.99654
0.994089
0.991638
0.98919
0.986744
0.984305
0.981872
0.979449
0.977038
0.974641
0.972259
0.969895
0.967552
0.96523
0.962934
0.960665
0.958425
0.956216
0.954042
0.951904
0.949805
0.947748
0.945734
0.943768
0.94185
0.939984
0.938171
0.936414
0.934715
0.933078
0.931503
0.929994
0.928552
0.92718
0.92588
0.924653
0.923503
0.92243
0.921437
0.920526
0.919697
0.918952
0.918292
0.917719
0.917234
0.916836
0.916528
0.91631
0.916181
0.916143
0.916194
0.916335
0.916565
0.916885
0.917292
0.917786
0.918367
0.919032
0.919781
0.920611
0.921522
0.922511
0.923577
0.924716
0.925928
0.927209
0.928558
0.929971
0.931445
0.93298
0.93457
0.936214
0.937909
0.939652
0.941439
0.94327
0.94514
0.947046
0.948987
0.950958
0.952957
0.954982
0.95703
0.959097
0.961181
0.96328
0.96539
0.967511
0.969639
0.971772
0.973908
0.976044
0.978178
0.980308
0.982431
0.984547
0.986652
0.988745
0.990824
0.992888
0.994935
0.996961
0.998967
1.00095
1.00291
1.00484
1.00675
1.00862
1.01047
1.01228
1.01406
1.01581
1.01752
1.01919
1.02082
1.02241
1.02396
1.02547
1.02693
1.02835
1.02972
1.03105
1.03232
1.03355
1.03473
1.03585
1.03693
1.03794
1.03891
1.03982
1.04068
1.04148
1.04222
1.0429
1.04353
1.0441
1.04462
1.04507
1.04547
1.0458
1.04608
1.0463
1.04647
1.04657
1.04662
1.04662
1.04656
1.04644
1.04627
1.04605
1.04578
1.04545
1.04508
1.09973
1.09921
1.09863
1.09801
1.09734
1.09662
1.09587
1.09507
1.09425
1.09338
1.09249
1.09158
1.09064
1.08969
1.08871
1.08773
1.08673
1.08574
1.08474
1.08374
1.08275
1.08177
1.0808
1.07985
1.07891
1.078
1.07712
1.07627
1.07545
1.07466
1.07391
1.07321
1.07254
1.07192
1.07134
1.07081
1.07033
1.0699
1.06953
1.0692
1.06893
1.06871
1.06855
1.06844
1.06838
1.06838
1.06843
1.06854
1.06869
1.0689
1.06916
1.06947
1.06983
1.07024
1.0707
1.0712
1.07175
1.07234
1.07298
1.07366
1.07438
1.07515
1.07595
1.07679
1.07768
1.07859
1.07955
1.08054
1.08157
1.08263
1.08373
1.08486
1.08602
1.08722
1.08845
1.08971
1.091
1.09232
1.09368
1.09506
1.09648
1.09792
1.09939
1.1009
1.10242
1.10398
1.10557
1.10718
1.10881
1.11047
1.11215
1.11386
1.11559
1.11734
1.11911
1.12089
1.12269
1.12451
1.12635
1.12819
1.13005
1.13192
1.13379
1.13567
1.13756
1.13944
1.14132
1.1432
1.14508
1.14694
1.14879
1.15063
1.15246
1.15426
1.15605
1.1578
1.15954
1.16124
1.16291
1.16455
1.16614
1.1677
1.16921
1.17068
1.17211
1.17348
1.1748
1.17607
1.17728
1.17844
1.17953
1.18057
1.18154
1.18245
1.1833
1.18408
1.1848
1.18545
1.18604
1.18656
1.18701
1.1874
1.18773
1.18798
1.18818
1.18831
1.18838
1.18839
1.18834
1.18823
1.18807
1.18786
1.18759
1.18727
1.1869
1.18649
1.18604
1.18554
1.185
1.18443
1.18382
1.18317
1.18249
1.18179
1.18105
1.18028
1.17949
1.17868
1.17784
1.17698
1.1761
1.1752
1.17427
1.17333
1.17236
1.17138
1.17037
1.16934
1.16829
1.16722
1.16613
1.16501
1.16386
1.1627
1.1615
1.16028
1.15902
1.15774
1.15642
1.15507
1.15369
1.15227
1.15081
1.14932
1.14779
1.14622
1.1446
1.14295
1.14126
1.13952
1.13774
1.13591
1.13404
1.13213
1.13018
1.12818
1.12613
1.12405
1.12192
1.11975
1.11755
1.1153
1.11302
1.1107
1.10835
1.10597
1.10356
1.10112
1.09865
1.09617
1.09366
1.09113
1.08859
1.08604
1.08347
1.0809
1.07832
1.07575
1.07317
1.0706
1.06804
1.06549
1.06295
1.06044
1.05794
1.05547
1.05302
1.05061
1.04822
1.04588
1.04357
1.04131
1.0391
1.03693
1.03482
1.03276
1.03076
1.02882
1.02695
1.02514
1.02341
1.02175
1.02016
1.01866
1.01723
1.01589
1.01464
1.01348
1.01241
1.01143
1.01055
1.00978
1.0091
1.00852
1.00805
1.00769
1.00744
1.00729
1.00726
1.00733
1.00752
1.00782
1.00823
1.00876
1.0094
1.01015
1.01101
1.01198
1.01306
1.01425
1.01554
1.01693
1.01842
1.02001
1.0217
1.02347
1.02534
1.02729
1.02932
1.03143
1.03361
1.03586
1.03817
1.04055
1.04298
1.04547
1.048
1.05057
1.05318
1.05582
1.10135
1.10411
1.10688
1.10965
1.11242
1.11519
1.11794
1.12068
1.12341
1.1261
1.12878
1.13142
1.13402
1.13659
1.13912
1.1416
1.14404
1.14642
1.14875
1.15103
1.15324
1.15539
1.15748
1.1595
1.16145
1.16333
1.16514
1.16688
1.16854
1.17013
1.17164
1.17308
1.17443
1.17571
1.17691
1.17803
1.17907
1.18003
1.18092
1.18173
1.18247
1.18313
1.18372
1.18424
1.18469
1.18508
1.1854
1.18566
1.18585
1.18599
1.18607
1.1861
1.18608
1.18601
1.18589
1.18574
1.18554
1.18531
1.18504
1.18475
1.18443
1.18408
1.18371
1.18332
1.18292
1.1825
1.18207
1.18164
1.18119
1.18074
1.18029
1.17984
1.1794
1.17895
1.17851
1.17808
1.17766
1.17724
1.17684
1.17644
1.17607
1.1757
1.17534
1.17501
1.17468
1.17437
1.17407
1.17379
1.17353
1.17328
1.17305
1.17283
1.17263
1.17244
1.17226
1.1721
1.17195
1.17182
1.1717
1.17159
1.17149
1.1714
1.17132
1.17125
1.17119
1.17114
1.1711
1.17106
1.17103
1.17101
1.17099
1.17097
1.17096
1.17095
1.17095
1.17095
1.17095
1.17095
1.17095
1.17095
1.17096
1.17096
1.17097
1.17097
1.17098
1.17098
1.17099
1.17099
1.171
1.171
1.171
1.171
1.171
1.171
1.171
1.17101
1.17101
1.17101
1.17101
1.17101
1.17102
1.17103
1.17104
1.17105
1.17106
1.17108
1.1711
1.17113
1.17116
1.17119
1.17123
1.17127
1.17132
1.17138
1.17144
1.17151
1.17159
1.17167
1.17176
1.17187
1.17198
1.1721
1.17223
1.17237
1.17252
1.17268
1.17285
1.17303
1.17323
1.17344
1.17366
1.17389
1.17413
1.17439
1.17466
1.17495
1.17525
1.17556
1.17589
1.17623
1.17659
1.17696
1.17734
1.17774
1.17816
1.17859
1.17904
1.1795
1.17998
1.18048
1.18099
1.18151
1.18205
1.18261
1.18318
1.18377
1.18438
1.18499
1.18563
1.18627
1.18693
1.18761
1.1883
1.18899
1.18971
1.19043
1.19116
1.1919
1.19265
1.19341
1.19418
1.19495
1.19573
1.19651
1.1973
1.19809
1.19888
1.19967
1.20046
1.20125
1.20203
1.20281
1.20359
1.20436
1.20512
1.20588
1.20662
1.20736
1.20808
1.20879
1.20949
1.21018
1.21085
1.2115
1.21213
1.21275
1.21335
1.21393
1.21449
1.21503
1.21555
1.21605
1.21653
1.21698
1.21741
1.21782
1.21821
1.21857
1.21891
1.21922
1.21951
1.21977
1.22001
1.22022
1.22041
1.22057
1.22071
1.22082
1.22091
1.22097
1.22101
1.22102
1.22101
1.22097
1.22091
1.22082
1.22071
1.22057
1.22041
1.22022
1.22001
1.21977
1.21951
1.21923
1.21892
1.21859
1.21823
1.21785
1.21744
1.21702
1.21657
1.21609
1.21559
1.21508
1.21453
1.21397
1.21338
1.21278
1.21215
1.2115
1.21082
1.21013
1.20942
1.20869
1.20793
1.20716
1.20637
1.20557
1.20474
1.2039
1.09956
1.09872
1.09788
1.09704
1.0962
1.09536
1.09452
1.09369
1.09285
1.09202
1.0912
1.09038
1.08957
1.08877
1.08798
1.0872
1.08643
1.08567
1.08492
1.08419
1.08348
1.08278
1.0821
1.08143
1.08079
1.08017
1.07957
1.079
1.07845
1.07793
1.07743
1.07696
1.07652
1.07611
1.07573
1.07538
1.07507
1.07479
1.07454
1.07433
1.07416
1.07402
1.07392
1.07386
1.07383
1.07385
1.07391
1.074
1.07414
1.07431
1.07453
1.07479
1.07508
1.07542
1.07579
1.07621
1.07666
1.07715
1.07767
1.07823
1.07883
1.07946
1.08012
1.08082
1.08154
1.0823
1.08308
1.08388
1.08472
1.08557
1.08644
1.08734
1.08825
1.08917
1.09011
1.09106
1.09202
1.09299
1.09396
1.09493
1.09591
1.09688
1.09786
1.09883
1.09979
1.10074
1.10169
1.10262
1.10354
1.10445
1.10534
1.10621
1.10707
1.1079
1.10872
1.10951
1.11028
1.11102
1.11174
1.11244
1.11311
1.11376
1.11438
1.11497
1.11554
1.11609
1.1166
1.11709
1.11756
1.118
1.11842
1.11881
1.11917
1.11952
1.11984
1.12014
1.12041
1.12067
1.12091
1.12113
1.12133
1.12151
1.12168
1.12183
1.12196
1.12209
1.1222
1.12229
1.12238
1.12245
1.12251
1.12256
1.1226
1.12263
1.12266
1.12267
1.12268
1.12268
1.12267
1.12266
1.12264
1.12261
1.12258
1.12254
1.1225
1.12245
1.12239
1.12233
1.12226
1.12219
1.12212
1.12203
1.12195
1.12185
1.12176
1.12165
1.12154
1.12143
1.12131
1.12119
1.12106
1.12092
1.12078
1.12064
1.12048
1.12032
1.12016
1.11999
1.11981
1.11962
1.11942
1.11922
1.11901
1.11879
1.11856
1.11832
1.11807
1.11782
1.11755
1.11726
1.11697
1.11667
1.11635
1.11602
1.11567
1.11531
1.11494
1.11455
1.11415
1.11373
1.1133
1.11284
1.11238
1.11189
1.11139
1.11087
1.11034
1.10979
1.10922
1.10863
1.10802
1.1074
1.10676
1.10611
1.10543
1.10474
1.10404
1.10332
1.10258
1.10183
1.10106
1.10028
1.09949
1.09869
1.09787
1.09705
1.09621
1.09537
1.09451
1.09365
1.09278
1.09191
1.09103
1.09015
1.08926
1.08838
1.08749
1.0866
1.08571
1.08483
1.08394
1.08306
1.08219
1.08131
1.08045
1.07959
1.07873
1.07789
1.07705
1.07622
1.0754
1.0746
1.0738
1.07302
1.07224
1.07148
1.07074
1.07
1.06928
1.06857
1.06788
1.0672
1.06653
1.06588
1.06524
1.06461
1.06399
1.06339
1.0628
1.06222
1.06165
1.0611
1.06055
1.06001
1.05948
1.05896
1.05845
1.05794
1.05744
1.05694
1.05645
1.05596
1.05548
1.05499
1.05451
1.05403
1.05354
1.05306
1.05257
1.05208
1.05158
1.05108
1.05058
1.05006
1.04955
1.04902
1.04848
1.04794
1.04739
1.04683
1.04626
1.04568
1.04509
1.04449
1.04389
1.04327
1.04264
1.042
1.04135
1.0407
1.09963
1.09892
1.09819
1.09744
1.09668
1.0959
1.09511
1.0943
1.09347
1.09263
1.09178
1.09091
1.09003
1.08914
1.08824
1.08733
1.08641
1.08548
1.08454
1.0836
1.08265
1.08169
1.08073
1.07977
1.0788
1.07783
1.07686
1.07588
1.07491
1.07393
1.07296
1.07199
1.07102
1.07005
1.06909
1.06813
1.06717
1.06622
1.06528
1.06435
1.06342
1.0625
1.0616
1.0607
1.05981
1.05893
1.05807
1.05721
1.05637
1.05555
1.05473
1.05393
1.05315
1.05238
1.05163
1.05089
1.05017
1.04947
1.04879
1.04813
1.04748
1.04686
1.04626
1.04567
1.04511
1.04457
1.04405
1.04355
1.04308
1.04263
1.0422
1.04179
1.04141
1.04105
1.04072
1.04041
1.04012
1.03986
1.03962
1.03941
1.03922
1.03906
1.03892
1.0388
1.0387
1.03863
1.03858
1.03855
1.03855
1.03856
1.03859
1.03865
1.03872
1.03881
1.03892
1.03905
1.03919
1.03935
1.03952
1.03971
1.03991
1.04012
1.04034
1.04058
1.04082
1.04108
1.04134
1.04161
1.04188
1.04216
1.04245
1.04274
1.04304
1.04334
1.04365
1.04396
1.04427
1.04458
1.0449
1.04522
1.04554
1.04586
1.04619
1.04651
1.04685
1.04718
1.04752
1.04786
1.04821
1.04856
1.04891
1.04928
1.04965
1.05003
1.05041
1.05081
1.05121
1.05163
1.05206
1.0525
1.05296
1.05343
1.05392
1.05443
1.05495
1.05549
1.05605
1.05663
1.05724
1.05786
1.05851
1.05918
1.05987
1.06059
1.06133
1.06209
1.06288
1.0637
1.06454
1.0654
1.06629
1.0672
1.06814
1.0691
1.07008
1.07108
1.07211
1.07316
1.07422
1.07531
1.07641
1.07753
1.07866
1.07981
1.08097
1.08214
1.08332
1.08451
1.08571
1.08691
1.08811
1.08932
1.09053
1.09173
1.09293
1.09412
1.09531
1.09649
1.09765
1.09881
1.09995
1.10107
1.10217
1.10326
1.10432
1.10536
1.10638
1.10737
1.10833
1.10926
1.11017
1.11104
1.11187
1.11268
1.11344
1.11418
1.11487
1.11553
1.11614
1.11672
1.11726
1.11775
1.11821
1.11862
1.119
1.11933
1.11962
1.11987
1.12008
1.12025
1.12038
1.12047
1.12052
1.12054
1.12053
1.12048
1.1204
1.12029
1.12015
1.11998
1.11979
1.11958
1.11934
1.11909
1.11883
1.11855
1.11826
1.11796
1.11766
1.11735
1.11705
1.11674
1.11644
1.11615
1.11586
1.11559
1.11532
1.11507
1.11484
1.11463
1.11443
1.11425
1.1141
1.11396
1.11385
1.11376
1.11369
1.11364
1.11362
1.11362
1.11363
1.11367
1.11373
1.1138
1.11389
1.11399
1.11411
1.11424
1.11438
1.11452
1.11467
1.11482
1.11498
1.11513
1.11528
1.11543
1.11556
1.11569
1.1158
1.1159
1.11598
1.11605
1.11609
1.11612
1.11611
1.11609
1.11603
1.11595
1.11583
1.11568
1.11549
1.11527
1.11501
1.11471
1.11437
1.11398
1.11355
1.11308
1.11256
1.112
1.09964
1.09893
1.09817
1.09737
1.09651
1.09559
1.09463
1.09361
1.09255
1.09142
1.09025
1.08902
1.08774
1.0864
1.08502
1.08358
1.08208
1.08054
1.07895
1.07731
1.07562
1.07388
1.0721
1.07027
1.0684
1.0665
1.06455
1.06257
1.06056
1.05852
1.05644
1.05435
1.05223
1.0501
1.04795
1.04579
1.04362
1.04145
1.03928
1.03712
1.03496
1.03282
1.0307
1.0286
1.02653
1.0245
1.0225
1.02054
1.01862
1.01676
1.01496
1.01321
1.01153
1.00993
1.00839
1.00693
1.00556
1.00427
1.00307
1.00196
1.00095
1.00004
0.999235
0.998533
0.997938
0.997452
0.997077
0.996815
0.996665
0.996629
0.996708
0.996901
0.997207
0.997628
0.99816
0.998804
0.999558
1.00042
1.00139
1.00246
1.00363
1.00491
1.00627
1.00773
1.00928
1.01091
1.01262
1.01441
1.01628
1.01821
1.0202
1.02226
1.02437
1.02653
1.02874
1.03099
1.03327
1.03559
1.03793
1.0403
1.04269
1.04509
1.04749
1.04991
1.05232
1.05473
1.05713
1.05952
1.0619
1.06425
1.06658
1.06888
1.07115
1.07338
1.07557
1.07772
1.07982
1.08187
1.08387
1.08581
1.08769
1.0895
1.09125
1.09293
1.09453
1.09606
1.0975
1.09887
1.10015
1.10134
1.10244
1.10345
1.10437
1.10519
1.1059
1.10652
1.10703
1.10744
1.10774
1.10794
1.10802
1.10799
1.10785
1.10759
1.10722
1.10674
1.10614
1.10542
1.10459
1.10364
1.10258
1.1014
1.10011
1.09871
1.09719
1.09556
1.09382
1.09198
1.09003
1.08797
1.08582
1.08356
1.08122
1.07878
1.07625
1.07363
1.07094
1.06817
1.06533
1.06241
1.05944
1.05641
1.05332
1.05018
1.047
1.04378
1.04053
1.03725
1.03395
1.03064
1.02731
1.02399
1.02066
1.01734
1.01404
1.01075
1.00749
1.00426
1.00107
0.997924
0.994824
0.991777
0.98879
0.985866
0.98301
0.980228
0.977523
0.9749
0.972363
0.969916
0.967561
0.965303
0.963144
0.961087
0.959135
0.957289
0.955552
0.953925
0.95241
0.951007
0.949718
0.948543
0.947482
0.946534
0.945699
0.944976
0.944364
0.943863
0.943471
0.943185
0.943006
0.942929
0.942954
0.943079
0.943299
0.943614
0.944019
0.944512
0.945089
0.945748
0.946485
0.947297
0.94818
0.949131
0.950147
0.951225
0.952361
0.953553
0.954797
0.956089
0.957428
0.958809
0.96023
0.961689
0.963181
0.964705
0.966258
0.967838
0.969443
0.97107
0.972717
0.974382
0.976061
0.977754
0.979459
0.981172
0.982894
0.984621
0.986353
0.988087
0.989822
0.991556
0.993287
0.995014
0.996735
0.998448
1.00015
1.00185
1.00353
1.0052
1.00685
1.00849
1.01012
1.01172
1.0133
1.01487
1.01641
1.01793
1.01942
1.02089
1.02233
1.02375
1.02514
1.0265
1.02783
1.02913
1.0304
1.03164
1.03286
1.03404
1.03519
1.03631
1.0374
1.03846
1.0395
1.0405
1.04148
1.04244
1.04336
1.04426
1.10042
1.10127
1.10209
1.10289
1.10366
1.10441
1.10514
1.10584
1.10654
1.10721
1.10787
1.10852
1.10916
1.10979
1.11041
1.11103
1.11165
1.11226
1.11287
1.11349
1.11411
1.11474
1.11538
1.11603
1.11668
1.11735
1.11803
1.11873
1.11945
1.12018
1.12093
1.12169
1.12248
1.12329
1.12412
1.12497
1.12584
1.12674
1.12765
1.12859
1.12955
1.13053
1.13153
1.13255
1.1336
1.13466
1.13573
1.13682
1.13793
1.13905
1.14019
1.14133
1.14249
1.14365
1.14482
1.14599
1.14717
1.14835
1.14952
1.15069
1.15186
1.15301
1.15416
1.15529
1.15641
1.15751
1.1586
1.15966
1.1607
1.16171
1.16269
1.16365
1.16457
1.16546
1.16632
1.16713
1.16791
1.16865
1.16935
1.17
1.17061
1.17117
1.17169
1.17216
1.17258
1.17296
1.17328
1.17356
1.17378
1.17396
1.17409
1.17417
1.17419
1.17417
1.17411
1.17399
1.17383
1.17362
1.17337
1.17308
1.17274
1.17236
1.17194
1.17149
1.17099
1.17047
1.1699
1.16931
1.16869
1.16804
1.16736
1.16666
1.16593
1.16519
1.16442
1.16364
1.16285
1.16204
1.16122
1.16039
1.15956
1.15872
1.15788
1.15704
1.1562
1.15537
1.15454
1.15371
1.1529
1.1521
1.15132
1.15055
1.1498
1.14906
1.14835
1.14767
1.14701
1.14638
1.14577
1.1452
1.14466
1.14415
1.14368
1.14325
1.14286
1.14251
1.1422
1.14193
1.14171
1.14154
1.14141
1.14133
1.14131
1.14133
1.1414
1.14152
1.1417
1.14192
1.1422
1.14254
1.14293
1.14337
1.14387
1.14442
1.14502
1.14568
1.14639
1.14715
1.14797
1.14883
1.14975
1.15071
1.15172
1.15278
1.15389
1.15503
1.15622
1.15745
1.15871
1.16001
1.16135
1.16271
1.16411
1.16553
1.16698
1.16846
1.16995
1.17146
1.17298
1.17452
1.17607
1.17762
1.17918
1.18074
1.1823
1.18385
1.1854
1.18693
1.18846
1.18997
1.19146
1.19293
1.19438
1.1958
1.1972
1.19856
1.19989
1.20118
1.20244
1.20365
1.20482
1.20595
1.20702
1.20805
1.20903
1.20995
1.21082
1.21164
1.21239
1.21309
1.21372
1.21429
1.2148
1.21524
1.21562
1.21592
1.21616
1.21633
1.21644
1.21647
1.21643
1.21632
1.21613
1.21588
1.21555
1.21515
1.21468
1.21414
1.21353
1.21285
1.2121
1.21128
1.21038
1.20942
1.2084
1.2073
1.20614
1.20492
1.20363
1.20228
1.20087
1.19941
1.19788
1.1963
1.19467
1.19298
1.19125
1.18946
1.18763
1.18576
1.18385
1.18189
1.1799
1.17787
1.17582
1.17373
1.17162
1.16948
1.16732
1.16514
1.16294
1.16073
1.15851
1.15628
1.15404
1.1518
1.14956
1.14732
1.14509
1.14286
1.14065
1.13844
1.13625
1.13408
1.13192
1.12979
1.12768
1.1256
1.12354
1.12151
1.11952
1.11755
1.11562
1.11373
1.11187
1.11005
1.10826
1.10652
1.10482
1.10316
1.0992
1.09767
1.09617
1.09472
1.09331
1.09194
1.09062
1.08933
1.08809
1.08688
1.08572
1.08459
1.0835
1.08245
1.08143
1.08045
1.07951
1.07859
1.07771
1.07686
1.07604
1.07524
1.07448
1.07374
1.07302
1.07233
1.07167
1.07102
1.0704
1.0698
1.06921
1.06865
1.0681
1.06758
1.06706
1.06657
1.06609
1.06562
1.06517
1.06474
1.06431
1.06391
1.06351
1.06313
1.06276
1.06241
1.06207
1.06174
1.06143
1.06114
1.06086
1.06059
1.06034
1.06011
1.05989
1.0597
1.05952
1.05936
1.05921
1.0591
1.059
1.05892
1.05887
1.05884
1.05884
1.05886
1.05892
1.05899
1.0591
1.05924
1.0594
1.0596
1.05983
1.06009
1.06039
1.06072
1.06108
1.06148
1.06191
1.06238
1.06289
1.06343
1.06401
1.06463
1.06529
1.06599
1.06672
1.06749
1.0683
1.06915
1.07003
1.07095
1.07191
1.07291
1.07394
1.075
1.0761
1.07723
1.0784
1.07959
1.08082
1.08208
1.08336
1.08467
1.08601
1.08737
1.08876
1.09016
1.09159
1.09304
1.09451
1.09599
1.09748
1.09899
1.10051
1.10204
1.10358
1.10513
1.10668
1.10823
1.10979
1.11134
1.1129
1.11445
1.11599
1.11753
1.11907
1.12059
1.1221
1.1236
1.12509
1.12656
1.12802
1.12946
1.13087
1.13227
1.13364
1.13499
1.13631
1.13761
1.13888
1.14012
1.14133
1.14251
1.14365
1.14476
1.14584
1.14688
1.14788
1.14885
1.14977
1.15065
1.15149
1.15229
1.15304
1.15375
1.15442
1.15504
1.1556
1.15612
1.15659
1.15701
1.15738
1.1577
1.15797
1.15818
1.15833
1.15844
1.15849
1.15848
1.15842
1.1583
1.15812
1.15789
1.1576
1.15725
1.15685
1.15639
1.15587
1.15529
1.15465
1.15396
1.15321
1.15241
1.15154
1.15063
1.14965
1.14863
1.14755
1.14642
1.14523
1.144
1.14272
1.14139
1.14002
1.1386
1.13714
1.13564
1.1341
1.13252
1.13091
1.12926
1.12759
1.12589
1.12416
1.12241
1.12065
1.11886
1.11706
1.11525
1.11344
1.11161
1.10979
1.10797
1.10616
1.10435
1.10256
1.10078
1.09901
1.09727
1.09556
1.09388
1.09222
1.0906
1.08902
1.08747
1.08597
1.08452
1.08311
1.08175
1.08044
1.07919
1.07799
1.07684
1.07576
1.07473
1.07376
1.07284
1.07199
1.0712
1.07046
1.06978
1.06916
1.0686
1.06809
1.06764
1.06723
1.06688
1.06658
1.06632
1.06611
1.06594
1.06581
1.06572
1.06566
1.06563
1.06563
1.06567
1.06572
1.0658
1.06589
1.066
1.06613
1.06626
1.0664
1.06655
1.0667
1.06684
1.06699
1.06713
1.06727
1.0674
1.06751
1.06761
1.06769
1.06776
1.06781
1.06784
1.06784
1.06782
1.06777
1.0677
1.06759
1.06746
1.06729
1.06709
1.06686
1.06659
1.06629
1.06596
1.06558
1.06518
1.06473
1.06425
1.06373
1.06317
1.06258
1.06195
1.06129
1.06059
1.09958
1.09876
1.0979
1.097
1.09607
1.0951
1.09409
1.09306
1.09199
1.0909
1.08978
1.08864
1.08748
1.0863
1.0851
1.08389
1.08268
1.08145
1.08022
1.07899
1.07776
1.07654
1.07533
1.07413
1.07295
1.07178
1.07065
1.06954
1.06846
1.06741
1.06641
1.06545
1.06453
1.06367
1.06286
1.06211
1.06142
1.0608
1.06024
1.05975
1.05934
1.05901
1.05876
1.05859
1.0585
1.0585
1.05859
1.05877
1.05903
1.05939
1.05984
1.06039
1.06102
1.06175
1.06257
1.06348
1.06447
1.06556
1.06673
1.06798
1.06932
1.07073
1.07222
1.07379
1.07542
1.07712
1.07888
1.08069
1.08257
1.08449
1.08646
1.08847
1.09052
1.09261
1.09472
1.09686
1.09902
1.1012
1.10339
1.10559
1.10779
1.10999
1.11219
1.11439
1.11657
1.11874
1.12089
1.12302
1.12512
1.1272
1.12925
1.13127
1.13325
1.1352
1.1371
1.13897
1.14079
1.14257
1.1443
1.14598
1.14761
1.14919
1.15072
1.15219
1.15361
1.15497
1.15628
1.15752
1.15871
1.15985
1.16092
1.16193
1.16289
1.16378
1.16462
1.16539
1.1661
1.16675
1.16734
1.16787
1.16834
1.16875
1.1691
1.16939
1.16962
1.16979
1.1699
1.16995
1.16994
1.16987
1.16975
1.16956
1.16932
1.16902
1.16867
1.16826
1.16779
1.16727
1.16669
1.16607
1.16539
1.16465
1.16387
1.16304
1.16216
1.16124
1.16027
1.15925
1.1582
1.1571
1.15596
1.15478
1.15356
1.15231
1.15102
1.14971
1.14836
1.14698
1.14558
1.14416
1.14271
1.14124
1.13976
1.13826
1.13674
1.13522
1.13369
1.13215
1.1306
1.12906
1.12752
1.12598
1.12445
1.12293
1.12142
1.11993
1.11845
1.11699
1.11556
1.11415
1.11277
1.11141
1.1101
1.10881
1.10757
1.10636
1.1052
1.10409
1.10302
1.102
1.10104
1.10013
1.09927
1.09848
1.09775
1.09707
1.09647
1.09593
1.09545
1.09505
1.09471
1.09444
1.09425
1.09413
1.09408
1.0941
1.0942
1.09437
1.09462
1.09494
1.09533
1.0958
1.09634
1.09695
1.09763
1.09837
1.09919
1.10007
1.10101
1.10202
1.10308
1.1042
1.10538
1.1066
1.10788
1.10921
1.11057
1.11198
1.11343
1.11491
1.11642
1.11796
1.11952
1.1211
1.12271
1.12432
1.12595
1.12759
1.12923
1.13087
1.13251
1.13414
1.13577
1.13738
1.13898
1.14057
1.14213
1.14367
1.14519
1.14668
1.14814
1.14956
1.15095
1.15231
1.15362
1.1549
1.15613
1.15732
1.15847
1.15957
1.16062
1.16162
1.16257
1.16347
1.16432
1.16512
1.16587
1.16656
1.16719
1.16777
1.1683
1.16877
1.16919
1.16955
1.16985
1.1701
1.1703
1.17044
1.17052
1.17055
1.17052
1.17044
1.17031
1.17012
1.16988
1.16958
1.16924
1.16884
1.16839
1.16789
1.16733
1.16673
1.16608
1.16538
1.16463
1.16383
1.16298
1.16209
1.16114
1.16016
1.09945
1.09836
1.09723
1.09607
1.09488
1.09365
1.09238
1.09108
1.08975
1.08838
1.08698
1.08555
1.08409
1.08259
1.08107
1.07951
1.07793
1.07631
1.07467
1.07299
1.07129
1.06956
1.06781
1.06603
1.06422
1.06239
1.06054
1.05867
1.05678
1.05487
1.05294
1.051
1.04904
1.04707
1.04508
1.04309
1.04109
1.03908
1.03707
1.03506
1.03305
1.03104
1.02904
1.02704
1.02506
1.02308
1.02113
1.01919
1.01727
1.01537
1.01349
1.01165
1.00983
1.00804
1.00629
1.00458
1.0029
1.00126
0.99967
0.998121
0.996619
0.995164
0.99376
0.992408
0.991108
0.989863
0.988673
0.98754
0.986465
0.985449
0.984493
0.983599
0.982768
0.982001
0.981297
0.980658
0.980085
0.979578
0.97914
0.978769
0.978467
0.978235
0.978074
0.977984
0.977966
0.978021
0.97815
0.978354
0.978635
0.978993
0.979428
0.979942
0.980534
0.981207
0.981962
0.982798
0.983717
0.98472
0.985806
0.986976
0.98823
0.989569
0.990992
0.992499
0.994089
0.995762
0.997518
0.999355
1.00127
1.00327
1.00534
1.00749
1.00972
1.01201
1.01438
1.01681
1.01931
1.02187
1.02449
1.02716
1.02988
1.03266
1.03548
1.03834
1.04123
1.04416
1.04712
1.05011
1.05311
1.05614
1.05917
1.06222
1.06526
1.06831
1.07136
1.07439
1.07742
1.08042
1.08341
1.08637
1.0893
1.0922
1.09506
1.09789
1.10067
1.10341
1.1061
1.10873
1.11131
1.11384
1.1163
1.1187
1.12104
1.12331
1.12551
1.12764
1.1297
1.13168
1.13359
1.13543
1.13719
1.13887
1.14048
1.14201
1.14346
1.14483
1.14613
1.14735
1.14849
1.14956
1.15056
1.15148
1.15233
1.1531
1.15381
1.15445
1.15502
1.15552
1.15596
1.15634
1.15666
1.15692
1.15712
1.15726
1.15735
1.1574
1.15739
1.15733
1.15723
1.15709
1.1569
1.15667
1.15641
1.15611
1.15578
1.15541
1.15501
1.15458
1.15413
1.15365
1.15314
1.1526
1.15205
1.15147
1.15087
1.15025
1.14961
1.14895
1.14828
1.14759
1.14688
1.14615
1.14541
1.14465
1.14388
1.1431
1.1423
1.14149
1.14066
1.13982
1.13896
1.1381
1.13722
1.13633
1.13543
1.13451
1.13359
1.13266
1.13172
1.13077
1.12981
1.12884
1.12787
1.1269
1.12592
1.12494
1.12396
1.12298
1.12199
1.12102
1.12004
1.11907
1.11811
1.11715
1.11621
1.11527
1.11436
1.11345
1.11257
1.1117
1.11086
1.11004
1.10925
1.10848
1.10775
1.10704
1.10637
1.10573
1.10513
1.10456
1.10404
1.10355
1.10311
1.10272
1.10236
1.10206
1.1018
1.10159
1.10143
1.10132
1.10126
1.10125
1.10129
1.10139
1.10153
1.10173
1.10198
1.10228
1.10264
1.10305
1.10351
1.10402
1.10458
1.1052
1.10587
1.10658
1.10735
1.10816
1.10903
1.10994
1.1109
1.11191
1.11297
1.11406
1.11521
1.1164
1.11763
1.1189
1.12022
1.12157
1.1007
1.10216
1.10365
1.10519
1.10677
1.10838
1.11002
1.1117
1.11341
1.11515
1.11692
1.11872
1.12055
1.1224
1.12427
1.12616
1.12807
1.13
1.13195
1.1339
1.13587
1.13785
1.13983
1.14181
1.1438
1.14579
1.14777
1.14975
1.15171
1.15367
1.15561
1.15754
1.15944
1.16133
1.16318
1.16502
1.16682
1.16858
1.17031
1.17201
1.17366
1.17527
1.17683
1.17835
1.17981
1.18123
1.18259
1.18389
1.18514
1.18632
1.18744
1.1885
1.1895
1.19043
1.1913
1.19209
1.19282
1.19347
1.19406
1.19457
1.19502
1.19539
1.19569
1.19591
1.19606
1.19615
1.19616
1.1961
1.19596
1.19576
1.19549
1.19516
1.19475
1.19428
1.19375
1.19316
1.1925
1.19178
1.19101
1.19018
1.1893
1.18836
1.18738
1.18634
1.18527
1.18414
1.18298
1.18177
1.18053
1.17926
1.17795
1.17662
1.17526
1.17387
1.17246
1.17103
1.16958
1.16812
1.16664
1.16515
1.16366
1.16215
1.16064
1.15912
1.15759
1.15607
1.15454
1.15302
1.15149
1.14996
1.14843
1.14691
1.14538
1.14386
1.14233
1.14081
1.13928
1.13775
1.13623
1.13469
1.13316
1.13161
1.13006
1.12851
1.12694
1.12536
1.12377
1.12216
1.12055
1.11891
1.11726
1.11558
1.11389
1.11218
1.11044
1.10868
1.1069
1.10509
1.10326
1.10141
1.09953
1.09763
1.0957
1.09376
1.09178
1.08979
1.08778
1.08575
1.0837
1.08164
1.07956
1.07748
1.07538
1.07328
1.07118
1.06907
1.06697
1.06488
1.06279
1.06071
1.05865
1.05661
1.05459
1.0526
1.05064
1.04871
1.04682
1.04496
1.04315
1.04139
1.03968
1.03802
1.03642
1.03487
1.03339
1.03197
1.03062
1.02934
1.02812
1.02698
1.02591
1.02491
1.02399
1.02315
1.02238
1.02169
1.02107
1.02053
1.02006
1.01967
1.01935
1.0191
1.01893
1.01882
1.01878
1.01881
1.0189
1.01905
1.01925
1.01952
1.01984
1.02021
1.02063
1.02109
1.0216
1.02215
1.02274
1.02336
1.02402
1.0247
1.02541
1.02615
1.02691
1.02768
1.02848
1.02928
1.0301
1.03093
1.03177
1.03261
1.03346
1.0343
1.03515
1.036
1.03684
1.03767
1.0385
1.03933
1.04014
1.04095
1.04174
1.04252
1.04329
1.04404
1.04479
1.04551
1.04623
1.04692
1.04761
1.04828
1.04893
1.04957
1.05019
1.0508
1.0514
1.05198
1.05255
1.05311
1.05365
1.05419
1.05471
1.05522
1.05573
1.05622
1.05671
1.05719
1.05767
1.05814
1.05861
1.05908
1.05954
1.06
1.06046
1.06092
1.06137
1.06183
1.06229
1.06276
1.06322
1.06369
1.06416
1.06463
1.06511
1.06558
1.06606
1.06655
1.06703
1.06752
1.06801
1.0685
1.06898
1.06947
1.06996
1.07044
1.07092
1.07139
1.07185
1.07231
1.07276
1.0732
1.07363
1.07405
1.07445
1.07484
1.07522
1.07558
1.07592
1.07624
1.07654
1.07682
1.10009
1.1003
1.10049
1.10064
1.10077
1.10086
1.10093
1.10097
1.10097
1.10095
1.1009
1.10082
1.10072
1.10059
1.10043
1.10024
1.10003
1.0998
1.09955
1.09927
1.09897
1.09866
1.09833
1.09798
1.09762
1.09724
1.09686
1.09646
1.09606
1.09565
1.09524
1.09482
1.0944
1.09398
1.09356
1.09314
1.09273
1.09232
1.09191
1.09152
1.09113
1.09075
1.09039
1.09003
1.08969
1.08936
1.08905
1.08875
1.08847
1.08821
1.08796
1.08773
1.08752
1.08734
1.08717
1.08702
1.08689
1.08678
1.0867
1.08663
1.08659
1.08657
1.08657
1.08659
1.08664
1.08671
1.08679
1.0869
1.08703
1.08718
1.08735
1.08754
1.08775
1.08798
1.08822
1.08849
1.08877
1.08907
1.08938
1.08971
1.09005
1.0904
1.09077
1.09114
1.09153
1.09193
1.09233
1.09274
1.09316
1.09358
1.094
1.09443
1.09486
1.09528
1.09571
1.09613
1.09655
1.09696
1.09737
1.09776
1.09815
1.09853
1.09889
1.09925
1.09959
1.09991
1.10021
1.1005
1.10077
1.10102
1.10125
1.10146
1.10164
1.10181
1.10195
1.10206
1.10215
1.10221
1.10225
1.10227
1.10225
1.10221
1.10215
1.10206
1.10194
1.1018
1.10164
1.10145
1.10123
1.10099
1.10073
1.10045
1.10015
1.09983
1.09949
1.09913
1.09876
1.09837
1.09797
1.09756
1.09713
1.0967
1.09626
1.09582
1.09537
1.09492
1.09446
1.09401
1.09357
1.09312
1.09269
1.09226
1.09184
1.09144
1.09105
1.09067
1.09031
1.08997
1.08965
1.08936
1.08908
1.08883
1.08861
1.08841
1.08824
1.0881
1.08799
1.08791
1.08787
1.08785
1.08787
1.08792
1.08801
1.08813
1.08829
1.08849
1.08872
1.08898
1.08928
1.08961
1.08998
1.09038
1.09081
1.09128
1.09178
1.0923
1.09286
1.09344
1.09405
1.09468
1.09534
1.09602
1.09672
1.09744
1.09817
1.09892
1.09968
1.10046
1.10124
1.10203
1.10282
1.10362
1.10442
1.10521
1.10601
1.1068
1.10758
1.10835
1.10911
1.10985
1.11058
1.1113
1.11199
1.11266
1.11332
1.11394
1.11454
1.11512
1.11566
1.11618
1.11666
1.11711
1.11753
1.11791
1.11826
1.11857
1.11885
1.11908
1.11928
1.11944
1.11956
1.11963
1.11967
1.11967
1.11962
1.11953
1.1194
1.11923
1.11902
1.11876
1.11847
1.11813
1.11775
1.11732
1.11686
1.11636
1.11581
1.11523
1.1146
1.11394
1.11323
1.11249
1.11171
1.11089
1.11003
1.10914
1.10821
1.10725
1.10625
1.10522
1.10416
1.10306
1.10193
1.10078
1.09959
1.09838
1.09714
1.09587
1.09458
1.09326
1.09192
1.09056
1.08918
1.08778
1.08636
1.08492
1.08347
1.08201
1.08053
1.07904
1.07755
1.07605
1.07454
1.07302
1.07151
1.07
1.06848
1.06697
1.06547
1.06397
1.06248
1.06101
1.05954
1.0581
1.05667
1.05525
1.05386
1.0525
1.05116
1.04985
