-6.19541
-6.19503
-6.19476
-6.19428
-6.19361
-6.19318
-6.19255
-6.19202
-6.19145
-6.19082
-6.19014
-6.1894
-6.18847
-6.18764
-6.18675
-6.18597
-6.18483
-6.18409
-6.18285
-6.18155
-6.18021
-6.17896
-6.17766
-6.17645
-6.1749
-6.17344
-6.17163
-6.16976
-6.1683
-6.16693
-6.16491
-6.16328
-6.16161
-6.15973
-6.15795
-6.15596
-6.15377
-6.15183
-6.14968
-6.14763
-6.14522
-6.14291
-6.1404
-6.13828
-6.13581
-6.13374
-6.13116
-6.12823
-6.12539
-6.12234
-6.1197
-6.117
-6.1141
-6.11114
-6.10843
-6.10521
-6.10208
-6.09891
-6.09552
-6.09224
-6.08905
-6.08565
-6.08205
-6.07869
-6.07483
-6.07137
-6.0674
-6.06368
-6.05991
-6.05578
-6.05189
-6.04781
-6.04366
-6.03947
-6.03522
-6.03122
-6.02701
-6.02261
-6.0183
-6.01394
-6.00953
-6.00476
-6.00025
-5.99569
-5.99123
-5.98672
-5.98201
-5.97741
-5.97276
-5.96791
-5.96287
-5.95793
-5.9528
-5.94763
-5.94257
-5.93763
-5.93234
-5.92701
-5.92195
-5.91656
-5.91144
-5.90628
-5.9011
-5.89559
-5.89005
-5.88479
-5.8792
-5.8739
-5.86843
-5.86294
-5.85729
-5.85177
-5.84609
-5.84071
-5.83502
-5.82918
-5.82364
-5.81825
-5.81256
-5.80733
-5.80165
-5.79629
-5.79064
-5.78515
-5.77984
-5.77454
-5.76942
-5.76402
-5.75834
-5.75284
-5.74768
-5.7424
-5.73716
-5.73165
-5.72648
-5.72136
-5.71628
-5.71109
-5.70596
-5.70117
-5.69613
-5.69115
-5.68622
-5.68151
-5.67684
-5.6724
-5.66816
-5.66384
-5.65958
-5.65524
-5.65081
-5.6466
-5.64231
-5.63809
-5.6338
-5.63033
-5.62648
-5.62271
-5.61901
-5.61509
-5.6114
-5.60793
-5.6047
-5.60124
-5.59816
-5.59532
-5.59225
-5.58927
-5.58636
-5.58354
-5.58079
-5.57828
-5.57585
-5.5735
-5.57123
-5.56844
-5.56588
-5.56386
-5.56192
-5.55975
-5.55781
-5.55596
-5.55403
-5.55233
-5.5507
-5.549
-5.54753
-5.54598
-5.5445
-5.54325
-5.54207
-5.54096
-5.53992
-5.53895
-5.53789
-5.53675
-5.53613
-5.53558
-5.53539
-5.53496
-5.53459
-5.53398
-5.53358
-5.53323
-5.53324
-5.53301
-5.53282
-5.53269
-5.53276
-5.53257
-5.53259
-5.5328
-5.53275
-5.5329
-5.53294
-5.53301
-5.53313
-5.53344
-5.53363
-5.53401
-5.53441
-5.53486
-5.53548
-5.53613
-5.53651
-5.53722
-5.53795
-5.53825
-5.53888
-5.53938
-5.5402
-5.54105
-5.54206
-5.54278
-5.54337
-5.54412
-5.54504
-5.54597
-5.54676
-5.5474
-5.54836
-5.54917
-5.55029
-5.55126
-5.55193
-5.55276
-5.55359
-5.55456
-5.55539
-5.55622
-5.55689
-5.55785
-5.55867
-5.55947
-5.56042
-5.56136
-5.56215
-5.56292
-5.56368
-5.56458
-5.56532
-5.56605
-5.56646
-5.56716
-5.56784
-5.56865
-5.5693
-5.57009
-5.5707
-5.57114
-5.57187
-5.57243
-5.57311
-5.57363
-5.57412
-5.57474
-5.57519
-5.57562
-5.57603
-5.57656
-5.57692
-5.57755
-5.57786
-5.578
-5.57811
-5.57849
-5.57886
-5.57935
-5.57936
-5.57964
-5.57991
-5.57999
-5.5802
-5.58069
-5.58056
-5.58054
-5.58066
-5.57999
-5.57975
-5.57934
-5.57904
-5.57922
-5.57871
-5.57825
-5.57756
-5.57737
-5.5765
-5.57523
-5.57403
-5.57335
-5.57258
-5.57158
-5.57035
-5.56903
-5.56764
-5.56616
-5.56492
-5.56374
-5.56204
-5.56027
-5.55827
-5.55651
-5.55468
-5.55249
-5.55022
-5.54775
-5.54537
-5.54323
-5.54073
-5.53833
-5.53558
-5.53307
-5.53068
-5.52808
-5.52545
-5.52262
-5.5196
-5.51685
-5.51421
-5.51125
-5.50855
-5.50553
-5.50294
-5.50003
-5.49724
-5.49429
-5.49148
-5.4882
-5.48522
-5.48268
-5.47969
-5.47685
-5.474
-5.47146
-5.46817
-5.46489
-5.46177
-5.45866
-5.45601
-5.45323
-5.45046
-5.44771
-5.44513
-5.44212
-5.43959
-5.43692
-5.43428
-5.43182
-5.42894
-5.42668
-5.42355
-5.42091
-5.41829
-5.4157
-5.413
-5.41078
-5.40844
-5.40598
-5.40341
-5.40086
-5.39865
-5.39617
-5.39387
-5.3913
-5.38876
-5.3867
-5.38467
-5.38267
-5.38054
-5.37844
-5.37651
-5.37416
-5.37243
-5.37027
-5.36843
-5.36645
-5.36479
-5.363
-5.36107
-5.35901
-5.3571
-5.35535
-5.35361
-5.35172
-5.34968
-5.3478
-5.34606
-5.34417
-5.34228
-5.34038
-5.33848
-5.33672
-5.3351
-5.33286
-5.33092
-5.32881
-5.32699
-5.32454
-5.32269
-5.32051
-5.31832
-5.31611
-5.31403
-5.31177
-5.30965
-5.3075
-5.30533
-5.3033
-5.30093
-5.2987
-5.29629
-5.29386
-5.29171
-5.28939
-5.28689
-5.28438
-5.28185
-5.27914
-5.27672
-5.27414
-5.27153
-5.26892
-5.26673
-5.26394
-5.26143
-5.25876
-5.25623
-5.2537
-5.2513
-5.2486
-5.24635
-5.2441
-5.24154
-5.23898
-5.23612
-5.23342
-5.23102
-5.22832
-5.22594
-5.22326
-5.22059
-5.21793
-5.21558
-5.21295
-5.21048
-5.20788
-5.20544
-5.20273
-5.20018
-5.19781
-5.19531
-5.19283
-5.19022
-5.18794
-5.18569
-5.18332
-5.18143
-5.17927
-5.17683
-5.17473
-5.17266
-5.17062
-5.16862
-5.1668
-5.16472
-5.16283
-5.16127
-5.15961
-5.15783
-5.15609
-5.15454
-5.15273
-5.15126
-5.14969
-5.14816
-5.14682
-5.14507
-5.14352
-5.14247
-5.14116
-5.14005
-5.13929
-5.13797
-5.13655
-5.13533
-5.13415
-5.13348
-5.13255
-5.13152
-5.13069
-5.12991
-5.12918
-5.12819
-5.12711
-5.12637
-5.12553
-5.12505
-5.12461
-5.12422
-5.12403
-5.12374
-5.12334
-5.12299
-5.12253
-5.12227
-5.12221
-5.1222
-5.12222
-5.12245
-5.12271
-5.12302
-5.12292
-5.12361
-5.12389
-5.12421
-5.12457
-5.12512
-5.12556
-5.12573
-5.12594
-5.12663
-5.12691
-5.12752
-5.12832
-5.12915
-5.12955
-5.13014
-5.13091
-5.13186
-5.13254
-5.13385
-5.13503
-5.13624
-5.13717
-5.13813
-5.13911
-5.14026
-5.14114
-5.14218
-5.14325
-5.14403
-5.14484
-5.14596
-5.14711
-5.14857
-5.14975
-5.15079
-5.15185
-5.15307
-5.15416
-5.15572
-5.15729
-5.15888
-5.16002
-5.16133
-5.16279
-5.16442
-5.16576
-5.16711
-5.16862
-5.16999
-5.17121
-5.1726
-5.17399
-5.17539
-5.17695
-5.17867
-5.18009
-5.18153
-5.18281
-5.18426
-5.18541
-5.18701
-5.18848
-5.1901
-5.19127
-5.19275
-5.19439
-5.19543
-5.19693
-5.20024
-5.20208
-5.20388
-5.20578
-5.20719
-5.20856
-5.21018
-5.21161
-5.21285
-5.21404
-5.2155
-5.21691
-5.21827
-5.21929
-5.22042
-5.2215
-5.22254
-5.22353
-5.22449
-5.22509
-5.22565
-5.22631
-5.22708
-5.22796
-5.22863
-5.22896
-5.22924
-5.22962
-5.23011
-5.23054
-5.23122
-5.23171
-5.23093
-5.23101
-5.23149
-5.23176
-5.23168
-5.2317
-5.23166
-5.23172
-5.23127
-5.23106
-5.2308
-5.23019
-5.22996
-5.22938
-5.22905
-5.22835
-5.22775
-5.22694
-5.22623
-5.22531
-5.22433
-5.22375
-5.22265
-5.22181
-5.22106
-5.21981
-5.21835
-5.21714
-5.21558
-5.21441
-5.2132
-5.21178
-5.21047
-5.2085
-5.20694
-5.20518
-5.20352
-5.20198
-5.19993
-5.19814
-5.19631
-5.19429
-5.19238
-5.19028
-5.18814
-5.18596
-5.1839
-5.1818
-5.17997
-5.1781
-5.17606
-5.17383
-5.17172
-5.16943
-5.16696
-5.16492
-5.16285
-5.16061
-5.1582
-5.15592
-5.15362
-5.15115
-5.14852
-5.14617
-5.14352
-5.14116
-5.13849
-5.13642
-5.13375
-5.13093
-5.12857
-5.12592
-5.12343
-5.1208
-5.11835
-5.11606
-5.11319
-5.11065
-5.10799
-5.10567
-5.10323
-5.10128
-5.09876
-5.0966
-5.09387
-5.0918
-5.09022
-5.0884
-5.08663
-5.08507
-5.08326
-5.08136
-5.07936
-5.07787
-5.0763
-5.07508
-5.07377
-5.07253
-5.07104
-5.06991
-5.06884
-5.06768
-5.06689
-5.066
-5.06502
-5.0641
-5.06324
-5.06228
-5.06169
-5.06056
-5.06009
-5.05952
-5.05872
-5.05843
-5.05821
-5.05804
-5.05779
-5.05791
-5.0581
-5.05775
-5.05778
-5.05757
-5.05775
-5.05754
-5.05772
-5.05827
-5.05876
-5.05949
-5.06029
-5.06074
-5.06172
-5.06249
-5.06366
-5.06492
-5.06596
-5.06726
-5.06864
-5.07042
-5.07199
-5.07365
-5.07555
-5.07785
-5.07978
-5.08195
-5.08374
-5.08607
-5.08833
-5.09067
-5.09277
-5.0954
-5.09779
-5.10054
-5.10289
-5.10576
-5.10882
-5.11162
-5.11461
-5.11763
-5.12054
-5.12331
-5.12626
-5.12876
-5.13158
-5.1347
-5.13767
-5.14094
-5.1439
-5.14684
-5.14976
-5.15251
-5.15568
-5.15898
-5.16193
-5.16516
-5.16758
-5.17041
-5.17335
-5.17593
-5.17846
-5.18108
-5.18365
-5.18615
-5.18844
-5.19097
-5.19297
-5.19492
-5.19694
-5.19889
-5.20062
-5.20258
-5.20402
-5.20553
-5.20743
-5.2091
-5.21069
-5.21192
-5.21322
-5.21429
-5.21515
-5.21593
-5.21694
-5.21788
-5.21875
-5.2197
-5.22043
-5.22124
-5.22169
-5.22237
-5.22268
-5.22338
-5.22372
-5.22415
-5.22451
-5.22467
-5.22522
-5.22541
-5.22525
-5.22518
-5.22506
-5.22489
-5.22467
-5.22456
-5.22365
-5.22314
-5.22275
-5.22247
-5.222
-5.22164
-5.22111
-5.22069
-5.22024
-5.21976
-5.21911
-5.21844
-5.2179
-5.21704
-5.21632
-5.21529
-5.2141
-5.21351
-5.21322
-5.21263
-5.21205
-5.21132
-5.21076
-5.21021
-5.20998
-5.20933
-5.20885
-5.20825
-5.20783
-5.2073
-5.20696
-5.20666
-5.20626
-5.20591
-5.20546
-5.20508
-5.2049
-5.20493
-5.20503
-5.20519
-5.20528
-5.20543
-5.20565
-5.20564
-5.20586
-5.20646
-5.20803
-5.20854
-5.20929
-5.21071
-5.2116
-5.21271
-5.21344
-5.21498
-5.21599
-5.21722
-5.2188
-5.21983
-5.22076
-5.22235
-5.22352
-5.22489
-5.22629
-5.22772
-5.22933
-5.23096
-5.23276
-5.23442
-5.23608
-5.2376
-5.23911
-5.24061
-5.24225
-5.24388
-5.24518
-5.2466
-5.24845
-5.24981
-5.25114
-5.25256
-5.2538
-5.25513
-5.25626
-5.25718
-5.25819
-5.2596
-5.26079
-5.26206
-5.26266
-5.26349
-5.26394
-5.26462
-5.26538
-5.2656
-5.26621
-5.26658
-5.26673
-5.26695
-5.26678
-5.26685
-5.26668
-5.26674
-5.26672
-5.26603
-5.26572
-5.26548
-5.26487
-5.26434
-5.2639
-5.26323
-5.26266
-5.26126
-5.26057
-5.25891
-5.25749
-5.25633
-5.25541
-5.2543
-5.25268
-5.25163
-5.25083
-5.24955
-5.24823
-5.24687
-5.24533
-5.24422
-5.24278
-5.24147
-5.24014
-5.23863
-5.23681
-5.23483
-5.23328
-5.23188
-5.23017
-5.2286
-5.22703
-5.22561
-5.22464
-5.22291
-5.22149
-5.22008
-5.21851
-5.2171
-5.21585
-5.2143
-5.21275
-5.21121
-5.20952
-5.20798
-5.2063
-5.20477
-5.20324
-5.20155
-5.20002
-5.19863
-5.19694
-5.19553
-5.19382
-5.19224
-5.19049
-5.18933
-5.18754
-5.18573
-5.18389
-5.18202
-5.18027
-5.17848
-5.1765
-5.17493
-5.17301
-5.17104
-5.16871
-5.16694
-5.1648
-5.1626
-5.16019
-5.15816
-5.15561
-5.15299
-5.15045
-5.14783
-5.14514
-5.14237
-5.13937
-5.13645
-5.13314
-5.12991
-5.12674
-5.12365
-5.12048
-5.11708
-5.11345
-5.10975
-5.10598
-5.10229
-5.09838
-5.09426
-5.09038
-5.08689
-5.08275
-5.07871
-5.07432
-5.0705
-5.06679
-5.0623
-5.05824
-5.05385
-5.04976
-5.0455
-5.04124
-5.03683
-5.03273
-5.0285
-5.02429
-5.01995
-5.01579
-5.01213
-5.00806
-5.00403
-5.00007
-4.99616
-4.99247
-4.9884
-4.9847
-4.98109
-4.97711
-4.97352
-4.96987
-4.96678
-4.96363
-4.9603
-4.95722
-4.95456
-4.95172
-4.94914
-4.94654
-4.94422
-4.94218
-4.93967
-4.93759
-4.93611
-4.93461
-4.93326
-4.9319
-4.93068
-4.92961
-4.92869
-4.92762
-4.92715
-4.92683
-4.92651
-4.92634
-4.92648
-4.92661
-4.9269
-4.92704
-4.92748
-4.92806
-4.9288
-4.92983
-4.93055
-4.93202
-4.93362
-4.93552
-4.93724
-4.9391
-4.94108
-4.94319
-4.94526
-4.94745
-4.9502
-4.9529
-4.9554
-4.95769
-4.96053
-4.9633
-4.9663
-4.96937
-4.97251
-4.97556
-4.97913
-4.98259
-4.98594
-4.98949
-4.99306
-4.99652
-5
-5.00349
-5.007
-5.01036
-5.01387
-5.01754
-5.02104
-5.02468
-5.02831
-5.03192
-5.0355
-5.03875
-5.04242
-5.04576
-5.04906
-5.05246
-5.05583
-5.0593
-5.06257
-5.06564
-5.06866
-5.07224
-5.07515
-5.07801
-5.08051
-5.0831
-5.08564
-5.08827
-5.09084
-5.09351
-5.09581
-5.09821
-5.1007
-5.10283
-5.10521
-5.10723
-5.1092
-5.11111
-5.11282
-5.11493
-5.11653
-5.11824
-5.1202
-5.1221
-5.12397
-5.12593
-5.1277
-5.12882
-5.13005
-5.13169
-5.13299
-5.13424
-5.13531
-5.13679
-5.13808
-5.13933
-5.14054
-5.14156
-5.1427
-5.14456
-5.14546
-5.14616
-5.14681
-5.14758
-5.1483
-5.14959
-5.15007
-5.15082
-5.15153
-5.15219
-5.15282
-5.15324
-5.15378
-5.15442
-5.15487
-5.15543
-5.15534
-5.15581
-5.15609
-5.15708
-5.15712
-5.15711
-5.15721
-5.15726
-5.15712
-5.15678
-5.15655
-5.15672
-5.15655
-5.15663
-5.15636
-5.15635
-5.15599
-5.15574
-5.15544
-5.15509
-5.15469
-5.1544
-5.15362
-5.15324
-5.15251
-5.15158
-5.15076
-5.15035
-5.14929
-5.14849
-5.14734
-5.14661
-5.14553
-5.1444
-5.14308
-5.14203
-5.14093
-5.1398
-5.13863
-5.13727
-5.13602
-5.13459
-5.13342
-5.13177
-5.12993
-5.12822
-5.12617
-5.12485
-5.12319
-5.12166
-5.11996
-5.11838
-5.11647
-5.11439
-5.1126
-5.11093
-5.10895
-5.10755
-5.10539
-5.10352
-5.10178
-5.10004
-5.09814
-5.09623
-5.09416
-5.09224
-5.08987
-5.08779
-5.08572
-5.0838
-5.08173
-5.07996
-5.0779
-5.07599
-5.07424
-5.07234
-5.0706
-5.06857
-5.06654
-5.06436
-5.06235
-5.06109
-5.05924
-5.0574
-5.05541
-5.05327
-5.05144
-5.04992
-5.04779
-5.04612
-5.04446
-5.04249
-5.04112
-5.03976
-5.03794
-5.03626
-5.03443
-5.03275
-5.03076
-5.02892
-5.02721
-5.02535
-5.02348
-5.02176
-5.02002
-5.01798
-5.01622
-5.01431
-5.01224
-5.01046
-5.00822
-5.00627
-5.00417
-5.00191
-4.99995
-4.99798
-4.99601
-4.99389
-4.99176
-4.98979
-4.98767
-4.98571
-4.9839
-4.9821
-4.98031
-4.97823
-4.97646
-4.97487
-4.97299
-4.97098
-4.96929
-4.96748
-4.9654
-4.9638
-4.96223
-4.9607
-4.95906
-4.9576
-4.95605
-4.95408
-4.95247
-4.95136
-4.95
-4.9487
-4.94776
-4.94628
-4.94502
-4.94412
-4.94329
-4.94223
-4.9414
-4.94049
-4.9398
-4.9392
-4.93867
-4.93808
-4.93771
-4.93744
-4.9371
-4.93699
-4.93713
-4.93735
-4.93752
-4.93777
-4.93811
-4.93855
-4.93907
-4.93968
-4.94023
-4.94132
-4.9422
-4.94241
-4.94376
-4.9449
-4.94612
-4.94757
-4.94865
-4.95026
-4.95179
-4.95339
-4.95506
-4.95695
-4.95891
-4.96077
-4.96254
-4.96481
-4.96699
-4.96936
-4.97163
-4.97378
-4.97612
-4.97833
-4.98058
-4.983
-4.98528
-4.98743
-4.98945
-4.99192
-4.99439
-4.99641
-4.99857
-5.00103
-5.00318
-5.0053
-5.00756
-5.00964
-5.01185
-5.01402
-5.01617
-5.01827
-5.02004
-5.02176
-5.02359
-5.02568
-5.02772
-5.02971
-5.0318
-5.03353
-5.03491
-5.03654
-5.03796
-5.03948
-5.04078
-5.04234
-5.04354
-5.04453
-5.04592
-5.04726
-5.04839
-5.04962
-5.05096
-5.05194
-5.05348
-5.05437
-5.05537
-5.05603
-5.05664
-5.05723
-5.05778
-5.05829
-5.05924
-5.06001
-5.0606
-5.06118
-5.06158
-5.06198
-5.06252
-5.06304
-5.06342
-5.06409
-5.06491
-5.06544
-5.06597
-5.06651
-5.0663
-5.06686
-5.06744
-5.06789
-5.06851
-5.06899
-5.06965
-5.07049
-5.07135
-5.07194
-5.07301
-5.07381
-5.07418
-5.07519
-5.07593
-5.0773
-5.0784
-5.07969
-5.08085
-5.08174
-5.08267
-5.08362
-5.08476
-5.08592
-5.08711
-5.08833
-5.08927
-5.09069
-5.09182
-5.09401
-5.09538
-5.09661
-5.09815
-5.0997
-5.1014
-5.10251
-5.10347
-5.1052
-5.10647
-5.10789
-5.10931
-5.11073
-5.11215
-5.11312
-5.11529
-5.1167
-5.11795
-5.11935
-5.12073
-5.12212
-5.12349
-5.12455
-5.12591
-5.12741
-5.12889
-5.12992
-5.13108
-5.13239
-5.13384
-5.13527
-5.13669
-5.13825
-5.1395
-5.14088
-5.14225
-5.14345
-5.14433
-5.14535
-5.14635
-5.14763
-5.14859
-5.14938
-5.15075
-5.15194
-5.15281
-5.15395
-5.1546
-5.15538
-5.15628
-5.15759
-5.15841
-5.1592
-5.15979
-5.16049
-5.16114
-5.16129
-5.16215
-5.16266
-5.16312
-5.16352
-5.16416
-5.16445
-5.16482
-5.16453
-5.16479
-5.16467
-5.16449
-5.16501
-5.16485
-5.16477
-5.16448
-5.16411
-5.16338
-5.16303
-5.16246
-5.16182
-5.16127
-5.16034
-5.1595
-5.15859
-5.15762
-5.15643
-5.15533
-5.15417
-5.15324
-5.15166
-5.15047
-5.14907
-5.14777
-5.14611
-5.14471
-5.14325
-5.14175
-5.1399
-5.13846
-5.13667
-5.13469
-5.13267
-5.13092
-5.12928
-5.127
-5.12499
-5.12294
-5.12087
-5.11846
-5.11663
-5.11447
-5.11182
-5.10961
-5.10722
-5.1051
-5.10251
-5.10004
-5.09861
-5.09641
-5.09388
-5.09147
-5.0892
-5.08675
-5.08459
-5.08225
-5.07989
-5.07752
-5.07497
-5.07225
-5.06981
-5.06705
-5.06412
-5.06133
-5.05867
-5.05614
-5.05344
-5.05073
-5.04815
-5.04481
-5.04205
-5.03944
-5.03652
-5.03359
-5.03065
-5.0277
-5.02505
-5.02256
-5.01991
-5.01756
-5.01432
-5.01199
-5.00906
-5.00615
-5.0034
-5.00036
-4.99749
-4.99465
-4.99138
-4.98843
-4.98597
-4.98338
-4.98082
-4.978
-4.97537
-4.97307
-4.97052
-4.968
-4.96583
-4.96371
-4.96133
-4.95915
-4.95717
-4.95478
-4.95275
-4.95091
-4.94883
-4.94695
-4.94512
-4.94319
-4.94146
-4.93993
-4.93845
-4.93673
-4.93535
-4.93387
-4.93228
-4.9309
-4.9294
-4.92826
-4.927
-4.92549
-4.92447
-4.92303
-4.92194
-4.92088
-4.91986
-4.91902
-4.91792
-4.9173
-4.91656
-4.91585
-4.91487
-4.91467
-4.91374
-4.91299
-4.91271
-4.91186
-4.91103
-4.91053
-4.90945
-4.90884
-4.90826
-4.90769
-4.9073
-4.90694
-4.90644
-4.90642
-4.90612
-4.906
-4.90545
-4.90492
-4.90517
-4.90469
-4.90424
-4.90382
-4.90372
-4.90335
-4.90317
-4.90332
-4.90289
-4.9025
-4.9026
-4.90258
-4.90275
-4.90281
-4.9026
-4.90274
-4.90307
-4.90358
-4.90354
-4.90339
-4.90388
-4.90457
-4.905
-4.90563
-4.90615
-4.90717
-4.90748
-4.90814
-4.90884
-4.90959
-4.91023
-4.91107
-4.9121
-4.91333
-4.91444
-4.9156
-4.91635
-4.91729
-4.91856
-4.91972
-4.92092
-4.92231
-4.92342
-4.92456
-4.92558
-4.92678
-4.9283
-4.92969
-4.93111
-4.93269
-4.93429
-4.93575
-4.93737
-4.9387
-4.94019
-4.94138
-4.94257
-4.94391
-4.94524
-4.94657
-4.9479
-4.94951
-4.95111
-4.95255
-4.95397
-4.95537
-4.95691
-4.95842
-4.95976
-4.96107
-4.9622
-4.96346
-4.9647
-4.9656
-4.96722
-4.96821
-4.96872
-4.96965
-4.97071
-4.97188
-4.97302
-4.97444
-4.97612
-4.97702
-4.97773
-4.97884
-4.97962
-4.98036
-4.98121
-4.98188
-4.98252
-4.98313
-4.98341
-4.98367
-4.98422
-4.98459
-4.98525
-4.98575
-4.98609
-4.98643
-4.98722
-4.98772
-4.98806
-4.98872
-4.98909
-4.98977
-4.99048
-4.9909
-4.99149
-4.99181
-4.99246
-4.99344
-4.9943
-4.99535
-4.99628
-4.99695
-4.99811
-4.999
-4.99993
-5.00059
-5.00175
-5.0028
-5.00358
-5.00485
-5.0057
-5.00689
-5.00811
-5.00936
-5.01049
-5.01179
-5.01312
-5.01447
-5.01584
-5.01723
-5.01832
-5.01973
-5.02115
-5.02242
-5.02414
-5.02556
-5.02712
-5.02852
-5.02991
-5.03144
-5.0325
-5.03399
-5.03515
-5.03644
-5.03755
-5.03878
-5.03997
-5.04112
-5.04209
-5.04316
-5.04419
-5.04503
-5.04551
-5.04639
-5.04723
-5.04801
-5.04844
-5.04881
-5.04943
-5.04984
-5.05004
-5.05109
-5.05133
-5.05151
-5.05208
-5.05229
-5.0526
-5.0527
-5.05274
-5.05273
-5.0525
-5.05208
-5.0519
-5.05182
-5.05138
-5.05135
-5.05082
-5.05039
-5.04992
-5.04895
-5.04855
-5.0475
-5.04701
-5.04634
-5.04564
-5.04505
-5.04413
-5.04302
-5.04265
-5.0418
-5.04062
-5.03957
-5.03866
-5.03802
-5.03722
-5.03641
-5.03558
-5.03504
-5.03419
-5.03317
-5.032
-5.03141
-5.03037
-5.02902
-5.02766
-5.0266
-5.02537
-5.02399
-5.02276
-5.02151
-5.0204
-5.01929
-5.01801
-5.01718
-5.01603
-5.01517
-5.01399
-5.0128
-5.01159
-5.01037
-5.00913
-5.00771
-5.00643
-5.00542
-5.00394
-5.00213
-5.0009
-4.99935
-4.99806
-4.9966
-4.99511
-4.99375
-4.99266
-4.99108
-4.98948
-4.98771
-4.9862
-4.98437
-4.98282
-4.98109
-4.97934
-4.97741
-4.97562
-4.97382
-4.97199
-4.97016
-4.96861
-4.96691
-4.96505
-4.96318
-4.96117
-4.959
-4.95684
-4.95469
-4.95255
-4.95103
-4.94922
-4.94727
-4.94535
-4.9436
-4.94218
-4.94064
-4.93867
-4.93704
-4.93529
-4.93373
-4.93282
-4.93134
-4.92975
-4.92836
-4.92717
-4.92557
-4.92432
-4.92328
-4.92213
-4.9218
-4.92061
-4.91948
-4.91841
-4.91785
-4.91704
-4.9163
-4.91546
-4.91484
-4.91413
-4.91333
-4.9129
-4.91238
-4.91177
-4.91213
-4.9118
-4.91184
-4.91195
-4.91182
-4.9116
-4.91174
-4.91195
-4.91207
-4.91256
-4.91296
-4.91326
-4.91363
-4.9142
-4.91453
-4.91522
-4.91566
-4.91631
-4.91761
-4.91867
-4.91992
-4.92122
-4.92212
-4.92321
-4.92435
-4.92598
-4.92719
-4.9286
-4.92974
-4.93137
-4.93258
-4.93412
-4.93584
-4.93729
-4.93861
-4.93995
-4.94162
-4.94316
-4.94472
-4.94644
-4.94818
-4.94979
-4.9517
-4.95348
-4.95542
-4.95691
-4.95871
-4.96036
-4.96231
-4.96396
-4.96561
-4.9674
-4.96904
-4.97052
-4.97199
-4.97359
-4.97549
-4.97722
-4.97847
-4.97956
-4.98108
-4.98242
-4.98419
-4.98562
-4.98718
-4.98871
-4.9899
-4.99135
-4.99262
-4.994
-4.99488
-4.99602
-4.99727
-4.99846
-4.99946
-5.00056
-5.00145
-5.00274
-5.00353
-5.00411
-5.00493
-5.00554
-5.00609
-5.00674
-5.00716
-5.00768
-5.00783
-5.00807
-5.00825
-5.00872
-5.00916
-5.00879
-5.00867
-5.00864
-5.00826
-5.00797
-5.00732
-5.00678
-5.00633
-5.00598
-5.00558
-5.00482
-5.00403
-5.00348
-5.00275
-5.00197
-5.0013
-5.00059
-4.99954
-4.99875
-4.99794
-4.99694
-4.99651
-4.99546
-4.99437
-4.99311
-4.99183
-4.99037
-4.98935
-4.98847
-4.98696
-4.98605
-4.98467
-4.98388
-4.98249
-4.98123
-4.98043
-4.97917
-4.97791
-4.97695
-4.97553
-4.97428
-4.97303
-4.97178
-4.9707
-4.96948
-4.96872
-4.96752
-4.96604
-4.96488
-4.96374
-4.96278
-4.96139
-4.96048
-4.9596
-4.9586
-4.95734
-4.95627
-4.95538
-4.95469
-4.9539
-4.95345
-4.95291
-4.95257
-4.95198
-4.95146
-4.95099
-4.95059
-4.95026
-4.94969
-4.94949
-4.94952
-4.94978
-4.95011
-4.94992
-4.95041
-4.95053
-4.95104
-4.95163
-4.95199
-4.9529
-4.95374
-4.95435
-4.95535
-4.95613
-4.95714
-4.95823
-4.95939
-4.96047
-4.96193
-4.96331
-4.96445
-4.9661
-4.96767
-4.96944
-4.97081
-4.97253
-4.974
-4.97595
-4.97765
-4.97952
-4.98127
-4.98319
-4.98497
-4.98707
-4.98903
-4.99099
-4.9931
-4.99505
-4.99669
-4.99832
-5.00008
-5.00228
-5.00399
-5.00567
-5.00762
-5.00969
-5.01141
-5.0134
-5.01503
-5.01647
-5.01801
-5.01935
-5.02063
-5.02201
-5.02348
-5.02489
-5.02565
-5.02694
-5.02803
-5.02876
-5.03003
-5.0308
-5.03166
-5.03246
-5.03305
-5.0336
-5.03424
-5.03453
-5.03523
-5.03558
-5.03619
-5.03646
-5.03684
-5.03733
-5.03749
-5.03762
-5.03757
-5.0378
-5.038
-5.03818
-5.03805
-5.03835
-5.03833
-5.03831
-5.03857
-5.03853
-5.03863
-5.03872
-5.03911
-5.0392
-5.03944
-5.03922
-5.0393
-5.03938
-5.03975
-5.03968
-5.03945
-5.03936
-5.03927
-5.03918
-5.03938
-5.03928
-5.03901
-5.03934
-5.03935
-5.0398
-5.03964
-5.03946
-5.03957
-5.03951
-5.03928
-5.03933
-5.03906
-5.03907
-5.03891
-5.03872
-5.03837
-5.03814
-5.03803
-5.03761
-5.03715
-5.03638
-5.03634
-5.03583
-5.03529
-5.03474
-5.03417
-5.03389
-5.03344
-5.03268
-5.03205
-5.03142
-5.03093
-5.03044
-5.03009
-5.02974
-5.02924
-5.02859
-5.0278
-5.02716
-5.02654
-5.02623
-5.02563
-5.02474
-5.02432
-5.02423
-5.0237
-5.0235
-5.02317
-5.02302
-5.02289
-5.02264
-5.02243
-5.02209
-5.02208
-5.02226
-5.02217
-5.02196
-5.02208
-5.02255
-5.02259
-5.02282
-5.02308
-5.02323
-5.02326
-5.02377
-5.02402
-5.02429
-5.0246
-5.02494
-5.02485
-5.0254
-5.02597
-5.02612
-5.02629
-5.02709
-5.02761
-5.0283
-5.02872
-5.02915
-5.02945
-5.03007
-5.03055
-5.0312
-5.03232
-5.03285
-5.03354
-5.03424
-5.0348
-5.03537
-5.0361
-5.03668
-5.03758
-5.03833
-5.03894
-5.03986
-5.04048
-5.0411
-5.04174
-5.04207
-5.04302
-5.04398
-5.04479
-5.04561
-5.04643
-5.04741
-5.04809
-5.04894
-5.04979
-5.0508
-5.05137
-5.05224
-5.05297
-5.05387
-5.05447
-5.05523
-5.05614
-5.05707
-5.05831
-5.05926
-5.06006
-5.06087
-5.06184
-5.06267
-5.06395
-5.06494
-5.06563
-5.06633
-5.06834
-5.06933
-5.07048
-5.07164
-5.07265
-5.07367
-5.07499
-5.07601
-5.07627
-5.07758
-5.07874
-5.07989
-5.08118
-5.08246
-5.08297
-5.08406
-5.08498
-5.08588
-5.0869
-5.08804
-5.08901
-5.08963
-5.09022
-5.09092
-5.09159
-5.09235
-5.09293
-5.09345
-5.09408
-5.09465
-5.09487
-5.09488
-5.09543
-5.09547
-5.09576
-5.09583
-5.09568
-5.09547
-5.09534
-5.09514
-5.09488
-5.09485
-5.09444
-5.09427
-5.09402
-5.09324
-5.09225
-5.09148
-5.09063
-5.09002
-5.08903
-5.08811
-5.08697
-5.08591
-5.08447
-5.08326
-5.08198
-5.08033
-5.07891
-5.07697
-5.07541
-5.07349
-5.07166
-5.06992
-5.06797
-5.06611
-5.06421
-5.06195
-5.0598
-5.05746
-5.05538
-5.05297
-5.05038
-5.04807
-5.0462
-5.04356
-5.04121
-5.03872
-5.03668
-5.03481
-5.03251
-5.03007
-5.02783
-5.02547
-5.02346
-5.0215
-5.01976
-5.01792
-5.01617
-5.01434
-5.01259
-5.01094
-5.00923
-5.00762
-5.00628
-5.00534
-5.00423
-5.00338
-5.00251
-5.00176
-5.00114
-5.00065
-5.00029
-5.00006
-4.99982
-5.00001
-5.00018
-5.00033
-5.00045
-5.00085
-5.00183
-5.00277
-5.00384
-5.00501
-5.00614
-5.00752
-5.00886
-5.01028
-5.0124
-5.01431
-5.01614
-5.01759
-5.01956
-5.0216
-5.02369
-5.02599
-5.02803
-5.03012
-5.03195
-5.03411
-5.03645
-5.03807
-5.04046
-5.04256
-5.04498
-5.04726
-5.04939
-5.05153
-5.05382
-5.0561
-5.05837
-5.06064
-5.0626
-5.06499
-5.06737
-5.06928
-5.07146
-5.07393
-5.07607
-5.07818
-5.08011
-5.08232
-5.08448
-5.08647
-5.08841
-5.09032
-5.09233
-5.09415
-5.09593
-5.09766
-5.09934
-5.10097
-5.1024
-5.10423
-5.10585
-5.1071
-5.10845
-5.10974
-5.11065
-5.11181
-5.11274
-5.1136
-5.11409
-5.11481
-5.1156
-5.11617
-5.1168
-5.11751
-5.11799
-5.11868
-5.11884
-5.11923
-5.11907
-5.11913
-5.11911
-5.11901
-5.11868
-5.11856
-5.11791
-5.11704
-5.11654
-5.11596
-5.11516
-5.11429
-5.11334
-5.11249
-5.11187
-5.11088
-5.10939
-5.10814
-5.107
-5.10595
-5.10516
-5.10373
-5.10226
-5.10046
-5.09907
-5.09782
-5.09638
-5.09493
-5.09377
-5.09244
-5.09096
-5.08947
-5.08813
-5.08665
-5.08502
-5.08324
-5.08164
-5.07975
-5.07818
-5.07679
-5.07557
-5.07439
-5.07308
-5.07181
-5.07028
-5.06923
-5.06823
-5.06727
-5.06621
-5.0652
-5.06408
-5.06317
-5.0623
-5.0615
-5.06075
-5.06005
-5.05972
-5.05884
-5.05848
-5.05803
-5.05795
-5.05762
-5.05736
-5.05717
-5.05674
-5.05668
-5.05683
-5.0569
-5.05705
-5.0574
-5.05798
-5.05817
-5.05843
-5.05875
-5.05899
-5.05945
-5.06012
-5.06101
-5.06151
-5.06252
-5.0633
-5.06428
-5.06562
-5.06672
-5.06758
-5.06879
-5.06975
-5.07121
-5.07302
-5.07458
-5.07573
-5.07721
-5.07904
-5.08106
-5.0825
-5.08428
-5.08593
-5.0876
-5.08929
-5.09115
-5.09287
-5.0946
-5.09634
-5.09823
-5.10012
-5.10185
-5.10358
-5.10545
-5.1073
-5.10929
-5.1108
-5.11229
-5.11376
-5.11564
-5.11719
-5.11886
-5.12034
-5.12239
-5.12514
-5.12643
-5.12783
-5.12889
-5.13036
-5.13132
-5.13209
-5.13372
-5.1347
-5.13593
-5.13666
-5.13779
-5.13872
-5.13945
-5.13998
-5.1406
-5.14118
-5.1417
-5.14203
-5.14245
-5.14268
-5.14285
-5.14298
-5.14337
-5.14341
-5.14356
-5.14321
-5.14312
-5.1433
-5.14328
-5.14308
-5.14269
-5.14303
-5.14288
-5.14254
-5.14324
-5.14316
-5.1429
-5.14262
-5.14201
-5.14169
-5.1415
-5.14129
-5.14092
-5.14038
-5.13983
-5.13927
-5.1387
-5.13798
-5.13769
-5.1371
-5.13666
-5.13621
-5.13576
-5.135
-5.13424
-5.13347
-5.13301
-5.1324
-5.13223
-5.13222
-5.1316
-5.13098
-5.13051
-5.13004
-5.12941
-5.12893
-5.12845
-5.1278
-5.12746
-5.12725
-5.12674
-5.12651
-5.12583
-5.12513
-5.12471
-5.12428
-5.12384
-5.12322
-5.12273
-5.12207
-5.12153
-5.12097
-5.12023
-5.11961
-5.11896
-5.11797
-5.1174
-5.11634
-5.11524
-5.11395
-5.11308
-5.112
-5.11089
-5.10942
-5.1082
-5.10663
-5.10517
-5.1041
-5.10268
-5.10105
-5.09981
-5.09837
-5.09657
-5.09485
-5.09293
-5.0911
-5.0892
-5.0874
-5.08538
-5.0833
-5.0807
-5.07835
-5.07608
-5.07375
-5.0712
-5.0689
-5.06654
-5.06411
-5.06132
-5.05863
-5.05557
-5.05246
-5.04944
-5.04652
-5.04339
-5.04021
-5.03683
-5.0337
-5.03022
-5.02685
-5.02328
-5.01982
-5.01632
-5.01323
-5.00995
-5.0068
-5.00331
-4.99979
-4.99639
-4.99297
-4.98938
-4.98562
-4.98199
-4.97834
-4.97469
-4.97117
-4.9675
-4.96383
-4.96
-4.95678
-4.95296
-4.94915
-4.9452
-4.94171
-4.93825
-4.9348
-4.93108
-4.92738
-4.92402
-4.92023
-4.91649
-4.91323
-4.91018
-4.90671
-4.90345
-4.90009
-4.89694
-4.89386
-4.89114
-4.88864
-4.88577
-4.88297
-4.87994
-4.87716
-4.87431
-4.87215
-4.86964
-4.86738
-4.86506
-4.86315
-4.86135
-4.85936
-4.85779
-4.85618
-4.85469
-4.85317
-4.85193
-4.85081
-4.84967
-4.84911
-4.84838
-4.84809
-4.84763
-4.8473
-4.84711
-4.8472
-4.84758
-4.84779
-4.84814
-4.84831
-4.84908
-4.84982
-4.85069
-4.85184
-4.85296
-4.85436
-4.85587
-4.85736
-4.85881
-4.85991
-4.86158
-4.86335
-4.86552
-4.86749
-4.86925
-4.87201
-4.87424
-4.87686
-4.87925
-4.88186
-4.88424
-4.88729
-4.8901
-4.89326
-4.89602
-4.89882
-4.90213
-4.90501
-4.90808
-4.91119
-4.91416
-4.91716
-4.92017
-4.9235
-4.92655
-4.92975
-4.93295
-4.9363
-4.93951
-4.943
-4.94634
-4.94966
-4.95252
-4.95551
-4.95863
-4.96142
-4.96479
-4.96814
-4.9713
-4.97412
-4.97676
-4.97981
-4.98267
-4.98533
-4.9881
-4.99067
-4.99319
-4.99595
-4.99821
-5.00057
-5.00317
-5.00586
-5.00788
-5.00999
-5.01204
-5.01386
-5.01592
-5.01776
-5.01997
-5.02197
-5.02373
-5.02542
-5.02718
-5.02901
-5.03061
-5.03167
-5.03296
-5.03355
-5.03436
-5.03539
-5.03664
-5.03734
-5.03811
-5.03879
-5.03923
-5.03974
-5.04016
-5.04019
-5.04074
-5.04105
-5.04067
-5.04081
-5.04072
-5.04039
-5.04029
-5.03981
-5.0394
-5.03891
-5.03851
-5.03703
-5.03625
-5.03523
-5.03414
-5.03314
-5.03207
-5.03108
-5.02974
-5.0288
-5.02736
-5.02618
-5.0248
-5.02324
-5.02181
-5.0202
-5.01887
-5.01708
-5.01543
-5.01363
-5.01213
-5.01065
-5.00872
-5.00742
-5.00584
-5.00429
-5.00277
-5.001
-4.99957
-4.99849
-4.99716
-4.99603
-4.99497
-4.99397
-4.99303
-4.99187
-4.99153
-4.99096
-4.99077
-4.99005
-4.98927
-4.98901
-4.98883
-4.98859
-4.98857
-4.98834
-4.98848
-4.98871
-4.98872
-4.98895
-4.98927
-4.98966
-4.98997
-4.99082
-4.99128
-4.99226
-4.99317
-4.99384
-4.99489
-4.99584
-4.99686
-4.99795
-4.99954
-5.0009
-5.00201
-5.00364
-5.00502
-5.00675
-5.00824
-5.00993
-5.01183
-5.01362
-5.01532
-5.01722
-5.01916
-5.02101
-5.02275
-5.02469
-5.02712
-5.02885
-5.03108
-5.03335
-5.03552
-5.03773
-5.04028
-5.04273
-5.04491
-5.04759
-5.04985
-5.05231
-5.05464
-5.05702
-5.05958
-5.06217
-5.06479
-5.0676
-5.07028
-5.07313
-5.07541
-5.07816
-5.08123
-5.08402
-5.08667
-5.08933
-5.09275
-5.09573
-5.09871
-5.10153
-5.1042
-5.1067
-5.10935
-5.11243
-5.11534
-5.11838
-5.12124
-5.12377
-5.12656
-5.129
-5.13141
-5.13406
-5.13667
-5.13906
-5.14155
-5.14367
-5.14588
-5.14801
-5.14992
-5.15175
-5.15366
-5.15532
-5.15691
-5.15855
-5.15995
-5.16111
-5.16233
-5.1636
-5.16477
-5.166
-5.16698
-5.16816
-5.16909
-5.16962
-5.1702
-5.17099
-5.17137
-5.17167
-5.17202
-5.17227
-5.17229
-5.17206
-5.1719
-5.17151
-5.17118
-5.17063
-5.17045
-5.1696
-5.16868
-5.16785
-5.1671
-5.16645
-5.16558
-5.16467
-5.1637
-5.16253
-5.16132
-5.16021
-5.15907
-5.15788
-5.15636
-5.1548
-5.15351
-5.15203
-5.15083
-5.14944
-5.14787
-5.14658
-5.1451
-5.14359
-5.1422
-5.14077
-5.13887
-5.13738
-5.136
-5.13429
-5.13253
-5.13074
-5.1289
-5.12687
-5.12525
-5.12343
-5.12155
-5.11948
-5.1175
-5.11532
-5.11323
-5.11123
-5.10842
-5.10615
-5.10352
-5.10068
-5.09792
-5.09555
-5.09266
-5.09001
-5.08684
-5.0839
-5.0809
-5.07769
-5.07456
-5.07137
-5.06797
-5.06451
-5.06099
-5.05757
-5.05394
-5.05026
-5.04654
-5.04307
-5.03941
-5.03587
-5.03244
-5.02867
-5.02473
-5.02077
-5.01709
-5.01339
-5.00938
-5.00567
-5.0018
-4.99779
-4.99409
-4.99055
-4.98657
-4.98277
-4.97884
-4.97494
-4.97153
-4.96786
-4.96439
-4.96082
-4.95745
-4.95399
-4.95045
-4.94743
-4.94433
-4.94116
-4.93792
-4.93492
-4.93232
-4.92951
-4.92635
-4.92329
-4.92095
-4.91872
-4.91646
-4.91448
-4.91262
-4.91074
-4.90839
-4.90679
-4.90532
-4.90401
-4.90329
-4.90212
-4.90126
-4.90071
-4.90001
-4.89948
-4.89896
-4.89875
-4.89887
-4.89915
-4.8996
-4.90037
-4.90147
-4.90242
-4.90325
-4.90469
-4.90615
-4.90776
-4.90939
-4.91117
-4.91326
-4.9155
-4.91789
-4.92011
-4.92278
-4.92543
-4.9285
-4.9314
-4.93426
-4.93738
-4.94091
-4.94438
-4.94795
-4.95159
-4.95532
-4.95912
-4.96283
-4.96674
-4.97101
-4.97921
-4.98366
-4.98781
-4.99242
-4.99643
-5.00103
-5.00516
-5.00897
-5.01305
-5.01695
-5.02111
-5.02522
-5.02913
-5.03268
-5.03678
-5.0405
-5.04385
-5.04743
-5.05077
-5.05418
-5.05735
-5.06088
-5.06416
-5.0672
-5.07027
-5.07325
-5.07642
-5.07902
-5.08152
-5.0842
-5.08647
-5.08862
-5.09065
-5.09257
-5.09437
-5.09605
-5.09731
-5.09891
-5.10009
-5.1013
-5.10241
-5.10325
-5.10399
-5.10461
-5.10484
-5.10526
-5.10544
-5.10628
-5.10657
-5.10663
-5.1069
-5.1071
-5.10676
-5.1065
-5.10633
-5.10625
-5.10595
-5.1053
-5.10506
-5.10461
-5.10428
-5.10391
-5.10351
-5.10277
-5.10247
-5.10154
-5.1009
-5.09994
-5.09912
-5.09845
-5.09778
-5.09695
-5.09613
-5.09546
-5.0951
-5.09446
-5.09382
-5.09304
-5.09198
-5.0914
-5.09083
-5.09013
-5.08929
-5.08863
-5.08815
-5.08768
-5.08709
-5.08636
-5.08597
-5.08605
-5.0857
-5.08552
-5.08537
-5.08508
-5.08497
-5.08473
-5.08466
-5.08461
-5.08488
-5.08487
-5.08472
-5.08428
-5.08417
-5.08437
-5.08443
-5.08435
-5.08444
-5.08438
-5.08419
-5.0843
-5.08442
-5.0844
-5.08453
-5.08452
-5.08421
-5.08391
-5.08406
-5.08421
-5.08406
-5.08392
-5.08393
-5.08393
-5.08409
-5.0844
-5.08441
-5.08442
-5.08442
-5.08473
-5.08489
-5.08504
-5.08489
-5.08474
-5.0846
-5.0846
-5.08475
-5.0846
-5.0846
-5.08475
-5.08476
-5.08476
-5.08492
-5.08463
-5.0848
-5.08481
-5.08484
-5.08486
-5.08504
-5.08478
-5.08482
-5.08472
-5.08463
-5.0847
-5.08492
-5.08546
-5.08525
-5.08566
-5.08577
-5.0859
-5.08634
-5.08649
-5.08651
-5.08684
-5.08749
-5.08739
-5.08762
-5.08801
-5.08842
-5.08885
-5.08929
-5.08945
-5.08963
-5.09013
-5.09005
-5.09058
-5.09099
-5.09142
-5.09217
-5.09249
-5.09298
-5.09334
-5.09372
-5.09443
-5.09501
-5.09546
-5.09593
-5.09643
-5.09695
-5.09764
-5.09821
-5.09895
-5.09972
-5.10066
-5.10147
-5.10216
-5.10302
-5.1039
-5.10465
-5.10588
-5.10668
-5.1078
-5.10849
-5.10935
-5.11068
-5.11219
-5.11325
-5.11418
-5.11528
-5.1161
-5.11737
-5.11806
-5.11906
-5.12022
-5.12154
-5.12286
-5.12359
-5.12432
-5.12596
-5.12699
-5.12833
-5.12936
-5.13084
-5.13231
-5.13333
-5.13463
-5.13578
-5.13691
-5.13818
-5.13898
-5.14022
-5.14144
-5.14248
-5.14381
-5.14466
-5.14564
-5.14644
-5.14722
-5.14827
-5.14929
-5.14983
-5.15079
-5.15187
-5.15292
-5.15364
-5.15447
-5.15512
-5.15619
-5.15677
-5.15716
-5.15766
-5.15783
-5.15826
-5.15866
-5.15886
-5.15933
-5.15991
-5.16001
-5.16021
-5.16023
-5.16036
-5.1603
-5.16006
-5.16023
-5.15975
-5.16
-5.15975
-5.15977
-5.15945
-5.1591
-5.15885
-5.15842
-5.1581
-5.15775
-5.15736
-5.15708
-5.15677
-5.15642
-5.15604
-5.15562
-5.15501
-5.15437
-5.1537
-5.15283
-5.15194
-5.15101
-5.1502
-5.1495
-5.14862
-5.14741
-5.14631
-5.14549
-5.14448
-5.14359
-5.14297
-5.14188
-5.14075
-5.13974
-5.13841
-5.13765
-5.13626
-5.135
-5.13241
-5.13115
-5.13004
-5.12878
-5.12751
-5.12625
-5.12469
-5.12298
-5.12189
-5.12049
-5.11941
-5.11803
-5.11697
-5.11562
-5.11428
-5.11341
-5.11225
-5.11126
-5.1106
-5.1098
-5.10858
-5.10738
-5.10666
-5.10582
-5.10485
-5.10377
-5.10272
-5.10216
-5.10119
-5.10055
-5.09981
-5.09941
-5.0989
-5.09813
-5.09741
-5.09689
-5.09672
-5.0963
-5.09593
-5.09561
-5.09565
-5.0953
-5.09515
-5.0952
-5.09472
-5.09459
-5.09452
-5.09451
-5.09472
-5.09498
-5.09546
-5.09554
-5.09583
-5.09649
-5.09705
-5.09782
-5.09895
-5.09999
-5.10062
-5.10162
-5.10236
-5.10346
-5.10445
-5.10519
-5.10613
-5.10726
-5.10843
-5.11009
-5.11134
-5.11247
-5.11348
-5.11512
-5.11664
-5.11787
-5.11913
-5.12055
-5.12199
-5.1236
-5.1249
-5.12637
-5.12783
-5.12914
-5.1306
-5.13191
-5.13335
-5.13508
-5.13665
-5.13805
-5.13928
-5.14064
-5.14198
-5.14329
-5.14442
-5.14552
-5.14689
-5.14808
-5.14924
-5.1502
-5.15113
-5.15248
-5.15349
-5.15491
-5.15584
-5.15704
-5.15774
-5.15901
-5.15978
-5.16067
-5.16091
-5.16157
-5.16235
-5.16309
-5.16333
-5.16385
-5.16418
-5.16432
-5.16459
-5.16513
-5.16578
-5.16626
-5.16656
-5.16669
-5.16709
-5.16716
-5.16722
-5.16725
-5.16741
-5.16756
-5.16768
-5.16764
-5.16758
-5.1672
-5.16711
-5.16716
-5.1675
-5.16768
-5.16769
-5.16754
-5.16753
-5.16751
-5.16747
-5.16744
-5.16739
-5.16748
-5.16726
-5.16719
-5.1671
-5.16716
-5.16736
-5.16741
-5.16729
-5.16717
-5.16689
-5.16675
-5.1666
-5.1666
-5.16629
-5.16642
-5.16624
-5.16605
-5.16571
-5.16551
-5.16529
-5.16492
-5.16469
-5.16446
-5.16451
-5.1644
-5.16398
-5.16385
-5.16386
-5.16386
-5.16339
-5.16291
-5.16257
-5.16236
-5.16199
-5.16175
-5.16119
-5.16077
-5.16033
-5.15987
-5.15955
-5.15905
-5.15853
-5.158
-5.15728
-5.15701
-5.1561
-5.15532
-5.15497
-5.15429
-5.15374
-5.15332
-5.15287
-5.1524
-5.15159
-5.15061
-5.14946
-5.14842
-5.14736
-5.14643
-5.14562
-5.14479
-5.14378
-5.1429
-5.14214
-5.14106
-5.14011
-5.13898
-5.13798
-5.13666
-5.13563
-5.13487
-5.13365
-5.13256
-5.13116
-5.13004
-5.12876
-5.12747
-5.12571
-5.12425
-5.12293
-5.12146
-5.12013
-5.1188
-5.11792
-5.11629
-5.11481
-5.11363
-5.11245
-5.11098
-5.10966
-5.10836
-5.10721
-5.10592
-5.10479
-5.10337
-5.10211
-5.10057
-5.09934
-5.09843
-5.09784
-5.09652
-5.09521
-5.09376
-5.09264
-5.09154
-5.09046
-5.0897
-5.08851
-5.08809
-5.08709
-5.08611
-5.085
-5.08405
-5.08328
-5.08238
-5.0815
-5.08063
-5.07977
-5.07879
-5.07797
-5.07731
-5.07667
-5.07589
-5.07511
-5.0739
-5.07285
-5.0721
-5.07167
-5.07094
-5.07021
-5.06948
-5.06846
-5.06773
-5.06716
-5.06628
-5.06555
-5.06496
-5.06392
-5.06301
-5.06225
-5.06149
-5.06071
-5.05992
-5.05927
-5.0583
-5.05747
-5.05663
-5.05563
-5.05491
-5.05387
-5.05298
-5.05192
-5.05099
-5.0502
-5.04984
-5.04872
-5.04774
-5.04648
-5.04541
-5.04432
-5.04305
-5.04175
-5.04043
-5.03908
-5.03787
-5.03633
-5.03522
-5.03334
-5.03204
-5.03102
-5.02953
-5.02833
-5.02682
-5.02528
-5.02374
-5.02233
-5.02107
-5.01964
-5.01821
-5.01677
-5.01517
-5.01341
-5.01196
-5.0105
-5.00889
-5.00727
-5.00581
-5.00465
-5.00319
-5.00174
-5.00044
-4.99899
-4.99725
-4.99537
-4.99394
-4.99238
-4.99113
-4.98989
-4.98867
-4.98715
-4.98595
-4.98417
-4.98285
-4.98171
-4.98058
-4.97947
-4.97838
-4.97716
-4.97596
-4.97448
-4.97333
-4.97205
-4.97095
-4.97032
-4.96927
-4.9684
-4.96725
-4.96598
-4.9649
-4.96429
-4.96342
-4.96258
-4.96161
-4.96083
-4.96039
-4.95983
-4.95915
-4.95866
-4.95775
-4.95717
-4.95649
-4.95583
-4.95522
-4.95509
-4.95485
-4.9545
-4.95418
-4.95375
-4.95335
-4.95298
-4.95281
-4.95266
-4.9524
-4.95248
-4.95259
-4.95258
-4.95245
-4.95265
-4.95258
-4.95254
-4.95298
-4.9536
-4.95333
-4.9537
-4.95378
-4.95404
-4.95387
-4.95402
-4.95434
-4.95482
-4.95502
-4.95524
-4.95577
-4.95631
-4.95657
-4.95713
-4.95755
-4.95783
-4.95812
-4.95857
-4.95947
-4.95993
-4.96024
-4.96071
-4.96103
-4.9612
-4.96183
-4.96201
-4.96279
-4.96328
-4.96363
-4.96412
-4.96493
-4.96559
-4.96595
-4.96631
-4.96669
-4.96707
-4.96777
-4.96817
-4.96874
-4.96932
-4.96991
-4.97052
-4.97115
-4.97195
-4.97291
-4.97329
-4.974
-4.97473
-4.97534
-4.97613
-4.97709
-4.97808
-4.97896
-4.97986
-4.98064
-4.98192
-4.98307
-4.98396
-4.98473
-4.986
-4.98684
-4.98788
-4.98925
-4.99021
-4.99165
-4.99299
-4.99435
-4.99561
-4.99705
-4.99867
-5.00018
-5.00172
-5.00344
-5.00504
-5.00682
-5.00847
-5.00969
-5.0114
-5.01342
-5.01516
-5.01722
-5.01869
-5.02047
-5.02212
-5.02467
-5.02633
-5.02814
-5.02979
-5.0316
-5.03325
-5.03534
-5.03727
-5.03904
-5.04079
-5.04252
-5.04438
-5.04606
-5.04787
-5.0495
-5.05125
-5.05281
-5.05418
-5.05552
-5.05726
-5.05881
-5.06001
-5.06162
-5.06288
-5.06378
-5.06493
-5.06603
-5.06677
-5.0679
-5.06883
-5.0697
-5.07035
-5.07079
-5.07132
-5.07195
-5.07266
-5.07285
-5.07314
-5.07336
-5.07352
-5.07347
-5.07367
-5.07366
-5.07374
-5.07331
-5.07314
-5.07306
-5.07294
-5.07278
-5.07257
-5.07247
-5.07203
-5.07186
-5.07181
-5.07114
-5.07089
-5.07032
-5.07019
-5.07004
-5.06989
-5.06973
-5.06897
-5.06852
-5.06822
-5.06793
-5.0675
-5.06723
-5.06684
-5.06616
-5.06627
-5.06594
-5.0658
-5.06554
-5.0653
-5.0651
-5.06508
-5.06494
-5.06484
-5.06492
-5.06489
-5.06519
-5.06551
-5.06527
-5.06565
-5.06561
-5.0653
-5.06545
-5.06548
-5.06567
-5.06527
-5.06564
-5.06571
-5.06579
-5.06587
-5.06595
-5.06633
-5.06654
-5.06675
-5.06694
-5.06711
-5.06726
-5.06738
-5.06748
-5.06785
-5.06788
-5.06818
-5.06829
-5.06806
-5.06808
-5.0679
-5.06738
-5.06695
-5.06646
-5.06607
-5.06577
-5.06526
-5.06468
-5.06434
-5.06378
-5.06316
-5.06201
-5.06024
-5.05918
-5.05804
-5.05683
-5.05539
-5.05417
-5.05258
-5.05105
-5.04975
-5.04807
-5.0463
-5.04431
-5.04269
-5.04069
-5.03891
-5.03675
-5.03481
-5.03265
-5.03026
-5.02765
-5.02511
-5.0225
-5.01923
-5.01604
-5.01339
-5.01053
-5.00791
-5.00509
-5.00192
-4.99855
-4.9956
-4.9926
-4.98913
-4.98608
-4.98285
-4.97961
-4.97636
-4.97311
-4.96985
-4.96645
-4.96337
-4.96031
-4.95713
-4.95398
-4.95088
-4.94797
-4.94497
-4.94203
-4.93916
-4.93637
-4.93381
-4.9312
-4.92868
-4.92641
-4.92411
-4.92192
-4.91986
-4.91777
-4.91582
-4.91416
-4.9128
-4.91144
-4.91022
-4.90947
-4.90873
-4.90785
-4.90744
-4.90689
-4.90637
-4.90662
-4.90673
-4.90733
-4.90779
-4.90857
-4.90922
-4.91018
-4.91177
-4.91336
-4.91481
-4.91642
-4.91818
-4.92009
-4.92229
-4.92433
-4.92695
-4.92925
-4.93182
-4.93451
-4.93685
-4.9396
-4.94229
-4.94552
-4.94869
-4.95223
-4.95569
-4.95877
-4.96204
-4.96552
-4.96934
-4.97289
-4.97647
-4.97992
-4.98398
-4.98715
-4.99077
-4.99408
-4.99738
-5.00082
-5.00453
-5.00761
-5.01125
-5.015
-5.01841
-5.02191
-5.02504
-5.02827
-5.03188
-5.03495
-5.0378
-5.04086
-5.04368
-5.0464
-5.04917
-5.05153
-5.05379
-5.05592
-5.0581
-5.06029
-5.06267
-5.06416
-5.06581
-5.06717
-5.0687
-5.06977
-5.0707
-5.07117
-5.07179
-5.0724
-5.07316
-5.07344
-5.07342
-5.07352
-5.07361
-5.07293
-5.07268
-5.0718
-5.0709
-5.07028
-5.06873
-5.06731
-5.06572
-5.06365
-5.06171
-5.0596
-5.05718
-5.05458
-5.05228
-5.04936
-5.04673
-5.04395
-5.04087
-5.03734
-5.03367
-5.02985
-5.02606
-5.02229
-5.0178
-5.01349
-5.00938
-5.00501
-5.00039
-4.99599
-4.99136
-4.98666
-4.98189
-4.97721
-4.97263
-4.96757
-4.96262
-4.95749
-4.95205
-4.94706
-4.94222
-4.93709
-4.93198
-4.9272
-4.92231
-4.91762
-4.91283
-4.90811
-4.90361
-4.89949
-4.89471
-4.89032
-4.88619
-4.88217
-4.87766
-4.87372
-4.86992
-4.8664
-4.86317
-4.85978
-4.85624
-4.85331
-4.85068
-4.84776
-4.84515
-4.84286
-4.84044
-4.83834
-4.83655
-4.83449
-4.83275
-4.83132
-4.83007
-4.82899
-4.82807
-4.82732
-4.82673
-4.8263
-4.82603
-4.82562
-4.8252
-4.82539
-4.82542
-4.82604
-4.8268
-4.82754
-4.82886
-4.82954
-4.83065
-4.83172
-4.83319
-4.83432
-4.83584
-4.83716
-4.83901
-4.8408
-4.84282
-4.84461
-4.84661
-4.84884
-4.85142
-4.85346
-4.85585
-4.85768
-4.86016
-4.86193
-4.86418
-4.86693
-4.86925
-4.87174
-4.87457
-4.87695
-4.87966
-4.88238
-4.88466
-4.8871
-4.8894
-4.89185
-4.8943
-4.89705
-4.89965
-4.90209
-4.90467
-4.90724
-4.90965
-4.91234
-4.91486
-4.91722
-4.91955
-4.92201
-4.92429
-4.92654
-4.92922
-4.93142
-4.93388
-4.93631
-4.9387
-4.94075
-4.94261
-4.94428
-4.94652
-4.94856
-4.9504
-4.95221
-4.95427
-4.95628
-4.95825
-4.95987
-4.96145
-4.96343
-4.96507
-4.96696
-4.96867
-4.96972
-4.97119
-4.97277
-4.97446
-4.97581
-4.97872
-4.97984
-4.98077
-4.98167
-4.98252
-4.98334
-4.98459
-4.98565
-4.98654
-4.9874
-4.98854
-4.98951
-4.99047
-4.99172
-4.99265
-4.99358
-4.9945
-4.99572
-4.99649
-4.99742
-4.99835
-4.9993
-5.00085
-5.00213
-5.00326
-5.00457
-5.00574
-5.00694
-5.00771
-5.0088
-5.00993
-5.01108
-5.01211
-5.01332
-5.01487
-5.01599
-5.01745
-5.01865
-5.02002
-5.02128
-5.02256
-5.02449
-5.02599
-5.02722
-5.02848
-5.02977
-5.03153
-5.03257
-5.03408
-5.03561
-5.03746
-5.03858
-5.04031
-5.04236
-5.04426
-5.04587
-5.04763
-5.04955
-5.05146
-5.05352
-5.05542
-5.05716
-5.05888
-5.06073
-5.06256
-5.06481
-5.06659
-5.06818
-5.06959
-5.07111
-5.07243
-5.07387
-5.07525
-5.07659
-5.07772
-5.07909
-5.08011
-5.08152
-5.08271
-5.084
-5.08491
-5.08546
-5.08608
-5.08664
-5.08727
-5.08798
-5.08862
-5.08903
-5.08952
-5.09009
-5.08998
-5.0901
-5.09014
-5.09011
-5.09016
-5.08999
-5.08959
-5.08928
-5.08891
-5.08846
-5.08795
-5.08769
-5.08706
-5.08698
-5.08655
-5.08591
-5.08521
-5.08402
-5.08324
-5.08241
-5.08155
-5.0805
-5.07956
-5.07814
-5.07714
-5.07597
-5.07478
-5.07341
-5.07203
-5.07064
-5.06879
-5.06753
-5.06627
-5.06501
-5.0636
-5.06234
-5.0611
-5.05987
-5.05895
-5.0579
-5.05687
-5.05587
-5.05505
-5.0541
-5.05303
-5.0517
-5.05056
-5.04976
-5.04901
-5.048
-5.04719
-5.04643
-5.04588
-5.04508
-5.04449
-5.04441
-5.0438
-5.04355
-5.04338
-5.04296
-5.04307
-5.04326
-5.04322
-5.0437
-5.04396
-5.04429
-5.04425
-5.04414
-5.04441
-5.04491
-5.0455
-5.04631
-5.04706
-5.04788
-5.04864
-5.04947
-5.05039
-5.05168
-5.05276
-5.05451
-5.05573
-5.05703
-5.05885
-5.06058
-5.06209
-5.06381
-5.06574
-5.06743
-5.06918
-5.07128
-5.07283
-5.07473
-5.07682
-5.07881
-5.08098
-5.08304
-5.08528
-5.08739
-5.08953
-5.09183
-5.094
-5.09603
-5.09792
-5.10026
-5.10305
-5.10553
-5.10755
-5.11001
-5.11244
-5.11471
-5.1168
-5.1187
-5.12103
-5.12301
-5.1251
-5.12699
-5.12883
-5.13077
-5.13326
-5.13493
-5.13699
-5.13867
-5.14059
-5.14214
-5.14376
-5.14514
-5.1463
-5.14752
-5.1485
-5.14954
-5.15049
-5.1515
-5.15226
-5.15277
-5.15363
-5.1541
-5.15415
-5.15456
-5.15456
-5.15461
-5.1547
-5.15453
-5.15441
-5.15373
-5.15309
-5.15219
-5.15088
-5.14977
-5.1487
-5.14783
-5.1467
-5.14546
-5.14428
-5.14269
-5.14129
-5.13965
-5.13791
-5.13623
-5.13399
-5.13182
-5.12986
-5.12796
-5.12582
-5.12315
-5.121
-5.11847
-5.11602
-5.11319
-5.1103
-5.10749
-5.10477
-5.10214
-5.0993
-5.09626
-5.09318
-5.0899
-5.08703
-5.08367
-5.08088
-5.07776
-5.07416
-5.07085
-5.06752
-5.06372
-5.06051
-5.05715
-5.05409
-5.05043
-5.04693
-5.04374
-5.04026
-5.03696
-5.03382
-5.03041
-5.02688
-5.02353
-5.02051
-5.01709
-5.014
-5.01096
-5.00797
-5.00517
-5.00227
-4.99928
-4.99694
-4.99406
-4.99154
-4.98907
-4.98637
-4.98388
-4.97938
-4.97753
-4.97559
-4.97357
-4.97145
-4.96925
-4.96711
-4.96518
-4.96317
-4.96121
-4.95931
-4.95732
-4.95583
-4.95425
-4.95258
-4.95141
-4.94999
-4.94862
-4.94729
-4.94632
-4.94524
-4.94405
-4.9429
-4.94194
-4.94087
-4.93984
-4.93899
-4.93787
-4.93709
-4.93588
-4.93501
-4.93431
-4.93364
-4.93285
-4.93193
-4.93104
-4.93031
-4.92932
-4.92864
-4.92783
-4.92705
-4.92659
-4.92569
-4.92497
-4.92427
-4.92389
-4.92308
-4.92289
-4.92243
-4.92183
-4.92111
-4.92071
-4.92034
-4.92029
-4.92012
-4.91982
-4.9197
-4.91931
-4.9191
-4.91862
-4.91832
-4.91881
-4.91888
-4.91884
-4.91884
-4.91888
-4.91895
-4.91907
-4.91923
-4.91928
-4.91968
-4.92013
-4.92048
-4.92087
-4.92131
-4.92195
-4.92235
-4.92279
-4.92344
-4.924
-4.92461
-4.92557
-4.9263
-4.92692
-4.92791
-4.92865
-4.9299
-4.93121
-4.93228
-4.9334
-4.93457
-4.93595
-4.93769
-4.93994
-4.94133
-4.94293
-4.94488
-4.94673
-4.94848
-4.95027
-4.95181
-4.95369
-4.95562
-4.95759
-4.95944
-4.96149
-4.96372
-4.96477
-4.96676
-4.96893
-4.97083
-4.9732
-4.9756
-4.97786
-4.98059
-4.98274
-4.9852
-4.98736
-4.98954
-4.99202
-4.99405
-4.99639
-4.99902
-5.00135
-5.00352
-5.00613
-5.00812
-5.01056
-5.01313
-5.01539
-5.01762
-5.01983
-5.02216
-5.02431
-5.02629
-5.02853
-5.03029
-5.03201
-5.034
-5.0364
-5.038
-5.04001
-5.04183
-5.04375
-5.04546
-5.04683
-5.04844
-5.04985
-5.0515
-5.05295
-5.05433
-5.05551
-5.05646
-5.05751
-5.05879
-5.06001
-5.06086
-5.06163
-5.06233
-5.06311
-5.06397
-5.0646
-5.06515
-5.06578
-5.06618
-5.06649
-5.06643
-5.06643
-5.06636
-5.0662
-5.06565
-5.06562
-5.06551
-5.06501
-5.06442
-5.06405
-5.06314
-5.0626
-5.06167
-5.0608
-5.05985
-5.05881
-5.05754
-5.05648
-5.05503
-5.05366
-5.05235
-5.05066
-5.04889
-5.04719
-5.04557
-5.04357
-5.0418
-5.03981
-5.0379
-5.03592
-5.03403
-5.03178
-5.02931
-5.0268
-5.02423
-5.02206
-5.01955
-5.01685
-5.01381
-5.01164
-5.00914
-5.00631
-5.00331
-5.0009
-4.99802
-4.99544
-4.99255
-4.98937
-4.9865
-4.98379
-4.98109
-4.97872
-4.97578
-4.97317
-4.9709
-4.96868
-4.96619
-4.96376
-4.96139
-4.95907
-4.95667
-4.95449
-4.95237
-4.95018
-4.94822
-4.94634
-4.94454
-4.94252
-4.94089
-4.9395
-4.93819
-4.93698
-4.93555
-4.9342
-4.9334
-4.93239
-4.93146
-4.93061
-4.92985
-4.92871
-4.92811
-4.92758
-4.92697
-4.92613
-4.92597
-4.92586
-4.92567
-4.92538
-4.92514
-4.92495
-4.92465
-4.925
-4.92539
-4.9255
-4.92564
-4.92566
-4.92584
-4.9265
-4.92671
-4.92693
-4.92655
-4.92677
-4.92699
-4.92736
-4.92741
-4.9276
-4.92762
-4.92822
-4.92835
-4.9283
-4.92792
-4.92766
-4.92797
-4.92778
-4.92771
-4.9276
-4.92714
-4.92694
-4.92669
-4.92594
-4.92529
-4.92504
-4.92459
-4.92408
-4.92322
-4.92246
-4.92164
-4.92062
-4.91999
-4.91916
-4.91827
-4.91748
-4.91633
-4.91543
-4.91333
-4.91225
-4.91066
-4.90947
-4.90791
-4.90646
-4.9051
-4.90355
-4.9021
-4.90031
-4.89848
-4.89692
-4.89518
-4.89371
-4.89237
-4.89041
-4.88873
-4.88689
-4.88475
-4.8829
-4.88106
-4.87938
-4.87786
-4.87576
-4.87398
-4.87224
-4.87068
-4.86917
-4.8674
-4.86583
-4.86463
-4.86349
-4.86242
-4.86142
-4.86021
-4.85878
-4.8579
-4.85726
-4.85658
-4.85585
-4.85508
-4.85428
-4.8539
-4.85395
-4.85412
-4.85397
-4.8541
-4.85437
-4.85447
-4.855
-4.85568
-4.85619
-4.85684
-4.85794
-4.85916
-4.86068
-4.86217
-4.8638
-4.86586
-4.86819
-4.87065
-4.87277
-4.87501
-4.87765
-4.8804
-4.88295
-4.88514
-4.88802
-4.89083
-4.89371
-4.89652
-4.89953
-4.90276
-4.90604
-4.90906
-4.91272
-4.91596
-4.91923
-4.92267
-4.92596
-4.92927
-4.93288
-4.93618
-4.93932
-4.94289
-4.94615
-4.94937
-4.95287
-4.95618
-4.95915
-4.96207
-4.96525
-4.96822
-4.97159
-4.97491
-4.9774
-4.97998
-4.98295
-4.9854
-4.98807
-4.99067
-4.99288
-4.99517
-4.99738
-4.99966
-5.00186
-5.00367
-5.00554
-5.00748
-5.00917
-5.01093
-5.01215
-5.01358
-5.01523
-5.01678
-5.01764
-5.01901
-5.02029
-5.02148
-5.02227
-5.02283
-5.02329
-5.02336
-5.02379
-5.02414
-5.02409
-5.02425
-5.02448
-5.02401
-5.02391
-5.02387
-5.02359
-5.02278
-5.02233
-5.0218
-5.02103
-5.02033
-5.02
-5.01899
-5.0182
-5.01733
-5.01638
-5.01536
-5.01442
-5.0131
-5.01141
-5.00965
-5.00798
-5.00639
-5.00444
-5.00288
-5.00096
-4.99914
-4.99726
-4.99533
-4.99351
-4.99149
-4.98927
-4.98702
-4.98473
-4.98255
-4.98096
-4.97873
-4.97663
-4.97391
-4.97147
-4.96932
-4.96717
-4.96515
-4.96284
-4.96038
-4.95792
-4.95562
-4.95334
-4.95077
-4.94853
-4.94631
-4.94413
-4.94213
-4.94016
-4.93809
-4.93606
-4.93393
-4.93231
-4.93045
-4.92849
-4.92675
-4.92507
-4.92332
-4.92179
-4.92019
-4.91838
-4.91664
-4.91545
-4.9142
-4.91334
-4.91243
-4.91177
-4.91045
-4.91
-4.90949
-4.90924
-4.90895
-4.90892
-4.90884
-4.90873
-4.90873
-4.90914
-4.90966
-4.91044
-4.91103
-4.91188
-4.91254
-4.91315
-4.91432
-4.91559
-4.91696
-4.91874
-4.92
-4.92181
-4.92341
-4.92479
-4.92655
-4.92824
-4.92986
-4.93169
-4.93329
-4.93555
-4.93802
-4.94024
-4.94251
-4.94497
-4.94747
-4.95
-4.9521
-4.95452
-4.95696
-4.95957
-4.96188
-4.96449
-4.9671
-4.9694
-4.97169
-4.97411
-4.97667
-4.97919
-4.98139
-4.98385
-4.98613
-4.98866
-4.9907
-4.99284
-4.99508
-4.99711
-4.99908
-5.00099
-5.00345
-5.00478
-5.0065
-5.00769
-5.00927
-5.01077
-5.01235
-5.01356
-5.01468
-5.01603
-5.01729
-5.01803
-5.01943
-5.02016
-5.02079
-5.0218
-5.02228
-5.02282
-5.02358
-5.0238
-5.02424
-5.02445
-5.02458
-5.02462
-5.02458
-5.02416
-5.02396
-5.02353
-5.02346
-5.02363
-5.02296
-5.02251
-5.02183
-5.02123
-5.02025
-5.01935
-5.01837
-5.01732
-5.01604
-5.01499
-5.01372
-5.01253
-5.01097
-5.00979
-5.00707
-5.00559
-5.00405
-5.00231
-5.00022
-4.99822
-4.99647
-4.99482
-4.99282
-4.99077
-4.98868
-4.98653
-4.98434
-4.98209
-4.9795
-4.97717
-4.97479
-4.97237
-4.97005
-4.96754
-4.96499
-4.96255
-4.95991
-4.95724
-4.95453
-4.95194
-4.94886
-4.94621
-4.94291
-4.9402
-4.93716
-4.93439
-4.93145
-4.92865
-4.92597
-4.92283
-4.91983
-4.91682
-4.91351
-4.91079
-4.90762
-4.90461
-4.90161
-4.89861
-4.89548
-4.89237
-4.88943
-4.88652
-4.88349
-4.8808
-4.87814
-4.87521
-4.87234
-4.86966
-4.86688
-4.86446
-4.86225
-4.86009
-4.85755
-4.85523
-4.85343
-4.85155
-4.84914
-4.84741
-4.84546
-4.84375
-4.84181
-4.84041
-4.83865
-4.83697
-4.83554
-4.8342
-4.83295
-4.83195
-4.83075
-4.82949
-4.82863
-4.82802
-4.82736
-4.82695
-4.82665
-4.8263
-4.82606
-4.82578
-4.82575
-4.82583
-4.82587
-4.82618
-4.82675
-4.82744
-4.82809
-4.82886
-4.82975
-4.83076
-4.83174
-4.83285
-4.83407
-4.83543
-4.83705
-4.83911
-4.84084
-4.843
-4.84529
-4.84785
-4.85023
-4.8532
-4.85568
-4.85844
-4.86116
-4.86431
-4.86727
-4.87034
-4.87413
-4.87757
-4.88127
-4.88492
-4.88867
-4.89266
-4.89659
-4.90044
-4.90408
-4.90809
-4.91232
-4.91646
-4.92065
-4.92489
-4.92949
-4.93411
-4.93847
-4.94316
-4.94756
-4.95213
-4.9564
-4.96097
-4.96569
-4.97024
-4.97493
-4.97914
-4.98361
-4.98821
-4.99245
-4.9965
-5.00095
-5.00503
-5.00936
-5.01331
-5.01735
-5.0213
-5.02533
-5.02911
-5.03311
-5.03671
-5.04037
-5.04392
-5.04722
-5.05057
-5.05366
-5.05664
-5.0595
-5.06195
-5.06474
-5.06727
-5.06983
-5.07227
-5.0746
-5.07651
-5.078
-5.07998
-5.0817
-5.08346
-5.0854
-5.08693
-5.08805
-5.08937
-5.09058
-5.09169
-5.09269
-5.09345
-5.09411
-5.09438
-5.09515
-5.09554
-5.09584
-5.09591
-5.09605
-5.09611
-5.0964
-5.09586
-5.09571
-5.09519
-5.09491
-5.09457
-5.09372
-5.09312
-5.09232
-5.09162
-5.09087
-5.09038
-5.0897
-5.08927
-5.08836
-5.08801
-5.08733
-5.08646
-5.08556
-5.08448
-5.08353
-5.08254
-5.08137
-5.08049
-5.07957
-5.07849
-5.07692
-5.07564
-5.07448
-5.073
-5.0718
-5.07058
-5.06919
-5.06793
-5.06665
-5.0655
-5.06448
-5.063
-5.06179
-5.06057
-5.05919
-5.05764
-5.05623
-5.0548
-5.05367
-5.05147
-5.05016
-5.0487
-5.04708
-5.04576
-5.04414
-5.04267
-5.04104
-5.03957
-5.03796
-5.03635
-5.03491
-5.03347
-5.03175
-5.03036
-5.02913
-5.02762
-5.0263
-5.02515
-5.02374
-5.02266
-5.02147
-5.02017
-5.01891
-5.01785
-5.01729
-5.01618
-5.01513
-5.01413
-5.0135
-5.01277
-5.01211
-5.01137
-5.01099
-5.01023
-5.00999
-5.00953
-5.00929
-5.00927
-5.00933
-5.00901
-5.00908
-5.00922
-5.00944
-5.00973
-5.01011
-5.01041
-5.01095
-5.01141
-5.01225
-5.01317
-5.01387
-5.01464
-5.01548
-5.01656
-5.01786
-5.01969
-5.02084
-5.02221
-5.0235
-5.02516
-5.02659
-5.02793
-5.0295
-5.03128
-5.03298
-5.03489
-5.03671
-5.0389
-5.04314
-5.04518
-5.04742
-5.04943
-5.05164
-5.05405
-5.05667
-5.05919
-5.06176
-5.06407
-5.06657
-5.06942
-5.07246
-5.07523
-5.07774
-5.08073
-5.0836
-5.08634
-5.08956
-5.0925
-5.09545
-5.09856
-5.10093
-5.10391
-5.10689
-5.10972
-5.113
-5.11611
-5.11876
-5.1217
-5.12446
-5.12735
-5.13021
-5.13303
-5.13567
-5.13857
-5.14112
-5.14362
-5.14606
-5.1486
-5.15123
-5.1535
-5.15569
-5.15796
-5.16031
-5.16243
-5.16417
-5.16598
-5.16784
-5.16932
-5.17116
-5.1726
-5.17379
-5.17518
-5.17648
-5.17782
-5.17907
-5.18005
-5.18108
-5.18185
-5.18252
-5.18337
-5.18367
-5.18401
-5.18424
-5.18391
-5.18392
-5.18413
-5.18379
-5.18364
-5.18338
-5.18303
-5.18167
-5.18081
-5.18061
-5.17942
-5.17828
-5.17706
-5.17544
-5.1745
-5.17288
-5.17132
-5.17
-5.16829
-5.16652
-5.16469
-5.16294
-5.16114
-5.15928
-5.15737
-5.15556
-5.15371
-5.15166
-5.14958
-5.14747
-5.14547
-5.1433
-5.1408
-5.13904
-5.1365
-5.13456
-5.1323
-5.13033
-5.12821
-5.12577
-5.12363
-5.12119
-5.1192
-5.11661
-5.11447
-5.11203
-5.11019
-5.10745
-5.10547
-5.10348
-5.10104
-5.09891
-5.09707
-5.09508
-5.09263
-5.09047
-5.08831
-5.08568
-5.08289
-5.08024
-5.07802
-5.07549
-5.07293
-5.0708
-5.06835
-5.06572
-5.06321
-5.06067
-5.0581
-5.0555
-5.05271
-5.05018
-5.04702
-5.04488
-5.0421
-5.03913
-5.03643
-5.03369
-5.03062
-5.02751
-5.02437
-5.02166
-5.01846
-5.01584
-5.0126
-5.00948
-5.00605
-5.00291
-5.00036
-4.9972
-4.9942
-4.99105
-4.98775
-4.98477
-4.98166
-4.97856
-4.9752
-4.97217
-4.96903
-4.96579
-4.96274
-4.96005
-4.95712
-4.95441
-4.95116
-4.94874
-4.9461
-4.94415
-4.94183
-4.93991
-4.93763
-4.93576
-4.93398
-4.93231
-4.9306
-4.92899
-4.9278
-4.92657
-4.9253
-4.924
-4.92266
-4.92173
-4.92122
-4.92022
-4.91933
-4.91885
-4.91878
-4.91882
-4.91881
-4.9186
-4.91819
-4.91832
-4.91855
-4.91886
-4.91895
-4.91943
-4.91999
-4.92107
-4.92177
-4.92254
-4.92351
-4.92424
-4.92518
-4.92646
-4.92719
-4.9284
-4.92936
-4.93049
-4.9315
-4.93285
-4.93421
-4.93574
-4.93698
-4.93809
-4.93965
-4.94107
-4.94234
-4.94346
-4.94458
-4.94569
-4.94695
-4.94834
-4.94958
-4.95065
-4.9514
-4.95259
-4.95391
-4.95507
-4.9562
-4.95761
-4.9587
-4.95962
-4.96067
-4.96139
-4.9624
-4.96353
-4.96464
-4.96542
-4.96634
-4.96678
-4.9678
-4.96866
-4.96964
-4.97061
-4.97141
-4.97219
-4.97281
-4.97372
-4.97446
-4.97489
-4.97577
-4.97618
-4.97689
-4.97744
-4.97799
-4.97868
-4.97907
-4.98006
-4.98045
-4.98113
-4.98182
-4.98267
-4.98336
-4.9839
-4.98475
-4.98576
-4.98617
-4.98658
-4.98745
-4.98787
-4.98905
-4.98993
-4.99066
-4.99139
-4.99272
-4.99315
-4.99388
-4.99461
-4.99533
-4.99605
-4.99661
-4.99731
-4.998
-4.99852
-4.99918
-5.00013
-5.0006
-5.00121
-5.0021
-5.00296
-5.00365
-5.00386
-5.00419
-5.00449
-5.00506
-5.0061
-5.00656
-5.00669
-5.00677
-5.0068
-5.00725
-5.00735
-5.0071
-5.00696
-5.00708
-5.00716
-5.00719
-5.00658
-5.00638
-5.00645
-5.00617
-5.0057
-5.0049
-5.00391
-5.00365
-5.00321
-5.00334
-5.00284
-5.00247
-5.00208
-5.00122
-5.00034
-4.99974
-4.99929
-4.99868
-4.99821
-4.99743
-4.99695
-4.99601
-4.99538
-4.99461
-4.99429
-4.99367
-4.99307
-4.99262
-4.99174
-4.99148
-4.99063
-4.99009
-4.98958
-4.98909
-4.98862
-4.98848
-4.9879
-4.98766
-4.98699
-4.9868
-4.98633
-4.98665
-4.9867
-4.98648
-4.98613
-4.98597
-4.98569
-4.98575
-4.98523
-4.98535
-4.9852
-4.98524
-4.9853
-4.9854
-4.98538
-4.98585
-4.98604
-4.98612
-4.98637
-4.98681
-4.98727
-4.98761
-4.98798
-4.98838
-4.98895
-4.9894
-4.98972
-4.9899
-4.99042
-4.99125
-4.99195
-4.99251
-4.99294
-4.99354
-4.9946
-4.99522
-4.99554
-4.99617
-4.99651
-4.99684
-4.99733
-4.99782
-4.99846
-4.99879
-4.99926
-4.99943
-5.00034
-5.00094
-5.00167
-5.00239
-5.00324
-5.00392
-5.00443
-5.00476
-5.00522
-5.00565
-5.00605
-5.00628
-5.00738
-5.00754
-5.00767
-5.00791
-5.00797
-5.00814
-5.00842
-5.00837
-5.00843
-5.00845
-5.00858
-5.00882
-5.00903
-5.00859
-5.00872
-5.00851
-5.00811
-5.00752
-5.00735
-5.00699
-5.0063
-5.00603
-5.00558
-5.00525
-5.00459
-5.0039
-5.00394
-5.00351
-5.00291
-5.00214
-5.0015
-5.001
-5.00065
-4.99998
-4.99961
-4.99893
-4.9984
-4.99773
-4.99721
-4.99639
-4.99559
-4.99494
-4.99447
-4.99386
-4.99312
-4.99241
-4.99217
-4.99166
-4.99088
-4.99044
-4.99033
-4.99025
-4.98992
-4.98917
-4.98891
-4.98885
-4.98884
-4.98888
-4.9888
-4.98878
-4.98896
-4.98859
-4.98857
-4.9886
-4.98914
-4.98928
-4.98948
-4.98987
-4.99047
-4.99082
-4.99122
-4.99182
-4.99277
-4.99362
-4.99437
-4.99546
-4.99629
-4.99702
-4.99793
-4.99903
-5.00002
-5.00104
-5.00179
-5.00302
-5.00412
-5.00539
-5.00638
-5.00739
-5.00841
-5.00945
-5.01064
-5.01199
-5.01288
-5.01423
-5.01542
-5.0166
-5.01822
-5.01938
-5.02037
-5.02194
-5.02334
-5.02456
-5.0253
-5.02631
-5.02744
-5.02823
-5.02913
-5.03014
-5.03096
-5.03173
-5.03261
-5.03298
-5.03346
-5.03388
-5.0341
-5.03457
-5.03513
-5.03564
-5.03593
-5.03617
-5.03665
-5.03661
-5.03682
-5.03666
-5.03644
-5.03631
-5.03597
-5.03571
-5.03509
-5.03485
-5.03456
-5.0342
-5.03363
-5.033
-5.03215
-5.0311
-5.03058
-5.0297
-5.02877
-5.02762
-5.02656
-5.02545
-5.02427
-5.02289
-5.02146
-5.02012
-5.01888
-5.01774
-5.01624
-5.01499
-5.01325
-5.0116
-5.01052
-5.00848
-5.00685
-5.00488
-5.00272
-5.00067
-4.99873
-4.9963
-4.99429
-4.99225
-4.99003
-4.98792
-4.98595
-4.98379
-4.98177
-4.97987
-4.97751
-4.97543
-4.97303
-4.97063
-4.96851
-4.96655
-4.96443
-4.9617
-4.95913
-4.95686
-4.95476
-4.95236
-4.94998
-4.94776
-4.94557
-4.94325
-4.9411
-4.93898
-4.93705
-4.9356
-4.9336
-4.93148
