-4.91531
-4.90648
-4.90712
-4.91552
-4.92765
-4.94302
-4.95352
-4.95908
-4.95788
-4.95052
-4.94203
-4.93302
-4.92561
-4.92154
-4.92414
-4.93257
-4.94678
-4.96383
-4.98219
-5.00065
-5.01816
-5.0316
-5.04192
-5.04997
-5.05161
-5.0478
-5.03696
-5.01705
-4.99276
-4.96487
-4.93654
-4.91235
-4.89326
-4.87929
-4.87067
-4.86589
-4.86296
-4.86484
-4.8698
-4.87874
-4.89297
-4.90893
-4.9215
-4.92988
-4.9307
-4.92342
-4.91395
-4.90567
-4.89916
-4.89661
-4.89516
-4.89507
-4.89557
-4.89643
-4.90055
-4.90654
-4.91516
-4.92917
-4.94615
-4.96747
-4.9901
-5.01158
-5.02869
-5.04014
-5.04464
-5.04239
-5.03587
-5.02786
-5.01813
-5.00988
-5.0044
-5.00093
-5.00029
-4.99913
-4.99957
-5.00074
-5.00166
-5.00465
-5.00843
-5.01492
-5.02339
-5.03606
-5.05204
-5.06843
-5.08395
-5.09257
-5.0956
-5.08743
-5.06727
-5.0367
-4.99848
-4.95847
-4.92464
-4.90269
-4.89662
-4.90397
-4.92195
-4.94406
-4.96436
-4.97944
-4.98931
-4.99257
-4.9928
-4.98854
-4.98413
-4.982
-4.98198
-4.98513
-4.99021
-4.99657
-5.00152
-5.00644
-5.00587
-5.00391
-4.99752
-4.98919
-4.98101
-4.97426
-4.97165
-4.97373
-4.9798
-4.98799
-4.99566
-5.00008
-5.00069
-4.9985
-4.99385
-4.98758
-4.98284
-4.97785
-4.97693
-4.97977
-4.98809
-5.00116
-5.01599
-5.03192
-5.0493
-5.06834
-5.08862
-5.10785
-5.12445
-5.1355
-5.14184
-5.14223
-5.13679
-5.12665
-5.11265
-5.09453
-5.07525
-5.05514
-5.03776
-5.02345
-5.01171
-5.00257
-4.99739
-4.99439
-4.99427
-4.99714
-5.00486
-5.01137
-5.01876
-5.02388
-5.02541
-5.02352
-5.01892
-5.00993
-4.99607
-4.97736
-4.95628
-4.93345
-4.91202
-4.89594
-4.89067
-4.89491
-4.90861
-4.92781
-4.94833
-4.96721
-4.98308
-4.99654
-5.00963
-5.0226
-5.03261
-5.03988
-5.04135
-5.03699
-5.02754
-5.01339
-4.99942
-4.99023
-4.98353
-4.98176
-4.9815
-4.97846
-4.97473
-4.9694
-4.96449
-4.96072
-4.95811
-4.95653
-4.95419
-4.95236
-4.95099
-4.94922
-4.94585
-4.93978
-4.93209
-4.92712
-4.92532
-4.92504
-4.92559
-4.92522
-4.92514
-4.92888
-4.92984
-4.92934
-4.92222
-4.90672
-4.88417
-4.85725
-4.82943
-4.80892
-4.79969
-4.7999
-4.80866
-4.82015
-4.83229
-4.84553
-4.86245
-4.88255
-4.9047
-4.92398
-4.93862
-4.95112
-4.9607
-4.96802
-4.97668
-4.98367
-4.99058
-4.9942
-4.99178
-4.98375
-4.97049
-4.95743
-4.94577
-4.93873
-4.9366
-4.94116
-4.95037
-4.96547
-4.98536
-5.00814
-5.02919
-5.04682
-5.06181
-5.06987
-5.07134
-5.06595
-5.05635
-5.04629
-5.03922
-5.03716
-5.0405
-5.04968
-5.06053
-5.06919
-5.07377
-5.07299
-5.06581
-5.05506
-5.03839
-5.02031
-5.00009
-4.97872
-4.95879
-4.93817
-4.92218
-4.91295
-4.91405
-4.9237
-4.93861
-4.95504
-4.97034
-4.98282
-4.98925
-4.99021
-4.98611
-4.98105
-4.97637
-4.97625
-4.98175
-4.99062
-5.00278
-5.01529
-5.0273
-5.03806
-5.04744
-5.05572
-5.06219
-5.06526
-5.06367
-5.05786
-5.04943
-5.04153
-5.03417
-5.02948
-5.02939
-5.03391
-5.04372
-5.05391
-5.06572
-5.07665
-5.08624
-5.09266
-5.0965
-5.09848
-5.09707
-5.09194
-5.08311
-5.06942
-5.05214
-5.03073
-5.00815
-4.98632
-4.96484
-4.94708
-4.93
-4.9172
-4.90785
-4.9043
-4.9097
-4.92412
-4.94625
-4.97279
-5.00326
-5.03484
-5.0643
-5.09203
-5.11356
-5.12398
-5.12676
-5.11847
-5.10088
-5.07812
-5.05147
-5.02448
-4.99821
-4.97223
-4.94485
-4.91612
-4.88824
-4.86252
-4.84318
-4.83184
-4.83015
-4.83743
-4.85397
-4.87814
-4.90572
-4.93396
-4.95947
-4.97992
-4.99217
-4.99895
-4.99953
-4.99772
-4.99705
-4.99872
-5.00166
-5.00527
-5.00503
-4.99822
-4.98376
-4.9628
-4.9391
-4.91742
-4.90049
-4.89262
-4.893
-4.90022
-4.9124
-4.9282
-4.94323
-4.95597
-4.96318
-4.96835
-4.97254
-4.97536
-4.97899
-4.9842
-4.99411
-5.00887
-5.03078
-5.05815
-5.08932
-5.118
-5.14117
-5.15535
-5.16199
-5.16275
-5.15863
-5.15271
-5.14231
-5.12709
-5.10774
-5.08445
-5.05914
-5.0365
-5.01989
-5.01296
-5.01542
-5.02778
-5.04424
-5.06264
-5.07759
-5.08689
-5.09012
-5.08455
-5.0724
-5.05424
-5.03385
-5.01257
-4.99509
-4.985
-4.98357
-4.99314
-5.0095
-5.03006
-5.0493
-5.06623
-5.07832
-5.08724
-5.09303
-5.09842
-5.10331
-5.11198
-5.12184
-5.13225
-5.14177
-5.14843
-5.14919
-5.14171
-5.12466
-5.09583
-5.05857
-5.01527
-4.96955
-4.92601
-4.88833
-4.86077
-4.84523
-4.84218
-4.85038
-4.86547
-4.88302
-4.89893
-4.91225
-4.91953
-4.92119
-4.91509
-4.90181
-4.88278
-4.86254
-4.84956
-4.85032
-4.86484
-4.89433
-4.93051
-4.96791
-5.00243
-5.03064
-5.05225
-5.06561
-5.07308
-5.07811
-5.08277
-5.08637
-5.08805
-5.08638
-5.08216
-5.07552
-5.06591
-5.05515
-5.04234
-5.02994
-5.02058
-5.01716
-5.01785
-5.02174
-5.02485
-5.0238
-5.01649
-5.00198
-4.98279
-4.96221
-4.94404
-4.93242
-4.92954
-4.9355
-4.94572
-4.95829
-4.97185
-4.9851
-5.00192
-5.02222
-5.04367
-5.0634
-5.07963
-5.08777
-5.08753
-5.07866
-5.06305
-5.03904
-5.01026
-4.97713
-4.94204
-4.91143
-4.88873
-4.87757
-4.88177
-4.89887
-4.92343
-4.94761
-4.97086
-4.98863
-5.00435
-5.01693
-5.02812
-5.03436
-5.03198
-5.02298
-5.00495
-4.98136
-4.95779
-4.93913
-4.92718
-4.9264
-4.93626
-4.95427
-4.97435
-4.99328
-5.00524
-5.01151
-5.01
-5.00472
-4.99996
-4.99825
-5.00173
-5.00893
-5.02027
-5.03106
-5.03878
-5.04068
-5.03348
-5.01945
-4.99925
-4.97586
-4.95242
-4.92999
-4.91285
-4.90367
-4.90313
-4.91099
-4.92577
-4.94563
-4.96699
-4.98623
-5.00019
-5.01068
-5.01516
-5.01511
-5.01008
-5.00308
-4.99552
-4.98804
-4.98258
-4.97648
-4.97154
-4.96846
-4.96642
-4.96495
-4.96245
-4.95995
-4.95798
-4.95339
-4.94625
-4.93993
-4.93551
-4.93434
-4.93734
-4.94529
-4.95685
-4.96808
-4.97672
-4.98206
-4.98471
-4.98453
-4.98468
-4.98934
-4.99748
-5.00894
-5.0223
-5.03748
-5.05171
-5.06266
-5.07246
-5.08
-5.088
-5.09264
-5.09452
-5.09295
-5.08723
-5.07712
-5.06244
-5.04495
-5.03096
-5.02134
-5.01663
-5.01675
-5.01573
-5.01231
-5.00827
-5.00619
-5.00592
-5.0095
-5.01858
-5.0301
-5.04197
-5.04989
-5.05406
-5.05368
-5.05136
-5.05115
-5.05844
-5.07362
-5.09766
-5.12409
-5.1539
-5.1804
-5.20034
-5.21242
-5.2141
-5.20378
-5.18263
-5.15285
-5.12106
-5.09303
-5.07712
-5.07579
-5.08399
-5.09585
-5.10446
-5.10454
-5.09491
-5.07461
-5.04709
-5.01772
-4.99259
-4.97674
-4.96975
-4.97374
-4.98391
-4.99721
-5.00974
-5.01779
-5.0204
-5.01718
-5.01174
-5.00798
-5.00636
-5.00839
-5.01321
-5.01849
-5.02121
-5.02053
-5.01095
-4.99345
-4.97195
-4.94513
-4.91881
-4.89721
-4.88436
-4.88161
-4.88858
-4.90235
-4.92135
-4.94192
-4.96555
-4.98846
-5.01235
-5.02999
-5.04155
-5.04481
-5.03754
-5.02313
-5.00524
-4.98563
-4.96864
-4.95543
-4.95132
-4.95528
-4.96555
-4.98174
-5.00225
-5.02452
-5.04743
-5.0685
-5.0883
-5.10494
-5.11913
-5.12796
-5.1313
-5.12874
-5.11999
-5.10601
-5.08795
-5.06866
-5.04875
-5.02552
-5.00075
-4.97333
-4.94069
-4.90725
-4.87871
-4.86258
-4.86364
-4.87913
-4.9018
-4.92799
-4.95275
-4.97638
-4.9979
-5.0152
-5.03047
-5.04319
-5.05123
-5.05583
-5.055
-5.04984
-5.04087
-5.03221
-5.02202
-5.01397
-5.00997
-5.01038
-5.01517
-5.02689
-5.04469
-5.06439
-5.08166
-5.09512
-5.10148
-5.10067
-5.09498
-5.08899
-5.08366
-5.08099
-5.07844
-5.07692
-5.07415
-5.07304
-5.07088
-5.06797
-5.0639
-5.05708
-5.04451
-5.0284
-5.00831
-4.98565
-4.96411
-4.9421
-4.92317
-4.90885
-4.90012
-4.89711
-4.89841
-4.90385
-4.91187
-4.91787
-4.92372
-4.92811
-4.93347
-4.94392
-4.96296
-4.98802
-5.01417
-5.03865
-5.0591
-5.07606
-5.08743
-5.09603
-5.10109
-5.10364
-5.10362
-5.10095
-5.09535
-5.08692
-5.07709
-5.06828
-5.06145
-5.06294
-5.07074
-5.08107
-5.09153
-5.09743
-5.09785
-5.09078
-5.07913
-5.06651
-5.05452
-5.04606
-5.0414
-5.04082
-5.04384
-5.04791
-5.05025
-5.05457
-5.05959
-5.06803
-5.07967
-5.09304
-5.10478
-5.11081
-5.11172
-5.11037
-5.10986
-5.11231
-5.118
-5.12702
-5.13648
-5.14395
-5.14795
-5.14744
-5.14185
-5.13088
-5.11571
-5.09777
-5.08064
-5.06647
-5.05741
-5.05181
-5.05026
-5.04699
-5.04186
-5.03242
-5.01858
-5.00291
-4.98836
-4.97839
-4.97319
-4.9734
-4.97723
-4.98642
-4.99884
-5.01618
-5.03632
-5.05844
-5.08133
-5.1022
-5.11972
-5.13334
-5.14354
-5.14852
-5.14967
-5.14531
-5.13824
-5.12797
-5.11481
-5.1018
-5.09044
-5.07984
-5.06998
-5.06243
-5.05764
-5.05608
-5.05856
-5.06378
-5.06922
-5.07212
-5.07097
-5.06374
-5.05118
-5.03444
-5.01825
-5.00555
-4.9976
-4.99672
-5.0032
-5.01622
-5.03297
-5.05043
-5.07084
-5.09248
-5.11637
-5.13717
-5.1501
-5.15342
-5.14215
-5.11995
-5.09392
-5.06912
-5.04956
-5.03711
-5.03253
-5.03463
-5.03846
-5.04064
-5.03692
-5.02996
-5.02066
-5.00966
-4.99756
-4.98433
-4.97161
-4.96272
-4.95912
-4.96377
-4.97704
-4.9984
-5.02616
-5.05445
-5.07781
-5.09411
-5.09992
-5.0956
-5.0839
-5.0647
-5.04343
-5.02068
-4.99538
-4.96834
-4.94148
-4.91847
-4.90063
-4.89115
-4.89229
-4.90269
-4.92089
-4.93968
-4.95545
-4.96618
-4.97019
-4.97147
-4.97328
-4.9797
-4.98992
-5.00086
-5.01501
-5.02842
-5.04339
-5.05859
-5.07544
-5.09211
-5.10755
-5.11691
-5.11946
-5.11234
-5.09449
-5.06669
-5.02916
-4.98289
-4.93212
-4.87672
-4.82529
-4.78394
-4.76021
-4.76156
-4.7884
-4.83626
-4.89697
-4.96108
-5.02101
-5.07186
-5.11
-5.1347
-5.14812
-5.15214
-5.15098
-5.14517
-5.13829
-5.1296
-5.11984
-5.10547
-5.08884
-5.07152
-5.05514
-5.0407
-5.03069
-5.02684
-5.02913
-5.03734
-5.05033
-5.06742
-5.08528
-5.10331
-5.11992
-5.1342
-5.14689
-5.15641
-5.16107
