2.51285
2.55099
2.55944
2.54211
2.51008
2.47064
2.44275
2.43037
2.43748
2.46156
2.49115
2.52096
2.54349
2.55254
2.54038
2.50732
2.45434
2.38926
2.31869
2.24833
2.18235
2.12721
2.0828
2.04969
2.03708
2.04606
2.0807
2.14363
2.22437
2.317
2.41134
2.49552
2.56455
2.61661
2.6515
2.67319
2.68651
2.68701
2.67618
2.65133
2.61123
2.56561
2.52861
2.50691
2.5085
2.53302
2.56615
2.59626
2.61825
2.62823
2.63262
2.63239
2.62884
2.62166
2.60549
2.58186
2.54846
2.49952
2.43796
2.36247
2.28119
2.203
2.13787
2.09099
2.06538
2.05972
2.06786
2.08265
2.10165
2.11732
2.1257
2.12708
2.12031
2.11158
2.09821
2.08158
2.06287
2.0381
2.009
1.97174
1.92646
1.86945
1.80386
1.73828
1.68013
1.64476
1.63534
1.66463
1.7353
1.8428
1.97671
2.11779
2.2413
2.3274
2.36401
2.35614
2.31466
2.25859
2.20542
2.16651
2.14505
2.14389
2.15569
2.17965
2.20514
2.22512
2.23793
2.24153
2.23869
2.23198
2.2274
2.22448
2.23349
2.24889
2.27536
2.30723
2.33805
2.36208
2.37197
2.36569
2.34555
2.31758
2.28971
2.26935
2.25905
2.25734
2.26294
2.2734
2.28237
2.29046
2.28765
2.27156
2.23858
2.19109
2.13576
2.07481
2.00819
1.93619
1.86119
1.78983
1.72833
1.68477
1.66004
1.65689
1.67463
1.71037
1.76124
1.8256
1.89587
1.96802
2.03308
2.0882
2.13332
2.16845
2.19152
2.20518
2.20826
2.20152
2.18412
2.1685
2.15408
2.14801
2.1537
2.17161
2.20128
2.24605
2.30701
2.38346
2.46929
2.55959
2.64368
2.70856
2.73983
2.73738
2.70352
2.64991
2.58912
2.53013
2.47684
2.42809
2.37997
2.33237
2.29146
2.25961
2.24424
2.24647
2.26403
2.29298
2.32103
2.3368
2.34196
2.33343
2.31953
2.31028
2.30427
2.303
2.30201
2.2988
2.2932
2.28663
2.28338
2.28206
2.28262
2.28705
2.2993
2.32238
2.35265
2.37881
2.39729
2.41197
2.4268
2.44495
2.46266
2.47361
2.49087
2.51668
2.56311
2.63478
2.72844
2.83506
2.94052
3.02159
3.06457
3.07147
3.04858
3.01143
2.96681
2.91385
2.84727
2.76893
2.68489
2.60825
2.54548
2.49358
2.45305
2.42147
2.39177
2.36822
2.34932
2.34301
2.35664
2.39028
2.44069
2.49383
2.54159
2.5738
2.58725
2.57824
2.55025
2.5021
2.4371
2.36129
2.28638
2.22001
2.16529
2.13184
2.11976
2.12785
2.14823
2.16995
2.18241
2.17871
2.15733
2.11995
2.07803
2.04326
2.02313
2.02208
2.04198
2.07708
2.12918
2.18908
2.25607
2.32685
2.39512
2.46115
2.51209
2.53993
2.53585
2.50312
2.45125
2.39266
2.33774
2.29335
2.26657
2.25639
2.2606
2.26972
2.27755
2.27333
2.25288
2.2203
2.17877
2.13677
2.09827
2.06538
2.03819
2.01643
2.0023
1.99991
2.01209
2.0375
2.0712
2.10466
2.13416
2.15328
2.15736
2.14636
2.12059
2.09022
2.05616
2.02524
2.00036
1.98582
1.98135
1.98618
2.00332
2.03404
2.07889
2.13951
2.21244
2.2958
2.38139
2.46282
2.53814
2.59995
2.65116
2.68398
2.69754
2.68618
2.64393
2.57103
2.47162
2.35448
2.22485
2.09216
1.9667
1.85296
1.76303
1.70899
1.68791
1.70558
1.75689
1.83094
1.92049
2.01549
2.11167
2.20894
2.31001
2.41408
2.51496
2.60585
2.67467
2.71462
2.72095
2.69467
2.63714
2.55481
2.4599
2.36313
2.27604
2.20726
2.16454
2.14368
2.14357
2.15442
2.16692
2.17678
2.18574
2.19749
2.22366
2.27251
2.34676
2.4416
2.54475
2.64105
2.71969
2.76963
2.79035
2.78467
2.75853
2.71891
2.67814
2.64251
2.61855
2.59971
2.58228
2.56496
2.54272
2.51258
2.46708
2.40303
2.31498
2.20731
2.08837
1.97617
1.88253
1.8169
1.77745
1.75975
1.7599
1.7713
1.79793
1.84084
1.89923
1.97127
2.04955
2.11982
2.16947
2.18814
2.17588
2.1349
2.07909
2.01753
1.96492
1.9302
1.91727
1.93122
1.96712
2.02122
2.08338
2.1463
2.19663
2.22322
2.22042
2.18406
2.12397
2.05001
1.97746
1.91315
1.86381
1.82685
1.80028
1.77711
1.75525
1.72678
1.69611
1.66584
1.64107
1.62886
1.63848
1.67762
1.75091
1.86184
2.00223
2.16282
2.33073
2.49092
2.63016
2.73532
2.79902
2.81932
2.80116
2.75799
2.7046
2.654
2.61216
2.58762
2.58225
2.60123
2.64327
2.70195
2.76175
2.79861
2.79322
2.74187
2.64556
2.52501
2.39765
2.27775
2.17622
2.09608
2.03947
2.00001
1.96926
1.94217
1.91987
1.90501
1.90138
1.90854
1.92611
1.95403
1.98812
2.02815
2.06754
2.09869
2.11427
2.11717
2.11231
2.11139
2.12465
2.15809
2.21308
2.28267
2.35611
2.42029
2.46227
2.47533
2.4602
2.42785
2.38549
2.33775
2.28709
2.22652
2.15608
2.08169
2.01252
1.957
1.92717
1.92601
1.95422
2.00771
2.08741
2.18524
2.29709
2.4139
2.51855
2.59781
2.63886
2.63213
2.58379
2.50991
2.4319
2.35724
2.29592
2.24234
2.1977
2.16048
2.13964
2.14487
2.17507
2.23289
2.30787
2.38352
2.44378
2.47913
2.47912
2.44542
2.3867
2.31982
2.25747
2.21461
2.19179
2.19156
2.20403
2.21739
2.22281
2.21399
2.1933
2.16306
2.1358
2.12106
2.12766
2.16302
2.22306
2.30396
2.39679
2.49156
2.5814
2.65432
2.70155
2.71931
2.70799
2.67284
2.62159
2.56518
2.51407
2.47683
2.45258
2.44581
2.45314
2.47327
2.49883
2.52504
2.54899
2.5665
2.58161
2.59166
2.59596
2.59647
2.59485
2.59466
2.5955
2.59766
2.60703
2.62337
2.63956
2.6508
2.65164
2.63874
2.61128
2.57394
2.53671
2.50682
2.48772
2.47851
2.47693
2.47369
2.45772
2.42813
2.38564
2.33544
2.28114
2.2298
2.18642
2.14786
2.11587
2.08633
2.06616
2.0558
2.05792
2.07471
2.10635
2.15104
2.20181
2.24318
2.26939
2.27852
2.27343
2.26789
2.26666
2.26671
2.26109
2.24653
2.21758
2.17191
2.11718
2.06096
2.01417
1.97878
1.95562
1.93695
1.91096
1.86396
1.7928
1.69711
1.59159
1.48087
1.38222
1.30665
1.26082
1.25192
1.28376
1.35308
1.45102
1.55719
1.64984
1.70497
1.71515
1.69356
1.66009
1.63683
1.64042
1.6765
1.7456
1.83716
1.93486
2.02046
2.07877
2.10651
2.10059
2.07294
2.03504
1.99975
1.97771
1.97231
1.98306
2.00102
2.01601
2.02423
2.02235
2.01341
2.0047
2.00537
2.0207
2.06198
2.12798
2.20998
2.30483
2.39607
2.46951
2.51292
2.52142
2.49652
2.44652
2.37837
2.30136
2.21559
2.13004
2.04629
1.98105
1.93873
1.92554
1.94518
1.98976
2.04882
2.11356
2.1708
2.21329
2.229
2.21828
2.18481
2.13196
2.06598
1.99458
1.92217
1.85432
1.79148
1.73842
1.69612
1.67136
1.66608
1.68201
1.71959
1.7756
1.84522
1.921
2.00055
2.08846
2.18291
2.28598
2.40019
2.51357
2.6082
2.66176
2.66104
2.61363
2.53992
2.45413
2.36926
2.28771
2.2128
2.14922
2.09424
2.04912
2.01758
1.99806
1.99405
2.00343
2.02385
2.04593
2.0691
2.08411
2.08529
2.07009
2.03738
1.98324
1.9115
1.83383
1.76364
1.70911
1.6789
1.67286
1.68386
1.70005
1.7165
1.72887
1.74177
1.75465
1.77149
1.78728
1.8062
1.82861
1.8571
1.89627
1.95178
2.01942
2.09809
2.18348
2.2675
2.34981
2.42122
2.47618
2.51152
2.52734
2.52711
2.513
2.49036
2.47006
2.4513
2.43491
2.41247
2.37228
2.30652
2.22151
2.13057
2.04391
1.96914
1.90673
1.85986
1.82353
1.79876
1.7837
1.77799
1.78125
1.79347
1.81403
1.83932
1.86255
1.87794
1.87182
1.84718
1.81414
1.78312
1.76758
1.77227
1.8002
1.84391
1.89332
1.9413
1.97933
2.00469
2.01684
2.01815
2.01468
2.01168
2.00213
1.98549
1.95528
1.91231
1.86285
1.81773
1.7877
1.7728
1.76618
1.7588
1.74351
1.71853
1.6855
1.65281
1.62861
1.61866
1.6267
1.65441
1.70169
1.76466
1.83769
1.91068
1.97558
2.02562
2.06269
2.08801
2.11484
2.14747
2.19195
2.24768
2.30723
2.36114
2.39969
2.42023
2.42138
2.40673
2.37424
2.32782
2.26547
2.19201
2.11131
2.02871
1.95215
1.88655
1.83454
1.79616
1.77463
1.76812
1.7797
1.80462
1.84225
1.88973
1.93941
1.98648
2.03065
2.07059
2.10233
2.12329
2.13116
2.12441
2.10699
2.08644
2.07123
2.06705
2.07876
2.1048
2.14076
2.17473
2.19693
2.20101
2.18118
2.13774
2.07477
2.00012
1.92108
1.83551
1.74758
1.65862
1.58235
1.53318
1.51995
1.55315
1.62386
1.71201
1.79892
1.87045
1.92016
1.94609
1.95239
1.95233
1.95706
1.97639
2.00596
2.04245
2.0828
2.12444
2.16605
2.20305
2.22706
2.23182
2.20921
2.1576
2.08026
1.98574
1.89132
1.81382
1.76305
1.74782
1.76749
1.81491
1.88631
1.96928
2.05998
2.15799
2.25977
2.35909
2.44572
2.51241
2.54953
2.55101
2.52005
2.4637
2.40084
2.34479
2.30336
2.27927
2.26226
2.24187
2.2076
2.15955
2.10399
2.03955
1.97489
1.9075
1.83973
1.76984
1.70294
1.64475
1.60796
1.59835
1.6238
1.68758
1.78832
1.92377
2.08881
2.27147
2.46447
2.64405
2.78798
2.87143
2.87298
2.78962
2.6348
2.4345
2.21917
2.01465
1.83867
1.70278
1.61002
1.55574
1.53374
1.5331
1.54906
1.57314
1.60547
1.64505
1.69784
1.75928
1.82447
1.88717
1.94195
1.98152
2.00103
1.99965
1.97824
1.94042
1.88991
1.83493
1.77897
1.72645
1.68021
1.6405
1.61176
1.59919
