1.03877
1.03268
1.0326
1.038
1.04679
1.05613
1.06343
1.06703
1.06654
1.06264
1.05678
1.05067
1.04594
1.04383
1.04526
1.05067
1.05975
1.07131
1.08375
1.09576
1.10663
1.11609
1.12388
1.12934
1.13144
1.129
1.12127
1.10841
1.09161
1.07281
1.05413
1.0374
1.02397
1.01445
1.0086
1.00552
1.00437
1.00502
1.00813
1.01449
1.02388
1.03451
1.0437
1.04898
1.04912
1.04467
1.03786
1.03154
1.0275
1.0257
1.02514
1.02507
1.0255
1.02678
1.02923
1.03312
1.03887
1.0471
1.05832
1.07223
1.08742
1.10174
1.11314
1.12038
1.12317
1.12208
1.11813
1.11259
1.10661
1.10121
1.09716
1.09474
1.09371
1.09354
1.09384
1.09451
1.09573
1.09762
1.10034
1.10437
1.11042
1.11897
1.12962
1.14105
1.15129
1.15814
1.15956
1.15391
1.14047
1.11979
1.09411
1.06734
1.04439
1.02966
1.02531
1.03051
1.04219
1.05653
1.07016
1.08081
1.08739
1.08987
1.08912
1.08658
1.08385
1.08222
1.08241
1.08441
1.0877
1.09154
1.09513
1.09771
1.09854
1.09713
1.09348
1.08823
1.08267
1.07838
1.07663
1.07792
1.08166
1.08652
1.09092
1.09367
1.09428
1.09292
1.09012
1.08645
1.08248
1.07916
1.07784
1.07973
1.08508
1.09308
1.10277
1.1136
1.12548
1.13838
1.1518
1.16472
1.17578
1.18375
1.18788
1.18804
1.18451
1.17775
1.16822
1.15654
1.14368
1.13089
1.1193
1.10966
1.10213
1.09654
1.09279
1.09109
1.09171
1.09454
1.09887
1.10372
1.10804
1.11105
1.11227
1.11142
1.10815
1.10205
1.09281
1.08054
1.06599
1.05056
1.03648
1.02647
1.02285
1.02638
1.03582
1.04861
1.06209
1.07448
1.08526
1.09484
1.10377
1.11211
1.11919
1.12383
1.12491
1.12191
1.1153
1.10657
1.09777
1.09073
1.08637
1.08428
1.0832
1.08178
1.07929
1.07594
1.07256
1.06995
1.06831
1.06716
1.0659
1.06448
1.06316
1.06178
1.05943
1.05538
1.05046
1.04675
1.04544
1.04566
1.04582
1.04568
1.04623
1.04792
1.04956
1.04903
1.04438
1.03455
1.01962
1.00127
0.98293
0.968854
0.962097
0.96274
0.968273
0.975732
0.983725
0.992751
1.00393
1.01733
1.03149
1.04445
1.05501
1.06315
1.06954
1.07502
1.08029
1.08565
1.09056
1.09358
1.09307
1.08832
1.08019
1.07078
1.0625
1.05721
1.05578
1.05832
1.06456
1.07422
1.08678
1.10116
1.11569
1.12845
1.13774
1.14251
1.14258
1.13869
1.13239
1.12579
1.12108
1.1199
1.12274
1.12865
1.13568
1.14155
1.14451
1.14369
1.1391
1.13133
1.12113
1.10917
1.09599
1.08205
1.06796
1.05482
1.04436
1.03861
1.03894
1.04517
1.05541
1.06687
1.07696
1.08408
1.08766
1.08789
1.08557
1.08199
1.07898
1.07839
1.08135
1.08767
1.09598
1.10461
1.11253
1.1195
1.12575
1.13127
1.13548
1.13752
1.13677
1.1333
1.12798
1.12221
1.1175
1.11508
1.11563
1.11915
1.12508
1.13247
1.14025
1.14743
1.15332
1.1576
1.16027
1.16128
1.16044
1.15733
1.15144
1.14251
1.13079
1.11702
1.10227
1.08752
1.0734
1.06035
1.04887
1.03973
1.0339
1.03234
1.03584
1.04465
1.05839
1.07608
1.09629
1.11745
1.13789
1.15587
1.16962
1.17757
1.17872
1.173
1.16138
1.1457
1.12803
1.11004
1.09243
1.075
1.05715
1.03861
1.02002
1.00308
0.989879
0.982118
0.980688
0.985744
0.996772
1.01248
1.03087
1.04959
1.06639
1.07952
1.08809
1.09231
1.0934
1.09311
1.09306
1.09428
1.09664
1.09874
1.09838
1.09353
1.08349
1.06932
1.05352
1.03907
1.02839
1.02283
1.02279
1.0278
1.03652
1.04686
1.05657
1.06416
1.06927
1.07251
1.07491
1.07729
1.08021
1.08429
1.09059
1.10054
1.11515
1.13399
1.15477
1.17419
1.18944
1.19919
1.20362
1.20383
1.20108
1.19613
1.18899
1.17914
1.16615
1.15031
1.13324
1.11775
1.10688
1.10256
1.1048
1.11223
1.12291
1.13456
1.14474
1.15123
1.15278
1.14917
1.14097
1.12927
1.11558
1.10189
1.09054
1.08382
1.08327
1.08915
1.10015
1.11385
1.12759
1.13927
1.14794
1.15379
1.15785
1.16144
1.1656
1.17089
1.17726
1.18419
1.19064
1.19508
1.19568
1.1907
1.17893
1.16011
1.13517
1.10601
1.07523
1.0457
1.02017
1.00109
0.990235
0.988098
0.993462
1.00362
1.01542
1.02633
1.0348
1.03986
1.04056
1.03609
1.02643
1.01324
1.00005
0.991509
0.991612
1.00189
1.02085
1.04497
1.0703
1.09351
1.11232
1.12582
1.13453
1.13991
1.14357
1.14647
1.14878
1.14999
1.14948
1.14688
1.14224
1.13594
1.12836
1.12013
1.11227
1.10633
1.10364
1.10431
1.10679
1.10866
1.10766
1.10249
1.09302
1.08032
1.0666
1.05479
1.04755
1.04614
1.0499
1.05702
1.0656
1.07464
1.08428
1.09529
1.10812
1.12212
1.13547
1.14589
1.15151
1.15146
1.14575
1.13493
1.11964
1.10055
1.07886
1.05648
1.03608
1.02085
1.01371
1.01611
1.0269
1.04266
1.05939
1.07429
1.08654
1.09671
1.1055
1.11265
1.11682
1.11624
1.10983
1.09791
1.08239
1.06638
1.05334
1.04607
1.04596
1.05263
1.06414
1.07742
1.08933
1.09751
1.10098
1.10028
1.09706
1.09359
1.09204
1.09386
1.09917
1.10673
1.11442
1.11986
1.12113
1.11724
1.10829
1.09533
1.07994
1.06391
1.04915
1.03763
1.03111
1.03075
1.03649
1.04705
1.06038
1.07432
1.08695
1.09685
1.10324
1.10593
1.1053
1.10215
1.09748
1.09224
1.08715
1.0826
1.07874
1.07554
1.07299
1.07102
1.06954
1.06828
1.06691
1.06499
1.06214
1.05828
1.05407
1.05082
1.04994
1.05224
1.05754
1.06474
1.07223
1.07839
1.08215
1.08342
1.0832
1.0833
1.0856
1.09113
1.09957
1.10959
1.1196
1.12859
1.13619
1.14253
1.14785
1.15228
1.15557
1.15713
1.15618
1.15207
1.14462
1.13454
1.12348
1.11375
1.10723
1.1043
1.10357
1.10299
1.10122
1.09842
1.09603
1.09575
1.09863
1.10459
1.11237
1.12008
1.12586
1.12865
1.12869
1.12765
1.12812
1.13257
1.14239
1.15731
1.17563
1.1949
1.21256
1.22636
1.23452
1.23573
1.22926
1.21526
1.19551
1.17381
1.15543
1.14493
1.14374
1.1495
1.15761
1.16334
1.1634
1.15638
1.14285
1.125
1.10613
1.08978
1.07892
1.07506
1.07792
1.0855
1.09487
1.10312
1.10829
1.10973
1.10808
1.10496
1.10226
1.10148
1.10314
1.10655
1.11017
1.11208
1.11052
1.10423
1.09287
1.07723
1.05925
1.0417
1.02751
1.01894
1.01701
1.02125
1.03013
1.04199
1.0558
1.07105
1.08702
1.10224
1.11461
1.12221
1.12388
1.11954
1.11014
1.0975
1.08403
1.07221
1.0641
1.06106
1.0635
1.07095
1.08224
1.09582
1.11026
1.12463
1.13847
1.15147
1.16306
1.17242
1.17871
1.18125
1.17954
1.1736
1.16408
1.15225
1.13928
1.12561
1.11073
1.09381
1.07432
1.05256
1.03037
1.01164
1.0012
1.0017
1.01162
1.02684
1.04369
1.0602
1.07554
1.08929
1.10112
1.1109
1.11858
1.12404
1.127
1.12716
1.12442
1.11925
1.11267
1.10608
1.10081
1.09794
1.09832
1.10262
1.11103
1.1228
1.13603
1.14815
1.15672
1.16046
1.15972
1.15623
1.15213
1.14888
1.1468
1.1454
1.14408
1.14264
1.1412
1.13986
1.13822
1.1353
1.13005
1.12187
1.11093
1.09784
1.08334
1.06817
1.0534
1.04048
1.03083
1.02511
1.0232
1.02457
1.0285
1.03374
1.03865
1.04215
1.04478
1.04866
1.05623
1.06862
1.08482
1.10235
1.11867
1.1323
1.14291
1.15079
1.15632
1.15969
1.16099
1.16037
1.15809
1.15426
1.14894
1.14259
1.13651
1.13276
1.13315
1.13795
1.14544
1.15271
1.15705
1.15702
1.15272
1.14535
1.13674
1.12875
1.12291
1.12
1.11982
1.12133
1.12333
1.12519
1.12727
1.13072
1.13664
1.14501
1.15423
1.16195
1.16647
1.16758
1.16659
1.16564
1.16667
1.17047
1.17638
1.18279
1.18796
1.19063
1.18999
1.18576
1.17814
1.16783
1.15608
1.14455
1.135
1.12866
1.12564
1.1247
1.12383
1.12101
1.11512
1.1064
1.09636
1.08706
1.08032
1.07705
1.07729
1.08065
1.08678
1.09556
1.10692
1.12044
1.13529
1.15025
1.16406
1.17574
1.18482
1.19122
1.19494
1.19591
1.19401
1.18929
1.18225
1.17378
1.1649
1.15642
1.14875
1.14207
1.13674
1.13335
1.13251
1.13427
1.13774
1.14137
1.1434
1.14243
1.13771
1.12944
1.11878
1.10769
1.09852
1.09332
1.09314
1.09776
1.10604
1.1167
1.12894
1.14255
1.15738
1.1726
1.18616
1.19518
1.19689
1.18998
1.17568
1.15773
1.14069
1.12765
1.11975
1.11701
1.1182
1.12076
1.1219
1.12023
1.11579
1.10939
1.10186
1.09369
1.08527
1.0773
1.07107
1.06847
1.07127
1.08032
1.09496
1.11306
1.13151
1.14709
1.15725
1.16072
1.15764
1.14924
1.13714
1.12276
1.10689
1.08992
1.0723
1.05489
1.03925
1.02737
1.02114
1.0217
1.02874
1.04026
1.05309
1.0639
1.07065
1.07343
1.07408
1.07509
1.07826
1.08417
1.09227
1.1015
1.11104
1.12072
1.13085
1.14169
1.1527
1.16249
1.16912
1.17083
1.16628
1.15478
1.13625
1.11113
1.08039
1.04563
1.0093
0.975019
0.947556
0.932139
0.932742
0.950329
0.982128
1.0226
1.06544
1.10529
1.13859
1.16361
1.18018
1.18923
1.19241
1.19164
1.18857
1.18419
1.17869
1.17169
1.16271
1.15183
1.13987
1.12825
1.11852
1.11195
1.10938
1.11111
1.11689
1.12595
1.13714
1.14925
1.16127
1.17254
1.18267
1.19123
1.19757
1.20068
