-1.79901
-1.80844
-1.80931
-1.80152
-1.78727
-1.77462
-1.76323
-1.75797
-1.75826
-1.7626
-1.77169
-1.781
-1.7878
-1.79005
-1.78836
-1.78055
-1.76754
-1.74989
-1.73093
-1.71337
-1.69828
-1.68333
-1.67029
-1.66195
-1.65729
-1.66079
-1.67315
-1.69184
-1.71794
-1.74644
-1.77415
-1.80015
-1.82136
-1.83593
-1.84486
-1.84933
-1.84985
-1.84978
-1.84542
-1.83527
-1.82134
-1.80539
-1.79041
-1.78294
-1.78333
-1.7894
-1.80037
-1.81106
-1.81667
-1.81951
-1.81976
-1.81985
-1.81905
-1.81607
-1.81285
-1.80717
-1.79855
-1.78786
-1.77118
-1.75077
-1.72785
-1.70637
-1.68926
-1.67901
-1.67513
-1.67616
-1.68147
-1.69008
-1.6983
-1.70624
-1.71293
-1.71671
-1.71917
-1.71851
-1.71806
-1.7172
-1.71447
-1.71178
-1.7074
-1.70181
-1.69212
-1.67916
-1.66318
-1.64529
-1.63007
-1.61814
-1.61692
-1.62569
-1.64586
-1.67732
-1.71614
-1.75644
-1.79147
-1.81372
-1.8207
-1.81245
-1.79538
-1.77449
-1.75389
-1.737
-1.72713
-1.72296
-1.72544
-1.72879
-1.7326
-1.73533
-1.73475
-1.7319
-1.72712
-1.72197
-1.71612
-1.71331
-1.71025
-1.71252
-1.71709
-1.72451
-1.73299
-1.73913
-1.74175
-1.73997
-1.73481
-1.72843
-1.72288
-1.71906
-1.71785
-1.71974
-1.72348
-1.72824
-1.73539
-1.74038
-1.74341
-1.74057
-1.73286
-1.7219
-1.70768
-1.69114
-1.67286
-1.65321
-1.63323
-1.6137
-1.59711
-1.58424
-1.5782
-1.57811
-1.58325
-1.5934
-1.608
-1.62491
-1.64419
-1.66248
-1.67986
-1.69447
-1.70531
-1.71294
-1.71902
-1.72112
-1.71913
-1.71353
-1.70824
-1.70022
-1.69464
-1.69073
-1.6886
-1.68927
-1.69448
-1.70378
-1.71764
-1.73574
-1.75833
-1.78176
-1.80258
-1.81654
-1.82211
-1.81576
-1.80115
-1.78196
-1.76205
-1.74378
-1.7273
-1.71203
-1.69833
-1.68627
-1.67505
-1.66839
-1.66662
-1.67127
-1.68163
-1.69367
-1.70612
-1.71803
-1.72443
-1.72891
-1.73189
-1.73313
-1.73686
-1.74158
-1.74679
-1.75086
-1.75317
-1.75506
-1.75649
-1.75893
-1.76151
-1.76388
-1.76756
-1.77363
-1.7807
-1.78688
-1.78899
-1.78806
-1.78812
-1.78818
-1.78645
-1.78512
-1.78115
-1.78226
-1.78907
-1.80307
-1.82531
-1.85344
-1.88064
-1.90236
-1.9134
-1.91168
-1.90384
-1.89295
-1.88111
-1.86727
-1.85065
-1.83056
-1.81022
-1.79063
-1.77358
-1.76168
-1.75209
-1.74297
-1.73581
-1.72672
-1.71889
-1.71347
-1.71257
-1.71878
-1.72992
-1.7451
-1.75826
-1.76711
-1.76925
-1.76619
-1.75668
-1.7428
-1.72502
-1.70466
-1.68211
-1.66146
-1.64858
-1.64233
-1.64359
-1.64988
-1.65917
-1.66892
-1.67599
-1.67745
-1.67229
-1.66372
-1.65349
-1.64452
-1.64024
-1.64193
-1.6485
-1.66107
-1.67502
-1.69279
-1.71211
-1.73257
-1.75491
-1.77372
-1.7891
-1.79712
-1.79723
-1.78819
-1.77238
-1.75443
-1.73944
-1.73058
-1.72627
-1.72652
-1.72941
-1.73507
-1.73944
-1.74108
-1.73769
-1.72762
-1.71485
-1.70144
-1.68973
-1.67957
-1.67019
-1.66192
-1.65575
-1.65269
-1.65337
-1.65796
-1.66548
-1.67489
-1.68166
-1.68423
-1.6825
-1.67647
-1.66848
-1.65648
-1.64497
-1.63435
-1.62627
-1.61985
-1.6157
-1.61463
-1.61574
-1.61996
-1.6288
-1.64188
-1.65976
-1.67966
-1.70133
-1.72376
-1.74464
-1.76603
-1.7834
-1.79802
-1.80616
-1.80728
-1.80218
-1.79018
-1.77107
-1.74454
-1.71438
-1.68249
-1.65062
-1.62441
-1.60469
-1.59125
-1.59059
-1.59947
-1.61676
-1.64103
-1.66737
-1.69436
-1.72093
-1.74722
-1.77339
-1.8003
-1.82818
-1.85329
-1.87354
-1.88548
-1.88808
-1.8802
-1.86366
-1.8407
-1.81312
-1.78519
-1.76029
-1.74136
-1.7279
-1.72202
-1.71932
-1.71841
-1.71787
-1.7159
-1.71175
-1.70906
-1.7099
-1.71763
-1.73329
-1.75485
-1.77855
-1.80022
-1.81533
-1.82411
-1.82464
-1.81682
-1.80283
-1.78763
-1.77351
-1.76349
-1.75537
-1.75081
-1.74782
-1.74349
-1.73835
-1.73132
-1.72232
-1.70726
-1.68534
-1.65617
-1.62501
-1.59542
-1.57285
-1.55777
-1.55113
-1.55127
-1.5554
-1.56433
-1.57535
-1.58966
-1.60931
-1.63351
-1.65941
-1.68326
-1.69925
-1.70529
-1.70101
-1.69108
-1.67552
-1.65895
-1.64339
-1.63319
-1.63177
-1.63704
-1.64949
-1.66644
-1.68712
-1.70689
-1.72346
-1.73355
-1.73376
-1.72571
-1.70906
-1.6885
-1.66654
-1.64841
-1.63451
-1.62588
-1.61948
-1.6141
-1.60649
-1.59932
-1.59007
-1.57967
-1.56984
-1.56319
-1.56213
-1.56961
-1.58788
-1.6155
-1.65305
-1.69725
-1.74387
-1.78892
-1.82781
-1.85748
-1.87453
-1.87789
-1.86999
-1.8546
-1.83676
-1.81995
-1.80784
-1.79996
-1.79951
-1.80682
-1.82251
-1.84305
-1.86237
-1.87504
-1.87548
-1.85915
-1.83178
-1.79561
-1.757
-1.72189
-1.69368
-1.67478
-1.66203
-1.65334
-1.64741
-1.64335
-1.64004
-1.63807
-1.63793
-1.64154
-1.64879
-1.65809
-1.67006
-1.68196
-1.69315
-1.7016
-1.70623
-1.70494
-1.70136
-1.69886
-1.70081
-1.70903
-1.72293
-1.74182
-1.7624
-1.77965
-1.78976
-1.79113
-1.78578
-1.77466
-1.76149
-1.74792
-1.73225
-1.71604
-1.69785
-1.67731
-1.65698
-1.64197
-1.63322
-1.63316
-1.64142
-1.65824
-1.68013
-1.7086
-1.74053
-1.77259
-1.80319
-1.82619
-1.83644
-1.83345
-1.81817
-1.79544
-1.76945
-1.74801
-1.72903
-1.71422
-1.70043
-1.69015
-1.68391
-1.68327
-1.69348
-1.71121
-1.73419
-1.75865
-1.77912
-1.78896
-1.78853
-1.77836
-1.76187
-1.7421
-1.72529
-1.71272
-1.70857
-1.70917
-1.71354
-1.7192
-1.72211
-1.72014
-1.71143
-1.70009
-1.6878
-1.67918
-1.67728
-1.68176
-1.69458
-1.71326
-1.73605
-1.76069
-1.78252
-1.79997
-1.81034
-1.81089
-1.80152
-1.78463
-1.76448
-1.74403
-1.72539
-1.70962
-1.70095
-1.69737
-1.69922
-1.70365
-1.71065
-1.71881
-1.7266
-1.73477
-1.74027
-1.74491
-1.7495
-1.75335
-1.75634
-1.75762
-1.75922
-1.763
-1.76699
-1.77141
-1.77773
-1.78304
-1.78452
-1.78061
-1.77267
-1.76262
-1.75139
-1.74154
-1.7356
-1.73446
-1.73494
-1.73478
-1.73254
-1.7241
-1.71022
-1.69354
-1.67867
-1.66594
-1.65409
-1.64489
-1.63644
-1.63117
-1.62592
-1.62314
-1.6244
-1.63103
-1.64326
-1.65884
-1.67451
-1.68971
-1.69963
-1.70374
-1.70604
-1.70676
-1.70867
-1.71301
-1.7181
-1.71868
-1.71359
-1.70482
-1.69299
-1.68173
-1.67231
-1.66813
-1.6676
-1.6684
-1.6668
-1.66072
-1.64644
-1.62573
-1.5972
-1.5692
-1.54271
-1.52125
-1.50887
-1.5069
-1.51601
-1.53686
-1.56633
-1.59962
-1.62674
-1.64234
-1.64458
-1.63548
-1.62303
-1.61442
-1.61434
-1.62578
-1.64608
-1.67208
-1.69933
-1.72324
-1.74
-1.74458
-1.73998
-1.7274
-1.7126
-1.70037
-1.69292
-1.69122
-1.69293
-1.69685
-1.70121
-1.70192
-1.69898
-1.69356
-1.68799
-1.68497
-1.68897
-1.69825
-1.71485
-1.74027
-1.76739
-1.79371
-1.81469
-1.82754
-1.83059
-1.82484
-1.81197
-1.79539
-1.77453
-1.7524
-1.72739
-1.70562
-1.68616
-1.67491
-1.67316
-1.67892
-1.69272
-1.71272
-1.73353
-1.75203
-1.76312
-1.76814
-1.76479
-1.7527
-1.73501
-1.7148
-1.69374
-1.67355
-1.65308
-1.63389
-1.61574
-1.60186
-1.59182
-1.58757
-1.59013
-1.59919
-1.61377
-1.63121
-1.65081
-1.67193
-1.69334
-1.71933
-1.75038
-1.78301
-1.81614
-1.84377
-1.85899
-1.85853
-1.84427
-1.82129
-1.79692
-1.77216
-1.74974
-1.73003
-1.71183
-1.69776
-1.68746
-1.67912
-1.67482
-1.67354
-1.67658
-1.68313
-1.69421
-1.70379
-1.71154
-1.71615
-1.71543
-1.70731
-1.69379
-1.67629
-1.65629
-1.63722
-1.62497
-1.62011
-1.62152
-1.6263
-1.6326
-1.63702
-1.6406
-1.64225
-1.64467
-1.64623
-1.64945
-1.65131
-1.65332
-1.658
-1.66693
-1.6789
-1.69561
-1.71479
-1.73564
-1.7596
-1.78191
-1.80173
-1.81636
-1.82479
-1.8275
-1.82469
-1.81835
-1.81063
-1.80191
-1.79726
-1.79377
-1.7875
-1.77524
-1.75711
-1.73357
-1.70712
-1.68264
-1.66219
-1.64734
-1.63507
-1.62707
-1.62201
-1.62067
-1.6225
-1.62668
-1.63258
-1.64011
-1.64933
-1.65875
-1.66315
-1.66348
-1.65688
-1.64475
-1.63339
-1.62628
-1.62677
-1.63262
-1.64307
-1.65628
-1.66827
-1.67734
-1.68139
-1.68137
-1.67986
-1.67791
-1.67467
-1.67276
-1.66744
-1.65809
-1.64463
-1.63036
-1.61893
-1.61139
-1.60896
-1.61061
-1.61293
-1.61229
-1.6066
-1.59789
-1.58812
-1.58006
-1.57606
-1.57747
-1.58457
-1.59645
-1.61222
-1.62955
-1.64698
-1.66146
-1.67142
-1.6749
-1.67616
-1.6755
-1.67882
-1.68705
-1.69938
-1.71384
-1.72717
-1.73744
-1.74204
-1.74153
-1.73529
-1.72609
-1.71216
-1.69543
-1.67499
-1.65256
-1.63059
-1.61002
-1.5925
-1.57888
-1.56989
-1.5637
-1.56194
-1.56328
-1.57036
-1.58122
-1.59348
-1.60709
-1.62117
-1.63359
-1.64375
-1.6522
-1.65759
-1.65855
-1.65577
-1.65056
-1.64512
-1.64192
-1.64368
-1.6506
-1.66286
-1.67809
-1.69518
-1.70999
-1.71764
-1.71731
-1.70993
-1.69811
-1.68288
-1.66361
-1.6432
-1.62035
-1.59858
-1.57869
-1.56456
-1.56275
-1.57221
-1.5929
-1.62073
-1.64704
-1.6666
-1.67784
-1.68151
-1.68002
-1.6762
-1.67493
-1.67622
-1.68258
-1.69248
-1.70409
-1.71648
-1.72851
-1.73971
-1.7495
-1.7537
-1.74996
-1.73609
-1.71352
-1.68698
-1.6599
-1.63655
-1.62236
-1.61776
-1.62269
-1.63619
-1.65327
-1.67515
-1.70001
-1.72561
-1.75145
-1.7768
-1.80071
-1.81854
-1.82772
-1.82718
-1.81648
-1.8001
-1.78041
-1.76375
-1.75422
-1.74991
-1.74922
-1.74802
-1.74492
-1.73741
-1.72406
-1.71051
-1.69529
-1.68123
-1.66603
-1.65039
-1.63402
-1.6201
-1.60954
-1.60698
-1.6135
-1.63014
-1.65794
-1.69578
-1.74174
-1.79523
-1.84881
-1.90023
-1.94127
-1.96379
-1.96334
-1.93741
-1.88987
-1.82917
-1.76476
-1.70514
-1.6561
-1.61917
-1.59416
-1.58043
-1.5749
-1.57606
-1.57945
-1.58573
-1.59352
-1.60478
-1.61734
-1.63337
-1.6519
-1.67038
-1.68513
-1.69483
-1.69869
-1.69579
-1.68667
-1.67248
-1.65599
-1.63753
-1.61951
-1.60229
-1.5862
-1.5732
-1.56369
-1.55903
