1.55815
1.54902
1.54891
1.557
1.57019
1.5842
1.59514
1.60055
1.59981
1.59396
1.58517
1.57601
1.5689
1.56575
1.56789
1.57601
1.58962
1.60697
1.62563
1.64364
1.65994
1.67414
1.68582
1.69401
1.69716
1.6935
1.6819
1.66261
1.63741
1.60921
1.58119
1.5561
1.53595
1.52168
1.51291
1.50828
1.50656
1.50753
1.51219
1.52174
1.53582
1.55177
1.56555
1.57347
1.57369
1.56701
1.55679
1.5473
1.54125
1.53855
1.5377
1.53761
1.53826
1.54018
1.54385
1.54969
1.55831
1.57066
1.58749
1.60835
1.63112
1.6526
1.66972
1.68056
1.68476
1.68312
1.6772
1.66889
1.65991
1.65182
1.64574
1.64211
1.64056
1.64031
1.64076
1.64177
1.6436
1.64643
1.65051
1.65655
1.66563
1.67845
1.69443
1.71157
1.72694
1.73722
1.73934
1.73087
1.71071
1.67969
1.64117
1.60101
1.56658
1.54449
1.53796
1.54576
1.56328
1.58479
1.60524
1.62122
1.63109
1.6348
1.63368
1.62987
1.62577
1.62333
1.62362
1.62661
1.63155
1.6373
1.6427
1.64656
1.64781
1.6457
1.64021
1.63234
1.62401
1.61756
1.61495
1.61688
1.62249
1.62978
1.63639
1.64051
1.64142
1.63938
1.63518
1.62967
1.62373
1.61874
1.61676
1.6196
1.62762
1.63963
1.65415
1.67039
1.68822
1.70756
1.72769
1.74708
1.76367
1.77563
1.78182
1.78206
1.77677
1.76662
1.75232
1.73481
1.71553
1.69633
1.67895
1.66449
1.6532
1.64481
1.63918
1.63663
1.63757
1.6418
1.64831
1.65558
1.66206
1.66658
1.66841
1.66712
1.66222
1.65308
1.63922
1.62081
1.59898
1.57584
1.55472
1.5397
1.53428
1.53957
1.55373
1.57292
1.59314
1.61171
1.62789
1.64226
1.65565
1.66816
1.67878
1.68575
1.68737
1.68286
1.67296
1.65986
1.64665
1.6361
1.62955
1.62642
1.6248
1.62267
1.61893
1.61391
1.60885
1.60493
1.60247
1.60073
1.59885
1.59672
1.59474
1.59267
1.58914
1.58307
1.5757
1.57012
1.56817
1.56849
1.56873
1.56852
1.56934
1.57188
1.57434
1.57354
1.56657
1.55183
1.52943
1.5019
1.47439
1.45328
1.44315
1.44411
1.45241
1.4636
1.47559
1.48913
1.5059
1.526
1.54724
1.56668
1.58252
1.59472
1.60431
1.61253
1.62043
1.62847
1.63584
1.64037
1.6396
1.63249
1.62028
1.60617
1.59375
1.58581
1.58367
1.58748
1.59684
1.61133
1.63017
1.65174
1.67354
1.69268
1.70661
1.71377
1.71387
1.70803
1.69859
1.68869
1.68162
1.67986
1.6841
1.69298
1.70352
1.71233
1.71676
1.71553
1.70866
1.697
1.68169
1.66376
1.64399
1.62307
1.60194
1.58223
1.56654
1.55792
1.55841
1.56775
1.58312
1.6003
1.61545
1.62612
1.63149
1.63184
1.62835
1.62299
1.61847
1.61758
1.62203
1.6315
1.64396
1.65692
1.66879
1.67925
1.68862
1.6969
1.70322
1.70629
1.70515
1.69995
1.69197
1.68332
1.67625
1.67263
1.67345
1.67872
1.68762
1.69871
1.71038
1.72115
1.72999
1.73641
1.7404
1.74193
1.74067
1.73599
1.72716
1.71377
1.69619
1.67554
1.65341
1.63128
1.6101
1.59053
1.5733
1.55959
1.55084
1.54851
1.55376
1.56697
1.58759
1.61412
1.64444
1.67618
1.70684
1.73381
1.75444
1.76636
1.76809
1.7595
1.74206
1.71854
1.69205
1.66506
1.63864
1.61251
1.58573
1.55791
1.53003
1.50462
1.48482
1.47318
1.47103
1.47862
1.49516
1.51872
1.5463
1.57439
1.59959
1.61928
1.63213
1.63846
1.64011
1.63966
1.63959
1.64141
1.64495
1.64811
1.64757
1.6403
1.62523
1.60398
1.58028
1.5586
1.54258
1.53425
1.53418
1.5417
1.55478
1.57029
1.58486
1.59624
1.6039
1.60877
1.61236
1.61594
1.62032
1.62644
1.63589
1.65081
1.67272
1.70099
1.73216
1.76129
1.78416
1.79879
1.80543
1.80574
1.80161
1.79419
1.78348
1.76871
1.74922
1.72547
1.69987
1.67662
1.66032
1.65384
1.6572
1.66835
1.68436
1.70185
1.7171
1.72685
1.72918
1.72376
1.71145
1.6939
1.67337
1.65284
1.63581
1.62573
1.6249
1.63372
1.65022
1.67078
1.69138
1.70891
1.7219
1.73068
1.73677
1.74216
1.74841
1.75633
1.76589
1.77629
1.78597
1.79262
1.79353
1.78605
1.76839
1.74016
1.70276
1.65901
1.61284
1.56855
1.53026
1.50164
1.48535
1.48215
1.49019
1.50543
1.52313
1.53949
1.5522
1.55979
1.56084
1.55413
1.53965
1.51986
1.50008
1.48726
1.48742
1.50284
1.53127
1.56745
1.60546
1.64027
1.66848
1.68874
1.70179
1.70987
1.71535
1.71971
1.72317
1.72499
1.72423
1.72031
1.71337
1.70391
1.69254
1.68019
1.6684
1.65949
1.65546
1.65646
1.66019
1.663
1.66149
1.65373
1.63953
1.62049
1.5999
1.58219
1.57133
1.56921
1.57486
1.58553
1.5984
1.61197
1.62643
1.64294
1.66218
1.68318
1.70321
1.71883
1.72727
1.72719
1.71862
1.7024
1.67945
1.65083
1.6183
1.58472
1.55412
1.53127
1.52056
1.52416
1.54035
1.564
1.58908
1.61143
1.6298
1.64507
1.65825
1.66898
1.67522
1.67436
1.66475
1.64687
1.62358
1.59957
1.58001
1.56911
1.56893
1.57895
1.5962
1.61613
1.63399
1.64626
1.65147
1.65042
1.64559
1.64038
1.63807
1.6408
1.64875
1.66009
1.67163
1.6798
1.6817
1.67586
1.66243
1.643
1.6199
1.59587
1.57373
1.55644
1.54666
1.54612
1.55473
1.57057
1.59058
1.61148
1.63042
1.64528
1.65487
1.65889
1.65795
1.65322
1.64621
1.63835
1.63072
1.6239
1.61811
1.61331
1.60948
1.60654
1.6043
1.60242
1.60036
1.59749
1.5932
1.58742
1.5811
1.57623
1.57491
1.57836
1.58631
1.59711
1.60834
1.61759
1.62323
1.62513
1.6248
1.62495
1.6284
1.63669
1.64936
1.66438
1.67941
1.69288
1.70428
1.71379
1.72178
1.72842
1.73336
1.73569
1.73427
1.7281
1.71693
1.7018
1.68522
1.67062
1.66085
1.65644
1.65536
1.65448
1.65182
1.64763
1.64404
1.64362
1.64795
1.65688
1.66856
1.68012
1.68879
1.69297
1.69304
1.69148
1.69218
1.69886
1.71359
1.73597
1.76344
1.79235
1.81885
1.83955
1.85177
1.8536
1.84389
1.82289
1.79326
1.76072
1.73315
1.71739
1.7156
1.72425
1.73641
1.74502
1.7451
1.73457
1.71427
1.6875
1.65919
1.63467
1.61837
1.61259
1.61688
1.62826
1.64231
1.65468
1.66244
1.66459
1.66213
1.65744
1.65339
1.65222
1.6547
1.65982
1.66525
1.66812
1.66578
1.65635
1.6393
1.61584
1.58887
1.56255
1.54126
1.52841
1.52551
1.53187
1.54519
1.56298
1.58369
1.60657
1.63053
1.65337
1.67192
1.68332
1.68582
1.67931
1.66521
1.64626
1.62605
1.60831
1.59615
1.59159
1.59524
1.60642
1.62336
1.64373
1.66539
1.68694
1.70771
1.72721
1.7446
1.75864
1.76807
1.77187
1.76931
1.7604
1.74612
1.72837
1.70893
1.68841
1.66609
1.64071
1.61147
1.57884
1.54555
1.51747
1.5018
1.50255
1.51743
1.54026
1.56553
1.5903
1.61332
1.63393
1.65169
1.66636
1.67787
1.68606
1.69051
1.69073
1.68663
1.67887
1.669
1.65911
1.65122
1.64691
1.64748
1.65393
1.66655
1.6842
1.70405
1.72222
1.73507
1.74068
1.73957
1.73434
1.72819
1.72332
1.72019
1.71809
1.71613
1.71396
1.7118
1.70978
1.70732
1.70295
1.69507
1.68281
1.66639
1.64676
1.62501
1.60226
1.58009
1.56072
1.54624
1.53767
1.5348
1.53686
1.54275
1.55062
1.55798
1.56323
1.56717
1.57298
1.58434
1.60293
1.62722
1.65352
1.67801
1.69846
1.71436
1.72618
1.73448
1.73954
1.74148
1.74056
1.73714
1.73139
1.72341
1.71388
1.70477
1.69915
1.69973
1.70693
1.71816
1.72907
1.73557
1.73554
1.72908
1.71803
1.70512
1.69312
1.68436
1.68001
1.67972
1.68199
1.685
1.68779
1.6909
1.69607
1.70497
1.71752
1.73134
1.74292
1.74971
1.75138
1.74988
1.74846
1.75001
1.7557
1.76457
1.77418
1.78194
1.78594
1.78499
1.77864
1.76721
1.75174
1.73411
1.71683
1.7025
1.693
1.68845
1.68705
1.68575
1.68152
1.67268
1.6596
1.64454
1.6306
1.62048
1.61558
1.61594
1.62097
1.63016
1.64334
1.66038
1.68066
1.70294
1.72537
1.74609
1.76361
1.77723
1.78682
1.79241
1.79387
1.79101
1.78394
1.77337
1.76066
1.74735
1.73464
1.72312
1.71311
1.70511
1.70002
1.69877
1.7014
1.70661
1.71205
1.7151
1.71364
1.70657
1.69416
1.67817
1.66154
1.64778
1.63998
1.63971
1.64663
1.65906
1.67505
1.69341
1.71382
1.73607
1.75889
1.77924
1.79277
1.79533
1.78497
1.76353
1.7366
1.71104
1.69148
1.67963
1.67551
1.6773
1.68113
1.68285
1.68035
1.67369
1.66409
1.65279
1.64054
1.62791
1.61595
1.60661
1.60271
1.6069
1.62047
1.64244
1.66959
1.69727
1.72063
1.73588
1.74108
1.73646
1.72386
1.70571
1.68414
1.66033
1.63489
1.60845
1.58234
1.55888
1.54105
1.53171
1.53256
1.54311
1.56039
1.57964
1.59585
1.60598
1.61014
1.61113
1.61263
1.61739
1.62625
1.6384
1.65225
1.66657
1.68108
1.69628
1.71253
1.72905
1.74373
1.75369
1.75624
1.74942
1.73218
1.70437
1.66669
1.62058
1.56844
1.51396
1.46253
1.42133
1.39821
1.39911
1.42549
1.47319
1.5339
1.59816
1.65793
1.70788
1.74542
1.77027
1.78385
1.78862
1.78746
1.78286
1.77628
1.76804
1.75753
1.74406
1.72774
1.70981
1.69238
1.67778
1.66793
1.66408
1.66667
1.67534
1.68892
1.70572
1.72387
1.7419
1.75881
1.774
1.78684
1.79636
1.80102
