               1         2.49167         2.49167               0
               2         2.46711         2.47939       0.0122798
               3         2.12467         2.36115        0.118452
               4         2.59734         2.42019        0.102479
               5         2.56683         2.44952       0.0846245
               6          2.5677         2.46922        0.071848
               7         2.13106         2.42091       0.0775947
               8         2.08159         2.37849       0.0794655
               9         1.75861         2.30962       0.0982621
              10         2.21968         2.30062       0.0883473
              11         2.19725         2.29123       0.0804638
              12         2.28947         2.29108       0.0734532
              13         2.28796         2.29084       0.0675675
              14         2.10266          2.2774       0.0639832
              15         1.74741         2.24207       0.0692561
              16         2.14996         2.23631       0.0650384
              17         2.26086         2.23775         0.06111
              18         2.62785         2.25943       0.0615563
              19         2.30049         2.26159       0.0582665
              20         2.31191          2.2641       0.0553337
              21         2.32401         2.26696       0.0527101
              22         2.53775         2.27926       0.0517425
              23         2.97001          2.3093       0.0578483
              24         2.48451          2.3166       0.0558645
              25         2.49472         2.32372        0.054055
              26         2.23125         2.32017        0.052056
              27         2.09648         2.31188       0.0507714
              28         2.36633         2.31383       0.0489632
              29         2.31794         2.31397       0.0472449
              30         2.11302         2.30727       0.0461318
              31         2.09909         2.30055       0.0451214
              32         2.02607         2.29198       0.0445226
              33         2.49713         2.29819       0.0435979
              34         2.20913         2.29557       0.0423772
              35         1.96337         2.28608       0.0422291
              36         2.59801         2.29475        0.041944
              37         2.18814         2.29187       0.0408963
              38         2.52736         2.29806        0.040285
              39         2.63421         2.30668       0.0401739
              40         2.10295         2.30159       0.0394866
              41         1.93727          2.2927       0.0395233
              42         2.02093         2.28623       0.0391098
              43         2.11769         2.28231         0.03839
              44          1.7505         2.27023       0.0394067
              45         2.07748         2.26594       0.0387584
              46         2.69823         2.27534        0.039054
              47         2.64442         2.28319       0.0390125
              48         2.00141         2.27732       0.0386397
              49         2.04259         2.27253       0.0381449
              50         2.32419         2.27357       0.0373885
              51         2.15189         2.27118       0.0367256
              52         2.30186         2.27177       0.0360173
              53         2.32782         2.27283        0.035347
              54         2.35814         2.27441       0.0347222
              55         2.21364          2.2733       0.0341029
              56         2.29689         2.27372       0.0334911
              57          2.5978         2.27941       0.0333859
              58         2.53643         2.28384       0.0331032
              59         2.61758          2.2895       0.0330253
              60         2.51287         2.29322        0.032683
              61         2.20547         2.29178       0.0321749
              62         2.18289         2.29002       0.0317004
              63         2.17335         2.28817       0.0312481
              64         1.72239         2.27933       0.0320013
              65         1.47444         2.26695       0.0338512
              66         1.81481          2.2601       0.0340311
              67         2.02212         2.25655        0.033707
              68         2.09924         2.25423        0.033288
              69         2.36885         2.25589       0.0328441
              70         2.04686         2.25291       0.0325089
              71         1.98424         2.24912       0.0322704
              72         1.83247         2.24334        0.032341
              73         2.50406         2.24691       0.0320942
              74         2.09763         2.24489       0.0317218
              75          2.0008         2.24164       0.0314647
              76         1.71489         2.23471       0.0318122
              77         1.94675         2.23097       0.0316182
              78         2.46627         2.23398       0.0313557
              79         2.19266         2.23346       0.0309607
              80         1.81409         2.22822       0.0310174
              81         1.83038         2.22331       0.0310233
              82         1.99208         2.22049       0.0307721
              83         1.76825         2.21504       0.0308835
              84         1.75713         2.20959       0.0309968
              85         2.21658         2.20967       0.0306301
              86         2.22125          2.2098       0.0302721
              87         1.83624         2.20551       0.0302286
              88         2.08814         2.20418       0.0299129
              89         2.13291         2.20338       0.0295857
              90         1.68032         2.19756       0.0298268
              91         1.92768          2.1946        0.029646
              92         2.15049         2.19412       0.0293259
              93          1.8779         2.19072       0.0292074
              94         2.43354          2.1933       0.0290103
              95         2.16793         2.19303       0.0287045
              96          1.7162         2.18807        0.028835
              97         2.56611         2.19196       0.0288011
              98         1.74974         2.18745       0.0288606
              99         1.81545         2.18369       0.0288137
             100           1.786         2.17972          0.0288
