               1         1.57473         1.57473               0
               2         1.58812         1.58142      0.00669201
               3          1.6715         1.61145       0.0302724
               4         1.53001         1.59109       0.0295415
               5         1.55447         1.58377        0.024026
               6         1.55387         1.57878       0.0202401
               7         1.66426         1.59099        0.021017
               8          1.6445         1.59768       0.0193911
               9          1.7068         1.60981       0.0209629
              10         1.58338         1.60716       0.0189351
              11          1.6291         1.60916       0.0172431
              12         1.63381         1.61121       0.0158742
              13         1.63171         1.61279        0.014687
              14         1.66391         1.61644       0.0140793
              15         1.75714         1.62582       0.0161179
              16         1.65167         1.62744       0.0151633
              17         1.64527         1.62849        0.014282
              18          1.5737         1.62544       0.0138049
              19         1.66787         1.62768       0.0132477
              20         1.61686         1.62713       0.0125795
              21          1.5852         1.62514        0.012131
              22         1.56085         1.62222       0.0119299
              23         1.47126         1.61565       0.0131538
              24         1.59832         1.61493       0.0126145
              25         1.60693         1.61461       0.0121037
              26          1.6845          1.6173       0.0119355
              27          1.6989         1.62032       0.0118759
              28         1.61033         1.61996       0.0114495
              29         1.61542         1.61981       0.0110488
              30         1.66576         1.62134       0.0107835
              31         1.68703         1.62346       0.0106429
              32         1.72933         1.62677        0.010823
              33         1.61622         1.62645       0.0104948
              34          1.6506         1.62716       0.0102062
              35         1.68368         1.62877        0.010041
              36         1.50649         1.62538       0.0103324
              37         1.63122         1.62553       0.0100506
              38         1.58558         1.62448      0.00983883
              39          1.5956         1.62374      0.00961179
              40         1.72681         1.62632       0.0097163
              41         1.73816         1.62905      0.00986116
              42         1.69975         1.63073      0.00976963
              43          1.6558         1.63131      0.00955753
              44         1.75203         1.63406      0.00973248
              45         1.67964         1.63507      0.00956751
              46         1.52281         1.63263      0.00967021
              47         1.53393         1.63053      0.00969246
              48         1.70637         1.63211      0.00961904
              49         1.67782         1.63304      0.00946678
              50         1.60922         1.63257      0.00928774
              51         1.66392         1.63318      0.00912454
              52         1.61746         1.63288      0.00895246
              53         1.61902         1.63262      0.00878581
              54         1.60683         1.63214      0.00863479
              55         1.64367         1.63235      0.00847893
              56         1.64092          1.6325      0.00832755
              57         1.59622         1.63186      0.00820487
              58         1.63217         1.63187      0.00806217
              59         1.59078         1.63117      0.00795489
              60         1.61459          1.6309      0.00782607
              61         1.69796           1.632      0.00777483
              62         1.69008         1.63293      0.00770557
              63         1.66048         1.63337      0.00759486
              64         1.73721         1.63499       0.0076493
              65         1.78688         1.63733      0.00788492
              66         1.69389         1.63819      0.00781169
              67         1.64764         1.63833       0.0076955
              68          1.6419         1.63838      0.00758167
              69         1.56647         1.63734      0.00754332
              70         1.64835          1.6375      0.00743644
              71          1.6683         1.63793      0.00734378
              72         1.73046         1.63921      0.00735422
              73         1.54897         1.63798      0.00735739
              74         1.66388         1.63833      0.00726573
              75         1.66831         1.63873      0.00717933
              76         1.72748          1.6399      0.00717984
              77         1.68021         1.64042       0.0071053
              78         1.55263         1.63929      0.00710335
              79         1.63514         1.63924      0.00701305
              80          1.7279         1.64035      0.00701296
              81         1.71737          1.6413      0.00699081
              82         1.68953         1.64189      0.00693003
              83          1.7493         1.64318      0.00696728
              84         1.75348          1.6445      0.00700794
              85         1.66207          1.6447      0.00692809
              86         1.67214         1.64502      0.00685448
              87         1.77566         1.64652      0.00693965
              88         1.70977         1.64724      0.00689789
              89         1.66642         1.64746      0.00682335
              90         1.75306         1.64863      0.00684838
              91         1.68483         1.64903      0.00678438
              92         1.62802          1.6488      0.00671411
              93         1.70604         1.64942      0.00666998
              94         1.56483         1.64852      0.00665972
              95         1.62834          1.6483      0.00659266
              96         1.72553         1.64911      0.00657305
              97         1.48677         1.64743      0.00671677
              98         1.72955         1.64827      0.00670048
              99         1.71243         1.64892      0.00666403
             100         1.73927         1.64982      0.00665863
