               1         1.04982         1.04982               0
               2         1.05874         1.05428      0.00446134
               3         1.11433          1.0743       0.0201816
               4         1.02001         1.06073       0.0196943
               5         1.03632         1.05584       0.0160173
               6         1.03591         1.05252       0.0134934
               7         1.10951         1.06066       0.0140113
               8         1.09633         1.06512       0.0129274
               9         1.13786          1.0732       0.0139753
              10         1.05559         1.07144       0.0126234
              11         1.08607         1.07277       0.0114954
              12          1.0892         1.07414       0.0105828
              13         1.08781         1.07519      0.00979136
              14         1.10927         1.07763      0.00938623
              15         1.17143         1.08388       0.0107453
              16         1.10112         1.08496       0.0101088
              17         1.09684         1.08566      0.00952131
              18         1.04913         1.08363      0.00920324
              19         1.11192         1.08512      0.00883179
              20         1.07791         1.08476      0.00838633
              21          1.0568         1.08343      0.00808732
              22         1.04056         1.08148      0.00795326
              23        0.980839          1.0771      0.00876923
              24         1.06555         1.07662      0.00840969
              25         1.07129         1.07641      0.00806911
              26           1.123          1.0782        0.007957
              27          1.1326         1.08021      0.00791729
              28         1.07355         1.07998      0.00763301
              29         1.07695         1.07987      0.00736584
              30         1.11051         1.08089      0.00718897
              31         1.12469         1.08231      0.00709527
              32         1.15289         1.08451      0.00721536
              33         1.07748          1.0843      0.00699654
              34          1.1004         1.08477      0.00680414
              35         1.12245         1.08585      0.00669402
              36         1.00432         1.08358       0.0068883
              37         1.08748         1.08369      0.00670037
              38         1.05705         1.08299      0.00655922
              39         1.06374         1.08249      0.00640786
              40         1.15121         1.08421      0.00647753
              41         1.15877         1.08603      0.00657411
              42         1.13316         1.08715      0.00651309
              43         1.10387         1.08754      0.00637168
              44         1.16802         1.08937      0.00648832
              45         1.11976         1.09005      0.00637834
              46         1.01521         1.08842      0.00644681
              47         1.02262         1.08702      0.00646164
              48         1.13758         1.08807       0.0064127
              49         1.11855         1.08869      0.00631119
              50         1.07281         1.08838      0.00619183
              51         1.10928         1.08879      0.00608303
              52          1.0783         1.08859      0.00596831
              53         1.07935         1.08841      0.00585721
              54         1.07122         1.08809      0.00575653
              55         1.09578         1.08823      0.00565262
              56         1.09394         1.08833       0.0055517
              57         1.06415         1.08791      0.00546991
              58         1.08811         1.08791      0.00537478
              59         1.06052         1.08745      0.00530326
              60         1.07639         1.08726      0.00521738
              61         1.13198           1.088      0.00518322
              62         1.12672         1.08862      0.00513704
              63         1.10699         1.08891      0.00506324
              64         1.15814            1.09      0.00509954
              65         1.19125         1.09155      0.00525661
              66         1.12926         1.09212      0.00520779
              67         1.09843         1.09222      0.00513034
              68          1.0946         1.09225      0.00505445
              69         1.04432         1.09156      0.00502888
              70          1.0989         1.09166      0.00495763
              71          1.1122         1.09195      0.00489586
              72         1.15364         1.09281      0.00490281
              73         1.03264         1.09199      0.00490493
              74         1.10926         1.09222      0.00484382
              75          1.1122         1.09249      0.00478622
              76         1.15165         1.09326      0.00478656
              77         1.12014         1.09361      0.00473686
              78         1.03509         1.09286      0.00473556
              79         1.09009         1.09283      0.00467537
              80         1.15193         1.09357       0.0046753
              81         1.14491          1.0942      0.00466054
              82         1.12636         1.09459      0.00462002
              83          1.1662         1.09546      0.00464485
              84         1.16898         1.09633      0.00467196
              85         1.10805         1.09647      0.00461873
              86         1.11476         1.09668      0.00456966
              87         1.18378         1.09768      0.00462643
              88         1.13985         1.09816      0.00459859
              89         1.11095         1.09831       0.0045489
              90         1.16871         1.09909      0.00456558
              91         1.12322         1.09935      0.00452292
              92         1.08535          1.0992      0.00447607
              93         1.13736         1.09961      0.00444665
              94         1.04322         1.09901      0.00443981
              95         1.08556         1.09887      0.00439511
              96         1.15036         1.09941      0.00438203
              97        0.991182         1.09829      0.00447784
              98         1.15304         1.09885      0.00446698
              99         1.14162         1.09928      0.00444269
             100         1.15951         1.09988      0.00443909
