               1        -1.78322        -1.78322               0
               2        -1.76849        -1.77585      0.00736584
               3        -1.68425        -1.74532        0.030828
               4        -1.82698        -1.76574       0.0298662
               5        -1.80274        -1.77314        0.024289
               6        -1.80366        -1.77822       0.0204741
               7        -1.69473         -1.7663       0.0210167
               8        -1.71414        -1.75978       0.0193334
               9        -1.65008        -1.74759       0.0209589
              10        -1.77482        -1.75031       0.0189429
              11        -1.72945        -1.74842       0.0172391
              12        -1.72396        -1.74638       0.0158685
              13        -1.72698        -1.74488        0.014673
              14        -1.69691        -1.74146         0.01401
              15         -1.6029        -1.73222       0.0159822
              16        -1.70585        -1.73057       0.0150406
              17        -1.71163        -1.72946        0.014172
              18        -1.78191        -1.73237       0.0136756
              19        -1.68609        -1.72994       0.0131632
              20        -1.73853        -1.73037       0.0124951
              21        -1.77116        -1.73231       0.0120429
              22        -1.79511        -1.73516       0.0118319
              23        -1.88492        -1.74168       0.0130467
              24        -1.75764        -1.74234        0.012509
              25         -1.7455        -1.74247       0.0119989
              26        -1.67159        -1.73974       0.0118461
              27        -1.65817        -1.73672       0.0117925
              28        -1.74582        -1.73704       0.0113682
              29        -1.74151         -1.7372       0.0109703
              30        -1.69317        -1.73573       0.0106994
              31        -1.67001        -1.73361       0.0105635
              32        -1.62662        -1.73027       0.0107606
              33         -1.7397        -1.73055       0.0104334
              34        -1.70729        -1.72987       0.0101449
              35         -1.6754        -1.72831      0.00997299
              36        -1.85227        -1.73176       0.0102854
              37        -1.72763        -1.73164       0.0100042
              38        -1.77275        -1.73273      0.00979728
              39        -1.76333        -1.73351      0.00957498
              40         -1.6305        -1.73094      0.00968131
              41        -1.62063        -1.72825      0.00981805
              42        -1.66041        -1.72663      0.00971661
              43         -1.7034        -1.72609      0.00950332
              44        -1.60402        -1.72332      0.00969047
              45        -1.67694        -1.72229      0.00952858
              46        -1.83728        -1.72478      0.00964863
              47        -1.82856        -1.72699      0.00969587
              48        -1.65651        -1.72552      0.00960465
              49        -1.68405        -1.72468      0.00944459
              50        -1.75247        -1.72523      0.00927045
              51        -1.69604        -1.72466      0.00910487
              52        -1.74119        -1.72498      0.00893372
              53        -1.73991        -1.72526      0.00876806
              54        -1.75121        -1.72574      0.00861756
              55        -1.71613        -1.72557      0.00846123
              56        -1.71666        -1.72541      0.00831029
              57        -1.75957        -1.72601      0.00818517
              58        -1.72559          -1.726      0.00804281
              59        -1.76894        -1.72673      0.00793875
              60        -1.74498        -1.72703      0.00781124
              61         -1.6609        -1.72595      0.00775824
              62           -1.67        -1.72505      0.00768524
              63        -1.70098        -1.72466      0.00757191
              64        -1.62334        -1.72308      0.00761896
              65        -1.57321        -1.72077      0.00784723
              66        -1.66527        -1.71993      0.00777304
              67        -1.70761        -1.71975      0.00765835
              68        -1.71261        -1.71964      0.00754562
              69        -1.79088        -1.72068      0.00750679
              70        -1.71044        -1.72053      0.00740022
              71        -1.69141        -1.72012      0.00730677
              72        -1.62916        -1.71886      0.00731449
              73        -1.81249        -1.72014      0.00732674
              74        -1.70016        -1.71987      0.00723209
              75         -1.6935        -1.71952      0.00714367
              76        -1.63301        -1.71838      0.00714037
              77        -1.68105         -1.7179      0.00706369
              78        -1.80909        -1.71906      0.00706989
              79        -1.72547        -1.71915       0.0069803
              80        -1.63489        -1.71809      0.00697249
              81        -1.64484        -1.71719        0.006945
              82        -1.67284        -1.71665      0.00688107
              83        -1.61225        -1.71539      0.00691304
              84        -1.60969        -1.71413      0.00694518
              85         -1.6981        -1.71394      0.00686557
              86        -1.68397        -1.71359      0.00679421
              87        -1.57955        -1.71205      0.00689014
              88        -1.64733        -1.71132      0.00685098
              89        -1.69058        -1.71109      0.00677758
              90        -1.60417         -1.7099      0.00680632
              91        -1.67252        -1.70949      0.00674363
              92        -1.72842        -1.70969       0.0066731
              93        -1.65271        -1.70908      0.00662934
              94        -1.79492        -1.70999       0.0066217
              95        -1.73313        -1.71024      0.00655615
              96         -1.6373        -1.70948      0.00653183
              97        -1.87592        -1.71119      0.00668802
              98        -1.63398         -1.7104      0.00666614
              99        -1.64975        -1.70979      0.00662685
             100        -1.62178        -1.70891      0.00661901
