               1        -4.93269        -4.93269               0
               2        -4.94472         -4.9387      0.00601818
               3        -5.02725        -4.96822       0.0297202
               4        -4.88701        -4.94792       0.0292202
               5        -4.91169        -4.94067       0.0237655
               6         -4.9114        -4.93579       0.0200083
               7        -5.02324        -4.94829       0.0210244
               8        -5.00314        -4.95514       0.0194559
               9        -5.06368         -4.9672       0.0209724
              10        -4.94158        -4.96464       0.0189325
              11        -4.98765        -4.96673       0.0172524
              12        -4.99157         -4.9688       0.0158847
              13         -4.9904        -4.97046       0.0147059
              14        -5.02474        -4.97434       0.0141561
              15        -5.11719        -4.98386       0.0162596
              16         -5.0092        -4.98545       0.0152917
              17        -5.00216        -4.98643       0.0143977
              18        -4.92932        -4.98326       0.0139402
              19        -5.02184        -4.98529       0.0133416
              20        -4.97225        -4.98464       0.0126737
              21        -4.94156        -4.98258       0.0122283
              22         -4.9168        -4.97959       0.0120366
              23        -4.82744        -4.97298       0.0132682
              24        -4.95428         -4.9722       0.0127272
              25        -4.95936        -4.97169       0.0122183
              26        -5.04059        -4.97434       0.0120344
              27        -5.05597        -4.97736       0.0119683
              28        -4.96647        -4.97697       0.0115395
              29        -4.97236        -4.97681       0.0111356
              30        -5.02469        -4.97841       0.0108757
              31        -5.04407        -4.98053       0.0107302
              32        -5.08528         -4.9838        0.010893
              33        -4.97215        -4.98345       0.0105637
              34         -5.0085        -4.98418       0.0102747
              35        -5.04276        -4.98586       0.0101162
              36        -4.86524        -4.98251       0.0103864
              37        -4.99007        -4.98271       0.0101039
              38        -4.94391        -4.98169      0.00988726
              39        -4.95454        -4.98099      0.00965553
              40        -5.08412        -4.98357      0.00975781
              41        -5.09695        -4.98634      0.00991046
              42         -5.0599        -4.98809      0.00982895
              43        -5.01501        -4.98871      0.00961804
              44        -5.10807        -4.99143       0.0097806
              45        -5.03621        -4.99242      0.00961244
              46         -4.8829        -4.99004      0.00969795
              47        -4.89642        -4.98805       0.0096962
              48        -5.06925        -4.98974       0.0096416
              49         -5.0397        -4.99076      0.00949767
              50        -4.97091        -4.99036      0.00931424
              51        -5.02388        -4.99102      0.00915341
              52         -4.9761        -4.99073      0.00898024
              53        -4.97795        -4.99049      0.00881247
              54        -4.96486        -4.99002      0.00866076
              55        -5.00346        -4.99026      0.00850535
              56        -4.99849        -4.99041      0.00835338
              57        -4.95202        -4.98974      0.00823311
              58        -4.98993        -4.98974      0.00808992
              59         -4.9505        -4.98907      0.00797938
              60        -4.97416        -4.98883      0.00784921
              61        -5.05682        -4.98994      0.00779953
              62        -5.05016        -4.99091      0.00773394
              63        -5.02194         -4.9914      0.00762611
              64        -5.09776        -4.99307      0.00768776
              65        -5.14697        -4.99543      0.00793029
              66        -5.05306        -4.99631      0.00785787
              67        -5.00289        -4.99641      0.00774032
              68        -4.99641        -4.99641      0.00762564
              69        -4.92383        -4.99535      0.00758757
              70        -5.00715        -4.99552      0.00748029
              71        -5.02802        -4.99598      0.00738838
              72        -5.09008        -4.99729      0.00740133
              73        -4.91042         -4.9961       0.0073956
              74        -5.02793        -4.99653      0.00730765
              75        -5.03011        -4.99698      0.00722345
              76        -5.08796        -4.99817      0.00722761
              77        -5.04147        -4.99873      0.00715526
              78        -4.91435        -4.99765       0.0071453
              79        -4.99575        -4.99763      0.00705431
              80        -5.09069        -4.99879      0.00706205
              81        -5.07959        -4.99979      0.00704528
              82        -5.05191        -5.00043       0.0069878
              83        -5.11086        -5.00176      0.00703017
              84        -5.11665        -5.00312      0.00707936
              85        -5.02224        -5.00335      0.00699919
              86        -5.02825        -5.00364      0.00692338
              87        -5.13088         -5.0051      0.00699788
              88        -5.06688         -5.0058      0.00695343
              89        -5.02343          -5.006      0.00687771
              90        -5.11029        -5.00716      0.00689887
              91        -5.04219        -5.00754      0.00683349
              92        -4.98446        -5.00729      0.00676346
              93        -5.06478        -5.00791      0.00671884
              94        -4.92457        -5.00702      0.00670585
              95         -4.9898        -5.00684      0.00663736
              96        -5.08837        -5.00769      0.00662253
              97        -4.84947        -5.00606      0.00675384
              98        -5.09309        -5.00695      0.00674331
              99         -5.0746        -5.00763      0.00670973
             100        -5.10032        -5.00856      0.00670665
