               0                  0                  0
       0.0256496                  0                  0
       0.0512993                  0                  0
       0.0769489                  0                  0
        0.102599                  0                  0
        0.128248                  0                  0
        0.153898                  0                  0
        0.179547                  0                  0
        0.205197                  0                  0
        0.230847                  0                  0
        0.256496                  0                  0
        0.282146                  0                  0
        0.307796                  0                  0
        0.333445                  0                  0
        0.359095                  0                  0
        0.384745                  0                  0
        0.410394                  0                  0
        0.436044                  0                  0
        0.461694                  0                  0
        0.487343                  0                  0
        0.512993                  0                  0
        0.538642                  0                  0
        0.564292                  0                  0
        0.589942                  0                  0
        0.615591                  0                  0
        0.641241                  0                  0
        0.666891                  0                  0
         0.69254                  0                  0
         0.71819                  0                  0
         0.74384                  0                  0
        0.769489                  0                  0
        0.795139                  0                  0
        0.820788                  0                  0
        0.846438                  0                  0
        0.872088        0.000834517        0.000440304
        0.897737          0.0236277         0.00260709
        0.923387           0.172465         0.00679354
        0.949037           0.598482          0.0115153
        0.974686            1.24342          0.0165343
         1.00034            1.91105          0.0226059
         1.02599            2.30515           0.023453
         1.05164            2.50133          0.0219027
         1.07728            2.49042          0.0213806
         1.10293            2.38756          0.0224788
         1.12858            2.19942          0.0207806
         1.15423             1.9622          0.0202045
         1.17988            1.71254          0.0184986
         1.20553             1.5514           0.016736
         1.23118            1.39734          0.0177835
         1.25683            1.25503           0.016662
         1.28248            1.14432          0.0147744
         1.30813            1.04822          0.0127476
         1.33378           0.923766          0.0113523
         1.35943           0.864504          0.0112071
         1.38508           0.789993          0.0119383
         1.41073           0.764114          0.0103326
         1.43638           0.744876          0.0111203
         1.46203           0.734569          0.0107578
         1.48768           0.706174         0.00901261
         1.51333           0.710249          0.0118856
         1.53898           0.680466         0.00956742
         1.56463           0.676702         0.00958301
         1.59028           0.691968         0.00925101
         1.61593           0.701786         0.00923077
         1.64158           0.725238         0.00882624
         1.66723           0.748826         0.00917133
         1.69288           0.760499         0.00912356
         1.71853           0.795339         0.00863974
         1.74418           0.833994         0.00793016
         1.76983           0.855089         0.00910973
         1.79547           0.896888         0.00925425
         1.82112           0.904897         0.00967852
         1.84677           0.949489         0.00887896
         1.87242           0.998296         0.00917777
         1.89807            1.04128         0.00831911
         1.92372            1.07297         0.00930943
         1.94937            1.12132         0.00972133
         1.97502            1.14952         0.00999936
         2.00067            1.18575         0.00902173
         2.02632             1.1796          0.0092037
         2.05197            1.20604         0.00721874
         2.07762             1.1939         0.00836765
         2.10327            1.20895         0.00835012
         2.12892            1.18618         0.00895085
         2.15457            1.16223         0.00798587
         2.18022            1.14842         0.00958739
         2.20587            1.12263         0.00890929
         2.23152            1.08953         0.00763477
         2.25717            1.05799         0.00813432
         2.28282             1.0456         0.00822351
         2.30847            1.01983         0.00856841
         2.33412           0.995502         0.00706213
         2.35977           0.959425         0.00779718
         2.38542           0.957425         0.00787298
         2.41107           0.928953         0.00705074
         2.43672            0.94352         0.00765822
         2.46237           0.928336         0.00667328
         2.48802           0.909356         0.00716144
         2.51366           0.918418         0.00616592
         2.53931            0.91726          0.0065118
