           1   -0.847464   -0.847464           0
           2   -0.846312   -0.846888    0.000576
           3   -0.844232   -0.846003 0.000945731
           4   -0.846336   -0.846086 0.000673905
           5   -0.846232   -0.846115 0.000522821
           6    -0.84784   -0.846403  0.00051465
           7   -0.847416   -0.846547 0.000458416
           8   -0.851792   -0.847203 0.000766409
           9   -0.844592   -0.846913 0.000735539
          10   -0.848392   -0.847061 0.000674308
          11    -0.85356   -0.847652 0.000849181
          12    -0.85596   -0.848344  0.00103937
          13   -0.847128    -0.84825 0.000960647
          14   -0.846496   -0.848125 0.000898171
          15   -0.847152    -0.84806 0.000838665
          16   -0.841104   -0.847625 0.000896918
          17   -0.846656   -0.847568 0.000844435
          18   -0.850792   -0.847748 0.000816035
          19   -0.845296   -0.847619 0.000782601
          20   -0.851336   -0.847804 0.000765355
          21    -0.84476   -0.847659 0.000742292
          22   -0.849328   -0.847735   0.0007118
          23   -0.850432   -0.847853  0.00069018
          24   -0.846024   -0.847776 0.000665175
          25   -0.848472   -0.847804  0.00063862
          26   -0.845528   -0.847717  0.00061978
          27   -0.848672   -0.847752 0.000597433
          28   -0.847568   -0.847745 0.000575738
          29   -0.846352   -0.847697 0.000557604
          30   -0.845504   -0.847624 0.000543636
          31   -0.850528   -0.847718 0.000534085
          32   -0.852472   -0.847866 0.000538043
          33   -0.854664   -0.848072 0.000560692
          34   -0.851392    -0.84817 0.000552643
          35   -0.845352    -0.84809 0.000542628
          36     -0.8438    -0.84797 0.000540634
          37   -0.849552   -0.848013 0.000527554
          38   -0.852632   -0.848135 0.000527673
          39   -0.846016    -0.84808 0.000516828
          40   -0.844128   -0.847982 0.000513341
          41    -0.84548   -0.847921 0.000504368
          42   -0.848704   -0.847939 0.000492567
          43   -0.855904   -0.848124 0.000515409
          44   -0.850912   -0.848188 0.000507528
          45   -0.843568   -0.848085 0.000506632
          46   -0.847792   -0.848079 0.000495537
          47   -0.843296   -0.847977 0.000495442
          48   -0.848144    -0.84798 0.000485023
          49   -0.856296    -0.84815 0.000504426
          50    -0.84848   -0.848157 0.000494278
          51   -0.850896   -0.848211 0.000487457
          52   -0.843728   -0.848124 0.000485702
          53   -0.856616   -0.848285 0.000502668
          54    -0.84632   -0.848248 0.000494611
          55   -0.848456   -0.848252  0.00048555
          56   -0.846104   -0.848214 0.000478341
          57   -0.849712    -0.84824 0.000470609
          58   -0.849584   -0.848263 0.000463004
          59   -0.850392   -0.848299 0.000456517
          60   -0.844256   -0.848232 0.000453874
          61   -0.851328   -0.848282 0.000449248
          62    -0.84692   -0.848261 0.000442489
          63   -0.847448   -0.848248 0.000435599
          64   -0.849832   -0.848272 0.000429453
          65   -0.844448   -0.848214 0.000426869
          66   -0.844008    -0.84815 0.000425154
          67   -0.851152   -0.848195 0.000421151
          68   -0.845488   -0.848155 0.000416816
          69   -0.843608   -0.848089 0.000415983
          70   -0.843976    -0.84803 0.000414186
          71   -0.850184   -0.848061 0.000409436
          72    -0.84776   -0.848056 0.000403731
          73   -0.848304    -0.84806 0.000398177
          74   -0.850888   -0.848098 0.000394614
          75    -0.84784   -0.848095 0.000389332
          76   -0.841872   -0.848013 0.000392803
          77   -0.848424   -0.848018 0.000387705
          78    -0.84644   -0.847998 0.000383236
          79     -0.8458    -0.84797 0.000379376
          80   -0.849792   -0.847993 0.000375295
          81   -0.845376    -0.84796 0.000372038
          82    -0.84392   -0.847911 0.000370762
          83   -0.844832   -0.847874 0.000368141
          84   -0.849232    -0.84789 0.000364092
          85   -0.851672   -0.847935 0.000362523
          86   -0.843728   -0.847886 0.000361607
          87    -0.84568    -0.84786 0.000358324
          88   -0.855016   -0.847942 0.000363442
          89   -0.844336   -0.847901 0.000361612
          90    -0.84508    -0.84787 0.000358943
          91     -0.8464   -0.847854 0.000355344
          92   -0.850272    -0.84788 0.000352442
          93   -0.850064   -0.847903 0.000349421
          94    -0.84728   -0.847897 0.000345748
          95   -0.854176   -0.847963 0.000348416
          96   -0.849712   -0.847981 0.000345248
          97   -0.846248   -0.847963 0.000342137
          98   -0.852984   -0.848015 0.000342482
          99     -0.8512   -0.848047 0.000340528
         100   -0.850472   -0.848071 0.000337977
