           1     17.2973     17.2973           0
           2      14.061     15.6792     1.61811
           3     13.6636     15.0073     1.15072
           4     14.0777     14.7749    0.846221
           5     15.8649     14.9929    0.690782
           6     14.5023     14.9111    0.569918
           7     14.5712     14.8626     0.48411
           8     15.2226     14.9076     0.42166
           9     13.7968     14.7842    0.391816
          10     14.7658     14.7823    0.350456
          11     16.2433     14.9151    0.343701
          12     17.5372     15.1336    0.382341
          13     14.7217     15.1019    0.353127
          14      13.483     14.9863    0.346781
          15     17.4526     15.1507    0.362294
          16     13.7701     15.0644    0.349707
          17     16.2967     15.1369    0.336395
          18     15.3976     15.1514    0.317487
          19     12.9567     15.0359    0.321762
          20     15.9955     15.0839    0.308998
          21     13.7494     15.0203    0.300706
          22     15.0756     15.0228    0.286723
          23     14.6734     15.0077    0.274395
          24     14.9143     15.0038    0.262742
          25     14.4565     14.9819    0.252962
          26     14.2355     14.9532    0.244728
          27     13.5445      14.901    0.241199
          28     13.4871     14.8505    0.237848
          29     16.1659     14.8959    0.233939
          30     14.7081     14.8896    0.226093
          31     16.6458     14.9462    0.225898
          32     15.4533     14.9621    0.219298
          33     17.3797     15.0354     0.22482
          34      18.737     15.1442     0.24377
          35     13.2239     15.0894    0.242978
          36     13.1013     15.0341    0.242504
          37     15.9115     15.0578    0.237047
          38     17.1422     15.1127    0.237155
          39     14.1126     15.0871    0.232413
          40     14.2659     15.0665    0.227457
          41      14.325     15.0484    0.222576
          42     15.0364     15.0482    0.217212
          43     16.0686     15.0719    0.213424
          44     15.0267     15.0709    0.208519
          45     14.9175     15.0674    0.203862
          46      14.137     15.0472    0.200404
          47      12.704     14.9974    0.202332
          48     15.3185     15.0041    0.198185
          49     16.3807     15.0322    0.196121
          50     17.2595     15.0767    0.197254
          51     16.2895     15.1005    0.194805
          52     14.3214     15.0855    0.191609
          53     17.3073     15.1274    0.192577
          54     15.3836     15.1322    0.189036
          55     14.6096     15.1227     0.18581
          56     14.4304     15.1103    0.182881
          57     12.5445     15.0653    0.185197
          58     16.6567     15.0927    0.184033
          59     15.5571     15.1006    0.181058
          60     12.5739     15.0585    0.182929
          61     14.6817     15.0523    0.180011
          62      15.197     15.0546    0.177099
          63     15.6159     15.0635    0.174493
          64     16.5327     15.0865    0.173272
          65     13.5532     15.0629    0.172209
          66     13.8724     15.0449    0.170536
          67     15.3596     15.0496    0.168037
          68     14.9016     15.0474    0.165562
          69     13.9586     15.0316    0.163906
          70     14.7157     15.0271    0.161611
          71     13.8228     15.0101    0.160219
          72     12.7684      14.979    0.161017
          73     16.3457     14.9977    0.159895
          74     16.6313     15.0198    0.159257
          75     14.6304     15.0146    0.157205
          76     12.1124     14.9764    0.159754
          77     16.1577     14.9918    0.158411
          78     14.6077     14.9868    0.156444
          79     13.5889     14.9691    0.155461
          80     16.1852     14.9843    0.154257
          81     13.5637     14.9668    0.153347
          82     15.1251     14.9687    0.151477
          83     14.5075     14.9632    0.149744
          84     14.2808     14.9551    0.148174
          85     16.9296     14.9783    0.148251
          86     14.0644     14.9677    0.146902
          87     13.6134     14.9521    0.146036
          88     18.3997     14.9913    0.149588
          89     13.9265     14.9793    0.148381
          90     14.7983     14.9773    0.146737
          91     14.6966     14.9742    0.145148
          92     17.0036     14.9963    0.145247
          93     16.0453     15.0076    0.144118
          94     15.3496     15.0112    0.142623
          95     17.7246     15.0398    0.143976
          96     16.5595     15.0556    0.143345
          97     14.6985     15.0519    0.141907
          98     15.1073     15.0525    0.140453
          99     16.5763     15.0679    0.139876
         100     14.6379     15.0636    0.138537
