           1    0.470998    0.470998           0
           2    0.426237    0.448617   0.0223801
           3    0.384251    0.427162   0.0250459
           4    0.446164    0.431912   0.0183362
           5    0.463216    0.438173   0.0155218
           6    0.473398    0.444044   0.0139672
           7    0.472053    0.448045   0.0124642
           8    0.422637    0.444869   0.0112519
           9    0.425853    0.442756   0.0101457
          10    0.424248    0.440905  0.00926139
          11    0.446385    0.441404  0.00839204
          12     0.43315    0.440716  0.00769166
          13    0.430681    0.439944  0.00711729
          14    0.412503    0.437984  0.00687466
          15    0.445204    0.438465  0.00641804
          16    0.434705     0.43823  0.00600812
          17    0.466439    0.439889  0.00588253
          18    0.431851    0.439443  0.00556405
          19    0.426109    0.438741  0.00530965
          20    0.421211    0.437865  0.00511287
          21     0.41918    0.436975  0.00494403
          22    0.445102    0.437344   0.0047284
          23    0.446198    0.437729  0.00453451
          24    0.439615    0.437808  0.00434218
          25    0.417743    0.437005   0.0042415
          26    0.435863    0.436961  0.00407534
          27    0.413925    0.436108  0.00401324
          28    0.430025    0.435891  0.00387335
          29    0.432248    0.435765  0.00373951
          30    0.477233    0.437147  0.00386812
          31    0.438841    0.437202  0.00374166
          32    0.439098    0.437261  0.00362333
          33    0.447751    0.437579  0.00352617
          34    0.445861    0.437823  0.00342955
          35    0.434412    0.437725  0.00333155
          36    0.421622    0.437278  0.00326844
          37    0.439572     0.43734  0.00317948
          38    0.454984    0.437804  0.00312932
          39    0.421972    0.437398  0.00307493
          40    0.419269    0.436945  0.00303115
          41    0.443404    0.437103  0.00296049
          42    0.442281    0.437226  0.00289177
          43    0.407839    0.436542  0.00290525
          44    0.422398    0.436221   0.0028566
          45    0.450005    0.436527  0.00280915
          46    0.436457    0.436526   0.0027474
          47    0.399851    0.435745  0.00279927
          48    0.436618    0.435764  0.00274039
          49    0.436003    0.435769  0.00268388
          50    0.464382    0.436341  0.00269121
          51    0.410625    0.435837  0.00268567
          52    0.417114    0.435477  0.00265801
          53     0.44538    0.435663  0.00261407
          54    0.467379    0.436251  0.00263158
          55    0.445164    0.436413  0.00258837
          56    0.450639    0.436667  0.00255439
          57    0.378131     0.43564   0.0027112
          58    0.452024    0.435922  0.00267898
          59    0.420713    0.435665  0.00264577
          60    0.411285    0.435258  0.00263284
          61    0.435975     0.43527  0.00258935
          62    0.429109    0.435171  0.00254918
          63    0.434716    0.435163   0.0025084
          64    0.446298    0.435337  0.00247502
          65    0.434554    0.435325  0.00243667
          66    0.411895     0.43497  0.00242559
          67    0.437984    0.435015  0.00238954
          68    0.459347    0.435373  0.00238117
          69    0.425133    0.435225   0.0023511
          70    0.430915    0.435163  0.00231808
          71    0.417347    0.434912  0.00229894
          72    0.387996    0.434261  0.00235858
          73    0.448413    0.434454  0.00233411
          74    0.455688    0.434741  0.00232017
          75    0.444298    0.434869  0.00229257
          76    0.415326    0.434612  0.00227677
          77    0.411906    0.434317  0.00226627
          78     0.44541    0.434459  0.00224154
          79    0.429722    0.434399   0.0022138
          80    0.448809    0.434579  0.00219336
          81    0.403042     0.43419  0.00220083
          82      0.4293     0.43413  0.00217464
          83    0.441176    0.434215  0.00214996
          84    0.415041    0.433987  0.00213644
          85    0.448207    0.434154  0.00211777
          86    0.445814     0.43429  0.00209739
          87     0.43058    0.434247  0.00207358
          88    0.495634    0.434945  0.00216532
          89    0.438631    0.434986  0.00214126
          90    0.415834    0.434773    0.002128
          91      0.4426    0.434859  0.00210624
          92    0.435857     0.43487  0.00208325
          93    0.439787    0.434923   0.0020614
          94     0.42586    0.434827  0.00204163
          95      0.4601    0.435093  0.00203747
          96    0.467931    0.435435  0.00204495
          97      0.4372    0.435453  0.00202384
          98    0.399579    0.435087  0.00203625
          99      0.4183    0.434917   0.0020227
         100    0.434183     0.43491  0.00200239
