           1     4.30285     4.30285           0
           2      4.6095     4.45618    0.153323
           3     4.32717     4.41317   0.0984139
           4     4.22381     4.36583   0.0841649
           5     4.33403     4.35947   0.0655033
           6     4.44948     4.37447   0.0555472
           7     4.54968      4.3995   0.0532014
           8     4.33063     4.39089   0.0468713
           9     4.09346     4.35785   0.0529235
          10     4.31463     4.35352   0.0475331
          11     4.36501     4.35457    0.043008
          12     4.37249     4.35606   0.0392892
          13     4.53162     4.36957   0.0385814
          14     4.56946     4.38384   0.0384674
          15     4.29849     4.37815   0.0362605
          16     4.78851      4.4038   0.0425237
          17     4.31197      4.3984   0.0403077
          18     4.46574     4.40214   0.0381862
          19     4.56119     4.41051   0.0370778
          20     4.54572     4.41727   0.0358188
          21     4.39344     4.41614   0.0340894
          22     4.46651     4.41843   0.0325835
          23     4.53792     4.42362   0.0315651
          24     4.42329     4.42361   0.0302213
          25     4.50943     4.42704   0.0291898
          26     4.38334     4.42536    0.028095
          27     4.42506     4.42535   0.0270344
          28     4.35746     4.42292   0.0261636
          29     4.64556      4.4306   0.0263868
          30     4.53857      4.4342   0.0257449
          31     4.53359     4.43741   0.0251061
          32     4.78817     4.44837    0.026666
          33     4.39861     4.44686   0.0258892
          34     4.47609     4.44772    0.025131
          35     4.29847     4.44346   0.0247721
          36     4.18606     4.43631   0.0251135
          37      4.2597     4.43153   0.0248873
          38      4.5107     4.43362    0.024313
          39     4.48492     4.43493   0.0237179
          40     4.17053     4.42832   0.0240438
          41     4.46611     4.42924   0.0234681
          42     4.57676     4.43276   0.0231703
          43     4.26523     4.42886    0.022958
          44     4.76741     4.43655   0.0237132
          45     4.28774     4.43325    0.023415
          46     4.58782     4.43661   0.0231455
          47     4.27893     4.43325   0.0228948
          48     4.19313     4.42825   0.0229643
          49     4.07046     4.42095   0.0236464
          50     4.88706     4.43027   0.0249738
          51     4.52751     4.43218   0.0245533
          52     4.36459     4.43088   0.0241116
          53     4.48715     4.43194   0.0236761
          54     4.55971     4.43431   0.0233537
          55     4.33902     4.43257   0.0229905
          56     4.40221     4.43203   0.0225827
          57     4.33239     4.43028   0.0222518
          58     4.29457     4.42794   0.0219896
          59     4.22933     4.42458   0.0218743
          60     4.69299     4.42905    0.021967
          61     4.46156     4.42958   0.0216104
          62     4.27914     4.42716    0.021397
          63     4.72426     4.43187   0.0215763
          64      4.5975     4.43446   0.0213936
          65     4.29328     4.43229   0.0211736
          66     4.44445     4.43247   0.0208512
          67     4.45846     4.43286   0.0205413
          68      4.2453      4.4301    0.020424
          69     4.42736     4.43006   0.0201259
          70      4.2164     4.42701   0.0200698
          71     4.10622     4.42249   0.0202944
          72     4.11649     4.41824   0.0204569
          73     4.44894     4.41866   0.0201791
          74     4.42306     4.41872   0.0199046
          75     4.43375     4.41892   0.0196385
          76     4.24447     4.41663   0.0195138
          77     4.44813     4.41704   0.0192631
          78     4.07113      4.4126   0.0195248
          79     4.31475     4.41136   0.0193158
          80     4.26899     4.40958   0.0191557
          81     4.25448     4.40767   0.0190144
          82     4.37062     4.40722   0.0187865
          83     4.66096     4.41027   0.0188089
          84     4.28158     4.40874   0.0186467
          85      4.4271     4.40896   0.0184273
          86     4.37597     4.40857   0.0182158
          87     4.24223     4.40666   0.0181064
          88     4.36596      4.4062   0.0179054
          89     4.29171     4.40491   0.0177498
          90     4.38512     4.40469   0.0175528
          91     4.64851     4.40737   0.0175644
          92      4.6285     4.40978    0.017538
          93     4.32051     4.40882   0.0173749
          94     4.40736      4.4088   0.0171891
          95     4.34907     4.40817   0.0170188
          96     4.49051     4.40903   0.0168624
          97     4.67437     4.41177   0.0169104
          98     4.44685     4.41212   0.0167408
          99      4.4904     4.41291   0.0165896
         100     4.49697     4.41375   0.0164444
