           1   -0.681952   -0.681952           0
           2   -0.686832   -0.684392     0.00244
           3   -0.683528   -0.684104  0.00143787
           4   -0.677976   -0.682572  0.00183869
           5   -0.680704   -0.682198  0.00147242
           6   -0.683392   -0.682397  0.00121858
           7   -0.683568   -0.682565  0.00104338
           8   -0.682816   -0.682596 0.000904137
           9   -0.683232   -0.682667 0.000800499
          10   -0.682136   -0.682614 0.000717952
          11    -0.68456   -0.682791 0.000673086
          12   -0.680288   -0.682582 0.000648867
          13   -0.681456   -0.682495 0.000603123
          14   -0.684784   -0.682659 0.000581821
          15    -0.68148    -0.68258 0.000547318
          16   -0.684664   -0.682711 0.000528273
          17   -0.680768   -0.682596 0.000509212
          18   -0.680752   -0.682494 0.000490901
          19   -0.684416   -0.682595 0.000475239
          20   -0.685392   -0.682735 0.000472044
          21   -0.684216   -0.682805  0.00045451
          22   -0.682696     -0.6828 0.000433387
          23   -0.683808   -0.682844 0.000416426
          24   -0.684312   -0.682905 0.000403361
          25   -0.684328   -0.682962 0.000391053
          26   -0.683824   -0.682995 0.000377171
          27    -0.67696   -0.682772 0.000426248
          28    -0.68304   -0.682781 0.000410854
          29   -0.686656   -0.682915 0.000418342
          30   -0.682624   -0.682905 0.000404274
          31     -0.6804   -0.682825  0.00039928
          32    -0.68652    -0.68294 0.000403481
          33   -0.680416   -0.682864 0.000398472
          34   -0.685224   -0.682933  0.00039276
          35   -0.684624   -0.682981 0.000384421
          36   -0.682152   -0.682958   0.0003743
          37    -0.68304    -0.68296  0.00036405
          38    -0.68224   -0.682941 0.000354847
          39   -0.682112    -0.68292 0.000346282
          40   -0.680888   -0.682869 0.000341317
          41   -0.682776   -0.682867 0.000332896
          42   -0.685904   -0.682939 0.000332822
          43   -0.682512   -0.682929 0.000325142
          44   -0.683816    -0.68295 0.000318305
          45   -0.677928   -0.682838 0.000330556
          46   -0.684056   -0.682865 0.000324373
          47   -0.681024   -0.682825 0.000319803
          48   -0.681368   -0.682795 0.000314538
          49    -0.68384   -0.682816  0.00030879
          50    -0.68676   -0.682895 0.000312663
          51   -0.681928   -0.682876 0.000307057
          52   -0.683888   -0.682896 0.000301722
          53   -0.682688   -0.682892 0.000296001
          54   -0.682432   -0.682883 0.000290592
          55   -0.684312   -0.682909  0.00028644
          56   -0.683872   -0.682926 0.000281804
          57    -0.67924   -0.682862  0.00028427
          58   -0.681808   -0.682844 0.000279916
          59    -0.68168   -0.682824 0.000275837
          60   -0.682952   -0.682826 0.000271209
          61    -0.68144   -0.682803 0.000267692
          62   -0.682632   -0.682801 0.000263354
          63   -0.686328   -0.682857  0.00026512
          64   -0.684848   -0.682888 0.000262793
          65   -0.681008   -0.682859  0.00026033
          66   -0.680256   -0.682819  0.00025937
          67   -0.680984   -0.682792 0.000256934
          68   -0.680624    -0.68276 0.000255127
          69   -0.678808   -0.682703 0.000257844
          70   -0.683184    -0.68271 0.000254227
          71   -0.679328   -0.682662 0.000255106
          72   -0.679464   -0.682618  0.00025543
          73   -0.681848   -0.682607 0.000252127
          74     -0.6806    -0.68258 0.000250171
          75   -0.680256   -0.682549  0.00024875
          76   -0.684712   -0.682577   0.0002471
          77   -0.682616   -0.682578  0.00024387
          78   -0.680072   -0.682546 0.000242858
          79   -0.680704   -0.682522 0.000240894
          80   -0.681896   -0.682515 0.000237993
          81   -0.680672   -0.682492 0.000236135
          82   -0.681016   -0.682474 0.000233931
          83   -0.683072   -0.682481 0.000231207
          84   -0.682624   -0.682483 0.000228445
          85   -0.680368   -0.682458 0.000227108
          86   -0.680016   -0.682429 0.000226241
          87   -0.681032   -0.682413 0.000224201
          88    -0.68276   -0.682417 0.000221674
          89   -0.682248   -0.682415 0.000219177
          90   -0.681736   -0.682408  0.00021686
          91   -0.679192   -0.682373 0.000217355
          92   -0.684824   -0.682399 0.000216625
          93   -0.680744   -0.682381 0.000215021
          94   -0.683352   -0.682392 0.000212972
          95   -0.680472   -0.682372 0.000211685
          96   -0.680448   -0.682352 0.000210424
          97    -0.68048   -0.682332 0.000209135
          98   -0.682536   -0.682334 0.000207001
          99   -0.684648   -0.682358 0.000206228
         100   -0.682224   -0.682356 0.000204159
