           1    0.368579    0.368579           0
           2    0.383935    0.376257  0.00767802
           3    0.366079    0.372864  0.00558217
           4    0.378502    0.374274   0.0041913
           5    0.370561    0.373531  0.00333042
           6    0.367823     0.37258  0.00288091
           7    0.350625    0.369443  0.00397058
           8    0.365502    0.368951  0.00347373
           9    0.357415    0.367669  0.00332086
          10    0.371819    0.368084  0.00299913
          11    0.359989    0.367348  0.00281085
          12    0.350664    0.365958  0.00291842
          13    0.363749    0.365788  0.00268993
          14    0.365916    0.365797  0.00249041
          15    0.357502    0.365244  0.00238348
          16      0.3714    0.365629   0.0022625
          17    0.376646    0.366277  0.00222187
          18    0.377891    0.366922  0.00219193
          19    0.374567    0.367324  0.00211204
          20    0.358946    0.366906  0.00204698
          21    0.377805    0.367425  0.00201506
          22     0.37737    0.367877  0.00197375
          23    0.359141    0.367497  0.00192385
          24    0.373243    0.367736  0.00185744
          25     0.38315    0.368353  0.00188526
          26    0.371537    0.368475  0.00181543
          27    0.364212    0.368317  0.00175402
          28    0.354524    0.367825  0.00176055
          29    0.379173    0.368216  0.00174324
          30    0.382339    0.368687  0.00174869
          31    0.386306    0.369255  0.00178428
          32    0.354502    0.368794  0.00178808
          33     0.36075     0.36855  0.00175011
          34    0.373075    0.368683  0.00170306
          35    0.365169    0.368583  0.00165673
          36    0.378128    0.368848  0.00163174
          37    0.374924    0.369012   0.0015955
          38    0.377826    0.369244  0.00157017
          39    0.381801    0.369566   0.0015629
          40    0.366395    0.369487  0.00152539
          41    0.381177    0.369772  0.00151479
          42    0.370301    0.369785  0.00147834
          43    0.371559    0.369826  0.00144414
          44    0.368628    0.369799   0.0014112
          45    0.381606    0.370061  0.00140422
          46    0.383495    0.370353  0.00140406
          47    0.371297    0.370373  0.00137401
          48    0.377691    0.370526  0.00135369
          49    0.364155    0.370396  0.00133214
          50    0.385102     0.37069  0.00133795
          51    0.377938    0.370832  0.00131913
          52    0.383297    0.371072  0.00131554
          53    0.379082    0.371223   0.0012993
          54    0.365306    0.371113  0.00127972
          55    0.370043    0.371094  0.00125638
          56    0.376768    0.371195   0.0012379
          57    0.373869    0.371242  0.00121689
          58    0.381264    0.371415  0.00120815
          59    0.357235    0.371174  0.00121157
          60    0.379097    0.371306   0.0011985
          61     0.36975    0.371281  0.00117897
          62    0.370982    0.371276  0.00115981
          63    0.366365    0.371198  0.00114391
          64    0.371806    0.371208  0.00112593
          65    0.372454    0.371227  0.00110864
          66    0.358976    0.371041  0.00110738
          67    0.366744    0.370977  0.00109261
          68    0.372831    0.371004  0.00107677
          69    0.363751    0.370899  0.00106625
          70    0.369959    0.370886  0.00105099
          71     0.36594    0.370816  0.00103842
          72    0.365257    0.370739   0.0010268
          73    0.378437    0.370844  0.00101812
          74     0.35841    0.370676  0.00101822
          75    0.360442     0.37054  0.00101378
          76    0.367518      0.3705  0.00100114
          77     0.37534    0.370563 0.000990053
          78    0.374244     0.37061 0.000978416
          79    0.381894    0.370753 0.000976455
          80    0.370964    0.370756 0.000964176
          81    0.364518    0.370679 0.000955307
          82    0.365631    0.370617 0.000945591
          83     0.38065    0.370738 0.000941917
          84    0.368828    0.370715 0.000930914
          85    0.366662    0.370668 0.000921132
          86    0.364978    0.370601 0.000912759
          87    0.371719    0.370614 0.000902298
          88    0.377002    0.370687 0.000894935
          89    0.367891    0.370655  0.00088538
          90    0.361429    0.370553 0.000881469
          91    0.365911    0.370502  0.00087322
          92    0.365659    0.370449 0.000865279
          93    0.368936    0.370433 0.000856079
          94    0.379988    0.370535 0.000853001
          95    0.367037    0.370498 0.000844777
          96    0.374526     0.37054 0.000836983
          97     0.37537     0.37059 0.000829805
          98    0.358332    0.370464 0.000830763
          99    0.377939     0.37054 0.000825787
         100    0.368184    0.370516 0.000817827
