           1     2.22091     2.22091           0
           2     2.27106     2.24598   0.0250775
           3     2.21342     2.23513   0.0180963
           4      2.0895     2.19872   0.0385899
           5     2.24843     2.20866   0.0315013
           6     2.13427     2.19626   0.0285534
           7     2.15408     2.19023   0.0248732
           8     2.14682     2.18481   0.0222139
           9     2.21026     2.18764   0.0197938
          10     2.21791     2.19066    0.017961
          11     2.09761      2.1822    0.018317
          12     2.12934      2.1778   0.0172917
          13      2.0793     2.17022   0.0176186
          14     2.22077     2.17383   0.0167064
          15     2.17274     2.17376    0.015553
          16     2.23626     2.17766   0.0150638
          17     2.24239     2.18147   0.0146532
          18     2.21291     2.18322   0.0139251
          19     2.20011     2.18411   0.0132018
          20     2.18185     2.18399   0.0125249
          21     2.14137     2.18196   0.0120852
          22     2.12801     2.17951   0.0117809
          23     2.12288     2.17705   0.0115232
          24     2.28139      2.1814   0.0118583
          25     2.14993     2.18014   0.0114435
          26     2.14412     2.17875   0.0110815
          27     2.23069     2.18068   0.0108352
          28     2.14907     2.17955   0.0105019
          29     2.22212     2.18102   0.0102391
          30     2.17821     2.18092  0.00989237
          31     2.10168     2.17837  0.00990352
          32     2.12888     2.17682  0.00971294
          33     2.17079     2.17664  0.00941578
          34     2.13997     2.17556  0.00919811
          35     2.16491     2.17525  0.00893662
          36     2.16587     2.17499  0.00868874
          37     2.17305     2.17494  0.00845081
          38     2.19369     2.17543  0.00824021
          39     2.13225     2.17433  0.00810217
          40     2.17228     2.17428  0.00789718
          41     2.25612     2.17627  0.00795663
          42     2.20693       2.177   0.0077991
          43     2.18777     2.17725  0.00761968
          44     2.15338     2.17671  0.00746425
          45      2.1092     2.17521  0.00744915
          46     2.28207     2.17753  0.00764678
          47     2.28251     2.17977  0.00780854
          48     2.20456     2.18028  0.00766156
          49     2.12663     2.17919  0.00758304
          50     2.18648     2.17933  0.00743127
          51     2.14377     2.17864  0.00731739
          52     2.14256     2.17794  0.00720876
          53      2.1429     2.17728  0.00710228
          54     2.17291      2.1772  0.00696999
          55     2.30917      2.1796  0.00725062
          56     2.18759     2.17974   0.0071214
          57     2.07346     2.17788  0.00723957
          58     2.25954     2.17929  0.00725165
          59       2.196     2.17957  0.00713331
          60     2.10329      2.1783  0.00712771
          61     2.11524     2.17726  0.00708569
          62      2.2851       2.179  0.00718417
          63      2.1256     2.17816  0.00711984
          64     2.07273     2.17651  0.00719874
          65     2.08878     2.17516  0.00721451
          66     2.16648     2.17503  0.00710557
          67      2.1433     2.17455  0.00701472
          68     2.17966     2.17463   0.0069112
          69     2.18213     2.17474  0.00681117
          70     2.13806     2.17421  0.00673358
          71     2.25303     2.17532  0.00673026
          72      2.1941     2.17558  0.00664125
          73      2.1123     2.17472  0.00660676
          74     2.22868     2.17545  0.00655754
          75     2.12348     2.17475  0.00650652
          76     2.17127     2.17471   0.0064205
          77     2.16529     2.17459  0.00633775
          78     2.10486     2.17369  0.00631951
          79     2.15571     2.17346  0.00624315
          80     2.20243     2.17383  0.00617525
          81     2.15463     2.17359  0.00610314
          82     2.12955     2.17305  0.00605212
          83     2.06111      2.1717    0.006129
          84     2.10974     2.17097  0.00610035
          85     2.20379     2.17135  0.00604051
          86     2.14443     2.17104  0.00597806
          87     2.20812     2.17147  0.00592431
          88     2.16763     2.17142  0.00585676
          89     2.24723     2.17227  0.00585289
          90     2.17331     2.17229  0.00578751
          91     2.22721     2.17289  0.00575529
          92      2.2553     2.17378  0.00576245
          93     2.16738     2.17372  0.00570057
          94     2.23102     2.17433  0.00567244
          95     2.19907     2.17459  0.00561846
          96     2.12464     2.17407  0.00558391
          97     2.11034     2.17341  0.00556496
          98     2.20689     2.17375  0.00551847
          99     2.20378     2.17405  0.00547086
         100     2.11458     2.17346  0.00544843
