           1    0.265116    0.265116           0
           2    0.274114    0.269615  0.00449887
           3    0.260436    0.266555  0.00401357
           4    0.273753    0.268355  0.00336036
           5     0.27531    0.269746  0.00295136
           6    0.270707    0.269906  0.00241509
           7    0.264367    0.269115  0.00218911
           8     0.26757    0.268922  0.00190563
           9    0.267093    0.268719  0.00169284
          10    0.272602    0.269107  0.00156314
          11    0.270095    0.269197  0.00141677
          12    0.268122    0.269107  0.00129642
          13    0.271118    0.269262  0.00120252
          14    0.272559    0.269497  0.00113795
          15    0.271534    0.269633  0.00106804
          16     0.27447    0.269935   0.0010438
          17    0.271924    0.270052 0.000987433
          18    0.272551    0.270191 0.000941251
          19    0.263154    0.269821 0.000964305
          20    0.269295    0.269795 0.000915198
          21    0.272374    0.269917 0.000879151
          22    0.268921    0.269872  0.00083946
          23    0.270483    0.269899 0.000802571
          24    0.271938    0.269984 0.000773087
          25    0.271243    0.270034 0.000743228
          26    0.273298     0.27016 0.000725022
          27    0.279855    0.270519 0.000784643
          28    0.267286    0.270403 0.000764865
          29    0.275007    0.270562 0.000754901
          30     0.27241    0.270624 0.000731901
          31    0.271509    0.270652 0.000708474
          32    0.268202    0.270576 0.000690237
          33    0.263932    0.270374 0.000698629
          34     0.26816    0.270309 0.000680891
          35    0.267858    0.270239  0.00066485
          36    0.267298    0.270157 0.000651262
          37    0.272398    0.270218 0.000636303
          38    0.264221     0.27006 0.000639124
          39    0.266586    0.269971  0.00062886
          40    0.271371    0.270006 0.000613936
          41    0.265431    0.269894 0.000609085
          42    0.261557    0.269696 0.000626676
          43     0.26818    0.269661 0.000612943
          44    0.268142    0.269626 0.000599844
          45    0.268666    0.269605 0.000586751
          46    0.277893    0.269785 0.000601474
          47    0.270345    0.269797 0.000588659
          48    0.274663    0.269898 0.000585114
          49    0.269061    0.269881 0.000573303
          50     0.28031     0.27009 0.000599194
          51    0.273522    0.270157 0.000591172
          52    0.278077    0.270309 0.000599367
          53    0.265345    0.270216 0.000595364
          54    0.271225    0.270234 0.000584533
          55    0.277882    0.270373 0.000590416
          56    0.268504     0.27034 0.000580737
          57    0.268908    0.270315 0.000571011
          58    0.270011     0.27031 0.000561104
          59      0.2628    0.270182 0.000566009
          60    0.267454    0.270137 0.000558351
          61    0.270827    0.270148 0.000549238
          62    0.265228    0.270069 0.000546102
          63    0.265426    0.269995 0.000542394
          64    0.276505    0.270097 0.000543455
          65    0.262232    0.269976 0.000548539
          66    0.264674    0.269896 0.000546105
          67    0.267654    0.269862 0.000538932
          68    0.272445      0.2699 0.000532304
          69    0.271559    0.269924 0.000525084
          70    0.272677    0.269963  0.00051902
          71    0.266194     0.26991 0.000514405
          72    0.270696    0.269921 0.000507328
          73    0.271643    0.269945 0.000500886
          74    0.278941    0.270066 0.000508806
          75     0.26902    0.270053  0.00050217
          76    0.268924    0.270038 0.000495741
          77    0.272262    0.270067 0.000490112
          78    0.266813    0.270025 0.000485582
          79    0.273724    0.270072 0.000481678
          80    0.268739    0.270055  0.00047591
          81    0.270057    0.270055 0.000469998
          82    0.268454    0.270036 0.000464642
          83    0.269211    0.270026 0.000459117
          84    0.264464    0.269959 0.000458425
          85    0.271154    0.269973 0.000453218
          86    0.268244    0.269953 0.000448369
          87     0.27577     0.27002 0.000448201
          88    0.274134    0.270067 0.000445538
          89    0.278569    0.270162 0.000450742
          90    0.273965    0.270205 0.000447704
          91    0.262425    0.270119 0.000450935
          92    0.273708    0.270158 0.000447709
          93    0.279401    0.270258 0.000453884
          94    0.272698    0.270284 0.000449779
          95    0.258416    0.270159 0.000462219
          96     0.27055    0.270163 0.000457397
          97    0.271212    0.270174 0.000452787
          98    0.267153    0.270143 0.000449201
          99    0.276995    0.270212 0.000449996
         100    0.268742    0.270197 0.000445715
