           1   -0.554896   -0.554896           0
           2   -0.556344    -0.55562    0.000724
           3   -0.553848   -0.555029 0.000723611
           4   -0.550144   -0.553808  0.00132418
           5   -0.553064   -0.553659  0.00103645
           6   -0.555512   -0.553968 0.000900835
           7   -0.555432   -0.554177 0.000789548
           8   -0.556048   -0.554411 0.000722654
           9   -0.556376   -0.554629 0.000673682
          10   -0.554024   -0.554569 0.000605592
          11    -0.55348    -0.55447  0.00055665
          12   -0.553016   -0.554349 0.000522392
          13   -0.556944   -0.554548 0.000520352
          14   -0.557312   -0.554746 0.000520629
          15    -0.55416   -0.554707  0.00048625
          16   -0.553008     -0.5546 0.000467071
          17   -0.552408   -0.554472   0.0004573
          18   -0.552584   -0.554367 0.000443716
          19   -0.557264   -0.554519 0.000446557
          20   -0.553992   -0.554493  0.00042446
          21   -0.556416   -0.554584 0.000413998
          22   -0.553584   -0.554539 0.000397342
          23    -0.55648   -0.554623 0.000388941
          24   -0.556336   -0.554695 0.000379158
          25     -0.5542   -0.554675 0.000364214
          26    -0.55232   -0.554584 0.000361457
          27    -0.55484   -0.554594 0.000347941
          28   -0.556888   -0.554676 0.000345151
          29   -0.553144   -0.554623 0.000337199
          30   -0.552704   -0.554559 0.000331985
          31   -0.554736   -0.554565 0.000321148
          32   -0.553608   -0.554535 0.000312384
          33   -0.556472   -0.554593 0.000308409
          34    -0.55112   -0.554491 0.000316161
          35    -0.55648   -0.554548 0.000312209
          36   -0.556408     -0.5546 0.000307779
          37   -0.554928   -0.554609 0.000299477
          38   -0.556392   -0.554656 0.000295243
          39    -0.55084   -0.554558  0.00030376
          40    -0.55492   -0.554567 0.000296207
          41   -0.556648   -0.554618 0.000293318
          42   -0.558136   -0.554701 0.000298255
          43     -0.5558   -0.554727 0.000292355
          44   -0.554776   -0.554728 0.000285636
          45   -0.555024   -0.554735 0.000279294
          46   -0.555032   -0.554741 0.000273231
          47    -0.55368   -0.554718 0.000268306
          48    -0.55488   -0.554722 0.000262678
          49   -0.553952   -0.554706 0.000257741
          50   -0.554504   -0.554702 0.000252566
          51   -0.552072   -0.554651 0.000252878
          52   -0.550608   -0.554573 0.000259868
          53   -0.553288   -0.554549 0.000256068
          54   -0.550008   -0.554464 0.000264976
          55   -0.555376   -0.554481 0.000260641
          56   -0.558096   -0.554546  0.00026396
          57   -0.556664   -0.554583 0.000261938
          58   -0.552976   -0.554555 0.000258868
          59    -0.55192    -0.55451 0.000258333
          60   -0.553616   -0.554495 0.000254428
          61   -0.553608   -0.554481 0.000250645
          62   -0.554832   -0.554487 0.000246634
          63   -0.556256   -0.554515 0.000244307
          64    -0.55352   -0.554499 0.000240961
          65    -0.55524   -0.554511 0.000237499
          66    -0.55224   -0.554476  0.00023639
          67    -0.55304   -0.554455 0.000233819
          68    -0.55152   -0.554412 0.000234363
          69   -0.553736   -0.554402 0.000231149
          70   -0.551848   -0.554365 0.000230725
          71   -0.555728   -0.554384 0.000228261
          72   -0.553104   -0.554367  0.00022577
          73   -0.553376   -0.554353 0.000223069
          74   -0.556184   -0.554378  0.00022142
          75   -0.553784    -0.55437 0.000218591
          76   -0.558024   -0.554418  0.00022099
          77   -0.555264   -0.554429 0.000218377
          78   -0.555008   -0.554436 0.000215687
          79     -0.5534   -0.554423 0.000213343
          80   -0.553968   -0.554418 0.000210737
          81   -0.558128   -0.554463   0.0002131
          82   -0.554712   -0.554466 0.000210507
          83    -0.55428   -0.554464 0.000207968
          84   -0.553456   -0.554452 0.000205827
          85    -0.55664   -0.554478 0.000205013
          86   -0.555728   -0.554492 0.000203136
          87   -0.555176     -0.5545 0.000200941
          88   -0.554272   -0.554498 0.000198662
          89   -0.554544   -0.554498 0.000196418
          90   -0.553176   -0.554484 0.000194778
          91   -0.554816   -0.554487  0.00019266
          92   -0.554048   -0.554482 0.000190614
          93   -0.553216   -0.554469 0.000189045
          94   -0.556784   -0.554493 0.000188637
          95   -0.554304   -0.554491 0.000186652
          96    -0.55088   -0.554454  0.00018849
          97   -0.554752   -0.554457 0.000186562
          98    -0.55808   -0.554494 0.000188313
          99   -0.557976   -0.554529  0.00018969
         100    -0.55716   -0.554555 0.000189618
