           1     1.60842     1.60842           0
           2     1.69137      1.6499   0.0414712
           3     1.69428     1.66469   0.0281455
           4     1.64365     1.65943   0.0205855
           5     1.68945     1.66543   0.0170384
           6     1.69339     1.67009   0.0146714
           7     1.77171     1.68461   0.0190911
           8     1.64227     1.67932   0.0173597
           9     1.71985     1.68382   0.0159584
          10     1.73793     1.68923   0.0152648
          11     1.71991     1.69202   0.0140864
          12     1.70116     1.69278   0.0128816
          13     1.67455     1.69138   0.0119321
          14     1.75368     1.69583   0.0119094
          15     1.73871     1.69869   0.0114497
          16     1.74175     1.70138   0.0110431
          17     1.72458     1.70274   0.0104626
          18     1.60318     1.69721   0.0113093
          19     1.73456     1.69918   0.0108766
          20     1.77561       1.703   0.0110034
          21     1.71801     1.70371   0.0104907
          22     1.74218     1.70546   0.0101542
          23     1.67769     1.70426  0.00977753
          24     1.70923     1.70446  0.00936357
          25     1.67873     1.70343  0.00904001
          26     1.71625     1.70393  0.00869933
          27     1.67279     1.70277  0.00844999
          28      1.7792      1.7055  0.00858792
          29     1.72962     1.70633  0.00832811
          30     1.65973     1.70478  0.00819435
          31     1.65623     1.70321  0.00807885
          32     1.84728     1.70772  0.00902536
          33     1.69542     1.70734  0.00875553
          34     1.73747     1.70823  0.00854018
          35     1.71042     1.70829  0.00829283
          36     1.70747     1.70827  0.00805921
          37      1.6759      1.7074  0.00788703
          38     1.79746     1.70977  0.00803419
          39     1.73447      1.7104  0.00785106
          40     1.74497     1.71126  0.00770091
          41     1.67366     1.71035  0.00756652
          42      1.6234     1.70828  0.00766884
          43     1.68032     1.70763  0.00751655
          44     1.70889     1.70765  0.00734378
          45     1.66802     1.70677  0.00723257
          46     1.69137     1.70644  0.00708152
          47     1.73805     1.70711  0.00696177
          48     1.67425     1.70643  0.00684949
          49     1.66344     1.70555  0.00676536
          50     1.63242     1.70409   0.0067881
          51     1.83152     1.70659  0.00710738
          52     1.69844     1.70643  0.00697112
          53     1.68312     1.70599  0.00685245
          54     1.69946     1.70587  0.00672544
          55     1.70716     1.70589  0.00660207
          56     1.72161     1.70617  0.00648918
          57     1.70025     1.70607  0.00637517
          58     1.71995     1.70631  0.00626886
          59     1.73311     1.70676  0.00617841
          60     1.75952     1.70764  0.00613787
          61     1.68016     1.70719   0.0060532
          62       1.692     1.70695   0.0059598
          63     1.69381     1.70674  0.00586814
          64     1.66495     1.70608  0.00581252
          65     1.72323     1.70635  0.00572847
          66     1.67952     1.70594  0.00565564
          67     1.59209     1.70424  0.00582402
          68     1.63998      1.7033  0.00581504
          69     1.75815     1.70409  0.00578503
          70     1.64107     1.70319  0.00577242
          71     1.72799     1.70354  0.00570124
          72     1.65116     1.70281  0.00566839
          73     1.74094     1.70334  0.00561455
          74     1.62692      1.7023  0.00563359
          75     1.62476     1.70127  0.00565331
          76     1.73895     1.70177  0.00560041
          77     1.72598     1.70208  0.00553614
          78     1.63682     1.70124  0.00552837
          79     1.63464      1.7004  0.00552268
          80     1.69828     1.70037  0.00545327
          81     1.63105     1.69952  0.00545311
          82     1.63394     1.69872  0.00544525
          83     1.70263     1.69876  0.00537945
          84     1.73797     1.69923  0.00533548
          85     1.72732     1.69956  0.00528268
          86     1.65518     1.69905  0.00524633
          87     1.63525     1.69831  0.00523726
          88      1.7143     1.69849  0.00518059
          89     1.62231     1.69764   0.0051931
          90     1.65912     1.69721  0.00515288
          91      1.6636     1.69684   0.0051093
          92     1.75405     1.69746  0.00509158
          93     1.74792     1.69801  0.00506567
          94     1.69153     1.69794  0.00501196
          95     1.72487     1.69822  0.00496702
          96     1.63406     1.69755  0.00496024
          97     1.68162     1.69739  0.00491159
          98     1.63195     1.69672  0.00490685
          99     1.70453      1.6968  0.00485767
         100     1.73878     1.69722  0.00482714
