           1   -0.680078   -0.680078           0
           2    -0.68101   -0.680544   0.0004664
           3   -0.683909   -0.681666  0.00115347
           4   -0.676926   -0.680481  0.00143857
           5   -0.680159   -0.680416  0.00111616
           6   -0.689788   -0.681978  0.00180838
           7   -0.687866   -0.682819  0.00174449
           8   -0.686406   -0.683268   0.0015759
           9   -0.683435   -0.683286  0.00138994
          10   -0.678892   -0.682847  0.00131858
          11   -0.680506   -0.682634  0.00121153
          12   -0.681674   -0.682554  0.00110886
          13   -0.680766   -0.682417  0.00102923
          14   -0.686655   -0.682719 0.000999822
          15   -0.684104   -0.682812 0.000935349
          16   -0.681798   -0.682748 0.000877232
          17   -0.676109   -0.682358 0.000911887
          18   -0.677634   -0.682095 0.000898903
          19   -0.684166   -0.682204 0.000857236
          20   -0.681364   -0.682162  0.00081433
          21   -0.683933   -0.682247 0.000779157
          22   -0.683013   -0.682281 0.000743713
          23   -0.683364   -0.682328   0.0007122
          24   -0.687465   -0.682543 0.000714675
          25   -0.683933   -0.682598 0.000687745
          26   -0.682453   -0.682593 0.000660787
          27   -0.684596   -0.682667 0.000640158
          28   -0.682762    -0.68267 0.000616881
          29   -0.683927   -0.682713 0.000596806
          30    -0.68537   -0.682802 0.000583327
          31   -0.681696   -0.682766 0.000565323
          32   -0.678457   -0.682632 0.000563696
          33   -0.688542   -0.682811 0.000574951
          34   -0.679728    -0.68272 0.000565105
          35   -0.687085   -0.682845 0.000562714
          36   -0.683583   -0.682865 0.000547245
          37   -0.684417   -0.682907 0.000533898
          38   -0.680993   -0.682857 0.000522094
          39   -0.676601   -0.682696 0.000533231
          40   -0.678209   -0.682584 0.000531701
          41   -0.683012   -0.682595 0.000518675
          42   -0.684582   -0.682642 0.000508381
          43   -0.687236   -0.682749 0.000507784
          44   -0.683259    -0.68276 0.000496245
          45   -0.681297   -0.682728 0.000486181
          46    -0.68647   -0.682809 0.000482402
          47   -0.677539   -0.682697 0.000485161
          48   -0.689003   -0.682828 0.000492782
          49   -0.680208   -0.682775 0.000485574
          50   -0.685805   -0.682836 0.000479607
          51   -0.683681   -0.682852 0.000470401
          52   -0.685362     -0.6829 0.000463785
          53   -0.682147   -0.682886 0.000455172
          54   -0.679945   -0.682832 0.000449973
          55   -0.684349   -0.682859 0.000442576
          56   -0.689049    -0.68297 0.000448435
          57   -0.680322   -0.682923  0.00044294
          58   -0.681131   -0.682893 0.000436331
          59   -0.680955    -0.68286 0.000430127
          60   -0.677693   -0.682774 0.000431576
          61   -0.684197   -0.682797 0.000425083
          62   -0.687926    -0.68288 0.000426277
          63    -0.68156   -0.682859 0.000419978
          64   -0.683307   -0.682866 0.000413424
          65   -0.682322   -0.682857 0.000407099
          66   -0.679421   -0.682805 0.000404251
          67   -0.680667   -0.682773 0.000399449
          68   -0.687574   -0.682844 0.000399812
          69   -0.680085   -0.682804 0.000395999
          70   -0.677392   -0.682727 0.000397885
          71    -0.68291   -0.682729 0.000392249
          72   -0.685123   -0.682762 0.000388189
          73   -0.689606   -0.682856 0.000394147
          74   -0.678725     -0.6828 0.000392772
          75   -0.687382   -0.682861 0.000392285
          76   -0.685561   -0.682897 0.000388715
          77    -0.68457   -0.682919 0.000384248
          78   -0.686889    -0.68297  0.00038269
          79   -0.680319   -0.682936 0.000379301
          80   -0.682898   -0.682936  0.00037453
          81   -0.685227   -0.682964 0.000370958
          82   -0.680559   -0.682935 0.000367578
          83   -0.682073   -0.682924  0.00036327
          84   -0.683767   -0.682934  0.00035906
          85   -0.684971   -0.682958 0.000355619
          86   -0.685126   -0.682983 0.000352363
          87   -0.682836   -0.682982 0.000348293
          88   -0.678878   -0.682935 0.000347457
          89   -0.686712   -0.682977 0.000346142
          90    -0.68326   -0.682981 0.000342288
          91    -0.67692   -0.682914 0.000344996
          92   -0.680286   -0.682885 0.000342419
          93   -0.677162   -0.682824 0.000344263
          94   -0.680042   -0.682794 0.000341865
          95   -0.682814   -0.682795 0.000338247
          96   -0.674454   -0.682708 0.000345799
          97    -0.68417   -0.682723 0.000342547
          98   -0.687141   -0.682768 0.000342018
          99   -0.685124   -0.682792 0.000339381
         100   -0.684266   -0.682806 0.000336294
