           1    0.432369    0.432369           0
           2    0.445587    0.438978  0.00660934
           3    0.442653    0.440203  0.00400766
           4     0.43295     0.43839  0.00336426
           5    0.453213    0.441354   0.0039471
           6    0.446031    0.442134  0.00331571
           7    0.438929    0.441676  0.00283943
           8    0.440705    0.441555  0.00246201
           9    0.449729    0.442463  0.00235359
          10    0.452405    0.443457  0.00232809
          11     0.45706    0.444694  0.00244207
          12    0.446405    0.444836  0.00223385
          13     0.44023    0.444482  0.00208517
          14    0.467717    0.446142  0.00254585
          15    0.450493    0.446432  0.00238774
          16    0.443092    0.446223  0.00224326
          17    0.435249    0.445577  0.00220384
          18    0.430622    0.444746  0.00223775
          19    0.452612     0.44516  0.00215681
          20    0.448502    0.445328  0.00205294
          21    0.448963    0.445501  0.00196039
          22    0.464267    0.446354   0.0020546
          23     0.45734    0.446831  0.00202051
          24    0.445458    0.446774  0.00193534
          25    0.447021    0.446784  0.00185634
          26    0.452734    0.447013  0.00179813
          27    0.440549    0.446773  0.00174674
          28    0.451314    0.446936  0.00169099
          29    0.447347     0.44695   0.0016317
          30    0.458168    0.447324  0.00162012
          31     0.43601    0.446959  0.00160893
          32    0.452722    0.447139  0.00156821
          33    0.436469    0.446816  0.00155395
          34     0.45285    0.446993  0.00151797
          35    0.458176    0.447313  0.00150819
          36    0.452542    0.447458  0.00147288
          37    0.433832     0.44709   0.0014791
          38    0.451936    0.447217  0.00144529
          39    0.438588    0.446996  0.00142502
          40    0.448871    0.447043  0.00138973
          41    0.441967    0.446919  0.00136106
          42    0.440798    0.446773  0.00133623
          43    0.447465    0.446789  0.00130488
          44    0.450815    0.446881  0.00127816
          45    0.442528    0.446784  0.00125317
          46    0.453859    0.446938  0.00123524
          47    0.453822    0.447084  0.00121751
          48    0.452495    0.447197   0.0011972
          49    0.449061    0.447235  0.00117313
          50    0.450488      0.4473  0.00115126
          51    0.459865    0.447546  0.00115505
          52    0.459957    0.447785  0.00115749
          53    0.451557    0.447856  0.00113767
          54    0.444508    0.447794  0.00111812
          55    0.456132    0.447946  0.00110802
          56     0.45863    0.448137  0.00110466
          57    0.442239    0.448033  0.00109003
          58    0.446448    0.448006  0.00107142
          59    0.450965    0.448056   0.0010543
          60    0.463521    0.448314  0.00106814
          61    0.441135    0.448196  0.00105705
          62    0.465965    0.448483  0.00107864
          63    0.449418    0.448498  0.00106148
          64    0.445125    0.448445  0.00104609
          65    0.454351    0.448536  0.00103387
          66    0.450935    0.448572  0.00101874
          67    0.428233    0.448269  0.00104833
          68    0.448901    0.448278  0.00103284
          69    0.447637    0.448269  0.00101781
          70    0.445239    0.448225  0.00100409
          71    0.451081    0.448265 0.000990667
          72    0.440267    0.448154 0.000983107
          73    0.458316    0.448294 0.000979489
          74     0.44053    0.448189 0.000971841
          75    0.450139    0.448215 0.000959148
          76    0.445818    0.448183 0.000946969
          77      0.4515    0.448226 0.000935582
          78    0.452663    0.448283 0.000925259
          79    0.442855    0.448214 0.000916053
          80    0.453714    0.448283 0.000907139
          81    0.439956     0.44818 0.000901749
          82    0.448923    0.448189 0.000890731
          83    0.446316    0.448167 0.000880223
          84     0.45308    0.448225 0.000871646
          85    0.444901    0.448186 0.000862218
          86    0.447664     0.44818 0.000852155
          87    0.426807    0.447934 0.000877397
          88    0.447388    0.447928 0.000867392
          89    0.454301       0.448 0.000860574
          90    0.443607    0.447951 0.000852357
          91    0.438482    0.447847 0.000849336
          92    0.445413    0.447821  0.00084047
          93    0.456225    0.447911 0.000836281
          94    0.452141    0.447956 0.000828559
          95     0.44087    0.447881 0.000823178
          96    0.429627    0.447691 0.000836457
          97    0.444833    0.447662 0.000828313
          98    0.436827    0.447551 0.000827239
          99    0.449717    0.447573 0.000819132
         100    0.460606    0.447703 0.000821306
