           1    0.395508    0.395508           0
           2    0.399052     0.39728    0.001772
           3    0.405544    0.400035  0.00293851
           4    0.398748    0.399713  0.00210259
           5    0.401556    0.400082  0.00166985
           6     0.40838    0.401465  0.00194211
           7    0.400328    0.401302   0.0016494
           8    0.407752    0.402109  0.00164023
           9    0.399376    0.401805  0.00147807
          10     0.39586     0.40121  0.00144954
          11    0.401572    0.401243  0.00131157
          12    0.400612    0.401191  0.00119845
          13    0.397472    0.400905  0.00113892
          14    0.408236    0.401428  0.00117731
          15      0.4058     0.40172  0.00113411
          16    0.401108    0.401681  0.00106155
          17    0.385144    0.400709  0.00139307
          18    0.390568    0.400145  0.00142913
          19    0.406672    0.400489  0.00139478
          20     0.39938    0.400433  0.00132437
          21    0.400104    0.400418  0.00125982
          22    0.397024    0.400263  0.00121106
          23     0.40342    0.400401  0.00116531
          24    0.411764    0.400874  0.00121201
          25    0.401784    0.400911  0.00116309
          26    0.402544    0.400973  0.00111922
          27     0.40222     0.40102  0.00107796
          28    0.398208    0.400919  0.00104359
          29    0.407196    0.401136  0.00102996
          30    0.406728    0.401322  0.00101235
          31     0.40072    0.401303 0.000979342
          32    0.387524    0.400872  0.00104143
          33    0.406588    0.401045  0.00102413
          34     0.39564    0.400886  0.00100619
          35    0.409984    0.401146    0.001011
          36    0.402756    0.401191 0.000983536
          37    0.400124    0.401162  0.00095702
          38    0.394204    0.400979 0.000949321
          39    0.385284    0.400577  0.00100844
          40    0.391444    0.400348  0.00100907
          41     0.39934    0.400324  0.00098446
          42    0.403588    0.400401 0.000963874
          43      0.4039    0.400483 0.000944702
          44    0.406696    0.400624 0.000933721
          45    0.396004    0.400521 0.000918492
          46    0.409948    0.400726 0.000921381
          47    0.391896    0.400538 0.000920932
          48    0.410416    0.400744  0.00092473
          49     0.40112    0.400752 0.000905694
          50    0.411464    0.400966 0.000912891
          51    0.402364    0.400993 0.000895232
          52    0.409972    0.401166 0.000894667
          53    0.401256    0.401168 0.000877626
          54    0.398404    0.401117  0.00086274
          55    0.403104    0.401153 0.000847679
          56    0.411964    0.401346 0.000854499
          57    0.398452    0.401295 0.000840908
          58    0.402376    0.401314 0.000826492
          59    0.400216    0.401295 0.000812576
          60    0.393344    0.401163 0.000809834
          61    0.403224    0.401196 0.000797164
          62    0.410712     0.40135 0.000799079
          63      0.3968    0.401278 0.000789603
          64    0.400016    0.401258 0.000777417
          65    0.402732    0.401281 0.000765699
          66    0.401424    0.401283 0.000754012
          67    0.403936    0.401322 0.000743728
          68    0.407708    0.401416 0.000738702
          69    0.391904    0.401278 0.000740857
          70     0.39384    0.401172 0.000737888
          71    0.396668    0.401109 0.000730182
          72    0.408656    0.401214  0.00072756
          73    0.410592    0.401342 0.000728935
          74    0.396184    0.401272 0.000722388
          75    0.411428    0.401408 0.000725441
          76    0.404524    0.401449 0.000717005
          77    0.406328    0.401512 0.000710464
          78    0.404604    0.401552 0.000702415
          79    0.400916    0.401544 0.000693514
          80    0.402168    0.401551 0.000684834
          81    0.406256     0.40161 0.000678816
          82    0.404516    0.401645 0.000671423
          83    0.396164    0.401579 0.000666563
          84    0.404516    0.401614 0.000659508
          85    0.400536    0.401601 0.000651826
          86    0.407392    0.401669 0.000647712
          87     0.39918     0.40164 0.000640862
          88    0.394388    0.401558 0.000638875
          89     0.40696    0.401618 0.000634566
          90     0.40238    0.401627 0.000627532
          91     0.38812    0.401478 0.000638101
          92    0.392588    0.401382 0.000638482
          93    0.394408    0.401307 0.000636015
          94    0.399448    0.401287 0.000629523
          95    0.399632    0.401269 0.000623105
          96    0.386428    0.401115 0.000635666
          97    0.409092    0.401197 0.000634431
          98    0.409904    0.401286 0.000634178
          99     0.40238    0.401297 0.000627837
         100    0.401492    0.401299  0.00062153
