           1    0.497937    0.497937           0
           2    0.396906    0.447422   0.0505153
           3    0.416971    0.437272   0.0308808
           4     0.46674    0.444639   0.0230453
           5     0.38221    0.432153   0.0217841
           6    0.387431    0.424699   0.0192853
           7     0.33664    0.412119   0.0205892
           8    0.388153    0.409124   0.0180807
           9    0.435461     0.41205   0.0162119
          10    0.444816    0.415327    0.014866
          11    0.412267    0.415048   0.0134497
          12    0.402027    0.413963   0.0123257
          13    0.402462    0.413079   0.0113724
          14    0.422475     0.41375   0.0105502
          15    0.361227    0.410248   0.0104272
          16    0.409973    0.410231  0.00975376
          17    0.422783    0.410969  0.00919177
          18    0.422807    0.411627    0.008691
          19    0.378794    0.409899  0.00840051
          20    0.394481    0.409128  0.00800663
          21    0.405265    0.408944  0.00761804
          22    0.410706    0.409024  0.00726396
          23    0.429857     0.40993   0.0069998
          24    0.389808    0.409092  0.00675404
          25    0.407684    0.409035  0.00647849
          26    0.431758    0.409909  0.00628539
          27    0.452927    0.411502  0.00625445
          28     0.42774    0.412082  0.00605477
          29    0.414997    0.412183  0.00584312
          30     0.38673    0.411334   0.0057084
          31     0.39385     0.41077  0.00554992
          32     0.46454    0.412451  0.00563027
          33    0.462421    0.413965  0.00566319
          34    0.406194    0.413736  0.00549885
          35    0.434721    0.414336  0.00537299
          36    0.350725    0.412569  0.00551247
          37    0.392804    0.412035  0.00538796
          38     0.40229    0.411778  0.00525052
          39    0.381721    0.411008  0.00517187
          40    0.407644    0.410924  0.00504162
          41    0.404668    0.410771  0.00491948
          42    0.406324    0.410665  0.00480209
          43    0.445712     0.41148  0.00475939
          44    0.444547    0.412232   0.0047103
          45     0.45696    0.413226   0.0047105
          46    0.476752    0.414607  0.00480949
          47    0.381556    0.413903   0.0047583
          48    0.439282    0.414432  0.00468802
          49    0.400763    0.414153  0.00459982
          50    0.412321    0.414117  0.00450703
          51    0.389218    0.413628  0.00444467
          52    0.396858    0.413306  0.00437027
          53    0.392646    0.412916  0.00430471
          54    0.433067    0.413289  0.00424069
          55    0.388424    0.412837  0.00418735
          56    0.398811    0.412587  0.00411952
          57     0.35761    0.411622  0.00415996
          58    0.417612    0.411725  0.00408891
          59    0.411866    0.411728  0.00401901
          60    0.429189    0.412019  0.00396216
          61    0.425405    0.412238  0.00390284
          62    0.412764    0.412247  0.00383938
          63    0.414065    0.412276  0.00377806
          64    0.441024    0.412725  0.00374559
          65    0.426955    0.412944  0.00369401
          66    0.427524    0.413165  0.00364431
          67    0.456368    0.413809  0.00364697
          68    0.367847    0.413134  0.00365596
          69    0.413457    0.413138  0.00360259
          70    0.393307    0.412855  0.00356203
          71    0.396479    0.412624  0.00351907
          72    0.460644    0.413291  0.00353337
          73    0.432272    0.413551  0.00349431
          74    0.399956    0.413367  0.00345166
          75    0.379504    0.412916  0.00343513
          76    0.355921    0.412166   0.0034716
          77    0.374407    0.411676  0.00346113
          78    0.526916    0.413153  0.00372224
          79    0.426244    0.413319  0.00367856
          80    0.447105    0.413741  0.00365676
          81    0.378356    0.413304  0.00363766
          82    0.393091    0.413058  0.00360147
          83    0.463078     0.41366  0.00360849
          84     0.41011    0.413618  0.00356552
          85    0.411711    0.413596   0.0035234
          86    0.370599    0.413096   0.0035179
          87    0.452934    0.413554  0.00350725
          88    0.399109     0.41339  0.00347105
          89    0.357832    0.412765  0.00348814
          90    0.463916    0.413334  0.00349567
          91    0.399867    0.413186  0.00346021
          92     0.47534    0.413861  0.00348844
          93     0.41264    0.413848  0.00345075
          94    0.452913    0.414264  0.00343905
          95    0.377294    0.413875  0.00342483
          96    0.435091    0.414096  0.00339617
          97    0.433878      0.4143  0.00336716
          98    0.439836     0.41456  0.00334279
          99    0.442091    0.414838  0.00332052
         100    0.429695    0.414987   0.0032905
