           1     42.8013     42.8013           0
           2     48.4298     45.6155     2.81427
           3     50.3394     47.1902     2.26262
           4     38.9065     45.1193     2.61695
           5     40.1405     44.1235     2.25844
           6     40.1013     43.4531     1.96208
           7     36.0145     42.3905     1.96954
           8     41.8441     42.3222     1.70704
           9     43.2965     42.4304     1.50935
          10     36.6387     41.8513       1.469
          11     37.6548     41.4698     1.38244
          12     52.4143     42.3818     1.55706
          13     47.6397     42.7863      1.4883
          14     42.9849     42.8004     1.37797
          15     38.9325     42.5426     1.30848
          16     37.1484     42.2054     1.26955
          17     47.8925       42.54     1.23857
          18     43.6029      42.599     1.16923
          19      47.487     42.8563     1.13551
          20     44.3421     42.9306     1.07979
          21     43.7677     42.9704     1.02786
          22       40.77     42.8704    0.985119
          23     46.9999       43.05    0.958284
          24     39.8477     42.9165    0.927138
          25     53.0107     43.3203    0.976651
          26     52.5648     43.6759     1.00344
          27     39.2157     43.5107    0.979591
          28     39.1492     43.3549    0.956723
          29     53.2849     43.6973    0.984602
          30      42.886     43.6703    0.951601
          31     46.1307     43.7496    0.923808
          32     47.4702     43.8659    0.901998
          33     48.0931      43.994    0.883572
          34     47.6183     44.1006    0.863794
          35     37.7597     43.9194    0.858094
          36     39.6224     43.8001    0.842416
          37     41.7263      43.744    0.821247
          38     41.0904     43.6742    0.802387
          39     50.3535     43.8455    0.800087
          40     47.2306     43.9301    0.784407
          41     41.6775     43.8751    0.767007
          42     44.0369      43.879    0.748532
          43     42.3145     43.8426    0.731822
          44     48.1992     43.9416    0.721819
          45     46.9774     44.0091    0.708814
          46     46.5485     44.0643    0.695428
          47     39.5564     43.9684    0.687197
          48     45.4926     44.0001    0.673478
          49     44.7802     44.0161    0.659782
          50     50.0285     44.1363    0.657541
          51     45.6433     44.1659    0.645196
          52     41.0207     44.1054    0.635551
          53      49.443     44.2061    0.631526
          54     46.7249     44.2527    0.621474
          55     43.7998     44.2445    0.610125
          56      40.292     44.1739    0.603274
          57     40.2793     44.1056    0.596522
          58     41.3015     44.0572    0.588137
          59     40.2155     43.9921    0.581738
          60     42.4638     43.9666    0.572528
          61      44.037     43.9678    0.563065
          62      40.678     43.9147    0.556444
          63     40.6099     43.8623    0.550048
          64     46.9573     43.9106    0.543541
          65     52.6156     44.0446    0.551617
          66     39.5563     43.9766    0.547435
          67     42.1639     43.9495    0.539881
          68     46.9575     43.9937    0.533719
          69     44.4904     44.0009    0.525976
          70     48.7159     44.0683    0.522765
          71     46.2267     44.0987    0.516245
          72     44.5341     44.1047    0.509061
          73     44.9255      44.116    0.502165
          74     54.2597     44.2531     0.51395
          75     44.0403     44.2502    0.507059
          76     31.3274     44.0802    0.528446
          77     32.6241     43.9314    0.542344
          78     48.1031     43.9849    0.538011
          79     47.5488       44.03    0.533069
          80     49.7743     44.1018    0.531239
          81     44.5942     44.1079    0.524674
          82     53.0113     44.2165    0.529489
          83     50.6892     44.2945    0.528852
          84     41.0691     44.2561    0.523927
          85     40.9834     44.2176    0.519156
          86     32.2544     44.0784    0.531607
          87     42.2905     44.0579    0.525862
          88      36.669     43.9739    0.526589
          89     34.0795     43.8628    0.532376
          90     54.5903      43.982    0.539753
          91     42.0605     43.9608    0.534206
          92     54.6147     44.0766    0.540909
          93     45.3111     44.0899    0.535226
          94     38.4558       44.03    0.532883
          95     52.7217     44.1215    0.535123
          96     43.2088      44.112    0.529605
          97      50.431     44.1771     0.52815
          98      46.999     44.2059    0.523525
          99     50.0646     44.2651    0.521578
         100     41.6178     44.2386    0.517014
