           1   -0.928624   -0.928624           0
           2    -0.93956   -0.934092    0.005468
           3   -0.941152   -0.936445  0.00393758
           4   -0.927512   -0.934212  0.00356932
           5   -0.930496   -0.933469  0.00286293
           6   -0.932064   -0.933235  0.00234927
           7   -0.927952    -0.93248  0.00212408
           8   -0.932832   -0.932524  0.00184003
           9     -0.9298   -0.932221  0.00165074
          10    -0.92308   -0.931307  0.00173655
          11   -0.927288   -0.930942   0.0016127
          12   -0.946024   -0.932199  0.00193572
          13   -0.941928   -0.932947  0.00193149
          14   -0.933744   -0.933004  0.00178912
          15   -0.927384   -0.932629   0.0017072
          16    -0.92644   -0.932243  0.00164312
          17   -0.937264   -0.932538  0.00157146
          18    -0.93652   -0.932759  0.00149801
          19     -0.9434   -0.933319  0.00152364
          20    -0.93624   -0.933465  0.00145281
          21   -0.934768   -0.933527  0.00138329
          22   -0.929816   -0.933359  0.00132966
          23   -0.937456   -0.933537  0.00128296
          24   -0.931104   -0.933435  0.00123252
          25   -0.946624   -0.933963  0.00129456
          26   -0.944848   -0.934382  0.00131234
          27   -0.928336   -0.934158   0.0012825
          28   -0.929664   -0.933997  0.00124622
          29   -0.945616   -0.934398  0.00126747
          30    -0.93416    -0.93439  0.00122452
          31   -0.938816   -0.934533  0.00119293
          32   -0.938416   -0.934654  0.00116141
          33   -0.937376   -0.934736  0.00112869
          34   -0.937912    -0.93483  0.00109896
          35   -0.926712   -0.934598  0.00109202
          36   -0.932168    -0.93453  0.00106339
          37   -0.934016   -0.934517  0.00103435
          38   -0.933416   -0.934488  0.00100718
          39   -0.945608   -0.934773  0.00102161
          40    -0.93608   -0.934805 0.000996279
          41   -0.934232   -0.934791 0.000971776
          42   -0.935592    -0.93481 0.000948548
          43   -0.931696   -0.934738 0.000929054
          44   -0.939528   -0.934847 0.000914198
          45    -0.93564   -0.934865 0.000893826
          46   -0.937056   -0.934912 0.000875476
          47   -0.927568   -0.934756 0.000870781
          48   -0.935576   -0.934773 0.000852618
          49   -0.937896   -0.934837 0.000837465
          50   -0.941768   -0.934975 0.000832172
          51   -0.937696   -0.935029 0.000817435
          52   -0.928592   -0.934905 0.000811062
          53   -0.940888   -0.935018 0.000803581
          54   -0.937288    -0.93506 0.000789679
          55   -0.935864   -0.935074 0.000775326
          56   -0.930288   -0.934989 0.000766138
          57   -0.933384   -0.934961 0.000753103
          58   -0.930936   -0.934891 0.000743252
          59    -0.93004   -0.934809 0.000735159
          60   -0.933544   -0.934788  0.00072311
          61   -0.934248   -0.934779 0.000711212
          62   -0.931984   -0.934734 0.000701098
          63   -0.931136   -0.934677 0.000692239
          64   -0.936752    -0.93471 0.000682108
          65    -0.94608   -0.934884 0.000693943
          66    -0.92848   -0.934787 0.000690203
          67   -0.932896   -0.934759 0.000680409
          68   -0.940376   -0.934842 0.000675398
          69   -0.935912   -0.934857 0.000665719
          70   -0.940912   -0.934944 0.000661816
          71    -0.93848   -0.934994 0.000654327
          72    -0.93408   -0.934981   0.0006453
          73   -0.935072   -0.934982   0.0006364
          74   -0.948616   -0.935166  0.00065422
          75   -0.938288   -0.935208 0.000646778
          76   -0.921768   -0.935031 0.000662259
          77   -0.921584   -0.934857 0.000676531
          78   -0.935056   -0.934859 0.000667806
          79    -0.93808     -0.9349 0.000660558
          80   -0.943256   -0.935004 0.000660559
          81   -0.937408   -0.935034 0.000653028
          82   -0.945168   -0.935158 0.000656748
          83   -0.941232   -0.935231 0.000652902
          84   -0.932192   -0.935195 0.000646096
          85   -0.933464   -0.935174 0.000638774
          86   -0.922624   -0.935028  0.00064795
          87    -0.93256      -0.935 0.000641087
          88    -0.92812   -0.934922 0.000638564
          89   -0.923336   -0.934792 0.000644629
          90   -0.944592     -0.9349 0.000646661
          91   -0.932432   -0.934873  0.00064009
          92   -0.944112   -0.934974 0.000641009
          93   -0.938928   -0.935016 0.000635503
          94   -0.924848   -0.934908 0.000637944
          95   -0.946296   -0.935028 0.000642475
          96   -0.931544   -0.934992 0.000636783
          97   -0.941672   -0.935061 0.000633936
          98   -0.936816   -0.935078 0.000627689
          99   -0.940792   -0.935136 0.000623991
         100   -0.932288   -0.935108 0.000618376
