           1     0.44718     0.44718           0
           2    0.491307    0.469243   0.0220635
           3    0.447871    0.462119   0.0145951
           4    0.417395    0.450938   0.0152159
           5    0.462353    0.453221   0.0120052
           6    0.580793    0.474483   0.0234127
           7     0.51182    0.479817   0.0204936
           8    0.470404     0.47864    0.017787
           9    0.457584    0.476301   0.0158601
          10    0.505771    0.479248   0.0144886
          11    0.475606    0.478917   0.0131096
          12    0.485123    0.479434   0.0119786
          13    0.499626    0.480987   0.0111276
          14    0.441066    0.478136   0.0106895
          15    0.645129    0.489269   0.0149322
          16     0.30182    0.477553   0.0182305
          17    0.526279    0.480419   0.0173628
          18    0.429992    0.477618   0.0166078
          19    0.503631    0.478987    0.015769
          20    0.389882    0.474532   0.0156091
          21    0.434777    0.472639   0.0149674
          22    0.450019     0.47161   0.0143078
          23    0.446155    0.470504   0.0137163
          24    0.461609    0.470133   0.0131376
          25    0.495168    0.471135   0.0126409
          26    0.529132    0.473365   0.0123481
          27    0.467407    0.473145   0.0118841
          28     0.55419    0.476039   0.0118119
          29     0.42347    0.474226   0.0115406
          30    0.465404    0.473932   0.0111531
          31    0.493926    0.474577   0.0108066
          32    0.455086    0.473968   0.0104812
          33    0.433165    0.472732   0.0102336
          34    0.523591    0.474227   0.0100401
          35    0.488437    0.474633  0.00975745
          36    0.425681    0.473274  0.00957954
          37      0.3781    0.470701  0.00966559
          38    0.449684    0.470148  0.00942404
          39    0.477374    0.470334  0.00918109
          40    0.381335    0.468109  0.00922108
          41    0.470614     0.46817  0.00899357
          42    0.501624    0.468966  0.00881289
          43    0.450181    0.468529  0.00861658
          44    0.400201    0.466976   0.0085605
          45    0.431763    0.466194  0.00840462
          46    0.503276       0.467  0.00825931
          47    0.467613    0.467013  0.00808168
          48    0.386553    0.465337  0.00808715
          49    0.417942     0.46437  0.00797923
          50    0.459449    0.464271  0.00781864
          51    0.466509    0.464315  0.00766392
          52    0.394765    0.462978  0.00763319
          53    0.473126    0.463169  0.00749023
          54    0.426021    0.462481  0.00738234
          55    0.480922    0.462816  0.00725462
          56    0.435531    0.462329  0.00714054
          57    0.482121    0.462676  0.00702274
          58    0.451025    0.462476  0.00690352
          59    0.430746    0.461938  0.00680678
          60    0.371464     0.46043  0.00686014
          61    0.486483    0.460857  0.00676025
          62    0.500475    0.461496  0.00668095
          63    0.557285    0.463016  0.00674759
          64    0.406266     0.46213  0.00670025
          65    0.401062     0.46119  0.00666294
          66    0.485495    0.461558  0.00657153
          67    0.472926    0.461728  0.00647493
          68    0.452152    0.461587  0.00638055
          69    0.380787    0.460416  0.00639552
          70    0.461542    0.460432  0.00630352
          71    0.465668    0.460506  0.00621454
          72    0.406209    0.459752  0.00617385
          73    0.437642    0.459449  0.00609622
          74    0.529802      0.4604  0.00608796
          75    0.414259    0.459785  0.00603767
          76    0.453811    0.459706  0.00595821
          77    0.482832    0.460006  0.00588799
          78    0.487338    0.460357  0.00582256
          79     0.45193     0.46025  0.00574938
          80    0.528137    0.461099  0.00574013
          81    0.447828    0.460935  0.00567119
          82    0.532144    0.461803  0.00566851
          83     0.43873    0.461525   0.0056067
          84    0.444411    0.461321  0.00554329
          85    0.460373     0.46131   0.0054777
          86    0.415315    0.460776  0.00543999
          87    0.447166    0.460619  0.00537937
          88    0.465628    0.460676  0.00531819
          89    0.368678    0.459642  0.00535874
          90     0.46105    0.459658  0.00529889
          91    0.458093    0.459641  0.00524036
          92     0.40253     0.45902  0.00522013
          93    0.472969     0.45917  0.00516587
          94    0.474325    0.459331  0.00511317
          95    0.479876    0.459547  0.00506368
          96    0.486559    0.459829  0.00501855
          97    0.443621    0.459662  0.00496935
          98    0.589305    0.460985  0.00509318
          99    0.458054    0.460955  0.00504156
         100    0.478081    0.461126  0.00499383
