           1    0.376419    0.376419           0
           2    0.368917    0.372668  0.00375108
           3    0.355188    0.366841  0.00621614
           4    0.372504    0.368257  0.00461786
           5    0.361897    0.366985  0.00379638
           6    0.406516    0.373574   0.0072813
           7    0.380605    0.374578  0.00623526
           8    0.367199    0.373656   0.0054781
           9    0.383226    0.374719  0.00494687
          10    0.370555    0.374303  0.00444417
          11    0.374895    0.374357  0.00402026
          12    0.364931    0.373571   0.0037531
          13    0.391031    0.374914   0.0037044
          14    0.356504    0.373599  0.00367308
          15    0.421576    0.376798  0.00468216
          16    0.310488    0.372653  0.00602975
          17    0.379686    0.373067  0.00567905
          18     0.35547    0.372089  0.00544278
          19    0.386819    0.372865  0.00520639
          20    0.329996    0.370721  0.00538425
          21    0.353187    0.369886  0.00518907
          22    0.367967    0.369799  0.00494835
          23     0.36679    0.369668  0.00473012
          24    0.363829    0.369425  0.00453528
          25    0.375124    0.369653  0.00435606
          26    0.400666    0.370846  0.00435182
          27    0.364354    0.370605  0.00419444
          28    0.391407    0.371348  0.00410957
          29    0.358236    0.370896  0.00399103
          30    0.351178    0.370239  0.00391132
          31    0.374934     0.37039  0.00378608
          32    0.366226     0.37026  0.00366816
          33    0.349067    0.369618   0.0036128
          34    0.386076    0.370102   0.0035382
          35    0.370859    0.370124  0.00343569
          36    0.361669    0.369889  0.00334714
          37    0.336538    0.368987  0.00337791
          38    0.348227    0.368441  0.00333289
          39    0.379425    0.368723   0.0032585
          40    0.342173    0.368059  0.00324461
          41    0.382534    0.368412  0.00318412
          42    0.375471     0.36858  0.00311192
          43    0.373134    0.368686  0.00304054
          44    0.366702    0.368641  0.00297097
          45    0.369511     0.36866  0.00290426
          46    0.377697    0.368857  0.00284721
          47      0.3511    0.368479  0.00281148
          48    0.342187    0.367931  0.00280625
          49    0.353926    0.367645  0.00276321
          50    0.362268    0.367538  0.00270952
          51    0.354089    0.367274  0.00266892
          52    0.341717    0.366783  0.00266284
          53    0.380081    0.367033  0.00262414
          54    0.361608    0.366933  0.00257704
          55    0.356844     0.36675  0.00253639
          56     0.36252    0.366674  0.00249183
          57    0.374862    0.366818  0.00245194
          58    0.366267    0.366808  0.00240931
          59    0.378081    0.366999  0.00237582
          60    0.340393    0.366556  0.00237761
          61     0.36515    0.366533  0.00233842
          62    0.364425    0.366499  0.00230064
          63    0.411807    0.367218  0.00237532
          64    0.335779    0.366727  0.00238896
          65    0.367113    0.366733  0.00235193
          66    0.356026     0.36657   0.0023217
          67    0.370304    0.366626  0.00228746
          68    0.362856    0.366571  0.00225425
          69    0.348723    0.366312  0.00223635
          70    0.360117    0.366224  0.00220595
          71    0.343705    0.365906  0.00219766
          72    0.357202    0.365785  0.00217029
          73    0.352688    0.365606  0.00214786
          74    0.373414    0.365712  0.00212127
          75    0.351328     0.36552  0.00210156
          76    0.345374    0.365255   0.0020906
          77    0.365112    0.365253  0.00206327
          78    0.364096    0.365238   0.0020367
          79    0.375351    0.365366  0.00201482
          80    0.397347    0.365766  0.00202925
          81    0.342765    0.365482  0.00202405
          82     0.37186     0.36556  0.00200073
          83    0.371798    0.365635  0.00197791
          84    0.364755    0.365624  0.00195425
          85    0.368419    0.365657   0.0019314
          86     0.34918    0.365466   0.0019184
          87    0.370044    0.365518  0.00189695
          88    0.363971    0.365501  0.00187535
          89    0.331484    0.365118  0.00189315
          90    0.369133    0.365163  0.00187253
          91    0.356886    0.365072  0.00185407
          92    0.348503    0.364892  0.00184262
          93    0.377012    0.365022  0.00182736
          94    0.335939    0.364713   0.0018341
          95    0.355939    0.364621  0.00181704
          96    0.369837    0.364675  0.00179883
          97    0.366365    0.364692  0.00178027
          98    0.402655     0.36508  0.00180409
          99    0.357137    0.364999  0.00178758
         100     0.36676    0.365017   0.0017697
