           1     0.95196     0.95196           0
           2    0.948132    0.950046    0.001914
           3    0.953652    0.951248  0.00163277
           4    0.952096     0.95146  0.00117384
           5    0.953604    0.951889  0.00100529
           6    0.946128    0.950929  0.00126317
           7    0.948872    0.950635  0.00110727
           8    0.950148    0.950574  0.00096085
           9     0.95076    0.950595 0.000847642
          10     0.94732    0.950267 0.000825852
          11    0.950548    0.950293 0.000747448
          12    0.949664     0.95024 0.000684332
          13    0.948192    0.950083 0.000648913
          14    0.953044    0.950294 0.000636924
          15    0.941924    0.949736 0.000814228
          16    0.960976    0.950439  0.00103614
          17    0.949896    0.950407 0.000973805
          18    0.951844    0.950487 0.000921577
          19    0.948284    0.950371   0.0008794
          20    0.955532    0.950629 0.000873273
          21    0.954936    0.950834 0.000855596
          22    0.949896    0.950791 0.000816892
          23    0.953136    0.950893 0.000787196
          24    0.951448    0.950916 0.000754038
          25     0.94966    0.950866 0.000724991
          26    0.948244    0.950765 0.000703812
          27     0.94908    0.950703 0.000680113
          28    0.945528    0.950518 0.000680934
          29    0.950976    0.950534 0.000657224
          30    0.953288    0.950626 0.000641542
          31    0.948404    0.950554 0.000624626
          32    0.949444    0.950519 0.000605786
          33    0.952608    0.950583 0.000590543
          34    0.948952    0.950535 0.000574915
          35    0.949784    0.950513 0.000558659
          36    0.953576    0.950598 0.000549545
          37      0.9544    0.950701 0.000544273
          38    0.951604    0.950725 0.000530289
          39    0.951176    0.950736 0.000516643
          40    0.954916    0.950841 0.000514288
          41    0.949144    0.950799 0.000503292
          42    0.947956    0.950732 0.000495807
          43    0.948236    0.950674 0.000487605
          44    0.953844    0.950746 0.000481813
          45    0.950444    0.950739 0.000471032
          46    0.947944    0.950678 0.000464668
          47    0.953052    0.950729  0.00045747
          48     0.95566    0.950831 0.000459471
          49    0.954388    0.950904 0.000455812
          50    0.951628    0.950919 0.000446837
          51    0.951476    0.950929 0.000438125
          52    0.954464    0.950997  0.00043496
          53    0.949628    0.950972 0.000427456
          54    0.950968    0.950972 0.000419466
          55    0.949224     0.95094 0.000412993
          56    0.952204    0.950962 0.000406179
          57     0.94938    0.950935 0.000399954
          58    0.953656    0.950982 0.000395788
          59    0.951916    0.950997 0.000389345
          60    0.955968     0.95108 0.000391662
          61     0.94852    0.951038 0.000387468
          62    0.949932     0.95102 0.000381585
          63    0.945844    0.950938 0.000384364
          64     0.95248    0.950962 0.000379077
          65    0.953132    0.950996 0.000374689
          66    0.948452    0.950957 0.000370976
          67    0.951124     0.95096 0.000365405
          68    0.952692    0.950985 0.000360892
          69     0.95492    0.951042 0.000360166
          70    0.949464     0.95102 0.000355699
          71    0.951968    0.951033 0.000350908
          72    0.953512    0.951067 0.000347709
          73    0.953528    0.951101 0.000344565
          74    0.947108    0.951047 0.000344134
          75    0.953624    0.951081 0.000341248
          76    0.953416    0.951112 0.000338126
          77    0.950236    0.951101   0.0003339
          78     0.94782    0.951059 0.000332265
          79      0.9508    0.951055 0.000328048
          80    0.946768    0.951002 0.000328325
          81    0.953724    0.951036 0.000325984
          82    0.946616    0.950982 0.000326463
          83    0.950408    0.950975  0.00032258
          84    0.952204    0.950989 0.000319052
          85    0.950588    0.950985 0.000315312
          86    0.953532    0.951014 0.000313029
          87     0.95248    0.951031 0.000309868
          88    0.949808    0.951017 0.000306642
          89    0.957056    0.951085 0.000310677
          90    0.951164    0.951086 0.000307207
          91    0.950172    0.951076 0.000303978
          92    0.956184    0.951131 0.000305739
          93    0.949856    0.951118 0.000302745
          94    0.950488    0.951111 0.000299582
          95    0.953928    0.951141 0.000297891
          96    0.949684    0.951125 0.000295162
          97    0.952328    0.951138 0.000292366
          98    0.945084    0.951076 0.000295888
          99    0.951528    0.951081 0.000292919
         100    0.950244    0.951072 0.000290096
