           1    -1.15161    -1.15161           0
           2    -1.14939     -1.1505   0.0011108
           3    -1.15332    -1.15144  0.00113937
           4    -1.15061    -1.15123 0.000831804
           5    -1.15394    -1.15177 0.000841295
           6    -1.14809    -1.15116 0.000921258
           7    -1.15003      -1.151 0.000795125
           8    -1.15077    -1.15097  0.00068921
           9    -1.15025    -1.15089  0.00061308
          10    -1.14908    -1.15071 0.000577415
          11    -1.15021    -1.15066  0.00052422
          12    -1.15139    -1.15072 0.000482354
          13    -1.14924    -1.15061 0.000458169
          14    -1.15245    -1.15074 0.000444069
          15    -1.14595    -1.15042 0.000522286
          16    -1.15694    -1.15083 0.000636105
          17    -1.15132    -1.15086 0.000598202
          18    -1.15146    -1.15089 0.000564999
          19    -1.14986    -1.15084 0.000537158
          20    -1.15431    -1.15101 0.000538308
          21    -1.15446    -1.15117 0.000537723
          22    -1.14954     -1.1511 0.000518061
          23    -1.15224    -1.15115 0.000497512
          24    -1.15138    -1.15116 0.000476425
          25    -1.15043    -1.15113 0.000457907
          26    -1.14955    -1.15107 0.000444107
          27    -1.14945    -1.15101 0.000431542
          28    -1.14759    -1.15089 0.000433372
          29    -1.14991    -1.15085 0.000419525
          30    -1.15349    -1.15094 0.000414714
          31    -1.14955     -1.1509 0.000403607
          32     -1.1497    -1.15086 0.000392562
          33    -1.15239    -1.15091  0.00038328
          34    -1.14969    -1.15087  0.00037354
          35    -1.15062    -1.15086  0.00036278
          36    -1.15291    -1.15092 0.000357102
          37    -1.15257    -1.15096 0.000350161
          38    -1.15126    -1.15097 0.000340914
          39     -1.1517    -1.15099  0.00033258
          40    -1.15318    -1.15105 0.000328759
          41    -1.14915      -1.151 0.000323961
          42     -1.1494    -1.15096 0.000318442
          43    -1.14816     -1.1509 0.000317703
          44    -1.15188    -1.15092 0.000311204
          45    -1.14953    -1.15089 0.000305774
          46     -1.1486    -1.15084 0.000303143
          47    -1.15355     -1.1509 0.000302168
          48    -1.15419    -1.15096 0.000303654
          49    -1.15407    -1.15103  0.00030407
          50     -1.1514    -1.15104 0.000298018
          51    -1.15234    -1.15106 0.000293226
          52    -1.15312     -1.1511 0.000290238
          53    -1.14945    -1.15107 0.000286399
          54    -1.15058    -1.15106 0.000281193
          55    -1.15055    -1.15105 0.000276189
          56    -1.15186    -1.15107 0.000271594
          57    -1.14994    -1.15105 0.000267516
          58    -1.15313    -1.15108 0.000265312
          59    -1.15059    -1.15107 0.000260909
          60    -1.15348    -1.15111 0.000259646
          61    -1.14946    -1.15109 0.000256795
          62    -1.15061    -1.15108 0.000252735
          63    -1.14777    -1.15103 0.000254179
          64    -1.15212    -1.15104 0.000250759
          65     -1.1508    -1.15104 0.000246899
          66    -1.14971    -1.15102 0.000243966
          67     -1.1509    -1.15102 0.000240304
          68     -1.1522    -1.15103 0.000237384
          69    -1.15299    -1.15106 0.000235632
          70    -1.15012    -1.15105 0.000232635
          71    -1.15307    -1.15108   0.0002311
          72      -1.152    -1.15109 0.000228226
          73    -1.15267    -1.15111  0.00022612
          74    -1.14921    -1.15109 0.000224527
          75     -1.1524     -1.1511   0.0002222
          76     -1.1538    -1.15114 0.000222098
          77    -1.15126    -1.15114   0.0002192
          78    -1.14928    -1.15112 0.000217689
          79    -1.15025    -1.15111 0.000215197
          80    -1.14819    -1.15107 0.000215604
          81    -1.15416    -1.15111 0.000216318
          82    -1.14887    -1.15108 0.000215404
          83    -1.14987    -1.15107 0.000213296
          84    -1.15191    -1.15108 0.000210983
          85    -1.15028    -1.15107 0.000208697
          86    -1.15215    -1.15108 0.000206644
          87    -1.15127    -1.15108 0.000204267
          88    -1.14946    -1.15106 0.000202773
          89    -1.15479     -1.1511 0.000204802
          90    -1.15094     -1.1511 0.000202523
          91    -1.15095     -1.1511 0.000200291
          92     -1.1545    -1.15114 0.000201519
          93    -1.14977    -1.15112 0.000199882
          94    -1.15201    -1.15113 0.000197968
          95    -1.15347    -1.15116 0.000197417
          96    -1.14966    -1.15114 0.000195974
          97    -1.15197    -1.15115 0.000194131
          98    -1.14762    -1.15111 0.000195494
          99    -1.15128    -1.15112 0.000193516
         100     -1.1517    -1.15112 0.000191662
