           1    0.367812    0.367812           0
           2    0.375656    0.371734    0.003922
           3    0.379648    0.374372  0.00347655
           4    0.377388    0.375126  0.00257133
           5    0.377096     0.37552  0.00203034
           6    0.390732    0.378055  0.00302921
           7    0.379056    0.378198  0.00256413
           8    0.382444    0.378729  0.00228314
           9    0.375188    0.378336  0.00205162
          10    0.371912    0.377693  0.00194421
          11    0.375724    0.377514  0.00176769
          12    0.381104    0.377813  0.00164117
          13    0.387516     0.37856  0.00168408
          14    0.389164    0.379317   0.0017334
          15    0.381668    0.379474   0.0016213
          16    0.376232    0.379271  0.00153006
          17    0.364104    0.378379  0.00169165
          18    0.367248    0.377761  0.00171059
          19      0.3819    0.377979  0.00163266
          20    0.373816     0.37777   0.0015628
          21    0.377512    0.377758  0.00148657
          22    0.383408    0.378015  0.00144046
          23     0.37826    0.378026  0.00137645
          24    0.391888    0.378603  0.00143887
          25    0.383192    0.378787  0.00139227
          26     0.37868    0.378783  0.00133766
          27    0.378152    0.378759  0.00128737
          28    0.374408    0.378604  0.00125024
          29    0.381136    0.378691  0.00120951
          30    0.387972    0.379001  0.00120876
          31    0.378636    0.378989  0.00116918
          32     0.38236    0.379094  0.00113694
          33    0.384316    0.379252  0.00111325
          34    0.372456    0.379052  0.00109836
          35    0.388292    0.379316   0.0010987
          36      0.3748    0.379191  0.00107509
          37    0.380684    0.379231  0.00104641
          38    0.375784    0.379141  0.00102253
          39     0.37034    0.378915  0.00102121
          40    0.375216    0.378822  0.00099964
          41    0.375636    0.378745 0.000978047
          42     0.37644     0.37869 0.000956052
          43    0.385944    0.378859 0.000948674
          44    0.383964    0.378975 0.000934097
          45    0.364588    0.378655 0.000967454
          46    0.386412    0.378824 0.000961098
          47    0.368468    0.378603 0.000965893
          48    0.388596    0.378811 0.000968203
          49     0.37884    0.378812 0.000948238
          50    0.389508    0.379026 0.000953389
          51     0.37988    0.379043 0.000934658
          52    0.388172    0.379218 0.000933171
          53     0.37758    0.379187 0.000915917
          54    0.377316    0.379153 0.000899463
          55    0.381548    0.379196 0.000884031
          56    0.385072    0.379301 0.000874419
          57    0.377572    0.379271 0.000859477
          58    0.379908    0.379282   0.0008446
          59     0.37712    0.379245  0.00083097
          60    0.371804    0.379121 0.000826362
          61    0.382696     0.37918 0.000814813
          62    0.387568    0.379315 0.000812901
          63    0.380584    0.379335 0.000800147
          64    0.380516    0.379354 0.000787761
          65     0.38676    0.379468 0.000783873
          66    0.379988    0.379475 0.000771945
          67    0.376976    0.379438 0.000761251
          68    0.379924    0.379445 0.000750007
          69    0.372604    0.379346 0.000745678
          70    0.367256    0.379173  0.00075497
          71    0.372064    0.379073 0.000750967
          72    0.377036    0.379045 0.000741003
          73    0.384812    0.379124  0.00073504
          74    0.376484    0.379088 0.000725916
          75     0.38528    0.379171 0.000720914
          76    0.379708    0.379178   0.0007114
          77    0.388664    0.379301 0.000712827
          78    0.381744    0.379332 0.000704326
          79     0.37672    0.379299 0.000696139
          80    0.382248    0.379336  0.00068837
          81    0.391032    0.379481 0.000694983
          82    0.380048    0.379488  0.00068649
          83    0.373504    0.379415  0.00068199
          84     0.38316     0.37946 0.000675295
          85    0.371496    0.379366 0.000673849
          86    0.380152    0.379375  0.00066603
          87    0.376048    0.379337  0.00065944
          88    0.369036     0.37922  0.00066233
          89     0.38892    0.379329 0.000663853
          90    0.383376    0.379374 0.000657974
          91    0.366872    0.379237 0.000665048
          92     0.37698    0.379212 0.000658237
          93    0.370916    0.379123 0.000657203
          94    0.377024    0.379101 0.000650557
          95    0.375736    0.379065 0.000644647
          96    0.370636    0.378977 0.000643911
          97    0.379852    0.378986 0.000637302
          98    0.387652    0.379075 0.000636933
          99    0.388444     0.37917  0.00063753
         100    0.388388    0.379262 0.000637819
