           1     1.60279     1.60279           0
           2      1.5968      1.5998   0.0029952
           3     1.59571     1.59843  0.00220109
           4     1.61657     1.60297  0.00479353
           5     1.65573     1.61352   0.0111857
           6     1.66864     1.62271   0.0129537
           7     1.65957     1.62797   0.0121488
           8     1.56553     1.62017   0.0131002
           9     1.63583     1.62191   0.0116836
          10     1.68335     1.62805   0.0121227
          11     1.65942      1.6309   0.0113301
          12     1.60958     1.62913   0.0104945
          13     1.54563      1.6227   0.0115948
          14     1.66131     1.62546   0.0110832
          15     1.65304      1.6273   0.0104804
          16     1.65906     1.62928   0.0100024
          17       1.602     1.62768  0.00953175
          18     1.62801      1.6277  0.00898664
          19     1.63108     1.62788  0.00850237
          20     1.70286     1.63163  0.00889483
          21     1.69635     1.63471  0.00900451
          22     1.66393     1.63604  0.00868761
          23     1.58035     1.63361  0.00864716
          24     1.59518     1.63201  0.00843245
          25     1.65918      1.6331  0.00816081
          26     1.61811     1.63252  0.00786182
          27     1.61689     1.63194  0.00758718
          28     1.69995     1.63437  0.00770405
          29      1.7082     1.63692  0.00785746
          30     1.63304     1.63679  0.00759213
          31     1.53119     1.63338  0.00809475
          32     1.66886     1.63449  0.00791575
          33     1.62127     1.63409  0.00768258
          34        1.59     1.63279  0.00756515
          35     1.64126     1.63304  0.00734981
          36     1.67508      1.6342  0.00723757
          37     1.66987     1.63517  0.00710495
          38     1.71428     1.63725  0.00722205
          39     1.66961     1.63808  0.00708319
          40     1.62036     1.63764  0.00691804
          41     1.62944     1.63744  0.00675017
          42     1.57998     1.63607  0.00672804
          43     1.61292     1.63553  0.00659173
          44     1.62752     1.63535  0.00644275
          45      1.6172     1.63495  0.00631085
          46     1.64966     1.63527  0.00618042
          47     1.63082     1.63517  0.00604823
          48     1.65737     1.63563  0.00593892
          49      1.5734     1.63436   0.0059535
          50     1.69764     1.63563  0.00596894
          51     1.71471     1.63718  0.00605274
          52     1.62479     1.63694  0.00593999
          53     1.59707     1.63619   0.0058752
          54      1.6489     1.63642  0.00577017
          55     1.64533     1.63659   0.0056666
          56     1.62543     1.63639  0.00556806
          57     1.57172     1.63525  0.00558592
          58     1.64908     1.63549  0.00549394
          59     1.59757     1.63485  0.00543814
          60      1.6399     1.63493   0.0053474
          61     1.63118     1.63487  0.00525937
          62     1.63102     1.63481  0.00517422
          63     1.62709     1.63469   0.0050929
          64     1.60694     1.63425   0.0050314
          65     1.64514     1.63442  0.00495622
          66     1.58816     1.63372  0.00493062
          67     1.54374     1.63238  0.00503873
          68     1.61911     1.63218  0.00496791
          69     1.70056     1.63317  0.00499467
          70     1.62214     1.63301  0.00492532
          71     1.69594      1.6339  0.00493569
          72     1.60191     1.63346   0.0048869
          73     1.65764     1.63379  0.00483087
          74     1.53821      1.6325  0.00493707
          75     1.62165     1.63235  0.00487294
          76     1.71554     1.63345   0.0049314
          77      1.5985     1.63299  0.00488805
          78     1.58329     1.63236  0.00486687
          79      1.5394     1.63118  0.00494685
          80     1.59615     1.63074  0.00490421
          81     1.58457     1.63017  0.00487671
          82     1.60168     1.62982  0.00482939
          83     1.67479     1.63036  0.00480152
          84     1.65055     1.63061  0.00475009
          85     1.65791     1.63093  0.00470486
          86     1.57318     1.63025  0.00469806
          87     1.59676     1.62987  0.00465968
          88     1.60772     1.62962  0.00461329
          89     1.55732     1.62881  0.00463294
          90     1.60701     1.62856  0.00458757
          91     1.61463     1.62841  0.00453946
          92     1.67834     1.62895  0.00452253
          93     1.63002     1.62896  0.00447365
          94     1.57065     1.62834  0.00446907
          95     1.62607     1.62832  0.00442184
          96     1.51907     1.62718  0.00452111
          97     1.60659     1.62697  0.00447929
          98     1.61955     1.62689  0.00443399
          99     1.62426     1.62687  0.00438906
         100     1.63924     1.62699  0.00434671
