           1   -0.656802   -0.656802           0
           2   -0.659067   -0.657935   0.0011324
           3   -0.660082    -0.65865 0.000969292
           4   -0.656342   -0.658073  0.00089606
           5   -0.658075   -0.658074 0.000694085
           6    -0.67089    -0.66021  0.00221003
           7   -0.667499   -0.661251  0.00213849
           8   -0.664913   -0.661709  0.00190771
           9   -0.660534   -0.661578   0.0016875
          10   -0.657638   -0.661184  0.00155992
          11   -0.659025   -0.660988  0.00142459
          12   -0.662589   -0.661121   0.0013073
          13   -0.664255   -0.661362  0.00122646
          14   -0.666849   -0.661754  0.00120121
          15   -0.662478   -0.661803   0.0011193
          16   -0.660822   -0.661741   0.0010488
          17   -0.655493   -0.661374  0.00105151
          18   -0.657394   -0.661153  0.00101573
          19   -0.661596   -0.661176 0.000961069
          20   -0.659683   -0.661101   0.0009148
          21   -0.663078   -0.661195 0.000875227
          22   -0.665234   -0.661379 0.000854445
          23   -0.659436   -0.661295 0.000820809
          24   -0.668514   -0.661595 0.000841464
          25   -0.664262   -0.661702 0.000814124
          26   -0.659264   -0.661608 0.000787785
          27    -0.66123   -0.661594 0.000758176
          28    -0.66069   -0.661562 0.000731311
          29   -0.661739   -0.661568 0.000705669
          30    -0.66565   -0.661704  0.00069519
          31   -0.660695   -0.661672 0.000673177
          32   -0.665424   -0.661789 0.000662265
          33   -0.666359   -0.661927 0.000656655
          34   -0.657011   -0.661783 0.000653252
          35    -0.66793   -0.661958 0.000658183
          36   -0.660976   -0.661931 0.000640221
          37   -0.663761   -0.661981 0.000624638
          38   -0.660741   -0.661948 0.000608852
          39   -0.657372   -0.661831 0.000604531
          40   -0.658907   -0.661758 0.000593739
          41   -0.661607   -0.661754 0.000579088
          42   -0.661448   -0.661747 0.000565179
          43   -0.667341   -0.661877 0.000567006
          44   -0.661817   -0.661875 0.000553971
          45   -0.656054   -0.661746  0.00055676
          46   -0.663666   -0.661788  0.00054612
          47   -0.655526   -0.661654 0.000550734
          48   -0.666767   -0.661761 0.000549559
          49   -0.660064   -0.661726  0.00053934
          50   -0.666798   -0.661828 0.000538089
          51   -0.661992   -0.661831 0.000527442
          52   -0.662482   -0.661843 0.000517351
          53   -0.660756   -0.661823 0.000507911
          54   -0.660007   -0.661789 0.000499549
          55   -0.665318   -0.661853 0.000494561
          56    -0.66543   -0.661917 0.000489831
          57   -0.660186   -0.661887 0.000482118
          58   -0.661254   -0.661876 0.000473859
          59    -0.65912   -0.661829 0.000468095
          60   -0.656225   -0.661736 0.000469611
          61   -0.664139   -0.661775 0.000463525
          62   -0.667722   -0.661871 0.000465965
          63   -0.661037   -0.661858   0.0004587
          64   -0.662303   -0.661865  0.00045153
          65    -0.66304   -0.661883 0.000444896
          66   -0.659886   -0.661853 0.000439148
          67   -0.659147   -0.661812 0.000434424
          68   -0.662913   -0.661829 0.000428294
          69   -0.658857   -0.661786 0.000424233
          70   -0.656003   -0.661703  0.00042621
          71   -0.661741   -0.661703 0.000420165
          72   -0.659967   -0.661679 0.000414989
          73   -0.664562   -0.661719 0.000411166
          74   -0.658129    -0.66167 0.000408463
          75   -0.664256   -0.661705 0.000404452
          76   -0.662838    -0.66172 0.000399373
          77   -0.664357   -0.661754 0.000395637
          78   -0.665469   -0.661802 0.000393426
          79   -0.658848   -0.661764 0.000390209
          80    -0.66145    -0.66176  0.00038532
          81   -0.667926   -0.661836 0.000388073
          82   -0.658946   -0.661801 0.000384929
          83   -0.659173   -0.661769 0.000381579
          84    -0.66116   -0.661762 0.000377079
          85   -0.660547   -0.661748 0.000372891
          86   -0.662494   -0.661757 0.000368631
          87   -0.661946   -0.661759 0.000364376
          88   -0.655583   -0.661689 0.000366984
          89   -0.665464   -0.661731 0.000365308
          90   -0.663299   -0.661748 0.000361647
          91   -0.655686   -0.661682 0.000363801
          92   -0.660764   -0.661672 0.000359964
          93   -0.654959     -0.6616 0.000363314
          94   -0.657037   -0.661551 0.000362691
          95   -0.658843   -0.661523 0.000359983
          96   -0.656439    -0.66147 0.000360128
          97   -0.659194   -0.661446 0.000357167
          98   -0.667138   -0.661504 0.000358244
          99   -0.666185   -0.661552 0.000357744
         100   -0.664342   -0.661579 0.000355246
