           1    0.421745    0.421745           0
           2     0.42004    0.420892 0.000852766
           3    0.419329    0.420371 0.000716902
           4    0.415916    0.419257  0.00122371
           5    0.423388    0.420084  0.00125731
           6    0.424658    0.420846  0.00127868
           7    0.415053    0.420018  0.00136117
           8    0.407164    0.418411  0.00199287
           9    0.413663    0.417884  0.00183503
          10    0.436076    0.419703  0.00245017
          11    0.424322    0.420123   0.0022557
          12    0.415404     0.41973  0.00209637
          13    0.413195    0.419227  0.00199282
          14    0.436918    0.420491  0.00223623
          15    0.422102    0.420598  0.00208459
          16    0.419923    0.420556  0.00195041
          17     0.40854    0.419849  0.00196371
          18    0.426722    0.420231  0.00189037
          19    0.422634    0.420357  0.00179258
          20    0.412325    0.419956  0.00174737
          21    0.425377    0.420214  0.00168201
          22    0.434295    0.420854  0.00172673
          23    0.412998    0.420512  0.00168493
          24    0.414528    0.420263  0.00163236
          25    0.420236    0.420262  0.00156571
          26    0.427444    0.420538  0.00152943
          27    0.410035    0.420149  0.00152224
          28    0.434526    0.420663  0.00155413
          29    0.442393    0.421412  0.00167638
          30    0.435483    0.421881  0.00168609
          31    0.406131    0.421373  0.00170809
          32    0.429155    0.421616  0.00167164
          33    0.418769     0.42153  0.00162249
          34    0.416371    0.421378  0.00158134
          35    0.429857     0.42162  0.00155449
          36    0.418188    0.421525   0.0015137
          37    0.412385    0.421278   0.0014928
          38    0.419626    0.421235  0.00145363
          39    0.413417    0.421034  0.00142999
          40    0.418258    0.420965  0.00139551
          41     0.42138    0.420975  0.00136108
          42     0.41417    0.420813  0.00133813
          43    0.421601    0.420831  0.00130676
          44    0.421314    0.420842  0.00127677
          45    0.417194    0.420761   0.0012507
          46    0.430088    0.420964   0.0012399
          47    0.421039    0.420965  0.00121324
          48      0.4349    0.421256  0.00122265
          49     0.42109    0.421252  0.00119745
          50    0.438116     0.42159  0.00122077
          51    0.427146    0.421699  0.00120155
          52    0.433733     0.42193  0.00120073
          53    0.422926    0.421949    0.001178
          54    0.416037    0.421839  0.00116116
          55    0.429792    0.421984  0.00114898
          56     0.42269    0.421997  0.00112835
          57     0.41289    0.421837  0.00111983
          58    0.418231    0.421775  0.00110211
          59    0.418153    0.421713  0.00108501
          60    0.423434    0.421742  0.00106716
          61    0.420566    0.421723  0.00104969
          62    0.430511    0.421864  0.00104231
          63    0.424971    0.421914  0.00102681
          64    0.422968     0.42193  0.00101078
          65    0.424079    0.421963 0.000995654
          66    0.420228    0.421937 0.000980805
          67    0.396347    0.421555  0.00103882
          68    0.416984    0.421488  0.00102563
          69    0.429309    0.421601  0.00101699
          70    0.412561    0.421472  0.00101065
          71    0.421776    0.421476 0.000996319
          72     0.41052    0.421324   0.0009941
          73    0.430768    0.421453 0.000988886
          74    0.410365    0.421304 0.000986873
          75    0.423273     0.42133  0.00097398
          76    0.423378    0.421357 0.000961457
          77    0.418998    0.421326 0.000949382
          78    0.416451    0.421264 0.000939214
          79    0.411015    0.421134  0.00093628
          80    0.420544    0.421127 0.000924532
          81    0.412978    0.421026 0.000918571
          82    0.416437     0.42097 0.000909024
          83    0.422571    0.420989 0.000898212
          84    0.433277    0.421136  0.00089943
          85    0.415509    0.421069 0.000891247
          86    0.414606    0.420994 0.000884023
          87    0.408233    0.420848 0.000886029
          88    0.420904    0.420848 0.000875903
          89     0.42939    0.420944 0.000871308
          90    0.418034    0.420912 0.000862179
          91    0.410074    0.420793  0.00086093
          92    0.417312    0.420755 0.000852361
          93    0.423404    0.420783 0.000843627
          94    0.422376      0.4208 0.000834776
          95    0.418782    0.420779 0.000826215
          96    0.394988     0.42051 0.000860574
          97    0.414993    0.420454 0.000853554
          98    0.417926    0.420428 0.000845193
          99     0.42995    0.420524 0.000842123
         100    0.439966    0.420718  0.00085603
