           1    0.286159    0.286159           0
           2    0.295751    0.290955  0.00479606
           3    0.284128     0.28868   0.0035842
           4    0.299371    0.291352  0.00368333
           5    0.292755    0.291633  0.00286686
           6    0.290974    0.291523  0.00234336
           7     0.29405    0.291884  0.00201311
           8    0.285388    0.291072  0.00192324
           9    0.281621    0.290022  0.00199487
          10    0.297646    0.290784  0.00194033
          11    0.286893    0.290431  0.00179039
          12    0.288851    0.290299  0.00163969
          13    0.291546    0.290395  0.00151134
          14    0.299505    0.291046  0.00154314
          15    0.294674    0.291288   0.0014568
          16    0.301153    0.291904  0.00149571
          17    0.303595    0.292592  0.00156424
          18    0.289202    0.292403  0.00148676
          19    0.300853    0.292848  0.00147497
          20    0.291672    0.292789  0.00140051
          21    0.292918    0.292795  0.00133217
          22     0.29325    0.292816  0.00127034
          23    0.294629    0.292895  0.00121641
          24    0.288677    0.292719  0.00117781
          25    0.296829    0.292884  0.00114162
          26    0.301916    0.293231  0.00115053
          27    0.296168     0.29334  0.00111243
          28    0.281731    0.292925  0.00114935
          29    0.298577     0.29312    0.001126
          30    0.288889    0.292979  0.00109693
          31    0.296505    0.293093  0.00106703
          32    0.293595    0.293109  0.00103327
          33    0.283608    0.292821  0.00104203
          34    0.294836     0.29288  0.00101265
          35    0.287137    0.292716 0.000996889
          36    0.296365    0.292817 0.000974092
          37    0.283249    0.292559  0.00098206
          38    0.290851    0.292514 0.000956922
          39    0.293189    0.292531 0.000932223
          40    0.305751    0.292861 0.000966859
          41    0.292244    0.292846 0.000943102
          42    0.287855    0.292728 0.000928015
          43    0.292363    0.292719 0.000906216
          44    0.291152    0.292683 0.000886097
          45    0.308562    0.293036 0.000935295
          46    0.302271    0.293237 0.000936505
          47    0.290981    0.293189 0.000917619
          48    0.303699    0.293408   0.0009246
          49    0.288417    0.293306 0.000911245
          50    0.303625    0.293513 0.000916374
          51    0.298159    0.293604 0.000902834
          52    0.295806    0.293646 0.000886314
          53    0.293249    0.293639 0.000869462
          54    0.292482    0.293617 0.000853478
          55    0.300757    0.293747 0.000847815
          56    0.287382    0.293633 0.000840259
          57    0.293666    0.293634 0.000825386
          58    0.296634    0.293686 0.000812679
          59    0.282315    0.293493 0.000821704
          60    0.294711    0.293513 0.000808148
          61    0.290373    0.293462 0.000796455
          62    0.299192    0.293554 0.000788936
          63    0.289113    0.293484 0.000779506
          64    0.303557    0.293641 0.000783207
          65    0.285573    0.293517  0.00078099
          66    0.282364    0.293348 0.000787412
          67    0.287695    0.293264 0.000780146
          68     0.29525    0.293293 0.000769143
          69    0.294826    0.293315 0.000758239
          70    0.290415    0.293274 0.000748476
          71    0.291735    0.293252 0.000738177
          72    0.294001    0.293262 0.000727927
          73    0.307192    0.293453 0.000742814
          74    0.291735     0.29343 0.000733075
          75    0.291725    0.293407 0.000723592
          76    0.286712    0.293319 0.000719422
          77    0.304274    0.293461 0.000724132
          78    0.303326    0.293588 0.000725891
          79    0.295767    0.293615 0.000717174
          80    0.286703    0.293529 0.000713405
          81    0.286679    0.293444   0.0007096
          82    0.299931    0.293523 0.000705343
          83    0.297213    0.293568  0.00069821
          84    0.285718    0.293474 0.000696148
          85    0.290301    0.293437 0.000688922
          86    0.285759    0.293348 0.000686693
          87    0.301313    0.293439   0.0006849
          88    0.296672    0.293476 0.000678068
          89    0.294708     0.29349 0.000670549
          90    0.296216     0.29352 0.000663748
          91    0.286977    0.293448  0.00066034
          92    0.294929    0.293464 0.000653321
          93    0.300799    0.293543 0.000651052
          94    0.297374    0.293584 0.000645377
          95    0.281032    0.293452 0.000652075
          96    0.297704    0.293496 0.000646765
          97    0.297356    0.293536 0.000641298
          98    0.294603    0.293547 0.000634814
          99    0.292561    0.293537 0.000628448
         100    0.294495    0.293547 0.000622205
