           1     2.60299     2.60299           0
           2     2.47054     2.53677   0.0662213
           3     2.54087     2.53813   0.0382574
           4     2.33191     2.48658   0.0582211
           5     2.48732     2.48673   0.0450981
           6     2.54122     2.49581    0.037926
           7      2.6015     2.51091   0.0354317
           8     2.42612     2.50031   0.0324637
           9     2.60278      2.5117   0.0308113
          10     2.44449     2.50497   0.0283662
          11       2.626     2.51598   0.0279176
          12     2.58565     2.52178   0.0261383
          13     2.44223     2.51566   0.0248102
          14     2.66404     2.52626   0.0252971
          15     2.50481     2.52483   0.0235937
          16     2.58911     2.52885   0.0224325
          17     2.48406     2.52621   0.0212357
          18     2.42265     2.52046   0.0208316
          19     2.49515     2.51913   0.0197497
          20     2.65945     2.52615   0.0200067
          21     2.53516     2.52657    0.019035
          22     2.45161     2.52317   0.0184663
          23     2.58286     2.52576    0.017835
          24     2.53592     2.52619    0.017081
          25     2.46749     2.52384   0.0165509
          26     2.49595     2.52276   0.0159377
          27     2.50747      2.5222   0.0153465
          28     2.57572     2.52411   0.0149113
          29     2.55723     2.52525   0.0144332
          30     2.47458     2.52356   0.0140457
          31     2.43462     2.52069   0.0138847
          32     2.58782     2.52279   0.0136065
          33     2.51812     2.52265   0.0131885
          34      2.5171     2.52249   0.0127958
          35     2.55918     2.52354    0.012469
          36     2.70141     2.52848   0.0130863
          37     2.54697     2.52898   0.0127375
          38     2.57387     2.53016    0.012454
          39     2.57379     2.53128   0.0121819
          40     2.50254     2.53056   0.0118952
          41     2.48122     2.52935   0.0116637
          42     2.45025     2.52747   0.0115373
          43     2.49329     2.52668   0.0112938
          44     2.49257      2.5259   0.0110614
          45     2.54775     2.52639   0.0108237
          46     2.54674     2.52683    0.010595
          47     2.53615     2.52703    0.010369
          48     2.64131     2.52941   0.0104262
          49     2.55676     2.52997   0.0102264
          50     2.39058     2.52718   0.0104004
          51     2.55894      2.5278   0.0102135
          52     2.57709     2.52875   0.0100599
          53      2.5615     2.52937  0.00988758
          54     2.60088     2.53069  0.00979271
          55     2.55424     2.53112  0.00962254
          56     2.46409     2.52992  0.00952467
          57     2.51957     2.52974  0.00935784
          58     2.48852     2.52903  0.00922251
          59      2.4454     2.52761    0.009175
          60     2.58516     2.52857  0.00907164
          61     2.49075     2.52795   0.0089432
          62     2.54691     2.52826  0.00880309
          63      2.5663     2.52886  0.00868325
          64     2.52012     2.52873  0.00854759
          65     2.59027     2.52967  0.00846816
          66     2.57378     2.53034   0.0083656
          67      2.5546      2.5307  0.00824775
          68     2.32198     2.52763  0.00868596
          69     2.55395     2.52801  0.00856764
          70     2.37627     2.52585  0.00871816
          71     2.53932     2.52604  0.00859659
          72     2.66365     2.52795  0.00868918
          73     2.45368     2.52693   0.0086295
          74     2.67705     2.52896  0.00875049
          75     2.61514     2.53011  0.00870916
          76     2.47759     2.52942  0.00862154
          77     2.57023     2.52995  0.00852533
          78     2.61173       2.531  0.00848039
          79     2.56777     2.53146  0.00838528
          80     2.61271     2.53248  0.00834185
          81     2.48517     2.53189   0.0082589
          82     2.57143     2.53238   0.0081718
          83     2.51554     2.53217  0.00807529
          84     2.49802     2.53177  0.00798893
          85     2.51309     2.53155  0.00789744
          86     2.53644      2.5316  0.00780527
          87     2.62868     2.53272  0.00779531
          88      2.7033     2.53466  0.00794628
          89     2.49058     2.53416  0.00787209
          90     2.49188     2.53369   0.0077983
          91     2.60865     2.53452  0.00775598
          92     2.42507     2.53333  0.00776291
          93     2.55773     2.53359  0.00768347
          94     2.56213     2.53389  0.00760736
          95     2.58062     2.53438  0.00754291
          96       2.531     2.53435  0.00746401
          97     2.48593     2.53385  0.00740351
          98     2.61479     2.53468  0.00737397
          99     2.59654      2.5353  0.00732581
         100     2.56056     2.53555  0.00725658
