           1    -0.58348    -0.58348           0
           2   -0.583664   -0.583572     9.2e-05
           3   -0.582432   -0.583192 0.000383694
           4   -0.581264    -0.58271 0.000553114
           5   -0.580856   -0.582339 0.000566616
           6   -0.584224   -0.582653  0.00055921
           7    -0.58464   -0.582937 0.000551286
           8   -0.583808   -0.583046  0.00048968
           9   -0.584664   -0.583226 0.000467783
          10   -0.581552   -0.583058 0.000450635
          11   -0.583184    -0.58307 0.000407775
          12    -0.58368   -0.583121 0.000375703
          13   -0.582352   -0.583062 0.000350618
          14   -0.585488   -0.583235 0.000367981
          15   -0.582152   -0.583163 0.000350096
          16   -0.582072   -0.583095 0.000334504
          17    -0.58196   -0.583028 0.000321221
          18   -0.579912   -0.582855 0.000348828
          19   -0.586464   -0.583045 0.000380735
          20   -0.584104   -0.583098  0.00036506
          21   -0.583896   -0.583136 0.000349316
          22   -0.583608   -0.583157 0.000333752
          23   -0.583784   -0.583184 0.000320073
          24   -0.583384   -0.583193  0.00030656
          25   -0.580352   -0.583079 0.000315233
          26    -0.57988   -0.582956 0.000326904
          27   -0.582424   -0.582936  0.00031518
          28   -0.585384   -0.583024 0.000316046
          29   -0.582232   -0.582996 0.000306173
          30   -0.581488   -0.582946 0.000300034
          31   -0.580552   -0.582869 0.000300295
          32   -0.584088   -0.582907 0.000293245
          33   -0.582008    -0.58288 0.000285522
          34    -0.58048   -0.582809 0.000285848
          35   -0.585808   -0.582895 0.000290484
          36   -0.584024   -0.582926 0.000284037
          37     -0.5822   -0.582907  0.00027695
          38   -0.582192   -0.582888 0.000270219
          39   -0.581424    -0.58285 0.000265862
          40   -0.579496   -0.582766  0.00027236
          41     -0.5834   -0.582782 0.000266083
          42   -0.583896   -0.582808 0.000261022
          43    -0.58488   -0.582857 0.000259393
          44   -0.583952   -0.582881 0.000254649
          45     -0.5812   -0.582844 0.000251715
          46   -0.583496   -0.582858 0.000246589
          47   -0.580496   -0.582808 0.000246465
          48   -0.585224   -0.582858  0.00024647
          49   -0.584248   -0.582887 0.000243048
          50   -0.582928   -0.582888 0.000238139
          51   -0.581192   -0.582854 0.000235778
          52   -0.581304   -0.582824 0.000233114
          53   -0.583088   -0.582829 0.000228727
          54   -0.578152   -0.582743 0.000240585
          55     -0.5848    -0.58278 0.000239114
          56    -0.58452   -0.582811 0.000236852
          57   -0.584808   -0.582846 0.000235282
          58   -0.581864   -0.582829 0.000231809
          59   -0.580672   -0.582793 0.000230762
          60   -0.583408   -0.582803 0.000227115
          61   -0.581032   -0.582774  0.00022524
          62   -0.583256   -0.582782 0.000221713
          63   -0.583072   -0.582786 0.000218214
          64   -0.582488   -0.582782 0.000214828
          65   -0.583848   -0.582798 0.000212133
          66   -0.582688   -0.582796   0.0002089
          67   -0.583912   -0.582813 0.000206431
          68   -0.579632   -0.582766 0.000208684
          69   -0.585096     -0.5828 0.000208391
          70    -0.58068    -0.58277 0.000207613
          71   -0.583912   -0.582786 0.000205299
          72   -0.581704   -0.582771 0.000202985
          73    -0.58528   -0.582805 0.000203114
          74   -0.582984   -0.582808 0.000200365
          75   -0.582344   -0.582801 0.000197772
          76   -0.583496   -0.582811 0.000195367
          77   -0.584288    -0.58283 0.000193765
          78   -0.585176    -0.58286 0.000193615
          79   -0.581936   -0.582848 0.000191506
          80   -0.582072   -0.582838 0.000189346
          81   -0.585208   -0.582868 0.000189268
          82   -0.582128   -0.582859 0.000187163
          83   -0.583976   -0.582872 0.000185384
          84   -0.580776   -0.582847 0.000184856
          85   -0.580336   -0.582818 0.000185042
          86   -0.585064   -0.582844 0.000184733
          87   -0.582456   -0.582839 0.000182652
          88   -0.583816    -0.58285 0.000180905
          89   -0.584296   -0.582867 0.000179597
          90   -0.582632   -0.582864  0.00017761
          91   -0.584264   -0.582879 0.000176319
          92   -0.581448   -0.582864 0.000175085
          93   -0.580616    -0.58284 0.000174871
          94   -0.582696   -0.582838 0.000173007
          95   -0.581256   -0.582822 0.000171985
          96   -0.579656   -0.582789 0.000173349
          97   -0.582488   -0.582785  0.00017158
          98   -0.584912   -0.582807 0.000171201
          99   -0.584752   -0.582827 0.000170598
         100   -0.584256   -0.582841 0.000169487
