32.4888
31.0855
30.5437
29.9589
29.1113
27.9114
26.6911
25.5984
24.9148
24.0121
23.9536
23.6671
23.5289
23.2909
23.1799
22.8375
22.4048
22.1968
22.1689
21.9869
21.6932
21.509
21.1732
20.8841
20.5936
20.2996
20.2659
20.1498
20.0874
19.9702
19.6796
19.3546
19.242
18.6572
18.1946
18.0626
17.7735
17.6008
17.3392
17.0396
16.9809
16.8041
16.6707
16.4376
16.2509
16.1543
16.0575
15.9364
15.8594
15.848
15.815
15.7826
15.7442
15.727
15.7453
15.7125
15.6389
15.5811
15.5602
15.471
15.3671
15.2612
15.1593
15.0168
14.9248
14.7162
14.5441
14.4686
14.3481
14.2384
14.1755
14.1394
14.0921
14.0485
13.9748
13.8946
13.8379
13.7755
13.7286
13.6121
13.4819
13.3906
13.3146
13.2207
13.1188
13.0167
12.9098
12.8027
12.7628
12.7413
12.7162
12.689
12.6544
12.6453
12.6693
12.5864
12.5058
12.4127
12.3512
12.2951
12.2692
12.2513
12.2507
12.2281
12.165
12.1301
12.0934
12.0623
12.0495
12.0357
12.0368
12.0248
12.0198
12.0115
12.0054
12.002
11.9997
11.9971
11.988
11.9672
11.9089
11.8187
11.7078
11.6316
11.4443
11.4737
11.429
11.2725
11.1697
11.1645
11.1423
11.1438
11.1165
11.1095
11.1096
11.1095
11.1095
11.1095
11.1095
11.1095
11.1053
11.0761
11.0211
10.9364
10.9119
10.8417
10.7968
10.7341
10.7341
10.7299
10.7205
10.6816
10.6175
10.5923
10.5388
10.5062
10.471
10.4695
10.4695
10.4695
10.4695
10.4695
10.4695
10.4695
10.4695
10.4695
10.4695
10.4695
10.4695
10.4695
10.4695
10.4695
10.4695
10.4695
10.4692
10.4689
10.4686
10.4676
10.4636
10.4571
10.4556
10.4465
10.441
10.4352
10.434
10.4327
10.4293
10.4293
10.4297
10.4293
10.4293
10.4293
10.4293
10.4293
10.4293
10.4293
10.4293
10.4293
10.4293
10.4293
10.4293
10.4293
10.4293
10.4293
10.4293
10.4293
10.4293
10.4293
10.4293
10.4293
10.4293
10.4293
10.4293
10.4293
10.4293
10.4293
10.4293
10.4293
10.4293
10.4293
10.4293
10.4293
10.4293
10.4293
10.4293
10.4286
10.4271
10.4232
10.4194
10.408
10.3913
10.3791
10.3708
10.3609
10.3609
10.3609
10.3609
10.3609
10.3609
10.3609
10.3609
10.3609
10.3609
10.3609
10.3609
10.3609
10.3609
10.3609
10.3609
10.3609
10.3609
10.3609
10.3609
10.3609
10.3609
10.3609
10.3609
10.3609
10.3609
10.3609
10.3609
10.3609
10.3609
10.3609
10.3609
10.3609
10.3609
10.3609
10.3609
10.3602
10.3584
10.356
10.3512
10.3439
10.3387
10.3325
10.3297
10.3297
10.3297
10.3297
10.3297
10.3297
10.3297
10.3297
10.3297
10.3297
10.3297
10.3297
10.3297
10.3297
10.3297
10.3297
10.3297
10.3297
10.3297
10.3297
10.3297
10.3297
10.3297
10.3264
10.3231
10.3114
10.2981
10.2631
10.2282
10.1815
10.1799
10.1799
10.1799
10.1799
10.1799
10.1799
10.1799
10.1799
10.1799
10.1799
10.1799
10.1799
10.1799
10.1799
10.1799
10.1799
10.1799
10.1799
10.1799
10.1806
10.1799
10.1799
10.1799
10.1799
10.1799
10.1799
10.1799
10.1799
10.1799
10.1799
10.1799
10.1799
10.1799
10.1799
10.1799
10.1799
10.1799
10.1799
10.1799
10.1799
10.1799
10.1799
10.1799
10.1799
10.1799
10.1799
10.1799
10.1799
10.1799
10.1799
10.1799
10.1799
10.1799
10.1799
10.1799
10.1799
10.1799
10.1799
10.1799
10.1799
10.1799
10.1799
10.1799
10.1799
10.1799
10.1799
10.1799
10.1799
10.1799
10.1799
10.1799
10.1799
10.1799
10.1799
10.1799
10.1799
10.1799
10.1799
10.1799
10.1799
10.1799
10.1799
10.1799
10.1799
10.1799
10.1799
10.1799
10.1799
10.1799
10.1799
10.1799
10.1799
10.1799
10.1799
10.1799
10.1799
10.1799
10.1799
10.1799
10.1799
10.1799
10.1799
10.1799
10.1799
10.1799
10.1799
10.1799
10.1799
10.1799
10.1799
10.1799
10.1799
10.1799
10.1799
10.1799
10.1799
10.1799
10.1799
10.1799
10.1799
10.1799
10.1799
10.1799
10.1799
10.1799
10.1799
10.1799
10.1799
10.1799
10.1799
10.1799
10.1799
10.1856
10.1799
10.1799
10.1799
10.1799
10.1799
10.1799
10.1799
10.1799
10.1799
10.1799
10.1799
10.1799
10.1799
10.1799
10.1799
10.1799
10.1799
10.1799
10.1799
10.1799
10.1799
10.1799
10.1799
10.1799
10.1799
10.1799
10.1799
10.1799
10.1799
10.1799
10.1799
10.1799
10.1799
10.1799
10.1799
10.1799
10.1799
10.1799
10.1799
10.1799
10.1799
10.1799
10.1799
10.1799
10.1799
10.1799
10.1799
10.1799
10.1799
10.1799
10.1799
10.1799
10.1799
10.1799
10.1799
10.1799
10.1799
10.1799
10.1859
10.1799
10.1799
