27.3949
27.301
23.676
23.676
23.2888
22.678
23.384
23.384
23.384
23.384
22.8885
22.861
22.5965
21.6694
21.6694
21.6419
21.6419
21.1637
21.1637
20.8854
20.5932
20.4175
20.0456
20.0456
20.0456
19.9689
19.9689
19.9689
19.9689
16.9277
16.9277
16.9277
16.9277
16.9277
16.7938
16.7938
16.7938
16.7938
16.7938
15.9468
15.9468
15.9468
15.9468
15.9249
15.8371
15.7911
15.7911
15.7911
15.7911
15.6813
15.6813
15.6405
15.5308
15.5234
15.5234
15.3729
15.3729
15.3729
15.3653
14.6776
14.3989
14.3989
14.3989
14.3031
14.1198
14.1198
14.1198
14.1198
14.1198
14.1198
14.1198
13.5975
13.5975
13.5975
13.5975
13.5975
13.5975
13.5975
12.8392
12.8392
12.8392
12.7268
12.7268
12.7268
12.7268
12.7268
12.7268
12.7268
12.6143
12.6143
12.6143
12.4042
12.4042
12.4042
12.2918
12.2918
12.2918
12.2918
12.2295
12.094
12.094
12.0317
12.0317
12.0317
12.0035
12.0035
12.0035
12.0035
12.0035
12.0035
12.0035
12.0035
12.0035
12.0035
12.0035
11.9271
11.9271
11.9271
11.9271
11.5013
11.1822
11.1822
11.1822
11.158
11.1095
11.1095
11.1095
11.1095
11.1095
11.1095
11.1095
11.1095
11.1095
11.1095
11.1095
11.1095
11.1095
11.1095
11.1095
11.1095
10.7341
10.7341
10.7341
10.7341
10.7341
10.7341
10.7341
10.7341
10.7341
10.5366
10.4695
10.4695
10.4695
10.4695
10.4695
10.4695
10.4695
10.4695
10.4695
10.4695
10.4695
10.4695
10.4695
10.4695
10.4695
10.4695
10.4695
10.4695
10.4695
10.4695
10.4695
10.4695
10.4695
10.4695
10.4416
10.4416
10.4416
10.4416
10.4416
10.4293
10.4293
10.4293
10.4293
10.4293
10.4293
10.4293
10.4293
10.4293
10.4293
10.4293
10.4293
10.4293
10.4293
10.4293
10.4293
10.4293
10.4293
10.4293
10.4293
10.4293
10.4293
10.4293
10.4293
10.4293
10.4293
10.4293
10.4293
10.4293
10.4293
10.4293
10.4293
10.4293
10.4293
10.4293
10.4293
10.4293
10.4293
10.4293
10.4293
10.4293
10.4293
10.4293
10.4293
10.4293
10.4293
10.3609
10.3609
10.3609
10.3609
10.3609
10.3609
10.3609
10.3609
10.3609
10.3609
10.3609
10.3609
10.3609
10.3609
10.3609
10.3609
10.3609
10.3609
10.3609
10.3609
10.3609
10.3609
10.3609
10.3609
10.3609
10.3609
10.3609
10.3609
10.3609
10.3609
10.3609
10.3609
10.3609
10.3609
10.3609
10.3609
10.3609
10.3609
10.3609
10.3609
10.3609
10.3609
10.3609
10.3609
10.3297
10.3297
10.3297
10.3297
10.3297
10.3297
10.3297
10.3297
10.3297
10.3297
10.3297
10.3297
10.3297
10.3297
10.3297
10.3297
10.3297
10.3297
10.3297
10.3297
10.3297
10.3297
10.3297
10.3297
10.3297
10.3297
10.3297
10.3297
10.3297
10.3297
10.1799
10.1799
10.1799
10.1799
10.1799
10.1799
10.1799
10.1799
10.1799
10.1799
10.1799
10.1799
10.1799
10.1799
10.1799
10.1799
10.1799
10.1799
10.1799
10.1799
10.1799
10.1799
10.1799
10.1799
10.1799
10.1799
10.1799
10.1799
10.1799
10.1799
10.1799
10.1799
10.1799
10.1799
10.1799
10.1799
10.1799
10.1799
10.1799
10.1799
10.1799
10.1799
10.1799
10.1799
10.1799
10.1799
10.1799
10.1799
10.1799
10.1799
10.1799
10.1799
10.1799
10.1799
10.1799
10.1799
10.1799
10.1799
10.1799
10.1799
10.1799
10.1799
10.1799
10.1799
10.1799
10.1799
10.1799
10.1799
10.1799
10.1799
10.1799
10.1799
10.1799
10.1799
10.1799
10.1799
10.1799
10.1799
10.1799
10.1799
10.1799
10.1799
10.1799
10.1799
10.1799
10.1799
10.1799
10.1799
10.1799
10.1799
10.1799
10.1799
10.1799
10.1799
10.1799
10.1799
10.1799
10.1799
10.1799
10.1799
10.1799
10.1799
10.1799
10.1799
10.1799
10.1799
10.1799
10.1799
10.1799
10.1799
10.1799
10.1799
10.1799
10.1799
10.1799
10.1799
10.1799
10.1799
10.1799
10.1799
10.1799
10.1799
10.1799
10.1799
10.1799
10.1799
10.1799
10.1799
10.1799
10.1799
10.1799
10.1799
10.1799
10.1799
10.1799
10.1799
10.1799
10.1799
10.1799
10.1799
10.1799
10.1799
10.1799
10.1799
10.1799
10.1799
10.1799
10.1799
10.1799
10.1799
10.1799
10.1799
10.1799
10.1799
10.1799
10.1799
10.1799
10.1799
10.1799
10.1799
10.1799
10.1799
10.1799
10.1799
10.1799
10.1799
10.1799
10.1799
10.1799
10.1799
10.1799
10.1799
10.1799
10.1799
10.1799
10.1799
10.1799
10.1799
10.1799
10.1799
10.1799
10.1799
10.1799
10.1799
10.1799
10.1799
10.1799
10.1799
10.1799
10.1799
10.1799
10.1799
10.1799
10.1799
10.1799
10.1799
10.1799
10.1799
10.1799
10.1799
10.1799
