           1     1.34879     1.34879           0
           2     1.39676     1.37277   0.0239835
           3     1.33412     1.35989   0.0189153
           4     1.35759     1.35931   0.0133875
           5     1.41802     1.37106   0.0156648
           6     1.36902     1.37072   0.0127948
           7     1.38892     1.37332   0.0111218
           8     1.37322      1.3733  0.00963174
           9     1.38795     1.37493  0.00864884
          10     1.37377     1.37481  0.00773664
          11     1.43421     1.38021  0.00883923
          12     1.37814     1.38004  0.00807093
          13      1.3755     1.37969   0.0074324
          14     1.46482     1.38577  0.00918294
          15     1.41762      1.3879  0.00880852
          16     1.34831     1.38542  0.00860305
          17     1.37099     1.38457  0.00812564
          18     1.34661     1.38246  0.00794588
          19     1.37703     1.38218  0.00752148
          20     1.39058      1.3826  0.00714785
          21     1.38941     1.38292  0.00680669
          22     1.36055      1.3819   0.0065691
          23     1.44004     1.38443  0.00676672
          24     1.44251     1.38685  0.00691583
          25     1.38006     1.38658    0.006639
          26      1.4164     1.38773  0.00648083
          27     1.41362     1.38869  0.00630947
          28     1.34376     1.38708  0.00628812
          29     1.41046     1.38789  0.00612073
          30      1.3687     1.38725  0.00594769
          31     1.38438     1.38716  0.00575338
          32     1.40642     1.38776  0.00560313
          33     1.43193      1.3891  0.00559325
          34     1.41794     1.38994  0.00549218
          35     1.37561     1.38953  0.00534865
          36     1.40538     1.38997  0.00521655
          37     1.34471     1.38875  0.00521904
          38     1.36629     1.38816  0.00511411
          39     1.40093     1.38849  0.00499201
          40     1.35718     1.38771  0.00492816
          41     1.40034     1.38801  0.00481633
          42     1.35048     1.38712  0.00478446
          43     1.42069      1.3879  0.00473665
          44     1.40771     1.38835   0.0046496
          45     1.38013     1.38817  0.00454877
          46     1.38725     1.38815  0.00444883
          47     1.38884     1.38816  0.00435317
          48     1.36877     1.38776  0.00428063
          49     1.42516     1.38852  0.00426128
          50     1.37102     1.38817  0.00418984
          51     1.37938       1.388  0.00411048
          52     1.39842      1.3882  0.00403563
          53     1.39453     1.38832  0.00396056
          54     1.37574     1.38809  0.00389349
          55     1.43098     1.38887   0.0039008
          56     1.37411      1.3886  0.00383957
          57     1.36817     1.38824   0.0037886
          58     1.38442     1.38818  0.00372329
          59      1.3712     1.38789  0.00367094
          60     1.35905     1.38741  0.00364109
          61     1.38482     1.38737  0.00358116
          62     1.40103     1.38759  0.00352981
          63     1.38375     1.38753  0.00347386
          64     1.36078     1.38711  0.00344459
          65      1.3809     1.38701  0.00339253
          66     1.38563     1.38699  0.00334079
          67      1.3334     1.38619  0.00338637
          68     1.37559     1.38604  0.00333984
          69     1.37122     1.38582  0.00329808
          70      1.4055      1.3861  0.00326275
          71     1.39666     1.38625  0.00321991
          72     1.38523     1.38624   0.0031749
          73     1.41488     1.38663   0.0031556
          74     1.41674     1.38704  0.00313915
          75     1.39025     1.38708  0.00309731
          76      1.4097     1.38738  0.00307074
          77     1.33433     1.38669  0.00310793
          78     1.40758     1.38696   0.0030795
          79     1.37146     1.38676  0.00304659
          80      1.3884     1.38678  0.00300834
          81     1.37076     1.38658  0.00297754
          82     1.41784     1.38696  0.00296561
          83     1.32399     1.38621  0.00302631
          84     1.38844     1.38623  0.00299019
          85     1.45006     1.38698  0.00304872
          86     1.36256      1.3867  0.00302642
          87     1.38446     1.38667  0.00299154
          88     1.36332     1.38641  0.00296923
          89     1.33893     1.38587  0.00298376
          90      1.3911     1.38593    0.002951
          91     1.38069     1.38588  0.00291895
          92     1.34354     1.38541   0.0029235
          93     1.41359     1.38572  0.00290772
          94     1.40391     1.38591  0.00288312
          95     1.40381      1.3861  0.00285883
          96     1.36381     1.38587   0.0028384
          97     1.38172     1.38582  0.00280931
          98     1.38503     1.38582  0.00278051
          99     1.43983     1.38636  0.00280584
         100     1.41157     1.38661  0.00278906
