           1    0.297116    0.297116           0
           2    0.307956    0.302536     0.00542
           3    0.302516    0.302529  0.00312925
           4    0.305728    0.303329  0.00235278
           5    0.303124    0.303288  0.00182291
           6    0.311968    0.304735  0.00207562
           7    0.315976    0.306341  0.00237828
           8    0.301104    0.305686  0.00216116
           9    0.310112    0.306178  0.00196839
          10    0.296148    0.305175  0.00202623
          11    0.305188    0.305176  0.00183279
          12     0.30786      0.3054  0.00168799
          13    0.297596    0.304799  0.00166472
          14    0.304148    0.304753  0.00154193
          15    0.299436    0.304398  0.00147858
          16    0.304988    0.304435  0.00138357
          17    0.289952    0.303583  0.00155399
          18    0.299456    0.303354  0.00148295
          19    0.299296     0.30314   0.0014189
          20     0.30732    0.303349  0.00136221
          21    0.300784    0.303227  0.00130147
          22    0.310988     0.30358  0.00129007
          23    0.296336    0.303265   0.0012723
          24      0.3053     0.30335  0.00122108
          25     0.29874    0.303165  0.00118565
          26    0.294884    0.302847  0.00118283
          27    0.304856    0.302921  0.00114061
          28    0.307568    0.303087  0.00111157
          29    0.308096     0.30326  0.00108638
          30    0.309236    0.303459  0.00106827
          31    0.296924    0.303248  0.00105453
          32    0.307744    0.303389  0.00103066
          33    0.304916    0.303435  0.00100001
          34    0.295088     0.30319  0.00100074
          35    0.305388    0.303252  0.00097375
          36     0.30528    0.303309  0.00094799
          37     0.30838    0.303446 0.000932144
          38    0.303176    0.303439  0.00090731
          39    0.299908    0.303348 0.000888364
          40    0.303296    0.303347 0.000865872
          41    0.308104    0.303463 0.000852422
          42    0.303988    0.303475 0.000831973
          43    0.301772    0.303436 0.000813359
          44    0.303836    0.303445 0.000794711
          45    0.298396    0.303333  0.00078491
          46    0.304164    0.303351  0.00076787
          47    0.305384    0.303394 0.000752599
          48    0.312968    0.303594 0.000763275
          49    0.302524    0.303572 0.000747854
          50    0.309736    0.303695 0.000743044
          51    0.301168    0.303645 0.000730012
          52    0.304344    0.303659 0.000715962
          53    0.303268    0.303651 0.000702362
          54    0.309692    0.303763 0.000698251
          55    0.306784    0.303818 0.000687635
          56    0.308716    0.303906 0.000680884
          57    0.307988    0.303977 0.000672656
          58    0.301076    0.303927 0.000662847
          59    0.302316      0.3039 0.000652088
          60    0.306556    0.303944 0.000642654
          61    0.309636    0.304038 0.000638881
          62    0.311768    0.304162  0.00064074
          63    0.309896    0.304253 0.000637023
          64    0.311788    0.304371 0.000637948
          65    0.302712    0.304345 0.000628575
          66    0.302732    0.304321  0.00061946
          67    0.309468    0.304398 0.000614962
          68    0.306752    0.304432 0.000606839
          69    0.298724     0.30435 0.000603675
          70    0.295504    0.304223  0.00060826
          71    0.303032    0.304207 0.000599867
          72    0.300532    0.304156 0.000593674
          73    0.300316    0.304103 0.000587843
          74    0.308952    0.304168 0.000583536
          75    0.309264    0.304236 0.000579698
          76     0.31046    0.304318 0.000577851
          77     0.31766    0.304492 0.000596038
          78    0.314092    0.304615 0.000601083
          79    0.302776    0.304591 0.000593882
          80      0.3039    0.304583 0.000586475
          81    0.306184    0.304603 0.000579527
          82    0.304656    0.304603 0.000572416
          83    0.301204    0.304562 0.000566958
          84    0.304172    0.304558 0.000560188
          85    0.309908    0.304621 0.000557125
          86    0.303228    0.304604 0.000550847
          87    0.309608    0.304662 0.000547508
          88    0.302516    0.304637 0.000541799
          89    0.305812    0.304651  0.00053584
          90     0.31142    0.304726 0.000535164
          91    0.292028    0.304586 0.000547336
          92     0.30984    0.304643 0.000544358
          93     0.29416    0.304531 0.000550145
          94     0.30196    0.304503 0.000544948
          95    0.300052    0.304457 0.000541213
          96    0.301424    0.304425 0.000536477
          97    0.306104    0.304442 0.000531199
          98    0.309784    0.304497 0.000528569
          99     0.31028    0.304555 0.000526454
         100    0.302876    0.304538 0.000521433
