           1    0.330553    0.330553           0
           2     0.33482    0.332686   0.0021334
           3    0.320552    0.328641  0.00422831
           4    0.330739    0.329166   0.0030355
           5    0.330518    0.329436  0.00236678
           6    0.335843    0.330504  0.00220782
           7    0.334479    0.331072  0.00195043
           8    0.332464    0.331246  0.00169806
           9    0.329006    0.330997  0.00151809
          10    0.329233     0.33082  0.00136923
          11    0.334464    0.331152  0.00128205
          12     0.33519    0.331488  0.00121776
          13    0.323742    0.330892   0.0012688
          14    0.344787    0.331885   0.0015378
          15    0.332709     0.33194  0.00143267
          16    0.334527    0.332101  0.00134986
          17     0.32554    0.331715  0.00132541
          18    0.320045    0.331067   0.0014078
          19    0.328374    0.330925  0.00133916
          20    0.340988    0.331429  0.00136645
          21    0.331268    0.331421  0.00129977
          22    0.326339     0.33119  0.00126063
          23    0.333424    0.331287  0.00120848
          24    0.336569    0.331507  0.00117778
          25    0.325911    0.331283  0.00115165
          26    0.338049    0.331544  0.00113666
          27    0.332826    0.331591  0.00109478
          28    0.328934    0.331496  0.00105922
          29    0.346154    0.332002  0.00114019
          30    0.337956      0.3322  0.00111927
          31    0.318624    0.331762  0.00116778
          32     0.33406    0.331834  0.00113298
          33    0.331229    0.331816  0.00109826
          34    0.329968    0.331761  0.00106685
          35    0.330357    0.331721   0.0010367
          36    0.338152      0.3319  0.00102321
          37    0.331265    0.331883 0.000995316
          38    0.323499    0.331662 0.000993574
          39    0.329519    0.331607 0.000969321
          40    0.326252    0.331473 0.000954216
          41    0.341017    0.331706 0.000959321
          42    0.328998    0.331641 0.000938419
          43    0.336761    0.331761 0.000924037
          44    0.330583    0.331734 0.000903188
          45    0.323732    0.331556  0.00090062
          46    0.326857    0.331454 0.000886726
          47    0.328739    0.331396 0.000869574
          48    0.331785    0.331404 0.000851304
          49    0.336203    0.331502 0.000839483
          50    0.330402     0.33148 0.000822816
          51    0.333739    0.331524 0.000807736
          52    0.337927    0.331647 0.000801563
          53     0.33415    0.331695  0.00078771
          54    0.333317    0.331725 0.000773569
          55    0.334946    0.331783  0.00076163
          56    0.324474    0.331653  0.00075921
          57    0.328592    0.331599 0.000747702
          58    0.331216    0.331592 0.000734728
          59    0.330497    0.331574 0.000722406
          60    0.334366     0.33162 0.000711786
          61    0.323853    0.331493 0.000711507
          62    0.336836    0.331579 0.000705223
          63      0.3329      0.3316 0.000694255
          64    0.324926    0.331496 0.000691234
          65    0.318144    0.331291 0.000710845
          66    0.330731    0.331282 0.000700043
          67    0.324764    0.331185 0.000696344
          68    0.330342    0.331172 0.000686139
          69    0.328146    0.331129 0.000677543
          70    0.325952    0.331055 0.000671876
          71    0.324225    0.330958 0.000669294
          72    0.323954    0.330861 0.000667065
          73    0.340092    0.330988 0.000669907
          74     0.33583    0.331053 0.000664023
          75    0.341878    0.331197 0.000670821
          76    0.332326    0.331212 0.000662102
          77    0.331331    0.331214 0.000653449
          78    0.339417    0.331319 0.000653536
          79    0.337537    0.331398 0.000649993
          80    0.328279    0.331359 0.000642999
          81    0.327934    0.331316 0.000636417
          82    0.337489    0.331392 0.000633099
          83    0.328041    0.331351 0.000626727
          84    0.332026    0.331359 0.000619273
          85    0.339159    0.331451 0.000618785
          86    0.330702    0.331442  0.00061161
          87    0.329037    0.331415 0.000605171
          88    0.333918    0.331443  0.00059893
          89    0.336536      0.3315 0.000594921
          90    0.328856    0.331471 0.000589006
          91     0.32772     0.33143 0.000583954
          92    0.328312    0.331396 0.000578565
          93    0.343112    0.331522 0.000586011
          94    0.335955    0.331569 0.000581658
          95    0.338335     0.33164 0.000579893
          96    0.327407    0.331596 0.000575513
          97    0.336839     0.33165 0.000572107
          98    0.332683    0.331661 0.000566337
          99    0.337073    0.331715 0.000563247
         100    0.331319    0.331711   0.0005576
