           1   -0.582223   -0.582223           0
           2   -0.588695   -0.585459    0.003236
           3   -0.584647   -0.585189  0.00188781
           4   -0.583946   -0.584878  0.00137057
           5   -0.584217   -0.584746  0.00106984
           6   -0.589226   -0.585492  0.00114915
           7   -0.595707   -0.586952  0.00175292
           8   -0.585725   -0.586798   0.0015258
           9   -0.591918   -0.587367  0.00146095
          10    -0.58079   -0.586709  0.00146292
          11   -0.586574   -0.586697  0.00132332
          12   -0.587964   -0.586803  0.00121263
          13   -0.587055   -0.586822  0.00111562
          14   -0.587422   -0.586865  0.00103375
          15   -0.584391     -0.5867 0.000976399
          16   -0.584766   -0.586579 0.000921304
          17    -0.58167    -0.58629 0.000912313
          18   -0.583947    -0.58616 0.000869932
          19   -0.581867   -0.585934 0.000853329
          20   -0.585824   -0.585929 0.000809558
          21   -0.585589   -0.585912 0.000770213
          22   -0.589846   -0.586091 0.000755817
          23   -0.582419   -0.585932 0.000739645
          24   -0.589804   -0.586093 0.000726305
          25   -0.584108   -0.586014 0.000701157
          26   -0.582609   -0.585883  0.00068626
          27   -0.589019   -0.585999 0.000670495
          28   -0.588322   -0.586082 0.000651409
          29   -0.587107   -0.586117 0.000629539
          30   -0.588479   -0.586196 0.000613268
          31   -0.583673   -0.586114 0.000598713
          32   -0.588469   -0.586188 0.000584352
          33   -0.589447   -0.586287 0.000574914
          34   -0.580898   -0.586128 0.000579834
          35   -0.589494   -0.586224 0.000571175
          36   -0.589544   -0.586317 0.000562689
          37   -0.587548    -0.58635 0.000548281
          38   -0.586507   -0.586354 0.000533673
          39   -0.584086   -0.586296 0.000523054
          40   -0.585763   -0.586283 0.000509983
          41   -0.588477   -0.586336  0.00050026
          42   -0.587654   -0.586367 0.000489211
          43   -0.587066   -0.586384 0.000477975
          44   -0.585991   -0.586375 0.000467071
          45   -0.584119   -0.586325 0.000459316
          46   -0.586217   -0.586322 0.000449226
          47   -0.586789   -0.586332 0.000439677
          48   -0.590562    -0.58642 0.000439345
          49   -0.585233   -0.586396 0.000430968
          50   -0.586899   -0.586406  0.00042238
          51    -0.58461   -0.586371 0.000415511
          52   -0.583621   -0.586318 0.000410861
          53   -0.585894    -0.58631 0.000403114
          54   -0.585218    -0.58629 0.000396094
          55   -0.591509   -0.586385 0.000400237
          56   -0.588023   -0.586414 0.000394112
          57   -0.588814   -0.586456 0.000389419
          58   -0.583367   -0.586403 0.000386334
          59   -0.585663    -0.58639 0.000379936
          60   -0.586863   -0.586398 0.000373634
          61   -0.587983   -0.586424 0.000368375
          62    -0.58921   -0.586469 0.000365159
          63   -0.589987   -0.586525  0.00036363
          64   -0.589814   -0.586576 0.000361573
          65   -0.584702   -0.586547 0.000357132
          66   -0.583386     -0.5865 0.000354926
          67    -0.58587    -0.58649 0.000349715
          68   -0.588926   -0.586526 0.000346391
          69   -0.583985   -0.586489 0.000343315
          70   -0.582221   -0.586428 0.000343826
          71   -0.587694   -0.586446 0.000339417
          72   -0.586362   -0.586445 0.000334672
          73   -0.587015   -0.586453 0.000330148
          74   -0.588774   -0.586484 0.000327164
          75   -0.589309   -0.586522 0.000324962
          76   -0.591636   -0.586589 0.000327643
          77   -0.594172   -0.586688 0.000338023
          78   -0.593074   -0.586769 0.000343562
          79   -0.584043   -0.586735 0.000340936
          80     -0.5879   -0.586749 0.000336962
          81   -0.590189   -0.586792 0.000335474
          82   -0.586395   -0.586787 0.000331393
          83   -0.585633   -0.586773 0.000327672
          84    -0.58293   -0.586727 0.000326963
          85   -0.589798   -0.586764 0.000325107
          86   -0.584126   -0.586733 0.000322765
          87   -0.590674   -0.586778 0.000322233
          88   -0.586023    -0.58677 0.000318666
          89    -0.58613   -0.586762 0.000315147
          90   -0.589276    -0.58679 0.000312874
          91   -0.580382    -0.58672  0.00031733
          92   -0.588904   -0.586744 0.000314759
          93   -0.579936    -0.58667 0.000319845
          94   -0.584664   -0.586649 0.000317143
          95   -0.583922    -0.58662 0.000315097
          96   -0.580349   -0.586555 0.000318568
          97   -0.586741   -0.586557 0.000315273
          98   -0.589549   -0.586588 0.000313529
          99    -0.58956   -0.586618 0.000311795
         100   -0.587239   -0.586624 0.000308724
