           1   -0.965824   -0.965824           0
           2   -0.980344   -0.973084     0.00726
           3   -0.977288   -0.974485  0.00441961
           4   -0.971016   -0.973618  0.00324326
           5    -0.97004   -0.972902  0.00261215
           6    -0.96844   -0.972159  0.00225877
           7   -0.967352   -0.971472  0.00202875
           8   -0.975024   -0.971916  0.00181218
           9   -0.978392   -0.972636  0.00175271
          10   -0.971448   -0.972517  0.00157216
          11    -0.97408   -0.972659  0.00142915
          12    -0.97256   -0.972651  0.00130466
          13   -0.971688   -0.972577   0.0012024
          14   -0.965488    -0.97207  0.00122294
          15    -0.97604   -0.972335  0.00116885
          16    -0.97548   -0.972531  0.00111089
          17   -0.971832    -0.97249  0.00104431
          18   -0.979792   -0.972896  0.00106487
          19   -0.977328   -0.973129  0.00103393
          20   -0.980616   -0.973504  0.00104987
          21   -0.978472    -0.97374  0.00102627
          22   -0.977864   -0.973928 0.000996303
          23   -0.979672   -0.974177 0.000984217
          24   -0.969216   -0.973971 0.000964725
          25   -0.971848   -0.973886 0.000929219
          26   -0.972208   -0.973821 0.000895094
          27   -0.977768   -0.973967 0.000873621
          28   -0.963408    -0.97359 0.000922453
          29   -0.973216   -0.973577 0.000890169
          30   -0.985128   -0.973962  0.00094224
          31   -0.976536   -0.974045 0.000915112
          32   -0.981024   -0.974264 0.000912496
          33   -0.983496   -0.974543 0.000927609
          34    -0.97808   -0.974647 0.000905905
          35   -0.962624   -0.974304 0.000944339
          36   -0.970688   -0.974203 0.000923212
          37   -0.978456   -0.974318  0.00090524
          38   -0.972984   -0.974283 0.000881796
          39   -0.971248   -0.974205 0.000862407
          40     -0.9708    -0.97412  0.00084487
          41   -0.975688   -0.974158 0.000824893
          42   -0.974632    -0.97417 0.000805092
          43   -0.974656   -0.974181 0.000786227
          44   -0.972464   -0.974142 0.000769141
          45   -0.978608   -0.974241 0.000758377
          46    -0.96752   -0.974095 0.000755962
          47   -0.978696   -0.974193 0.000746152
          48   -0.977024   -0.974252 0.000732819
          49     -0.9714   -0.974194 0.000720064
          50   -0.963688   -0.973984 0.000736139
          51   -0.974272   -0.973989 0.000721583
          52   -0.975608    -0.97402 0.000708255
          53   -0.975248   -0.974044 0.000695149
          54   -0.973552   -0.974035 0.000682215
          55   -0.974048   -0.974035 0.000669696
          56    -0.96928    -0.97395 0.000663087
          57   -0.973192   -0.973937 0.000651486
          58   -0.972144   -0.973906 0.000640901
          59   -0.975896   -0.973939 0.000630847
          60   -0.971376   -0.973897 0.000621713
          61   -0.970744   -0.973845 0.000613617
          62   -0.965144   -0.973705 0.000619737
          63   -0.971912   -0.973676 0.000610484
          64   -0.977992   -0.973744 0.000604642
          65   -0.972472   -0.973724 0.000595589
          66   -0.974248   -0.973732 0.000586549
          67   -0.979664   -0.973821 0.000584473
          68   -0.975728   -0.973849 0.000576496
          69   -0.983376   -0.973987  0.00058462
          70   -0.972808    -0.97397 0.000576454
          71   -0.975448   -0.973991 0.000568658
          72   -0.969304   -0.973926  0.00056447
          73   -0.976152   -0.973956 0.000557519
          74   -0.975168   -0.973972 0.000550177
          75   -0.981488   -0.974073 0.000551964
          76   -0.971744   -0.974042 0.000545514
          77   -0.971088   -0.974004 0.000539748
          78   -0.969304   -0.973943 0.000536179
          79    -0.97308   -0.973932 0.000529461
          80   -0.972376   -0.973913 0.000523163
          81    -0.98016    -0.97399 0.000522388
          82   -0.975592    -0.97401 0.000516348
          83    -0.96864   -0.973945 0.000514175
          84     -0.9736   -0.973941 0.000508034
          85   -0.975744   -0.973962  0.00050247
          86    -0.98608   -0.974103 0.000516196
          87   -0.977328    -0.97414 0.000511573
          88    -0.97564   -0.974157 0.000506014
          89    -0.97092   -0.974121 0.000501616
          90   -0.969672   -0.974071 0.000498468
          91   -0.976544   -0.974098 0.000493709
          92   -0.971312   -0.974068 0.000489251
          93   -0.981728   -0.974151  0.00049092
          94   -0.965504   -0.974059 0.000494304
          95   -0.979176   -0.974112 0.000492031
          96   -0.981496   -0.974189 0.000492916
          97    -0.97528   -0.974201 0.000487937
          98   -0.964808   -0.974105 0.000492351
          99   -0.981184   -0.974176 0.000492571
         100    -0.97172   -0.974152 0.000488238
