           1    0.383616    0.383616           0
           2    0.262056    0.322836   0.0607799
           3    0.316033    0.320569   0.0351645
           4    0.334386    0.324023   0.0251039
           5    0.348736    0.328965   0.0200637
           6    0.384601    0.338238   0.0188242
           7    0.363974    0.341915   0.0163286
           8     0.32836     0.34022   0.0142421
           9    0.302011    0.335975   0.0132585
          10    0.344989    0.336876    0.011893
          11    0.319263    0.335275   0.0108761
          12    0.356289    0.337026   0.0100817
          13     0.37895    0.340251  0.00981857
          14    0.360312    0.341684  0.00920248
          15    0.302848    0.339095  0.00894972
          16     0.31969    0.337882  0.00845909
          17    0.372129    0.339897  0.00819733
          18    0.279543    0.336544   0.0084245
          19    0.291436     0.33417  0.00831491
          20    0.276212    0.331272  0.00840367
          21    0.290925     0.32935  0.00822113
          22    0.285872    0.327374  0.00808385
          23    0.283818     0.32548  0.00795313
          24    0.360101    0.326923  0.00774998
          25    0.345941    0.327684  0.00747234
          26    0.338065    0.328083  0.00719029
          27    0.272988    0.326042  0.00721349
          28    0.379117    0.327938  0.00720491
          29    0.375179    0.329567  0.00714034
          30    0.212405    0.325661  0.00792702
          31    0.295264    0.324681   0.0077295
          32    0.267438    0.322892  0.00769487
          33     0.23826    0.320327  0.00788668
          34    0.279199    0.319118  0.00774624
          35    0.387999    0.321086  0.00777486
          36    0.338881     0.32158  0.00757196
          37    0.291555    0.320769  0.00740905
          38    0.337483    0.321209  0.00722484
          39    0.369192    0.322439  0.00714389
          40    0.366816    0.323548  0.00705084
          41    0.323769    0.323554  0.00687672
          42    0.311229     0.32326   0.0067174
          43    0.316208    0.323096  0.00656137
          44    0.356002    0.323844  0.00645399
          45    0.289404    0.323079  0.00635519
          46    0.385234     0.32443  0.00636067
          47     0.29054    0.323709   0.0062655
          48    0.296853    0.323149  0.00615904
          49     0.37388    0.324185  0.00612024
          50    0.398688    0.325675  0.00617895
          51     0.32739    0.325708  0.00605667
          52    0.352686    0.326227  0.00596167
          53    0.320348    0.326116  0.00584916
          54    0.358021    0.326707  0.00577015
          55    0.337363    0.326901  0.00566758
          56    0.382904    0.327901  0.00565459
          57    0.328202    0.327906   0.0055545
          58    0.316617    0.327712  0.00546136
          59    0.295319    0.327163    0.005396
          60    0.366309    0.327815  0.00534527
          61    0.351953    0.328211  0.00527179
          62     0.38434    0.329116  0.00526449
          63    0.347429    0.329407   0.0051884
          64     0.30057    0.328956  0.00512653
          65    0.330874    0.328986  0.00504713
          66    0.347239    0.329262  0.00497776
          67    0.278505    0.328505  0.00496108
          68    0.323774    0.328435  0.00488807
          69    0.253977    0.327356  0.00493611
          70    0.361431    0.327843  0.00488938
          71    0.320912    0.327745  0.00482101
          72    0.346719    0.328009  0.00476088
          73    0.319535    0.327893  0.00469664
          74     0.31981    0.327783  0.00463403
          75    0.268613    0.326994  0.00463939
          76    0.365888    0.327506  0.00460646
          77    0.330739    0.327548  0.00454643
          78    0.371039    0.328106  0.00452227
          79    0.335703    0.328202   0.0044657
          80    0.336983    0.328312  0.00441089
          81    0.270203    0.327594  0.00441477
          82    0.319762    0.327499  0.00436164
          83     0.35755    0.327861  0.00432396
          84    0.324736    0.327824  0.00427233
          85    0.327001    0.327814  0.00422178
          86    0.200607    0.326335  0.00442683
          87      0.2899    0.325916  0.00439565
          88    0.297446    0.325592  0.00435744
          89    0.362455    0.326007  0.00432806
          90    0.373482    0.326534  0.00431209
          91    0.293931    0.326176  0.00427947
          92    0.327176    0.326187  0.00423271
          93    0.263467    0.325512  0.00424092
          94    0.389973    0.326198  0.00425123
          95    0.276408    0.325674  0.00423877
          96    0.247552     0.32486  0.00427259
          97    0.314008    0.324748   0.0042298
          98    0.377329    0.325285  0.00422065
          99    0.258408    0.324609  0.00423207
         100    0.357552    0.324939  0.00420246
