           1     70.7928     70.7928           0
           2     85.3195     78.0562     7.26335
           3     82.6032     79.5719     4.45901
           4     75.8599     78.6439     3.28672
           5     75.8682     78.0887      2.6057
           6     74.6129     77.5094     2.20501
           7     72.7644     76.8316     1.98302
           8     79.6197     77.1801     1.75236
           9     82.8419     77.8092     1.66857
          10     77.0731     77.7356     1.49423
          11     76.7242     77.6436      1.3547
          12     77.7092     77.6491     1.23668
          13     76.5639     77.5656     1.14064
          14     69.9481     77.0215     1.18796
          15     81.7524     77.3369     1.15002
          16     80.3856     77.5274     1.09249
          17      76.822     77.4859     1.02705
          18     84.9539     77.9008     1.05345
          19      81.394     78.0847     1.01329
          20     85.1053     78.4357     1.02338
          21     84.1462     78.7076     1.01069
          22     83.0796     78.9064    0.983936
          23     85.2084     79.1804    0.979296
          24     72.6652     78.9089    0.976113
          25     76.7148     78.8211    0.940359
          26     77.8874     78.7852    0.904181
          27     81.4749     78.8848    0.875733
          28     68.7065     78.5213    0.918842
          29     79.0686     78.5402    0.886793
          30     88.6885     78.8785    0.921089
          31     81.0012      78.947    0.893509
          32     86.4046       79.18    0.895977
          33     88.0009     79.4473    0.908609
          34     81.6242     79.5113    0.883802
          35     68.4619     79.1956    0.914405
          36      75.411     79.0905    0.894839
          37      83.013     79.1965    0.876751
          38      77.718     79.1576    0.854253
          39     76.4454     79.0881    0.834962
          40     76.6583     79.0273    0.816084
          41     80.8097     79.0708    0.797117
          42     79.0717     79.0708    0.777907
          43     78.8225      79.065    0.759623
          44     77.9376     79.0394      0.7426
          45     83.8775     79.1469    0.733829
          46     73.6978     79.0285    0.727409
          47     84.1491     79.1374    0.720054
          48     82.2782     79.2029    0.707923
          49     78.7208      79.193    0.693395
          50      68.167     78.9725    0.714279
          51     79.7871     78.9885    0.700316
          52     81.6527     79.0397    0.688625
          53     80.3954     79.0653    0.675991
          54     78.5716     79.0561    0.663417
          55     79.1629     79.0581    0.651246
          56     74.5311     78.9772      0.6446
          57      77.856     78.9576    0.633496
          58     76.5924     78.9168    0.623812
          59     80.4039      78.942    0.613666
          60     76.4271     78.9001    0.604806
          61     74.9713     78.8357    0.598285
          62       68.92     78.6757    0.609899
          63     76.8346     78.6465    0.600851
          64     83.5404      78.723    0.596311
          65     76.0123     78.6813    0.588545
          66     78.0923     78.6724    0.579627
          67     85.0223     78.7671    0.578724
          68     80.8421     78.7977    0.570966
          69     89.1212     78.9473    0.582184
          70     77.6116     78.9282    0.574124
          71     78.8051     78.9265    0.565982
          72     74.5089     78.8651    0.561429
          73     80.7781     78.8913    0.554304
          74      80.795      78.917    0.547367
          75     85.4368      79.004    0.546972
          76     76.4714     78.9706    0.540755
          77     76.6113       78.94    0.534564
          78     75.5213     78.8962    0.529484
          79     77.5821     78.8795    0.523003
          80     78.9188       78.88    0.516424
          81     83.9909     78.9431    0.513897
          82     80.2314     78.9588    0.507835
          83     73.8181     78.8969    0.505488
          84      78.351     78.8904    0.499476
          85     81.2983     78.9187    0.494377
          86     90.3475     79.0516    0.506345
          87     81.4911     79.0797    0.501276
          88     80.3364     79.0939    0.495752
          89     75.3583      79.052    0.491944
          90     75.2683     79.0099    0.488261
          91      80.186     79.0229    0.483039
          92     76.0606     78.9907    0.478843
          93     87.0376     79.0772    0.481504
          94     72.0311     79.0022    0.482216
          95     83.5223     79.0498     0.47948
          96      87.382     79.1366    0.482332
          97     79.5995     79.1414    0.477358
          98     70.7077     79.0553    0.480235
          99     84.4211     79.1095     0.47844
         100     77.3012     79.0914    0.473976
