           1     1.82815     1.82815           0
           2     1.92219     1.87517   0.0470188
           3     1.90893     1.88642   0.0293867
           4     1.86864     1.88198   0.0212496
           5     1.88137     1.88186   0.0164603
           6     1.93866     1.89133   0.0164397
           7     1.92365     1.89594   0.0146412
           8      1.8442     1.88947   0.0142341
           9      1.9572       1.897    0.014636
          10     1.88211     1.89551   0.0131753
          11     1.86986     1.89318   0.0121435
          12     1.83956     1.88871    0.011952
          13       1.812     1.88281   0.0124777
          14     1.91785     1.88531   0.0118201
          15     1.92567       1.888   0.0113281
          16     1.84268     1.88517   0.0109686
          17     1.88663     1.88526   0.0103035
          18     1.88994     1.88552  0.00971776
          19     1.86492     1.88443  0.00925577
          20     1.93536     1.88698  0.00914249
          21     1.87926     1.88661    0.008704
          22     1.92093     1.88817  0.00844426
          23     1.86048     1.88697  0.00815806
          24     1.93119     1.88881  0.00802511
          25     1.92196     1.89014  0.00781078
          26     1.88632     1.88999   0.0075058
          27     1.94572     1.89205   0.0075116
          28     1.92769     1.89333   0.0073494
          29      1.8832     1.89298  0.00710004
          30     1.89995     1.89321  0.00686323
          31     1.91198     1.89381  0.00666571
          32     1.86829     1.89302  0.00650316
          33     1.86479     1.89216  0.00636078
          34     1.90244     1.89246  0.00617827
          35      1.9736     1.89478  0.00643142
          36     1.84037     1.89327  0.00643036
          37     1.97759     1.89555  0.00665642
          38     1.93495     1.89659  0.00656131
          39     1.93584     1.89759  0.00646965
          40     1.92794     1.89835   0.0063513
          41     1.86718     1.89759  0.00624094
          42     1.92615     1.89827  0.00612836
          43     1.93128     1.89904  0.00603316
          44     1.94002     1.89997  0.00596758
          45     1.87158     1.89934  0.00586747
          46     1.93988     1.90022  0.00580578
          47     2.00943     1.90254  0.00613775
          48     1.93736     1.90327  0.00605213
          49     1.82496     1.90167  0.00613897
          50     1.90491     1.90174  0.00601529
          51      1.9112     1.90192  0.00589909
          52     1.90503     1.90198  0.00578484
          53     1.97784     1.90341  0.00585236
          54     1.87851     1.90295  0.00576145
          55     1.92012     1.90326  0.00566434
          56     1.81244     1.90164  0.00579389
          57     1.84565     1.90066  0.00577548
          58     1.99696     1.90232   0.0059129
          59     1.92115     1.90264  0.00582057
          60     1.90269     1.90264  0.00572274
          61     1.89212     1.90247  0.00563079
          62     1.91246     1.90263  0.00554157
          63      1.9528     1.90342  0.00551073
          64     1.85527     1.90267  0.00547588
          65     1.84245     1.90175  0.00547002
          66     2.02959     1.90368  0.00572421
          67     1.95032     1.90438  0.00568094
          68     1.85053     1.90359  0.00565252
          69     1.87025      1.9031  0.00559091
          70     1.82374     1.90197  0.00562589
          71      1.9589     1.90277  0.00560374
          72     1.93356      1.9032  0.00554189
          73     1.91657     1.90338  0.00546851
          74     1.89831     1.90331  0.00539455
          75     1.79457     1.90186   0.0055161
          76     1.90429      1.9019  0.00544313
          77     1.91488     1.90206  0.00537462
          78     1.89247     1.90194  0.00530669
          79     1.80776     1.90075  0.00537302
          80     1.88632     1.90057   0.0053085
          81     1.87943     1.90031  0.00524904
          82     1.95387     1.90096  0.00522562
          83     1.89006     1.90083  0.00516395
          84     1.82576     1.89994  0.00517977
          85     1.91812     1.90015  0.00512294
          86     1.96776     1.90094  0.00512368
          87     1.91941     1.90115  0.00506889
          88     1.88025     1.90091  0.00501659
          89     1.90439     1.90095  0.00496006
          90     1.82721     1.90013  0.00497259
          91     1.91092     1.90025  0.00491907
          92     1.85551     1.89976  0.00488956
          93     1.88095     1.89956  0.00484092
          94     1.97827      1.9004   0.0048618
          95     1.90172     1.90041  0.00481037
          96     1.85316     1.89992  0.00478538
          97     1.84778     1.89938   0.0047662
          98     1.88001     1.89919  0.00472146
          99     1.93512     1.89955   0.0046876
         100     1.89918     1.89954  0.00464049
