           1    0.242572    0.242572           0
           2    0.250208     0.24639    0.003818
           3    0.245969     0.24625  0.00220878
           4    0.246357    0.246276  0.00156207
           5    0.250476    0.247116  0.00147296
           6    0.247865    0.247241  0.00120913
           7    0.245568    0.247002  0.00104948
           8    0.244818    0.246729 0.000948984
           9    0.247965    0.246867 0.000848117
          10    0.253123    0.247492 0.000983296
          11    0.248964    0.247626 0.000899432
          12    0.248052    0.247662 0.000821833
          13    0.239898    0.247064 0.000963426
          14    0.244744    0.246899 0.000907226
          15    0.254677    0.247417 0.000991074
          16    0.248909     0.24751 0.000931739
          17    0.249539     0.24763 0.000883318
          18    0.241123    0.247268 0.000907865
          19    0.250549    0.247441 0.000875941
          20    0.245669    0.247352 0.000835699
          21    0.247507     0.24736 0.000794942
          22    0.247416    0.247362 0.000757952
          23    0.253963    0.247649 0.000779031
          24    0.252795    0.247864 0.000776074
          25    0.247765     0.24786 0.000744395
          26    0.252495    0.248038 0.000737075
          27    0.252477    0.248202 0.000728054
          28    0.251562    0.248322 0.000711756
          29     0.25831    0.248667 0.000768292
          30    0.252164    0.248783 0.000751341
          31    0.245347    0.248672 0.000735105
          32    0.246285    0.248598 0.000715661
          33    0.245506    0.248504 0.000699934
          34    0.247775    0.248483 0.000679374
          35    0.240906    0.248266 0.000694289
          36    0.251855    0.248366 0.000682052
          37    0.252916    0.248489 0.000674665
          38    0.247736    0.248469 0.000656969
          39    0.247919    0.248455 0.000640058
          40    0.251741    0.248537 0.000629235
          41    0.246801    0.248495 0.000615155
          42    0.244765    0.248406 0.000606864
          43    0.252442      0.2485  0.00059997
          44     0.24665    0.248458 0.000587681
          45    0.247165    0.248429 0.000575191
          46      0.2544    0.248559 0.000577326
          47    0.247479    0.248536 0.000565377
          48    0.257854     0.24873 0.000586533
          49    0.247069    0.248696 0.000575437
          50    0.251695    0.248756 0.000566992
          51    0.257034    0.248918 0.000578981
          52    0.262318    0.249176 0.000623478
          53    0.249393     0.24918 0.000611615
          54    0.246362    0.249128 0.000602447
          55    0.258479    0.249298 0.000615348
          56    0.249604    0.249303 0.000604284
          57    0.245137     0.24923 0.000598073
          58    0.250136    0.249246 0.000587878
          59     0.24595     0.24919 0.000580522
          60    0.244603    0.249114 0.000575861
          61    0.244334    0.249035 0.000571737
          62    0.250361    0.249057 0.000562846
          63    0.252611    0.249113 0.000556705
          64    0.248938     0.24911 0.000547944
          65    0.241116    0.248987 0.000553292
          66    0.246904    0.248956 0.000545758
          67    0.252855    0.249014 0.000540692
          68    0.253646    0.249082 0.000537019
          69     0.25168     0.24912 0.000530516
          70    0.248287    0.249108 0.000523018
          71    0.245282    0.249054 0.000518407
          72    0.250879    0.249079 0.000511784
          73    0.253344    0.249138 0.000508095
          74    0.249241    0.249139 0.000501184
          75    0.249181     0.24914 0.000494457
          76    0.242848    0.249057  0.00049488
          77    0.248881    0.249055 0.000488417
          78    0.248465    0.249047 0.000482173
          79    0.254525    0.249116 0.000481055
          80    0.244515    0.249059 0.000478473
          81    0.244578    0.249004 0.000475756
          82    0.249692    0.249012 0.000469993
          83    0.247084    0.248989 0.000464877
          84    0.247868    0.248975 0.000459503
          85    0.242261    0.248896 0.000460885
          86    0.248965    0.248897 0.000455495
          87     0.25075    0.248919 0.000450733
          88    0.257329    0.249014 0.000455717
          89    0.257421    0.249109 0.000460363
          90    0.246942    0.249085 0.000455855
          91    0.246108    0.249052 0.000452003
          92    0.250656    0.249069 0.000447403
          93    0.254462    0.249127 0.000446349
          94    0.257629    0.249218 0.000450743
          95    0.244887    0.249172 0.000448297
          96      0.2516    0.249197 0.000444323
          97    0.251506    0.249221 0.000440362
          98    0.244775    0.249176   0.0004382
          99    0.250145    0.249186 0.000433862
         100    0.244808    0.249142 0.000431727
