           1    -0.52868    -0.52868           0
           2   -0.530248   -0.529464    0.000784
           3   -0.527328   -0.528752   0.0008437
           4   -0.526088   -0.528086 0.000894131
           5   -0.527104    -0.52789   0.0007199
           6   -0.529488   -0.528156 0.000645347
           7   -0.529704   -0.528377 0.000588544
           8   -0.528384   -0.528378 0.000509695
           9   -0.529144   -0.528463 0.000457495
          10   -0.526136    -0.52823  0.00047074
          11    -0.52704   -0.528122 0.000439337
          12   -0.527664   -0.528084 0.000402872
          13   -0.529304   -0.528178 0.000382286
          14   -0.531216   -0.528395 0.000415161
          15   -0.529208   -0.528449 0.000390277
          16   -0.527264   -0.528375 0.000372509
          17   -0.523344   -0.528079 0.000458278
          18   -0.525632   -0.527943 0.000452952
          19   -0.529408    -0.52802 0.000435331
          20   -0.526928   -0.527966 0.000416586
          21   -0.527592   -0.527948 0.000396652
          22   -0.527472   -0.527926 0.000378811
          23    -0.52604   -0.527844  0.00037114
          24   -0.530656   -0.527961 0.000374155
          25    -0.52504   -0.527844 0.000377422
          26   -0.525032   -0.527736 0.000378406
          27   -0.528624   -0.527769 0.000365603
          28   -0.530208   -0.527856 0.000362911
          29   -0.526216     -0.5278 0.000354712
          30   -0.527896   -0.527803 0.000342699
          31   -0.529768   -0.527866 0.000337467
          32   -0.528592   -0.527889 0.000327537
          33   -0.531832   -0.528008 0.000339198
          34   -0.526872   -0.527975 0.000330764
          35   -0.529232   -0.528011 0.000323176
          36   -0.529744   -0.528059 0.000317739
          37   -0.530104   -0.528114 0.000313935
          38   -0.530256   -0.528171 0.000310716
          39   -0.529392   -0.528202  0.00030426
          40   -0.529656   -0.528238 0.000298775
          41   -0.530576   -0.528295 0.000296922
          42   -0.530664   -0.528352 0.000295203
          43   -0.530224   -0.528395 0.000291526
          44   -0.529136   -0.528412  0.00028532
          45   -0.528424   -0.528412 0.000278908
          46   -0.527696   -0.528397 0.000273221
          47   -0.528488   -0.528399 0.000267352
          48   -0.526952   -0.528369 0.000263453
          49   -0.527224   -0.528345 0.000259076
          50   -0.528032   -0.528339 0.000253918
          51    -0.52316   -0.528237 0.000268809
          52    -0.52652   -0.528204 0.000265651
          53   -0.528456   -0.528209 0.000260633
          54   -0.524488    -0.52814 0.000264882
          55   -0.527248   -0.528124 0.000260527
          56   -0.528184   -0.528125 0.000255835
          57   -0.530616   -0.528169 0.000255078
          58   -0.528488   -0.528174 0.000250702
          59   -0.527488   -0.528163  0.00024669
          60   -0.528208   -0.528163 0.000242545
          61   -0.527136   -0.528147  0.00023913
          62   -0.530032   -0.528177 0.000237198
          63   -0.531088   -0.528223 0.000237933
          64   -0.529184   -0.528238 0.000234666
          65   -0.528808   -0.528247 0.000231194
          66   -0.529584   -0.528267 0.000228563
          67     -0.5278    -0.52826 0.000225234
          68     -0.5254   -0.528218 0.000225849
          69   -0.527384   -0.528206  0.00022288
          70   -0.527696   -0.528199 0.000219794
          71   -0.531784   -0.528249 0.000222482
          72   -0.525904   -0.528217 0.000221775
          73   -0.530608    -0.52825 0.000221155
          74   -0.528056   -0.528247 0.000218162
          75   -0.527192   -0.528233 0.000215693
          76   -0.530112   -0.528258 0.000214267
          77   -0.528272   -0.528258 0.000211466
          78    -0.53144   -0.528299 0.000212687
          79   -0.527968   -0.528294 0.000210019
          80   -0.527968    -0.52829 0.000207418
          81   -0.533376   -0.528353 0.000214247
          82   -0.530544    -0.52838 0.000213298
          83   -0.527888   -0.528374 0.000210796
          84   -0.526992   -0.528357  0.00020892
          85   -0.528112   -0.528355 0.000206468
          86   -0.528288   -0.528354 0.000204055
          87   -0.528768   -0.528359 0.000201752
          88   -0.526496   -0.528337 0.000200566
          89   -0.528528    -0.52834 0.000198311
          90   -0.526744   -0.528322 0.000196895
          91   -0.526944   -0.528307 0.000195307
          92   -0.527656     -0.5283 0.000193302
          93    -0.52664   -0.528282 0.000192043
          94   -0.528536   -0.528284 0.000190008
          95   -0.529352   -0.528296 0.000188333
          96   -0.526008   -0.528272 0.000187878
          97   -0.529496   -0.528284 0.000186359
          98   -0.529856     -0.5283 0.000185143
          99   -0.528032   -0.528298 0.000183284
         100   -0.531888   -0.528334  0.00018496
