           1    0.363978    0.363978           0
           2     0.30006    0.332019   0.0319593
           3    0.301156    0.321731   0.0211258
           4    0.397328     0.34063     0.02409
           5    0.326113    0.337727   0.0188846
           6    0.567242    0.375979   0.0412432
           7    0.232315    0.355456   0.0404502
           8    0.269317    0.344688   0.0366483
           9    0.391631    0.349904   0.0327389
          10    0.277783    0.342692   0.0301577
          11    0.270254    0.336107   0.0280622
          12    0.342629     0.33665    0.025623
          13    0.225147    0.328073   0.0250819
          14    0.258089    0.323074   0.0237532
          15    0.303664     0.32178   0.0221509
          16     0.31983    0.321658   0.0207206
          17    0.316808    0.321373   0.0194657
          18    0.249352    0.317372   0.0187836
          19    0.280131    0.315412   0.0178753
          20    0.318117    0.315547   0.0169585
          21     0.27967    0.313839    0.016221
          22    0.346074    0.315304   0.0155353
          23    0.451479    0.321225   0.0159817
          24    0.340943    0.322046   0.0153233
          25    0.292353    0.320858   0.0147455
          26      0.3458    0.321818   0.0141995
          27    0.282085    0.320346   0.0137425
          28    0.234622    0.317285   0.0135919
          29    0.352397    0.318495   0.0131706
          30    0.362628    0.319966   0.0128088
          31    0.256801    0.317929   0.0125552
          32    0.342746    0.318704   0.0121812
          33    0.277985     0.31747   0.0118706
          34    0.264326    0.315907   0.0116218
          35    0.285996    0.315053   0.0113171
          36    0.310079    0.314915   0.0109992
          37    0.291801     0.31429    0.010716
          38    0.246239    0.312499   0.0105828
          39    0.299527    0.312167   0.0103132
          40    0.295332    0.311746   0.0100609
          41    0.293824    0.311309  0.00982217
          42    0.321331    0.311547  0.00958843
          43    0.250162     0.31012  0.00947099
          44    0.346882    0.310955  0.00929088
          45    0.388621    0.312681  0.00924461
          46    0.270997    0.311775   0.0090867
          47     0.29273     0.31137   0.0089005
          48    0.226716    0.309606  0.00888979
          49    0.273847    0.308876  0.00873701
          50    0.397686    0.310652  0.00874281
          51    0.281071    0.310072  0.00858928
          52    0.265796    0.309221  0.00846541
          53    0.321533    0.309453   0.0083074
          54    0.276312     0.30884  0.00817517
          55     0.24142    0.307614  0.00811824
          56     0.25612    0.306694  0.00802481
          57    0.293528    0.306463  0.00788615
          58    0.236257    0.305253  0.00784296
          59    0.341798    0.305872  0.00773372
          60    0.265854    0.305205  0.00763293
          61    0.311786    0.305313  0.00750753
          62    0.393164     0.30673  0.00752015
          63    0.291366    0.306486  0.00740384
          64    0.311491    0.306564  0.00728766
          65    0.265441    0.305932   0.0072025
          66    0.304281    0.305907  0.00709258
          67    0.265015    0.305296  0.00701253
          68    0.290393    0.305077  0.00691211
          69    0.269761    0.304565   0.0068304
          70    0.267962    0.304043  0.00675239
          71     0.31356    0.304177  0.00665796
          72    0.275189    0.303774  0.00657717
          73     0.34085    0.304282   0.0065063
          74    0.329518    0.304623  0.00642683
          75     0.29582    0.304505  0.00634164
          76     0.34787    0.305076   0.0062836
          77     0.34061    0.305538  0.00621861
          78    0.304183     0.30552  0.00613839
          79    0.372764    0.306371  0.00611968
          80    0.269002    0.305904  0.00606072
          81    0.298691    0.305815   0.0059861
          82    0.200689    0.304533  0.00605004
          83    0.314742    0.304656  0.00597797
          84    0.306432    0.304677  0.00590641
          85    0.291366    0.304521  0.00583861
          86    0.309718    0.304581  0.00577063
          87    0.338752    0.304974  0.00571743
          88    0.316007    0.305099  0.00565347
          89    0.289824    0.304928  0.00559222
          90    0.332533    0.305234  0.00553824
          91    0.446413    0.306786  0.00569253
          92    0.387795    0.307666  0.00569875
          93    0.254941    0.307099  0.00566558
          94    0.320864    0.307246  0.00560689
          95    0.282255    0.306983  0.00555379
          96    0.277806    0.306679  0.00550403
          97    0.281066    0.306415  0.00545339
          98    0.384797    0.307215   0.0054564
          99    0.269392    0.306833   0.0054145
         100    0.308206    0.306846   0.0053601
