           1    0.963348    0.963348           0
           2    0.968948    0.966148      0.0028
           3    0.968444    0.966913  0.00178859
           4    0.963112    0.965963  0.00158198
           5     0.96574    0.965918  0.00122621
           6    0.964216    0.965635  0.00104062
           7    0.972136    0.966563   0.0012791
           8    0.970304    0.967031  0.00120237
           9     0.96314    0.966599  0.00114514
          10    0.967948    0.966734  0.00103309
          11    0.970588    0.967084 0.000998003
          12    0.966888    0.967068 0.000911194
          13     0.97302    0.967526 0.000955085
          14    0.971272    0.967793 0.000923843
          15    0.968676    0.967852 0.000862063
          16    0.966052    0.967739 0.000814196
          17    0.967192    0.967707 0.000765482
          18    0.971116    0.967897 0.000746135
          19    0.968492    0.967928 0.000706468
          20    0.967172     0.96789  0.00067128
          21    0.969156     0.96795 0.000641353
          22    0.966604    0.967889 0.000614561
          23    0.963812    0.967712 0.000613408
          24    0.968076    0.967727 0.000587489
          25    0.970468    0.967837 0.000574066
          26    0.964276      0.9677 0.000568293
          27    0.972136    0.967864  0.00057099
          28    0.971684    0.968001  0.00056688
          29    0.965696    0.967921 0.000552726
          30    0.963744    0.967782 0.000551839
          31    0.972924    0.967948 0.000558922
          32     0.96494    0.967854 0.000549276
          33     0.97026    0.967927 0.000537341
          34    0.970472    0.968002 0.000526645
          35    0.969388    0.968041 0.000512909
          36     0.96812    0.968043 0.000498463
          37    0.968056    0.968044 0.000484804
          38    0.970904    0.968119 0.000477839
          39    0.970832    0.968189 0.000470596
          40    0.967084    0.968161  0.00045951
          41    0.968944     0.96818  0.00044857
          42     0.96872    0.968193 0.000437948
          43    0.971848    0.968278 0.000436008
          44    0.965088    0.968205 0.000432109
          45    0.964432    0.968122  0.00043064
          46    0.970284    0.968169 0.000423789
          47    0.968528    0.968176 0.000414745
          48    0.972852    0.968274 0.000417535
          49    0.972256    0.968355 0.000416924
          50    0.964288    0.968274 0.000416519
          51     0.96876    0.968283 0.000408382
          52     0.97042    0.968324 0.000402554
          53    0.968784    0.968333 0.000394981
          54    0.971312    0.968388 0.000391504
          55    0.972072    0.968455 0.000390113
          56    0.969276     0.96847 0.000383364
          57     0.96834    0.968467 0.000376585
          58    0.974416     0.96857 0.000383986
          59    0.964568    0.968502 0.000383469
          60    0.971108    0.968546 0.000379517
          61    0.967452    0.968528 0.000373673
          62    0.962708    0.968434 0.000379392
          63     0.97048    0.968466 0.000374731
          64     0.96748    0.968451 0.000369152
          65    0.972152    0.968508 0.000367862
          66    0.968204    0.968503 0.000362274
          67     0.97164     0.96855 0.000359885
          68    0.969572    0.968565 0.000354871
          69    0.970932    0.968599 0.000351369
          70    0.970052     0.96862 0.000346934
          71    0.968136    0.968613 0.000342081
          72    0.970292    0.968637 0.000338101
          73    0.969036    0.968642 0.000333482
          74    0.968888    0.968645 0.000328962
          75    0.968484    0.968643 0.000324553
          76    0.965428    0.968601 0.000323036
          77    0.967176    0.968582  0.00031935
          78    0.969216    0.968591 0.000315334
          79     0.96624    0.968561 0.000312735
          80      0.9713    0.968595 0.000310694
          81    0.968688    0.968596 0.000306836
          82    0.974856    0.968672 0.000312538
          83     0.96674    0.968649 0.000309626
          84    0.967568    0.968636 0.000306189
          85    0.968404    0.968634 0.000302577
          86     0.96838    0.968631 0.000299053
          87    0.965892    0.968599 0.000297267
          88    0.968336    0.968596 0.000293885
          89    0.970016    0.968612 0.000291001
          90    0.967332    0.968598 0.000288101
          91    0.962108    0.968527 0.000293708
          92      0.9646    0.968484 0.000293616
          93    0.969776    0.968498 0.000290774
          94    0.965352    0.968464 0.000289604
          95    0.968896    0.968469 0.000286576
          96    0.968576     0.96847 0.000283577
          97    0.969692    0.968483 0.000280921
          98    0.963232    0.968429 0.000283155
          99    0.968584    0.968431 0.000280284
         100    0.967152    0.968418 0.000277762
