           1    0.312427    0.312427           0
           2    0.282217    0.297322   0.0151049
           3    0.274074    0.289573   0.0116664
           4    0.294326    0.290761  0.00833455
           5    0.308118    0.294232  0.00733001
           6    0.308505    0.296611  0.00644031
           7    0.264315    0.291997  0.00713534
           8    0.271529    0.289439  0.00668812
           9     0.30485    0.291151  0.00614189
          10    0.283508    0.290387   0.0055464
          11    0.271119    0.288635   0.0053139
          12    0.278829    0.287818  0.00491925
          13    0.252521    0.285103  0.00527714
          14    0.272059    0.284171  0.00497373
          15    0.267787    0.283079  0.00475738
          16    0.296126    0.283894  0.00452422
          17    0.288881    0.284188  0.00425987
          18    0.253612    0.282489   0.0043607
          19    0.277086    0.282205   0.0041346
          20    0.289742    0.282582  0.00394049
          21    0.279166    0.282419  0.00375168
          22     0.29064    0.282793  0.00359655
          23     0.32268    0.284527  0.00384941
          24    0.299142    0.285136   0.0037355
          25    0.269862    0.284525  0.00363468
          26    0.299118    0.285086   0.0035369
          27     0.26561    0.284365  0.00347899
          28    0.257247    0.283396  0.00348954
          29    0.292061    0.283695  0.00338029
          30    0.303231    0.284346  0.00332996
          31    0.254014    0.283368   0.0033661
          32     0.30466    0.284033  0.00332644
          33    0.274861    0.283755  0.00323602
          34    0.264801    0.283198  0.00318852
          35    0.271215    0.282855  0.00311495
          36    0.285714    0.282935  0.00302823
          37    0.273821    0.282688  0.00295553
          38    0.259073    0.282067  0.00294306
          39    0.262509    0.281565  0.00291014
          40    0.290599    0.281791  0.00284543
          41       0.276     0.28165  0.00277876
          42    0.263322    0.281214  0.00274667
          43    0.257978    0.280673  0.00273593
          44    0.316407    0.281485  0.00279368
          45    0.315306    0.282237  0.00283242
          46     0.26713    0.281909  0.00278956
          47     0.28216    0.281914  0.00272957
          48     0.25463    0.281345  0.00273189
          49     0.25111    0.280728  0.00274579
          50    0.303309     0.28118  0.00272795
          51    0.275425    0.281067  0.00267631
          52     0.27029     0.28086  0.00263251
          53    0.268311    0.280623  0.00259319
          54    0.254941    0.280148  0.00258878
          55    0.264801    0.279869  0.00255655
          56      0.2826    0.279917  0.00251095
          57    0.280093     0.27992  0.00246651
          58    0.239529    0.279224  0.00252168
          59     0.30307    0.279628  0.00251131
          60    0.258409    0.279275   0.0024943
          61    0.291573    0.279476  0.00246134
          62    0.313955    0.280032  0.00248435
          63    0.270645    0.279883  0.00244914
          64    0.286453    0.279986  0.00241275
          65    0.251697    0.279551  0.00241488
          66    0.289767    0.279705  0.00238304
          67    0.251751    0.279288    0.002384
          68    0.282503    0.279336  0.00234916
          69    0.262409     0.27909  0.00232782
          70    0.267183     0.27892  0.00230062
          71    0.296603    0.279169  0.00228162
          72    0.270796    0.279053  0.00225271
          73    0.279449    0.279058  0.00222165
          74    0.291607    0.279228  0.00219797
          75    0.266749    0.279061  0.00217484
          76    0.306515    0.279423  0.00217622
          77     0.30036    0.279695  0.00216492
          78    0.279091    0.279687    0.002137
          79    0.292593     0.27985  0.00211609
          80    0.269687    0.279723  0.00209333
          81    0.277246    0.279693  0.00206755
          82    0.240715    0.279217  0.00209677
          83    0.284694    0.279283   0.0020724
          84    0.291403    0.279428  0.00205266
          85    0.286112    0.279506  0.00202989
          86    0.295965    0.279698  0.00201526
          87    0.289896    0.279815  0.00199541
          88    0.289252    0.279922  0.00197551
          89    0.279101    0.279913  0.00195321
          90    0.296089    0.280093  0.00193973
          91    0.320254    0.280534  0.00196841
          92    0.317388    0.280934  0.00198768
          93    0.269187    0.280808  0.00197025
          94     0.29459    0.280955  0.00195468
          95    0.279686    0.280941  0.00193404
          96    0.275498    0.280885  0.00191463
          97    0.274417    0.280818  0.00189596
          98    0.331924     0.28134  0.00194763
          99    0.273296    0.281258  0.00192956
         100    0.301716    0.281463   0.0019211
