           1     -1.1637     -1.1637           0
           2    -1.16777    -1.16574    0.002036
           3    -1.16714    -1.16621  0.00126562
           4      -1.165     -1.1659 0.000944531
           5    -1.16407    -1.16554 0.000818662
           6    -1.16705    -1.16579 0.000714472
           7    -1.16897    -1.16624 0.000755781
           8    -1.16844    -1.16652 0.000709983
           9    -1.16446    -1.16629  0.00066664
          10    -1.16624    -1.16629 0.000596284
          11    -1.16813    -1.16645 0.000564931
          12    -1.16728    -1.16652 0.000520309
          13    -1.16998    -1.16679 0.000547558
          14    -1.16891    -1.16694 0.000529119
          15    -1.16771    -1.16699 0.000495261
          16    -1.16547     -1.1669 0.000472874
          17    -1.16633    -1.16686 0.000445416
          18    -1.16895    -1.16698 0.000435667
          19    -1.16685    -1.16697 0.000412156
          20    -1.16663    -1.16696 0.000391371
          21    -1.16714    -1.16696 0.000372375
          22    -1.16622    -1.16693 0.000356634
          23    -1.16449    -1.16682 0.000356914
          24    -1.16734    -1.16685  0.00034238
          25    -1.16931    -1.16694 0.000342865
          26    -1.16429    -1.16684 0.000344906
          27    -1.17068    -1.16698  0.00036097
          28    -1.16889    -1.16705 0.000354427
          29    -1.16612    -1.16702 0.000343511
          30    -1.16446    -1.16693 0.000342652
          31    -1.17067    -1.16706 0.000352669
          32    -1.16482    -1.16699 0.000348542
          33    -1.16831    -1.16703 0.000340184
          34    -1.16873    -1.16708 0.000333832
          35    -1.16804     -1.1671 0.000325317
          36    -1.16724    -1.16711 0.000316174
          37     -1.1672    -1.16711 0.000307521
          38    -1.16888    -1.16716 0.000302942
          39    -1.16979    -1.16722 0.000302702
          40    -1.16541    -1.16718 0.000298507
          41    -1.16735    -1.16718 0.000291165
          42    -1.16824    -1.16721 0.000285261
          43    -1.16983    -1.16727 0.000285163
          44    -1.16438     -1.1672 0.000286251
          45    -1.16469    -1.16715 0.000285352
          46    -1.16843    -1.16718 0.000280476
          47    -1.16726    -1.16718 0.000274449
          48    -1.16967    -1.16723  0.00027363
          49    -1.17067     -1.1673 0.000277022
          50    -1.16502    -1.16725 0.000275234
          51    -1.16726    -1.16725 0.000269783
          52    -1.16856    -1.16728 0.000265727
          53    -1.16888    -1.16731 0.000262421
          54    -1.16981    -1.16736 0.000261661
          55    -1.16939    -1.16739 0.000259511
          56    -1.16665    -1.16738 0.000255182
          57    -1.16724    -1.16738 0.000250678
          58    -1.17237    -1.16746 0.000260937
          59    -1.16479    -1.16742 0.000260435
          60    -1.16939    -1.16745 0.000258159
          61     -1.1666    -1.16744 0.000254272
          62    -1.16402    -1.16738 0.000256129
          63    -1.16887     -1.1674 0.000253139
          64    -1.16621    -1.16739 0.000249853
          65    -1.17026    -1.16743 0.000249928
          66    -1.16694    -1.16742 0.000246225
          67    -1.16996    -1.16746 0.000245461
          68    -1.16779    -1.16747 0.000241871
          69     -1.1691    -1.16749 0.000239512
          70    -1.16847     -1.1675 0.000236478
          71    -1.16676    -1.16749 0.000233361
          72    -1.16867    -1.16751 0.000230682
          73    -1.16805    -1.16752 0.000227619
          74    -1.16777    -1.16752 0.000224548
          75     -1.1677    -1.16752 0.000221548
          76    -1.16488    -1.16749 0.000221366
          77    -1.16652    -1.16748 0.000218831
          78    -1.16762    -1.16748 0.000216015
          79     -1.1667    -1.16747 0.000213492
          80     -1.1694    -1.16749 0.000212192
          81    -1.16765    -1.16749 0.000209565
          82    -1.17132    -1.16754 0.000212198
          83     -1.1664    -1.16753 0.000210078
          84    -1.16551     -1.1675 0.000208941
          85    -1.16668    -1.16749 0.000206694
          86    -1.16708    -1.16749 0.000204334
          87    -1.16609    -1.16747 0.000202609
          88    -1.16708    -1.16747 0.000200344
          89     -1.1683    -1.16748 0.000198301
          90    -1.16632    -1.16746 0.000196504
          91    -1.16389    -1.16742 0.000198253
          92    -1.16444    -1.16739 0.000198751
          93    -1.16809     -1.1674 0.000196746
          94    -1.16473    -1.16737 0.000196708
          95    -1.16747    -1.16737 0.000194629
          96    -1.16654    -1.16736 0.000192787
          97     -1.1681    -1.16737 0.000190939
          98    -1.16282    -1.16732 0.000194597
          99    -1.16679    -1.16732 0.000192698
         100    -1.16594    -1.16731 0.000191257
