           1     0.42944     0.42944           0
           2     0.41766     0.42355     0.00589
           3    0.418052    0.421717  0.00386299
           4    0.432852    0.424501  0.00390002
           5     0.43638    0.426877  0.00384324
           6     0.41538    0.424961  0.00367676
           7     0.42114    0.424415    0.003155
           8    0.432608    0.425439  0.00291794
           9    0.429944     0.42594  0.00262161
          10    0.425264    0.425872  0.00234582
          11    0.425424    0.425831  0.00212226
          12     0.42532    0.425789  0.00193782
          13    0.417644    0.425162  0.00188943
          14    0.415872    0.424499  0.00187091
          15    0.439372     0.42549  0.00200419
          16    0.417004     0.42496  0.00194833
          17    0.420896    0.424721  0.00184568
          18    0.431264    0.425084  0.00177769
          19    0.420572    0.424847  0.00169822
          20    0.420264    0.424618  0.00162728
          21    0.415128    0.424166  0.00161247
          22    0.431764    0.424511  0.00157574
          23    0.423728    0.424477  0.00150606
          24     0.41846    0.424226  0.00146358
          25    0.430512    0.424478  0.00142615
          26    0.420204    0.424313  0.00138003
          27    0.433356    0.424648  0.00136951
          28    0.427052    0.424734  0.00132248
          29    0.416984    0.424467  0.00130375
          30    0.424728    0.424476  0.00125957
          31    0.434256    0.424791  0.00125845
          32    0.416876    0.424544  0.00124334
          33    0.421636    0.424456   0.0012083
          34    0.426948    0.424529  0.00117451
          35    0.438968    0.424941  0.00121278
          36    0.428364    0.425037  0.00118244
          37     0.42258     0.42497  0.00115195
          38    0.427352    0.425033  0.00112298
          39    0.440692    0.425434  0.00116517
          40    0.414224    0.425154  0.00116974
          41    0.409908    0.424782  0.00119993
          42    0.425016    0.424788  0.00117102
          43    0.410828    0.424463  0.00118866
          44    0.405288    0.424027   0.0012404
          45    0.442428    0.424436  0.00127962
          46      0.4379    0.424729  0.00128526
          47    0.428096    0.424801  0.00125966
          48    0.418056     0.42466  0.00124111
          49    0.432052    0.424811  0.00122485
          50    0.419016    0.424695  0.00120568
          51    0.416884    0.424542  0.00119169
          52    0.418144    0.424419  0.00117501
          53    0.435328    0.424625  0.00117086
          54    0.430744    0.424738  0.00115455
          55    0.419264    0.424638  0.00113772
          56    0.418516    0.424529  0.00112256
          57    0.427888    0.424588  0.00110426
          58    0.424176    0.424581  0.00108508
          59    0.432816    0.424721  0.00107562
          60    0.426892    0.424757  0.00105816
          61    0.421452    0.424703  0.00104208
          62    0.423404    0.424682  0.00102535
          63     0.43054    0.424775  0.00101322
          64    0.425104     0.42478 0.000997274
          65    0.426844    0.424812 0.000982325
          66    0.426648    0.424839 0.000967727
          67    0.424084    0.424828 0.000953241
          68    0.420148    0.424759 0.000941636
          69      0.4193     0.42468 0.000931256
          70    0.433276    0.424803 0.000926034
          71    0.428912    0.424861 0.000914731
          72    0.431788    0.424957 0.000907054
          73     0.40348    0.424663 0.000941681
          74    0.424056    0.424655 0.000928904
          75    0.411684    0.424482  0.00093261
          76    0.424472    0.424482 0.000920257
          77    0.424628    0.424483 0.000908229
          78    0.423732    0.424474 0.000896562
          79    0.439836    0.424668 0.000906249
          80    0.431692    0.424756 0.000899146
          81    0.420428    0.424703 0.000889582
          82     0.43188     0.42479 0.000883015
          83    0.424944    0.424792 0.000872314
          84    0.411912    0.424639   0.0008754
          85    0.432832    0.424735 0.000870394
          86    0.424084    0.424727 0.000860246
          87    0.430696    0.424796 0.000853064
          88    0.426568    0.424816 0.000843555
          89    0.436188    0.424944 0.000843753
          90    0.426476    0.424961 0.000834499
          91     0.43678    0.425091 0.000835436
          92    0.426776    0.425109 0.000826508
          93    0.430948    0.425172 0.000819979
          94    0.417568    0.425091 0.000815233
          95    0.439032    0.425238 0.000819846
          96     0.43126    0.425301 0.000813682
          97    0.431032     0.42536 0.000807415
          98    0.422068    0.425326 0.000799839
          99    0.426684     0.42534 0.000791838
         100    0.423632    0.425323 0.000784065
