           1   -0.709088   -0.709088           0
           2   -0.702828   -0.705958     0.00313
           3   -0.700402   -0.704106  0.00258748
           4    -0.70765   -0.704992  0.00203289
           5   -0.705924   -0.705179  0.00158566
           6    -0.70286   -0.704792  0.00135112
           7   -0.700524   -0.704182   0.0012945
           8    -0.70965   -0.704866  0.00131295
           9   -0.710709   -0.705515   0.0013275
          10   -0.706637   -0.705627  0.00119264
          11   -0.705845   -0.705647  0.00107896
          12   -0.704336   -0.705538 0.000990993
          13   -0.702057    -0.70527 0.000950093
          14   -0.703214   -0.705123 0.000891785
          15   -0.709514   -0.705416 0.000880311
          16   -0.706377   -0.705476 0.000825642
          17   -0.704667   -0.705428 0.000777014
          18   -0.706949   -0.705513 0.000737429
          19   -0.703402   -0.705402 0.000706327
          20   -0.699501   -0.705107 0.000732162
          21   -0.702754   -0.704995 0.000705382
          22   -0.706017   -0.705041 0.000674158
          23   -0.707274   -0.705138 0.000651452
          24   -0.704212     -0.7051 0.000624911
          25   -0.709094   -0.705259 0.000620327
          26   -0.703689   -0.705199 0.000599044
          27   -0.707735   -0.705293 0.000584034
          28   -0.703698   -0.705236 0.000565663
          29   -0.701733   -0.705115 0.000559017
          30   -0.703634   -0.705066 0.000542315
          31   -0.711667   -0.705279 0.000566108
          32   -0.705479   -0.705285 0.000548168
          33   -0.705471   -0.705291 0.000531327
          34    -0.70495   -0.705281  0.00051556
          35   -0.710426   -0.705428  0.00052175
          36   -0.705497    -0.70543 0.000507053
          37   -0.704932   -0.705416 0.000493342
          38   -0.708278   -0.705491 0.000486056
          39    -0.71229   -0.705666 0.000504506
          40   -0.696981   -0.705449 0.000537534
          41   -0.699518   -0.705304 0.000543852
          42   -0.706019   -0.705321 0.000531018
          43    -0.70291   -0.705265 0.000521545
          44   -0.696762   -0.705072 0.000544971
          45   -0.710806   -0.705199  0.00054775
          46   -0.712356   -0.705355 0.000557846
          47   -0.705659   -0.705361 0.000545886
          48   -0.700035    -0.70525  0.00054579
          49    -0.70805   -0.705307 0.000537582
          50   -0.703787   -0.705277 0.000527597
          51   -0.702257   -0.705218 0.000520528
          52   -0.704245   -0.705199 0.000510763
          53   -0.710634   -0.705302 0.000511418
          54   -0.709429   -0.705378 0.000507645
          55   -0.705253   -0.705376 0.000498334
          56   -0.700607   -0.705291 0.000496708
          57   -0.708938   -0.705355 0.000492093
          58   -0.706707   -0.705378 0.000484097
          59   -0.708107   -0.705424 0.000478064
          60   -0.703826   -0.705397 0.000470783
          61   -0.704466   -0.705382 0.000463252
          62   -0.705161   -0.705379 0.000455733
          63   -0.705748   -0.705385 0.000448479
          64   -0.704365   -0.705369 0.000441704
          65   -0.708313   -0.705414 0.000437208
          66   -0.702714   -0.705373 0.000432472
          67   -0.703969   -0.705352 0.000426484
          68   -0.704198   -0.705335 0.000420508
          69    -0.70374   -0.705312 0.000415013
          70   -0.706735   -0.705332 0.000409546
          71   -0.706702   -0.705352 0.000404198
          72   -0.705894   -0.705359 0.000398616
          73   -0.695696   -0.705227 0.000414805
          74   -0.706707   -0.705247  0.00040965
          75   -0.699681   -0.705172 0.000410908
          76   -0.705694   -0.705179 0.000405523
          77    -0.70587   -0.705188 0.000400323
          78   -0.705474   -0.705192 0.000395174
          79   -0.713335   -0.705295 0.000403527
          80   -0.710274   -0.705357 0.000403283
          81    -0.70195   -0.705315 0.000400489
          82   -0.709224   -0.705363 0.000398437
          83   -0.706013   -0.705371 0.000393685
          84    -0.70003   -0.705307 0.000394131
          85    -0.70547   -0.705309 0.000389472
          86   -0.704761   -0.705303 0.000384969
          87   -0.709699   -0.705353 0.000383859
          88   -0.705642   -0.705357 0.000379486
          89   -0.712366   -0.705435 0.000383374
          90   -0.706647   -0.705449  0.00037933
          91   -0.712068   -0.705521 0.000382125
          92   -0.705395    -0.70552 0.000377951
          93   -0.706718   -0.705533 0.000374087
          94   -0.703594   -0.705512  0.00037066
          95   -0.712534   -0.705586 0.000374113
          96   -0.708556   -0.705617 0.000371485
          97   -0.707374   -0.705635 0.000368082
          98   -0.704678   -0.705626 0.000364438
          99   -0.705089    -0.70562 0.000360778
         100   -0.703982   -0.705604 0.000357528
