           1     1.74449     1.74449           0
           2     1.77271      1.7586   0.0141077
           3     1.85058     1.78926   0.0317247
           4     1.70145     1.76731   0.0313871
           5     1.75304     1.76445   0.0244793
           6     1.74851      1.7618    0.020163
           7     1.71503     1.75512   0.0183035
           8     1.67007     1.74449   0.0190859
           9     1.78868      1.7494   0.0175337
          10     1.79282     1.75374   0.0162727
          11     1.69585     1.74848   0.0156318
          12     1.78098     1.75118   0.0145247
          13     1.75907     1.75179   0.0133745
          14     1.83175      1.7575   0.0136361
          15      1.6864     1.75276   0.0135506
          16     1.72368     1.75094    0.012805
          17     1.79628     1.75361   0.0123203
          18     1.75785     1.75385    0.011618
          19     1.70734      1.7514   0.0112588
          20      1.7899     1.75332   0.0108532
          21     1.82595     1.75678   0.0108873
          22      1.6725     1.75295    0.011065
          23     1.75042     1.75284   0.0105735
          24     1.78514     1.75419   0.0102124
          25     1.76816     1.75475  0.00981137
          26     1.74527     1.75438  0.00943351
          27     1.74246     1.75394  0.00908813
          28     1.72789     1.75301  0.00880681
          29     1.68743     1.75075  0.00879347
          30     1.72326     1.74983  0.00854456
          31     1.72806     1.74913  0.00829412
          32     1.80052     1.75074  0.00818975
          33     1.76079     1.75104  0.00794355
          34     1.72809     1.75037  0.00773587
          35      1.7402     1.75008  0.00751721
          36     1.70624     1.74886  0.00740618
          37     1.65476     1.74631  0.00763897
          38     1.71128     1.74539  0.00749217
          39     1.77597     1.74618  0.00733953
          40     1.76145     1.74656  0.00716388
          41     1.77333     1.74721  0.00701742
          42     1.72492     1.74668  0.00686884
          43     1.84222      1.7489  0.00706563
          44       1.834     1.75084  0.00716898
          45     1.67997     1.74926  0.00718263
          46      1.6876     1.74792  0.00715148
          47     1.64083     1.74564   0.0073593
          48     1.73011     1.74532  0.00721162
          49     1.74596     1.74533  0.00706292
          50     1.80067     1.74644  0.00700817
          51     1.73906     1.74629   0.0068709
          52     1.80463     1.74742  0.00683022
          53     1.70299     1.74658  0.00675235
          54     1.73587     1.74638  0.00662909
          55     1.80366     1.74742  0.00659025
          56     1.83325     1.74895  0.00665051
          57       1.778     1.74946  0.00655264
          58     1.77878     1.74997  0.00645848
          59     1.73012     1.74963  0.00635698
          60      1.7913     1.75033   0.0062886
          61     1.77402     1.75072  0.00619684
          62     1.69907     1.74988  0.00615271
          63     1.77938     1.75035  0.00607234
          64     1.70929     1.74971  0.00601104
          65     1.74509     1.74964  0.00591827
          66      1.7119     1.74907   0.0058559
          67     1.72215     1.74866  0.00578181
          68     1.76508     1.74891  0.00570126
          69     1.81247     1.74983  0.00569307
          70     1.74354     1.74974  0.00561187
          71     1.69036      1.7489  0.00559511
          72     1.74651     1.74887  0.00551696
          73     1.75391     1.74894  0.00544129
          74     1.88325     1.75075  0.00566584
          75     1.82975     1.75181  0.00568816
          76     1.76338     1.75196  0.00561488
          77     1.79128     1.75247  0.00556496
          78     1.76474     1.75263   0.0054954
          79      1.6383     1.75118  0.00561508
          80      1.8595     1.75253  0.00570738
          81     1.72926     1.75224  0.00564379
          82      1.7195     1.75185  0.00558882
          83     1.70762     1.75131  0.00554673
          84     1.72506       1.751   0.0054892
          85     1.79758     1.75155  0.00545185
          86     1.74647     1.75149  0.00538841
          87     1.68968     1.75078  0.00537329
          88     1.71453     1.75037  0.00532782
          89     1.77472     1.75064  0.00527472
          90     1.72877      1.7504  0.00522144
          91     1.68402     1.74967  0.00521501
          92      1.6876     1.74899  0.00520195
          93      1.7027      1.7485  0.00516973
          94     1.74772     1.74849  0.00511444
          95     1.66244     1.74758  0.00514074
          96     1.70016     1.74709  0.00511084
          97     1.76673     1.74729  0.00506192
          98     1.69037     1.74671  0.00504356
          99      1.6911     1.74615  0.00502385
         100     1.84861     1.74717  0.00507781
