           1    0.468113    0.468113           0
           2    0.468763    0.468438 0.000324951
           3    0.479946    0.472274  0.00384059
           4    0.468408    0.471308  0.00288257
           5    0.486402    0.474327  0.00375485
           6    0.470774    0.473734  0.00312249
           7    0.465268    0.472525  0.00290296
           8    0.466171    0.471731  0.00263652
           9    0.467549    0.471266  0.00237116
          10    0.469096    0.471049   0.0021319
          11    0.472223    0.471156  0.00193133
          12    0.476356    0.471589  0.00181554
          13    0.464413    0.471037  0.00175891
          14    0.468532    0.470858  0.00163823
          15    0.477524    0.471303  0.00158853
          16    0.454045    0.470224  0.00183614
          17    0.493276     0.47158  0.00219398
          18    0.471719    0.471588  0.00206852
          19    0.466601    0.471325  0.00197415
          20    0.483465    0.471932  0.00196874
          21    0.476122    0.472132  0.00188324
          22    0.458212    0.471499  0.00190381
          23    0.474689    0.471638  0.00182444
          24    0.462727    0.471266  0.00178579
          25    0.469814    0.471208  0.00171385
          26    0.464438    0.470948  0.00166708
          27    0.491616    0.471713  0.00177743
          28    0.479205    0.471981  0.00173355
          29     0.44735    0.471132  0.00187598
          30     0.48158     0.47148  0.00184553
          31    0.475035    0.471595  0.00178868
          32    0.454395    0.471057  0.00181337
          33    0.478822    0.471292  0.00177324
          34    0.476721    0.471452  0.00172769
          35     0.47846    0.471652  0.00168951
          36    0.469628    0.471596  0.00164287
          37    0.464022    0.471391  0.00161091
          38     0.47505    0.471488   0.0015709
          39    0.470721    0.471468  0.00153021
          40    0.471297    0.471464  0.00149147
          41    0.452158    0.470993  0.00152896
          42    0.460493    0.470743  0.00151291
          43     0.48792    0.471142  0.00153036
          44    0.470064    0.471118  0.00149538
          45    0.457884    0.470824  0.00149106
          46     0.46232    0.470639  0.00146996
          47     0.46557    0.470531  0.00144238
          48    0.462695    0.470368  0.00142142
          49    0.480627    0.470577  0.00140776
          50    0.482171    0.470809  0.00139868
          51    0.460318    0.470603  0.00138632
          52    0.465278    0.470501  0.00136325
          53    0.448653    0.470089  0.00139937
          54    0.468921    0.470067  0.00137339
          55    0.469686     0.47006   0.0013482
          56    0.480327    0.470243  0.00133654
          57    0.489161    0.470575  0.00135418
          58    0.478662    0.470715  0.00133791
          59    0.466504    0.470643  0.00131698
          60    0.491579    0.470992  0.00134103
          61    0.471421    0.470999  0.00131888
          62    0.477556    0.471105  0.00130174
          63    0.500332    0.471569  0.00136233
          64    0.463711    0.471446  0.00134648
          65    0.467298    0.471382  0.00132714
          66     0.46631    0.471306  0.00130914
          67    0.466041    0.471227  0.00129184
          68    0.475728    0.471293  0.00127442
          69    0.477987     0.47139  0.00125956
          70    0.458158    0.471201  0.00125574
          71    0.458222    0.471018  0.00125136
          72    0.485529     0.47122   0.0012502
          73    0.469612    0.471198  0.00123316
          74     0.50248    0.471621  0.00128774
          75    0.494233    0.471922  0.00130574
          76    0.462247    0.471795  0.00129472
          77    0.487509    0.471999  0.00129399
          78    0.480633     0.47211  0.00128208
          79    0.468473    0.472064  0.00126658
          80    0.478516    0.472144  0.00125325
          81    0.473458     0.47216  0.00123778
          82    0.480201    0.472258  0.00122652
          83    0.473221     0.47227  0.00121171
          84    0.467964    0.472219  0.00119829
          85    0.477813    0.472285  0.00118594
          86    0.460596    0.472149  0.00117992
          87    0.463947    0.472054  0.00117009
          88    0.462325    0.471944  0.00116199
          89    0.481861    0.472055  0.00115425
          90    0.467868    0.472009   0.0011423
          91     0.47337    0.472024  0.00112977
          92    0.478612    0.472095  0.00111972
          93    0.472717    0.472102  0.00110763
          94    0.481663    0.472204   0.0011005
          95    0.476513    0.472249   0.0010898
          96    0.464878    0.472172  0.00108111
          97    0.477057    0.472223  0.00107109
          98    0.476354    0.472265  0.00106095
          99    0.473077    0.472273  0.00105021
         100    0.484225    0.472393   0.0010465
