           1   -0.503496   -0.503496           0
           2   -0.506648   -0.505072    0.001576
           3     -0.5034   -0.504515  0.00106703
           4   -0.500744   -0.503572  0.00120743
           5   -0.502776   -0.503413 0.000948726
           6   -0.505568   -0.503772 0.000853861
           7   -0.508136   -0.504395 0.000953642
           8    -0.50568   -0.504556 0.000841343
           9    -0.50588   -0.504703 0.000756438
          10     -0.5026   -0.504493 0.000708512
          11    -0.50496   -0.504535 0.000642279
          12   -0.501968   -0.504321  0.00062413
          13   -0.506176   -0.504464 0.000591577
          14    -0.50468   -0.504479 0.000547911
          15    -0.50456   -0.504485 0.000510106
          16   -0.504048   -0.504458 0.000477941
          17   -0.503832   -0.504421 0.000450452
          18    -0.50352   -0.504371 0.000427628
          19   -0.506848   -0.504501 0.000424991
          20    -0.50252   -0.504402 0.000415171
          21   -0.505088   -0.504435 0.000396255
          22   -0.503472   -0.504391  0.00038034
          23   -0.504752   -0.504407 0.000363767
          24   -0.508856   -0.504592 0.000394549
          25   -0.503208   -0.504537 0.000382466
          26    -0.50152   -0.504421 0.000385343
          27   -0.503616   -0.504391 0.000371992
          28   -0.505664   -0.504436 0.000361333
          29   -0.502976   -0.504386 0.000352269
          30   -0.503864   -0.504369 0.000340768
          31    -0.50488   -0.504385 0.000330005
          32    -0.50656   -0.504453 0.000326675
          33   -0.504936   -0.504468 0.000316959
          34   -0.502768   -0.504418 0.000311532
          35   -0.502544   -0.504364 0.000307201
          36   -0.506856   -0.504433 0.000306465
          37   -0.506464   -0.504488 0.000303078
          38   -0.506256   -0.504535  0.00029864
          39   -0.505944   -0.504571 0.000293117
          40   -0.503352    -0.50454 0.000287316
          41   -0.504216   -0.504532 0.000280332
          42    -0.50628   -0.504574 0.000276722
          43   -0.505432   -0.504594 0.000270946
          44     -0.5056   -0.504617 0.000265702
          45   -0.503568   -0.504594 0.000260774
          46   -0.502696   -0.504552 0.000258357
          47   -0.505208   -0.504566 0.000253184
          48   -0.503288    -0.50454  0.00024928
          49   -0.502392   -0.504496 0.000248043
          50   -0.502512   -0.504456 0.000246249
          51    -0.50132   -0.504395 0.000249082
          52   -0.506312   -0.504432 0.000247013
          53   -0.505048   -0.504443 0.000242586
          54   -0.499368   -0.504349 0.000255933
          55   -0.503848    -0.50434 0.000251402
          56   -0.505696   -0.504364 0.000248056
          57    -0.50916   -0.504448 0.000257782
          58   -0.503696   -0.504435 0.000253631
          59   -0.503208   -0.504415 0.000250161
          60   -0.503152   -0.504394 0.000246855
          61    -0.50268   -0.504366 0.000244395
          62    -0.50668   -0.504403 0.000243301
          63   -0.505464    -0.50442     0.00024
          64   -0.505528   -0.504437 0.000236854
          65   -0.505472   -0.504453 0.000233725
          66   -0.504392   -0.504452 0.000230158
          67   -0.503792   -0.504442 0.000226911
          68   -0.504104   -0.504437 0.000223604
          69     -0.5046    -0.50444 0.000220353
          70   -0.506352   -0.504467 0.000218894
          71     -0.5078   -0.504514 0.000220836
          72   -0.504288   -0.504511  0.00021777
          73   -0.505896    -0.50453 0.000215603
          74   -0.504496   -0.504529  0.00021267
          75   -0.504696   -0.504531 0.000209827
          76     -0.5062   -0.504553 0.000208208
          77   -0.505792   -0.504569 0.000206115
          78   -0.506904   -0.504599 0.000205645
          79   -0.503432   -0.504585 0.000203563
          80   -0.503784   -0.504575 0.000201251
          81   -0.508528   -0.504623 0.000204656
          82   -0.505792   -0.504638 0.000202646
          83    -0.50436   -0.504634 0.000200218
          84   -0.504624   -0.504634  0.00019782
          85   -0.507024   -0.504662  0.00019749
          86    -0.50524   -0.504669 0.000195296
          87   -0.504656   -0.504669 0.000193038
          88   -0.503432   -0.504655 0.000191349
          89   -0.503416   -0.504641 0.000189698
          90    -0.50132   -0.504604 0.000191173
          91   -0.504376   -0.504601 0.000189077
          92   -0.504352   -0.504599 0.000187031
          93    -0.50424   -0.504595 0.000185049
          94   -0.504824   -0.504597 0.000183086
          95   -0.505272   -0.504604 0.000181288
          96   -0.503416   -0.504592 0.000179816
          97   -0.505936   -0.504606 0.000178491
          98    -0.50544   -0.504614 0.000176865
          99   -0.504576   -0.504614  0.00017507
         100   -0.506592   -0.504634 0.000174435
