           1    0.233713    0.233713           0
           2    0.233881    0.233797 8.41521e-05
           3     0.22914    0.232245  0.00155298
           4    0.228401    0.231284  0.00145912
           5    0.230651    0.231157  0.00113728
           6    0.232776    0.231427 0.000966976
           7     0.23369     0.23175 0.000878839
           8    0.226426    0.231085  0.00101108
           9    0.232054    0.231192 0.000898167
          10    0.236385    0.231712  0.00095653
          11    0.227245    0.231306 0.000955758
          12    0.230637     0.23125 0.000874263
          13    0.228221    0.231017 0.000837269
          14    0.232121    0.231096 0.000779164
          15    0.228696    0.230936  0.00074279
          16    0.229653    0.230856 0.000699424
          17    0.228272    0.230704 0.000674342
          18     0.22528    0.230402 0.000703553
          19    0.228857    0.230321 0.000670449
          20    0.231759    0.230393 0.000640094
          21     0.22525    0.230148 0.000656261
          22    0.231577    0.230213 0.000629082
          23    0.233785    0.230368 0.000620846
          24    0.233748    0.230509 0.000610866
          25    0.226335    0.230342 0.000609246
          26    0.235145    0.230527 0.000613797
          27    0.231729    0.230571 0.000592302
          28    0.232265    0.230632 0.000573955
          29     0.23211    0.230683 0.000556151
          30    0.235676    0.230849  0.00056248
          31    0.224482    0.230644 0.000581515
          32    0.229963    0.230623 0.000563452
          33    0.229496    0.230588 0.000547177
          34     0.22722    0.230489 0.000540005
          35    0.222991    0.230275 0.000566423
          36    0.233966    0.230378  0.00055993
          37    0.228224    0.230319 0.000547688
          38     0.22871    0.230277 0.000534761
          39    0.228803    0.230239 0.000522238
          40    0.223525    0.230071 0.000535975
          41    0.227178    0.230001 0.000527483
          42    0.223199    0.229839 0.000539646
          43    0.232962    0.229912 0.000531928
          44    0.234272    0.230011 0.000529061
          45    0.223211     0.22986 0.000538793
          46    0.231359    0.229892 0.000527958
          47    0.233295    0.229965 0.000521651
          48    0.230781    0.229982 0.000510951
          49    0.233072    0.230045 0.000504375
          50    0.229671    0.230037 0.000494241
          51    0.230082    0.230038 0.000484454
          52    0.239252    0.230215 0.000507015
          53    0.230713    0.230225 0.000497446
          54    0.226942    0.230164 0.000491917
          55    0.226996    0.230106 0.000486313
          56    0.229494    0.230095 0.000477675
          57    0.230197    0.230097 0.000469223
          58    0.233646    0.230158 0.000465104
          59    0.226552    0.230097 0.000461221
          60    0.231136    0.230114 0.000453799
          61    0.223766     0.23001 0.000458272
          62    0.229726    0.230006 0.000450843
          63    0.230981    0.230021   0.0004439
          64    0.225617    0.229952 0.000442294
          65    0.226531      0.2299 0.000438608
          66    0.230088    0.229903  0.00043192
          67    0.231363    0.229924 0.000425983
          68    0.232555    0.229963 0.000421451
          69    0.229792    0.229961 0.000415305
          70    0.233195    0.230007 0.000411928
          71    0.223787    0.229919 0.000415427
          72    0.226926    0.229878  0.00041172
          73    0.230264    0.229883 0.000406076
          74    0.231076    0.229899 0.000400875
          75    0.226558    0.229855 0.000397994
          76    0.223935    0.229777 0.000400371
          77    0.232342     0.22981 0.000396539
          78    0.233847    0.229862 0.000394829
          79    0.233206    0.229904 0.000392091
          80    0.226569    0.229862 0.000389397
          81    0.224241    0.229793 0.000390772
          82    0.226139    0.229748 0.000388541
          83     0.22703    0.229716 0.000385226
          84    0.230544    0.229726  0.00038074
          85    0.226123    0.229683 0.000378614
          86    0.223532    0.229612 0.000380961
          87    0.228821    0.229603 0.000376666
          88    0.232752    0.229638 0.000374077
          89    0.234462    0.229692   0.0003738
          90    0.232729    0.229726 0.000371159
          91    0.229922    0.229728 0.000367064
          92    0.232587    0.229759 0.000364379
          93    0.230695     0.22977  0.00036058
          94    0.235251    0.229828 0.000361458
          95    0.226569    0.229794 0.000359275
          96    0.234225     0.22984 0.000358497
          97     0.23197    0.229862 0.000355461
          98    0.226872    0.229831 0.000353136
          99    0.234571    0.229879 0.000352813
         100    0.227882    0.229859 0.000349838
