           1     1.66551     1.66551           0
           2     1.64404     1.65477   0.0107333
           3     1.72528     1.67827    0.024304
           4     1.60899     1.66095   0.0243998
           5     1.70813     1.67039   0.0211246
           6     1.72579     1.67962   0.0195642
           7     1.77129     1.69272   0.0210926
           8     1.69949     1.69357   0.0182864
           9       1.762     1.70117   0.0178295
          10     1.69547      1.7006   0.0159574
          11     1.71218     1.70165   0.0144724
          12     1.59484     1.69275   0.0159299
          13     1.66223      1.6904   0.0148403
          14     1.62858     1.68599   0.0144318
          15     1.66621     1.68467   0.0134998
          16     1.65145     1.68259   0.0127974
          17     1.71413     1.68445   0.0121634
          18     1.58195     1.67875   0.0128038
          19     1.70253        1.68   0.0121757
          20     1.67786      1.6799   0.0115514
          21     1.66928     1.67939   0.0109992
          22     1.70017     1.68034   0.0105297
          23     1.62661       1.678   0.0103291
          24     1.77687     1.68212   0.0107131
          25     1.65672      1.6811   0.0103257
          26     1.66965     1.68066  0.00993043
          27     1.67866     1.68059  0.00955585
          28     1.72596     1.68221   0.0093497
          29      1.6755     1.68198   0.0090245
          30     1.65128     1.68096  0.00877833
          31      1.6662     1.68048  0.00850377
          32     1.66999     1.68015  0.00824026
          33     1.62258     1.67841  0.00817496
          34     1.72338     1.67973  0.00804041
          35     1.65762      1.6791  0.00783282
          36     1.64521     1.67816  0.00767012
          37     1.69214     1.67853  0.00746951
          38     1.74277     1.68022  0.00746421
          39     1.72528     1.68138  0.00736153
          40     1.73907     1.68282  0.00731863
          41     1.71821     1.68369  0.00718989
          42     1.65513     1.68301  0.00704948
          43     1.73183     1.68414  0.00697659
          44     1.73834     1.68537  0.00692661
          45     1.67512     1.68514  0.00677477
          46      1.6741      1.6849   0.0066302
          47     1.66341     1.68445  0.00650369
          48     1.62272     1.68316  0.00649535
          49     1.70019     1.68351   0.0063709
          50     1.72585     1.68436  0.00629935
          51     1.66945     1.68406  0.00618151
          52     1.69296     1.68423  0.00606389
          53     1.73966     1.68528  0.00603959
          54       1.602     1.68374  0.00612406
          55     1.69854     1.68401  0.00601771
          56     1.68317     1.68399  0.00590929
          57     1.71696     1.68457  0.00583343
          58     1.73309     1.68541   0.0057927
          59     1.70422     1.68573  0.00570259
          60     1.66724     1.68542  0.00561521
          61     1.66185     1.68503  0.00553588
          62     1.72925     1.68574  0.00549237
          63     1.67856     1.68563  0.00540569
          64     1.72855      1.6863  0.00536264
          65     1.71986     1.68682  0.00530468
          66     1.67148     1.68659  0.00522885
          67     1.71045     1.68694  0.00516252
          68     1.71779      1.6874  0.00510622
          69     1.67727     1.68725  0.00503381
          70     1.68089     1.68716  0.00496221
          71     1.67884     1.68704  0.00489322
          72     1.79695     1.68857   0.0050605
          73     1.74799     1.68938  0.00505664
          74     1.74114     1.69008  0.00503665
          75     1.71722     1.69044  0.00498219
          76     1.68847     1.69042  0.00491627
          77     1.73922     1.69105  0.00489322
          78     1.67927      1.6909  0.00483244
          79     1.67956     1.69076  0.00477304
          80     1.65878     1.69036  0.00472992
          81      1.6731     1.69014  0.00467601
          82     1.74112     1.69076  0.00466029
          83     1.62897     1.69002  0.00466361
          84     1.64517     1.68949  0.00463859
          85     1.73491     1.69002  0.00461474
          86     1.69932     1.69013  0.00456205
          87     1.67447     1.68995   0.0045129
          88     1.69109     1.68996  0.00446134
          89     1.69473     1.69002  0.00441125
          90     1.64324      1.6895  0.00439282
          91     1.72033     1.68983  0.00435747
          92     1.76276     1.69063  0.00438215
          93     1.70236     1.69075   0.0043366
          94     1.73028     1.69117  0.00431078
          95     1.69742     1.69124  0.00426566
          96     1.69311     1.69126  0.00422104
          97     1.66652       1.691  0.00418508
          98     1.66971     1.69079  0.00414785
          99      1.7523     1.69141  0.00415248
         100     1.73227     1.69182  0.00413101
