           1    -1.19856    -1.19856           0
           2     -1.1983    -1.19843   0.0001296
           3    -1.19791    -1.19826 0.000187815
           4    -1.19815    -1.19823 0.000135629
           5    -1.19875    -1.19833 0.000147463
           6     -1.1992    -1.19848 0.000188052
           7    -1.19799    -1.19841 0.000173558
           8    -1.19873    -1.19845 0.000155771
           9    -1.19858    -1.19846 0.000138224
          10    -1.19861    -1.19848 0.000124512
          11    -1.19835    -1.19847 0.000113215
          12    -1.19888     -1.1985 0.000108836
          13    -1.19906    -1.19854 0.000108869
          14    -1.19801     -1.1985 0.000107666
          15    -1.19878    -1.19852 0.000101954
          16    -1.19821     -1.1985 9.73268e-05
          17    -1.19869    -1.19851 9.20659e-05
          18    -1.19869    -1.19852  8.7361e-05
          19    -1.19899    -1.19855   8.612e-05
          20    -1.19818    -1.19853  8.3759e-05
          21    -1.19848    -1.19853 7.97006e-05
          22    -1.19896    -1.19855 7.84462e-05
          23    -1.19794    -1.19852 7.94585e-05
          24    -1.19859    -1.19852 7.61285e-05
          25    -1.19834    -1.19852 7.33787e-05
          26    -1.19812     -1.1985 7.21554e-05
          27    -1.19889    -1.19852 7.08898e-05
          28     -1.1984    -1.19851   6.843e-05
          29    -1.19897    -1.19853  6.7887e-05
          30    -1.19842    -1.19852 6.56806e-05
          31    -1.19791     -1.1985 6.65646e-05
          32     -1.1984     -1.1985 6.45399e-05
          33    -1.19853     -1.1985 6.25614e-05
          34    -1.19853     -1.1985 6.06995e-05
          35    -1.19845     -1.1985  5.8956e-05
          36    -1.19832     -1.1985 5.75183e-05
          37    -1.19856     -1.1985 5.59665e-05
          38    -1.19869     -1.1985 5.47065e-05
          39    -1.19875    -1.19851 5.36661e-05
          40    -1.19867    -1.19851 5.24648e-05
          41    -1.19859    -1.19852 5.12034e-05
          42    -1.19878    -1.19852 5.03745e-05
          43    -1.19881    -1.19853 4.96473e-05
          44    -1.19907    -1.19854 5.00492e-05
          45    -1.19838    -1.19854 4.90601e-05
          46     -1.1989    -1.19855 4.86087e-05
          47    -1.19862    -1.19855 4.75935e-05
          48    -1.19867    -1.19855 4.66673e-05
          49    -1.19925    -1.19856 4.78627e-05
          50    -1.19828    -1.19856  4.7249e-05
          51    -1.19876    -1.19856   4.648e-05
          52    -1.19863    -1.19856 4.55947e-05
          53    -1.19877    -1.19857 4.48997e-05
          54    -1.19868    -1.19857 4.41073e-05
          55    -1.19892    -1.19858 4.37765e-05
          56    -1.19849    -1.19857  4.3017e-05
          57    -1.19906    -1.19858 4.30967e-05
          58    -1.19861    -1.19858 4.23495e-05
          59    -1.19866    -1.19858 4.16436e-05
          60     -1.1986    -1.19858 4.09443e-05
          61    -1.19846    -1.19858 4.03169e-05
          62    -1.19847    -1.19858 3.97017e-05
          63    -1.19861    -1.19858 3.90689e-05
          64    -1.19824    -1.19858 3.88156e-05
          65    -1.19885    -1.19858 3.84524e-05
          66    -1.19877    -1.19858 3.79725e-05
          67     -1.1985    -1.19858 3.74226e-05
          68    -1.19882    -1.19858 3.70391e-05
          69    -1.19873    -1.19859 3.65585e-05
          70    -1.19884    -1.19859 3.62086e-05
          71    -1.19875    -1.19859 3.57687e-05
          72    -1.19904     -1.1986 3.58146e-05
          73    -1.19884     -1.1986 3.54723e-05
          74    -1.19877     -1.1986 3.50618e-05
          75    -1.19911    -1.19861  3.5236e-05
          76    -1.19846    -1.19861 3.48263e-05
          77    -1.19854    -1.19861 3.43821e-05
          78    -1.19874    -1.19861 3.39813e-05
          79    -1.19851    -1.19861 3.35725e-05
          80    -1.19884    -1.19861  3.3274e-05
          81    -1.19922    -1.19862 3.36943e-05
          82    -1.19888    -1.19862 3.34268e-05
          83     -1.1986    -1.19862 3.30226e-05
          84    -1.19904    -1.19863 3.30099e-05
          85    -1.19899    -1.19863 3.28906e-05
          86    -1.19901    -1.19864  3.2797e-05
          87    -1.19863    -1.19864  3.2418e-05
          88    -1.19839    -1.19863 3.21661e-05
          89    -1.19882    -1.19864 3.18715e-05
          90    -1.19829    -1.19863  3.1746e-05
          91    -1.19905    -1.19864 3.17289e-05
          92    -1.19805    -1.19863 3.20224e-05
          93     -1.1988    -1.19863 3.17287e-05
          94    -1.19878    -1.19863 3.14293e-05
          95    -1.19926    -1.19864 3.17845e-05
          96    -1.19848    -1.19864 3.14937e-05
          97    -1.19874    -1.19864 3.11852e-05
          98    -1.19872    -1.19864 3.08752e-05
          99    -1.19866    -1.19864 3.05626e-05
         100    -1.19829    -1.19864 3.04538e-05
