           1   0.0274943   0.0274943           0
           2   0.0348756    0.031185  0.00369067
           3   0.0416938   0.0346879  0.00410011
           4   0.0344713   0.0346337  0.00289972
           5   0.0235368   0.0324144  0.00315764
           6   0.0152008   0.0295454  0.00385719
           7    0.042064   0.0313338  0.00371824
           8   0.0237292   0.0303832  0.00335747
           9   0.0269774   0.0300048  0.00298509
          10    0.025489   0.0295532  0.00270787
          11   0.0318884   0.0297655  0.00245854
          12   0.0211178   0.0290449  0.00235719
          13    0.018072   0.0282008  0.00232679
          14   0.0370188   0.0288307  0.00224439
          15   0.0225591   0.0284125  0.00213083
          16   0.0341413   0.0287706  0.00202511
          17   0.0254904   0.0285776  0.00191202
          18   0.0255245    0.028408  0.00181064
          19   0.0193475   0.0279312  0.00177784
          20   0.0358956   0.0283294  0.00173298
          21   0.0294903   0.0283847  0.00164932
          22   0.0191436   0.0279646   0.0016277
          23   0.0408998    0.028527  0.00165388
          24   0.0268239    0.028456  0.00158506
          25   0.0316238   0.0285828   0.0015256
          26    0.039651   0.0290085  0.00152632
          27   0.0204836   0.0286927  0.00150226
          28   0.0301896   0.0287462   0.0014486
          29   0.0195637   0.0284295  0.00143317
          30   0.0307965   0.0285084  0.00138682
          31   0.0411637   0.0289167  0.00140209
          32   0.0331021   0.0290475  0.00136385
          33   0.0274445   0.0289989  0.00132277
          34   0.0285042   0.0289843  0.00128336
          35   0.0320905   0.0290731   0.0012493
          36   0.0313927   0.0291375  0.00121581
          37   0.0272332   0.0290861  0.00118362
          38    0.024358   0.0289616  0.00115875
          39   0.0236655   0.0288258  0.00113679
          40   0.0242873   0.0287124   0.0011138
          41   0.0266234   0.0286614  0.00108749
          42   0.0228168   0.0285223  0.00107036
          43   0.0242319   0.0284225  0.00104992
          44   0.0172239    0.028168  0.00105689
          45   0.0322858   0.0282595  0.00103718
          46    0.020401   0.0280886  0.00102867
          47   0.0258067   0.0280401  0.00100771
          48   0.0243513   0.0279632 0.000989484
          49   0.0138292   0.0276748   0.0010111
          50   0.0345257   0.0278118   0.0010001
          51   0.0235125   0.0277275 0.000983912
          52   0.0258298    0.027691 0.000965495
          53   0.0235358   0.0276126 0.000950342
          54   0.0246329   0.0275574 0.000934208
          55   0.0218548   0.0274538 0.000922908
          56   0.0289664   0.0274808  0.00090668
          57   0.0173312   0.0273027 0.000908257
          58   0.0271171   0.0272995 0.000892466
          59   0.0256389   0.0272714  0.00087766
          60   0.0263113   0.0272554 0.000863057
          61   0.0294664   0.0272916 0.000849564
          62   0.0299518   0.0273345  0.00083685
          63   0.0257885     0.02731 0.000823825
          64   0.0328682   0.0273968 0.000815488
          65   0.0210556   0.0272993  0.00080875
          66    0.022867   0.0272321 0.000799228
          67   0.0285884   0.0272523 0.000787469
          68   0.0225825   0.0271837 0.000778836
          69   0.0247345   0.0271482 0.000768286
          70   0.0217403   0.0270709 0.000761162
          71   0.0228496   0.0270115 0.000752716
          72   0.0175725   0.0268804 0.000753678
          73   0.0214236   0.0268056 0.000747031
          74   0.0224232   0.0267464 0.000739243
          75   0.0164924   0.0266097 0.000742024
          76   0.0293202   0.0266453 0.000733063
          77   0.0281063   0.0266643 0.000723729
          78   0.0249057   0.0266418 0.000714746
          79   0.0284594   0.0266648 0.000706016
          80   0.0214645   0.0265998 0.000700159
          81   0.0144445   0.0264497 0.000707557
          82   0.0212484   0.0263863 0.000701748
          83   0.0266809   0.0263898 0.000693251
          84   0.0174937   0.0262839 0.000693087
          85    0.018838   0.0261963 0.000690464
          86   0.0184957   0.0261068 0.000688238
          87    0.025666   0.0261017   0.0006803
          88   0.0319736   0.0261684 0.000675827
          89   0.0231938    0.026135 0.000669026
          90   0.0324758   0.0262055 0.000665291
          91   0.0177915    0.026113 0.000664405
          92   0.0366945    0.026228 0.000667133
          93   0.0224124    0.026187 0.000661195
          94   0.0233452   0.0261568 0.000654821
          95   0.0135525   0.0260241 0.000661337
          96   0.0291949   0.0260571 0.000655245
          97   0.0235455   0.0260312 0.000648971
          98   0.0238491    0.026009 0.000642701
          99   0.0254982   0.0260038 0.000636197
         100   0.0383803   0.0261276 0.000641848
