           1   0.0133826   0.0133826           0
           2   0.0284784   0.0209305   0.0075479
           3   0.0270543   0.0229718  0.00481217
           4   0.0098862   0.0197004  0.00472022
           5  0.00782796   0.0173259  0.00435964
           6  0.00470374   0.0152222  0.00413479
           7   0.0236032   0.0164195  0.00369395
           8  0.00774443   0.0153351  0.00337785
           9   0.0105795   0.0148067  0.00302548
          10  0.00751013    0.014077  0.00280272
          11   0.0173583   0.0143753  0.00255264
          12  0.00659453   0.0137269  0.00241876
          13  0.00887024   0.0133533  0.00225609
          14    0.012876   0.0133193  0.00208901
          15  0.00752326   0.0129329  0.00198277
          16   0.0172482   0.0132026  0.00187422
          17  0.00891661   0.0129504  0.00177849
          18  0.00963274   0.0127661  0.00168687
          19  0.00691945   0.0124584  0.00162502
          20   0.0208604   0.0128785  0.00159785
          21   0.0170902   0.0130791  0.00153303
          22  0.00548756    0.012734  0.00150187
          23   0.0286667   0.0134267  0.00159353
          24   0.0127839   0.0133999  0.00152592
          25    0.016054   0.0135061  0.00146746
          26   0.0416749   0.0145895  0.00177808
          27  0.00627824   0.0142817  0.00173843
          28   0.0114342     0.01418  0.00167828
          29  0.00937727   0.0140144  0.00162782
          30   0.0188246   0.0141747  0.00158078
          31    0.023062   0.0144614  0.00155558
          32    0.031119    0.014982   0.0015936
          33   0.0113528    0.014872  0.00154846
          34   0.0127558   0.0148097  0.00150352
          35   0.0334054   0.0153411   0.0015536
          36   0.0117871   0.0152423  0.00151305
          37   0.0117279   0.0151473  0.00147466
          38  0.00851737   0.0149729  0.00144589
          39    0.010012   0.0148457  0.00141406
          40  0.00712256   0.0146526  0.00139171
          41   0.0122016   0.0145928  0.00135866
          42  0.00850662   0.0144479  0.00133381
          43   0.0167101   0.0145005  0.00130349
          44  0.00589453   0.0143049  0.00128845
          45   0.0185938   0.0144002  0.00126309
          46  0.00648563   0.0142282  0.00124725
          47   0.0107247   0.0141536   0.0012227
          48  0.00726155     0.01401  0.00120554
          49  0.00370379   0.0137997  0.00119927
          50   0.0183252   0.0138902  0.00117852
          51  0.00839388   0.0137825   0.0011602
          52   0.0103508   0.0137165  0.00113958
          53    0.008287    0.013614  0.00112255
          54  0.00851274   0.0135196  0.00110561
          55  0.00913276   0.0134398  0.00108825
          56  0.00960963   0.0133714  0.00107083
          57  0.00474355     0.01322  0.00106271
          58   0.0156542    0.013262  0.00104507
          59    0.010339   0.0132125   0.0010284
          60   0.0111373   0.0131779   0.0010117
          61   0.0134541   0.0131824 0.000994991
          62    0.015894   0.0132261 0.000979787
          63      0.0087   0.0131543 0.000966783
          64   0.0129543   0.0131512 0.000951562
          65   0.0062604   0.0130452 0.000942787
          66  0.00509424   0.0129247 0.000936176
          67   0.0134012   0.0129318 0.000922125
          68  0.00949862   0.0128813 0.000909865
          69   0.0145323   0.0129052 0.000896901
          70  0.00818273   0.0128378 0.000886566
          71  0.00687478   0.0127538 0.000878016
          72  0.00495206   0.0126454  0.00087249
          73  0.00646271   0.0125607 0.000864613
          74  0.00593664   0.0124712 0.000857534
          75  0.00490556   0.0123703 0.000852016
          76   0.0116432   0.0123608 0.000840785
          77   0.0166541   0.0124165 0.000831665
          78   0.0102255   0.0123884 0.000821414
          79   0.0120386    0.012384 0.000810961
          80  0.00697471   0.0123164  0.00080361
          81  0.00414854   0.0122156 0.000800007
          82  0.00917335   0.0121785 0.000791061
          83   0.0125073   0.0121824 0.000781483
          84  0.00460106   0.0120922  0.00077738
          85  0.00663731    0.012028 0.000770856
          86  0.00514201   0.0119479 0.000766036
          87  0.00991114   0.0119245 0.000757542
          88   0.0190531   0.0120055 0.000753252
          89  0.00884628     0.01197 0.000745586
          90   0.0118082   0.0119682 0.000737257
          91  0.00509555   0.0118927 0.000733012
          92   0.0157911   0.0119351 0.000726238
          93  0.00816185   0.0118945 0.000719531
          94    0.010632   0.0118811 0.000711962
          95  0.00340172   0.0117918  0.00071006
          96   0.0121478   0.0117955 0.000702634
          97  0.00859964   0.0117626 0.000696133
          98  0.00521853   0.0116958 0.000692222
          99   0.0088663   0.0116672  0.00068579
         100    0.054851   0.0120991 0.000804603
