           1    0.998828    0.998828           0
           2    0.998252     0.99854    0.000288
           3    0.998036    0.998372 0.000236373
           4    0.998728    0.998461 0.000189359
           5    0.999128    0.998594 0.000198267
           6    0.999432    0.998734 0.000213763
           7     0.99822    0.998661 0.000195015
           8    0.999108    0.998717 0.000177908
           9    0.998884    0.998735    0.000158
          10    0.999052    0.998767 0.000144829
          11    0.998552    0.998747  0.00013245
          12    0.999216    0.998786 0.000127062
          13     0.99924    0.998821 0.000121979
          14    0.998544    0.998801 0.000114654
          15    0.999124    0.998823 0.000108881
          16    0.998504    0.998803 0.000103782
          17    0.999044    0.998817 9.85111e-05
          18    0.999024    0.998829 9.35852e-05
          19    0.999248    0.998851 9.12325e-05
          20     0.99834    0.998825 9.02395e-05
          21    0.998744    0.998821 8.59219e-05
          22    0.999304    0.998843 8.48102e-05
          23    0.998068     0.99881 8.77696e-05
          24    0.998868    0.998812 8.40683e-05
          25    0.998636    0.998805 8.09422e-05
          26    0.997948    0.998772 8.44632e-05
          27     0.99924    0.998789 8.31025e-05
          28    0.998776    0.998789  8.0081e-05
          29    0.999208    0.998803 7.86104e-05
          30    0.998588    0.998796 7.62832e-05
          31     0.99814    0.998775 7.67573e-05
          32      0.9983     0.99876 7.57876e-05
          33    0.998908    0.998765 7.35916e-05
          34    0.998816    0.998766 7.14104e-05
          35    0.998392    0.998755 7.01591e-05
          36    0.998716    0.998754 6.81912e-05
          37    0.998868    0.998757 6.63937e-05
          38    0.999048    0.998765 6.50738e-05
          39       0.999    0.998771 6.36689e-05
          40     0.99912     0.99878 6.26669e-05
          41    0.998912    0.998783 6.12043e-05
          42    0.999076     0.99879 6.01352e-05
          43    0.998896    0.998792 5.87718e-05
          44    0.999356    0.998805 5.88316e-05
          45    0.998564      0.9988 5.77587e-05
          46    0.999236    0.998809 5.72791e-05
          47    0.998964    0.998813 5.61436e-05
          48    0.999092    0.998819 5.52687e-05
          49    0.999508    0.998833 5.59282e-05
          50    0.998576    0.998827 5.50379e-05
          51    0.999072    0.998832 5.41607e-05
          52    0.998936    0.998834 5.31464e-05
          53      0.9991    0.998839 5.23746e-05
          54    0.999024    0.998843 5.15093e-05
          55     0.99918    0.998849 5.09347e-05
          56    0.998912     0.99885 5.00296e-05
          57    0.999364    0.998859 4.99648e-05
          58     0.99876    0.998857 4.91254e-05
          59    0.998956    0.998859 4.83146e-05
          60    0.998948     0.99886 4.75257e-05
          61    0.998792    0.998859 4.67535e-05
          62    0.998636    0.998856  4.6134e-05
          63       0.999    0.998858 4.54536e-05
          64    0.998652    0.998855 4.48534e-05
          65    0.999228     0.99886 4.45297e-05
          66     0.99924    0.998866 4.42252e-05
          67    0.998772    0.998865 4.35829e-05
          68    0.999076    0.998868 4.30493e-05
          69    0.998888    0.998868 4.24218e-05
          70    0.999144    0.998872 4.19966e-05
          71    0.999168    0.998876   4.161e-05
          72    0.999368    0.998883 4.15924e-05
          73    0.999192    0.998887 4.12363e-05
          74    0.999204    0.998892 4.08996e-05
          75     0.99938    0.998898 4.08725e-05
          76     0.99878    0.998897 4.03611e-05
          77    0.998792    0.998895 3.98567e-05
          78    0.999028    0.998897 3.93791e-05
          79    0.998828    0.998896 3.88873e-05
          80    0.999192      0.9989 3.85758e-05
          81    0.999476    0.998907 3.87551e-05
          82    0.999136     0.99891 3.83813e-05
          83    0.998848    0.998909 3.79234e-05
          84    0.999376    0.998915 3.78795e-05
          85    0.999288    0.998919 3.76882e-05
          86    0.999352    0.998924 3.75862e-05
          87    0.998976    0.998925 3.71565e-05
          88    0.998604    0.998921  3.6912e-05
          89    0.999096    0.998923 3.65479e-05
          90    0.998736    0.998921 3.61992e-05
          91    0.999364    0.998926 3.61289e-05
          92    0.998448     0.99892 3.61093e-05
          93    0.999116    0.998923 3.57807e-05
          94     0.99898    0.998923 3.54033e-05
          95    0.999528     0.99893 3.56025e-05
          96    0.998816    0.998928 3.52495e-05
          97     0.99906     0.99893 3.49106e-05
          98    0.999216    0.998933 3.46758e-05
          99    0.999032    0.998934 3.43384e-05
         100    0.997744    0.998922 3.60149e-05
