           1    0.857456    0.857456           0
           2    0.861512    0.859484    0.002028
           3    0.866416    0.861795  0.00259039
           4    0.859036    0.861105  0.00195722
           5    0.867892    0.862462  0.00203493
           6     0.86478    0.862849  0.00170582
           7    0.870744    0.863977  0.00183047
           8    0.863992    0.863978  0.00158524
           9    0.862752    0.863842  0.00140467
          10    0.870872    0.864545  0.00143967
          11    0.869656     0.86501  0.00138264
          12    0.860624    0.864644  0.00131402
          13    0.868896    0.864971  0.00125219
          14    0.866044    0.865048  0.00116183
          15    0.857848    0.864568  0.00118333
          16    0.866064    0.864662  0.00111084
          17    0.876044    0.865331   0.0012398
          18    0.874876    0.865861  0.00128355
          19     0.86812     0.86598  0.00121993
          20    0.864572     0.86591  0.00115946
          21     0.86442    0.865839  0.00110515
          22    0.856768    0.865427  0.00113151
          23     0.87076    0.865658  0.00110579
          24    0.862072    0.865509   0.0010692
          25    0.862152    0.865375   0.0010343
          26     0.85596    0.865013  0.00105764
          27    0.866408    0.865064  0.00101903
          28    0.870916    0.865273  0.00100395
          29    0.859848    0.865086 0.000986613
          30    0.858408    0.864864 0.000978808
          31    0.865276    0.864877 0.000946801
          32    0.872104    0.865103 0.000944146
          33    0.872036    0.865313 0.000938897
          34    0.867056    0.865364 0.000912306
          35    0.866304    0.865391 0.000886264
          36    0.865868    0.865404 0.000861395
          37    0.866564    0.865436 0.000838377
          38    0.865008    0.865424 0.000816094
          39    0.863064    0.865364 0.000797194
          40     0.87422    0.865585 0.000807937
          41    0.868068    0.865646 0.000790308
          42    0.866672     0.86567 0.000771649
          43     0.88022    0.866009 0.000825978
          44    0.859376    0.865858 0.000820945
          45    0.859336    0.865713 0.000815477
          46     0.87786    0.865977 0.000840131
          47    0.872712     0.86612 0.000834458
          48    0.881188    0.866434 0.000875127
          49    0.877644    0.866663 0.000887088
          50    0.859476    0.866519  0.00088097
          51    0.859752    0.866387 0.000873659
          52    0.864292    0.866346 0.000857639
          53      0.8716    0.866445 0.000847122
          54    0.876784    0.866637 0.000853049
          55    0.870836    0.866713 0.000840869
          56    0.868976    0.866754 0.000826705
          57    0.854404    0.866537 0.000840477
          58    0.874344    0.866672 0.000836756
          59    0.869904    0.866726 0.000824275
          60    0.876972    0.866897 0.000828215
          61    0.866116    0.866884 0.000814626
          62     0.85336    0.866666 0.000830536
          63    0.855484    0.866489 0.000836299
          64    0.861916    0.866417 0.000826223
          65    0.873432    0.866525 0.000820541
          66    0.862228     0.86646 0.000810631
          67    0.859276    0.866353 0.000805608
          68    0.874792    0.866477 0.000803317
          69    0.858584    0.866362 0.000799812
          70      0.8683     0.86639 0.000788789
          71     0.87564     0.86652 0.000788438
          72    0.875904    0.866651 0.000788259
          73    0.862604    0.866595  0.00077936
          74    0.868684    0.866624 0.000769274
          75    0.863004    0.866575  0.00076048
          76    0.856312     0.86644 0.000762461
          77     0.86364    0.866404 0.000753373
          78    0.860472    0.866328  0.00074753
          79    0.875588    0.866445 0.000747257
          80    0.877572    0.866584 0.000750852
          81    0.867108    0.866591 0.000741553
          82    0.871148    0.866646 0.000734559
          83    0.869068    0.866675 0.000726241
          84    0.856416    0.866553 0.000727864
          85    0.861784    0.866497 0.000721435
          86    0.876684    0.866616 0.000722769
          87    0.856744    0.866502 0.000723368
          88     0.86628      0.8665 0.000715105
          89     0.87754    0.866624 0.000717824
          90    0.873264    0.866697 0.000713628
          91    0.858132    0.866603 0.000711992
          92      0.8551    0.866478 0.000715224
          93    0.869132    0.866507 0.000708067
          94    0.866704    0.866509 0.000700497
          95    0.869524    0.866541  0.00069381
          96    0.872016    0.866598  0.00068891
          97     0.87238    0.866657 0.000684372
          98    0.854156     0.86653  0.00068926
          99     0.86632    0.866528 0.000682266
         100    0.866332    0.866526 0.000675411
