           1    -1.07336    -1.07336           0
           2    -1.07507    -1.07422   0.0008536
           3    -1.07556    -1.07467 0.000666558
           4    -1.07414    -1.07453 0.000489625
           5    -1.07619    -1.07486 0.000503179
           6    -1.07765    -1.07533 0.000620288
           7    -1.07772    -1.07567 0.000625495
           8    -1.07526    -1.07562 0.000544081
           9    -1.07706    -1.07578 0.000505937
          10    -1.07785    -1.07599 0.000497842
          11    -1.07745    -1.07612 0.000469585
          12    -1.07323    -1.07588  0.00049173
          13     -1.0782    -1.07606 0.000486155
          14    -1.07782    -1.07618 0.000467468
          15    -1.07337      -1.076 0.000473895
          16    -1.07765     -1.0761 0.000455225
          17    -1.08342    -1.07653 0.000606737
          18    -1.08166    -1.07681 0.000639188
          19    -1.07918    -1.07694 0.000617334
          20    -1.07654    -1.07692 0.000585998
          21    -1.07636    -1.07689 0.000558041
          22    -1.07214    -1.07668 0.000574297
          23    -1.07887    -1.07677    0.000557
          24    -1.07436    -1.07667 0.000542687
          25    -1.07622    -1.07665 0.000520836
          26    -1.06971    -1.07639 0.000567171
          27    -1.07845    -1.07646 0.000551083
          28    -1.07957    -1.07657 0.000542487
          29    -1.07407    -1.07649 0.000530543
          30    -1.07313    -1.07638 0.000524631
          31    -1.07613    -1.07637 0.000507489
          32    -1.08092    -1.07651 0.000511528
          33     -1.0792    -1.07659 0.000502439
          34    -1.07708    -1.07661 0.000487653
          35    -1.07745    -1.07663 0.000474133
          36    -1.07739    -1.07665 0.000461258
          37    -1.07718    -1.07667  0.00044885
          38    -1.07773    -1.07669 0.000437776
          39    -1.07476    -1.07664 0.000429284
          40    -1.08044    -1.07674 0.000429021
          41    -1.07751    -1.07676 0.000418849
          42    -1.07764    -1.07678 0.000409293
          43    -1.08508    -1.07697 0.000443891
          44    -1.07272    -1.07687 0.000444302
          45    -1.07306    -1.07679 0.000442516
          46    -1.08352    -1.07694 0.000456877
          47    -1.07977      -1.077 0.000451087
          48    -1.08405    -1.07714 0.000465421
          49    -1.08342    -1.07727 0.000473505
          50    -1.07382     -1.0772 0.000469037
          51    -1.07373    -1.07713 0.000464751
          52    -1.07591    -1.07711  0.00045633
          53    -1.08101    -1.07718 0.000453635
          54    -1.08312    -1.07729 0.000458544
          55    -1.07921    -1.07733  0.00045147
          56    -1.07836    -1.07735 0.000443719
          57    -1.07042    -1.07723 0.000452472
          58    -1.08311    -1.07733 0.000456023
          59    -1.07814    -1.07734 0.000448438
          60    -1.08263    -1.07743 0.000449612
          61    -1.07726    -1.07743 0.000442189
          62    -1.07042    -1.07731 0.000449424
          63    -1.07088    -1.07721  0.00045387
          64    -1.07531    -1.07718 0.000447708
          65    -1.08315    -1.07727 0.000450228
          66    -1.07477    -1.07724  0.00044497
          67    -1.07474     -1.0772 0.000439855
          68    -1.08117    -1.07726 0.000437264
          69    -1.07261    -1.07719 0.000436107
          70    -1.07744    -1.07719 0.000429847
          71     -1.0817    -1.07726 0.000428484
          72    -1.08288    -1.07734  0.00042966
          73    -1.07549    -1.07731 0.000424488
          74     -1.0807    -1.07736 0.000421217
          75    -1.07548    -1.07733 0.000416315
          76    -1.07259    -1.07727 0.000415509
          77    -1.07639    -1.07726 0.000410235
          78    -1.07296     -1.0772 0.000408675
          79    -1.08088    -1.07725 0.000406143
          80    -1.08388    -1.07733 0.000409517
          81    -1.07925    -1.07736 0.000405125
          82    -1.08041    -1.07739 0.000401879
          83     -1.0783     -1.0774 0.000397159
          84     -1.0713    -1.07733 0.000399074
          85    -1.07383    -1.07729 0.000396498
          86    -1.08308    -1.07736 0.000397604
          87    -1.07141    -1.07729 0.000398902
          88    -1.07717    -1.07729 0.000394345
          89    -1.08324    -1.07735 0.000395592
          90     -1.0821    -1.07741 0.000394712
          91    -1.07327    -1.07736 0.000392993
          92    -1.07083    -1.07729 0.000395132
          93    -1.07828     -1.0773 0.000391005
          94    -1.07549    -1.07728 0.000387302
          95    -1.07789    -1.07729 0.000383256
          96    -1.07911    -1.07731 0.000379716
          97    -1.08056    -1.07734 0.000377278
          98    -1.06944    -1.07726 0.000382014
          99    -1.07518    -1.07724 0.000378721
         100    -1.07655    -1.07723 0.000374979
