           1    0.585061    0.585061           0
           2     0.59268     0.58887  0.00380974
           3    0.606434    0.594725  0.00625398
           4    0.607949    0.598031  0.00552146
           5    0.616719    0.601768  0.00567996
           6    0.618122    0.604494   0.0053793
           7    0.610085    0.605293  0.00461596
           8    0.606147    0.605399  0.00399896
           9    0.601634    0.604981  0.00355148
          10    0.594909    0.603974  0.00333239
          11    0.602708    0.603859  0.00301645
          12    0.607282    0.604144  0.00276837
          13    0.576239    0.601998  0.00333055
          14    0.609892    0.602561  0.00313463
          15     0.60218    0.602536  0.00291829
          16    0.556503    0.599659  0.00396601
          17    0.588892    0.599026  0.00377887
          18    0.553667    0.596506  0.00436387
          19    0.626667    0.598093  0.00442252
          20    0.600939    0.598235  0.00419799
          21    0.586906    0.597696  0.00402936
          22    0.621568    0.598781  0.00399214
          23    0.574676    0.597733  0.00395598
          24    0.617082    0.598539  0.00387242
          25    0.590011    0.598198  0.00372992
          26    0.586847    0.597761  0.00361009
          27    0.606738    0.598094  0.00348968
          28    0.586943    0.597696  0.00338624
          29    0.598216    0.597714  0.00326744
          30    0.606885    0.598019  0.00317142
          31    0.596687    0.597976  0.00306771
          32    0.600233    0.598047  0.00297113
          33     0.59338    0.597905  0.00288316
          34    0.594999     0.59782  0.00279838
          35    0.600645    0.597901  0.00271845
          36    0.594107    0.597795  0.00264396
          37    0.596909    0.597771  0.00257162
          38     0.55112    0.596544  0.00278789
          39    0.609933    0.596887  0.00273708
          40    0.564048    0.596066  0.00279124
          41    0.589513    0.595906    0.002727
          42    0.602784     0.59607  0.00266631
          43    0.551614    0.595036  0.00280132
          44    0.592485    0.594978  0.00273753
          45    0.606066    0.595224  0.00268733
          46    0.580436    0.594903  0.00264785
          47    0.615945    0.595351  0.00262929
          48     0.54658    0.594335  0.00276722
          49    0.574348    0.593927  0.00274068
          50    0.617256    0.594393  0.00272554
          51    0.618463    0.594865  0.00271293
          52    0.605321    0.595066  0.00266783
          53    0.589949     0.59497  0.00261879
          54    0.554939    0.594228  0.00267463
          55    0.557852    0.593567  0.00270757
          56    0.611181    0.593882  0.00267732
          57    0.627315    0.594468  0.00269455
          58    0.583131    0.594273  0.00265489
          59    0.569933     0.59386  0.00264191
          60    0.545272     0.59305  0.00272081
          61    0.589303    0.592989  0.00267654
          62    0.647759    0.593872  0.00277726
          63    0.647843    0.594729  0.00286394
          64    0.621627    0.595149     0.00285
          65    0.575434    0.594846  0.00282216
          66    0.593933    0.594832   0.0027791
          67    0.630572    0.595366   0.0027888
          68    0.595082    0.595361  0.00274749
          69    0.642091    0.596039   0.0027908
          70    0.602694    0.596134  0.00275228
          71    0.601743    0.596213  0.00271439
          72    0.598022    0.596238  0.00267654
          73    0.631385    0.596719  0.00268317
          74    0.571799    0.596383    0.002668
          75    0.595377    0.596369  0.00263222
          76    0.622841    0.596717  0.00262061
          77    0.624496    0.597078  0.00261139
          78    0.652519    0.597789  0.00267389
          79    0.575942    0.597512  0.00265428
          80    0.570893     0.59718  0.00264193
          81    0.584225     0.59702    0.002614
          82    0.595043    0.596996  0.00258204
          83     0.59193    0.596935  0.00255147
          84    0.636953    0.597411  0.00256553
          85    0.589725    0.597321  0.00253678
          86    0.584408     0.59717  0.00251161
          87     0.62233     0.59746  0.00249936
          88    0.617182    0.597684  0.00248093
          89    0.585301    0.597545  0.00245684
          90     0.59273    0.597491  0.00242998
          91    0.621679    0.597757  0.00241778
          92    0.635674    0.598169  0.00242661
          93    0.581365    0.597988  0.00240717
          94    0.587792     0.59788  0.00238389
          95    0.601495    0.597918  0.00235897
          96    0.589065    0.597826  0.00233609
          97    0.583924    0.597682  0.00231632
          98    0.623517    0.597946  0.00230767
          99    0.569889    0.597663  0.00230176
         100    0.611704    0.597803  0.00228294
