           1     1.18319     1.18319           0
           2     1.12414     1.15366   0.0295235
           3      1.1562     1.15451   0.0170664
           4     1.15822     1.15544   0.0121033
           5     1.10724      1.1458   0.0134465
           6     1.20548     1.15574   0.0148155
           7     1.03869     1.13902   0.0208904
           8     1.13193     1.13814   0.0181133
           9     1.17316     1.14203   0.0164416
          10    0.973114     1.12514    0.022396
          11     1.05916     1.11914   0.0211272
          12     1.11139     1.11849   0.0192972
          13     1.06186     1.11414   0.0182777
          14     1.17426     1.11843   0.0174583
          15     1.14517     1.12021   0.0163503
          16     1.02818     1.11446   0.0163402
          17    0.995042     1.10744   0.0168801
          18    0.914568     1.09672   0.0191856
          19     1.14626     1.09933   0.0183341
          20     1.08943     1.09883   0.0174003
          21     1.09706     1.09875   0.0165512
          22      1.2284     1.10464   0.0168454
          23     1.01499     1.10074   0.0165616
          24     1.21227     1.10539   0.0165234
          25     1.13736     1.10667   0.0159002
          26     1.07855     1.10559   0.0153146
          27     1.15809     1.10753   0.0148643
          28     1.00734     1.10395   0.0147638
          29     1.10898     1.10413   0.0142467
          30     1.22813     1.10826   0.0143708
          31     1.08089     1.10738   0.0139275
          32     1.04103     1.10531   0.0136437
          33    0.987154     1.10172   0.0136999
          34     1.13944     1.10283   0.0133371
          35     1.09393     1.10258   0.0129529
          36     1.08678     1.10214   0.0125956
          37     1.05833     1.10096   0.0123076
          38     1.04289     1.09943   0.0120764
          39     1.09928     1.09942   0.0117627
          40    0.937871     1.09539   0.0121554
          41     1.05148     1.09431   0.0119035
          42     1.14922     1.09562     0.01169
          43     0.87396     1.09047   0.0125249
          44     1.11151     1.09095   0.0122463
          45     1.14676     1.09219   0.0120351
          46    0.936104     1.08879   0.0122499
          47     1.03042     1.08755   0.0120506
          48    0.828953     1.08216   0.0129688
          49    0.934689     1.07915   0.0130531
          50     1.21774     1.08193   0.0130863
          51     1.17067     1.08367   0.0129446
          52     1.12361     1.08443   0.0127165
          53     1.06256     1.08402    0.012481
          54    0.986757     1.08222   0.0123795
          55    0.998856      1.0807   0.0122465
          56     1.07591     1.08062   0.0120261
          57     1.23126     1.08326   0.0121052
          58     1.04824     1.08266     0.01191
          59    0.984648       1.081   0.0118237
          60    0.902616     1.07802   0.0119991
          61      1.1282     1.07885   0.0118294
          62     1.26362     1.08183   0.0120126
          63     1.22655     1.08412   0.0120415
          64     1.24393     1.08662    0.012112
          65     1.05779     1.08618   0.0119325
          66     1.15994     1.08729   0.0118033
          67     1.24083     1.08959   0.0118495
          68      1.0012     1.08829   0.0117461
          69     1.24761      1.0906   0.0118027
          70     1.08218     1.09047   0.0116335
          71    0.977492     1.08888   0.0115783
          72     1.00498     1.08772   0.0114757
          73     1.22634     1.08962   0.0114756
          74      1.1325      1.0902   0.0113343
          75     1.10646     1.09041   0.0111843
          76     1.26034     1.09265   0.0112603
          77     1.18699     1.09387   0.0111805
          78     1.17506     1.09492   0.0110852
          79     0.94322       1.093   0.0111111
          80    0.976355     1.09154   0.0110678
          81     1.20133     1.09289   0.0110141
          82     1.05596     1.09244   0.0108882
          83      1.0178     1.09154   0.0107938
          84     1.22073     1.09308   0.0107748
          85     1.12994     1.09351   0.0106561
          86    0.955977     1.09192   0.0106522
          87     1.23387     1.09355   0.0106548
          88     1.12407     1.09389   0.0105387
          89    0.972119     1.09253   0.0105091
          90     1.04864     1.09204   0.0104031
          91     1.20837     1.09332   0.0103672
          92     1.23796     1.09489   0.0103738
          93     1.02908     1.09418    0.010286
          94     0.98342       1.093    0.010244
          95     1.02123     1.09225   0.0101637
          96     1.02398     1.09154   0.0100824
          97     1.01907     1.09079   0.0100058
          98     1.17531     1.09165  0.00994067
          99    0.970715     1.09043  0.00991528
         100     1.13162     1.09084  0.00982427
