32.4411
31.289
30.4208
29.6338
28.8067
28.7541
27.7567
27.1492
26.7972
26.6566
26.0756
25.8637
25.5959
25.4333
25.1302
24.8992
24.8422
24.5334
24.296
23.9254
23.8969
23.8474
23.743
23.4653
23.3485
23.2025
23.1619
23.0234
22.8706
22.7352
22.6413
22.4193
22.077
21.349
20.889
20.3066
19.6994
19.3787
19.1047
18.8835
18.5595
18.4079
18.3656
18.271
18.1996
18.1705
18.1083
18.0413
18.208
18.1478
17.9441
17.9647
17.9087
17.84
17.6302
17.5159
17.3844
17.3426
17.2917
17.3752
17.4007
17.4843
17.2919
17.3113
17.2565
17.6583
17.4846
17.3537
17.2914
17.4556
17.2432
17.3185
17.4475
17.2996
17.3037
17.1176
16.8629
16.8466
16.8148
16.7984
16.7604
16.7419
16.7257
16.7674
16.7008
16.8523
16.8199
16.8195
16.7664
16.6687
16.2287
15.7025
14.9102
14.0761
13.4028
12.9534
12.6896
12.6584
12.5077
12.463
12.4411
12.4381
12.3794
12.349
12.3615
12.3046
12.2972
12.2634
12.2504
12.2434
12.2351
12.2295
12.2295
12.2295
12.2295
12.2295
12.2295
12.2292
12.2283
12.1991
12.0685
11.9125
11.6651
11.4499
11.2746
11.2493
11.1137
11.1702
11.0607
10.8797
10.9102
10.8901
10.9444
10.9052
10.9253
10.8834
10.8362
10.8266
10.8234
10.8183
10.8141
10.8116
10.8007
10.7979
10.7875
10.7775
10.773
10.7633
10.7468
10.7288
10.7123
10.6919
10.6606
10.6208
10.6049
10.5983
10.5869
10.5822
10.5749
10.5681
10.5615
10.5615
10.56
10.5538
10.537
10.5157
10.477
10.4661
10.4506
10.4406
10.4372
10.4361
10.4327
10.4375
10.4301
10.4293
10.4293
10.4293
10.4293
10.4293
10.4293
10.4293
10.4293
10.4293
10.4293
10.4293
10.4293
10.4293
10.4293
10.4293
10.4293
10.4293
10.4293
10.4293
10.4293
10.4293
10.4293
10.4293
10.4293
10.4293
10.4293
10.4293
10.4293
10.4293
10.4293
10.4293
10.4293
10.4293
10.4293
10.4293
10.4293
10.4293
10.4293
10.4293
10.4293
10.4293
10.4293
10.4293
10.4293
10.4293
10.4293
10.4293
10.4293
10.4293
10.429
10.429
10.4262
10.4214
10.4124
10.4093
10.4044
10.403
10.401
10.3982
10.3982
10.3974
10.3944
10.3876
10.3761
10.3701
10.359
10.3468
10.3495
10.3404
10.3381
10.3328
10.3297
10.3297
10.3297
10.3297
10.3297
10.3297
10.3297
10.3297
10.3297
10.3297
10.3297
10.3297
10.3297
10.3297
10.3297
10.3297
10.3297
10.3297
10.3281
10.3214
10.3114
10.2848
10.2615
10.2315
10.2182
10.1865
10.1906
10.1799
10.1799
10.1799
10.1799
10.1799
10.1799
10.1799
10.1799
10.1799
10.1799
10.1799
10.1799
10.1799
10.1799
10.1799
10.1889
10.1799
10.1799
10.1799
10.1799
10.1799
10.1799
10.1799
10.1799
10.1799
10.1799
10.1799
10.1799
10.1799
10.1799
10.1799
10.1799
10.1799
10.1799
10.1799
10.1799
10.1799
10.1799
10.2175
10.2024
10.2536
10.1864
10.2292
10.2432
10.2381
10.2015
10.1799
10.1891
10.1806
10.1799
10.1799
10.1799
10.1799
10.1799
10.1799
10.1799
10.1799
10.1799
10.1799
10.1799
10.1799
10.1799
10.1799
10.1799
10.1799
10.1799
10.1799
10.1799
10.1799
10.1799
10.1799
10.1799
10.1799
10.1799
10.1799
10.1799
10.1799
10.1799
10.1799
10.1799
10.1799
10.1799
10.1799
10.1799
10.1799
10.1799
10.1799
10.1799
10.1799
10.1799
10.1799
10.1799
10.1799
10.1799
10.1799
10.1799
10.1799
10.1799
10.1799
10.1799
10.1799
10.1799
10.1799
10.1799
10.1799
10.1799
10.1799
10.1799
10.1799
10.1799
10.1799
10.1799
10.1799
10.1799
10.1799
10.1799
10.1799
10.1799
10.1799
10.1799
10.1799
10.1799
10.1799
10.1799
10.1799
10.1799
10.1799
10.1799
10.1799
10.1799
10.1799
10.1799
10.1799
10.1799
10.1799
10.1799
10.1799
10.1799
10.1799
10.1799
10.1799
10.1799
10.1799
10.1799
10.1799
10.1799
10.1799
10.1799
10.1799
10.1799
10.1799
10.1799
10.1799
10.1799
10.1799
10.1799
10.1799
10.1799
10.1799
10.1799
10.1799
10.1799
10.1799
10.1799
10.1799
10.1799
10.1799
10.1799
10.1799
10.1799
10.1799
10.1799
10.1799
10.1799
10.1799
10.1799
10.1799
10.1799
10.1799
10.1799
10.1799
10.1799
10.1799
10.1799
10.1799
10.1799
10.1799
10.1799
10.1799
10.1799
10.1799
10.1799
10.1799
10.1799
10.1799
10.1799
10.1799
10.1799
10.1799
10.1799
10.1799
10.1799
10.1799
10.1799
10.1799
10.1799
10.1799
10.1802
10.1799
10.1799
10.1828
10.1841
10.1799
10.1799
10.1799
10.2181
10.1832
10.1799
10.1799
10.1799
10.1799
10.1799
10.1799
10.1799
10.1799
10.1799
10.1799
