28.2009
26.1956
26.1956
25.9364
25.8826
25.8826
25.8826
25.1784
25.1567
25.1567
24.9146
24.5719
24.1243
23.7445
23.7445
23.7445
23.3338
23.3338
23.3338
23.1876
22.983
22.7788
22.6562
22.3053
22.3053
21.9663
21.9216
21.9216
21.9216
18.7099
18.7099
18.7099
18.7099
18.367
18.367
18.367
18.3216
18.3216
18.3216
18.218
18.1782
18.1536
18.0293
17.9696
17.7248
17.7248
17.5948
17.5948
17.5948
17.499
17.35
17.35
17.35
17.2832
17.2832
17.2832
17.2832
17.0842
17.0842
17.0416
17.0416
17.0416
17.0117
17.0117
17.0117
17.0117
16.9609
16.9131
16.8832
16.8832
16.7503
16.7503
16.7503
16.7503
16.7503
16.7503
16.7503
16.7503
16.7503
16.7503
16.5627
16.5627
16.5627
16.5627
16.552
16.552
16.552
16.552
16.552
12.5166
12.5166
12.5166
12.4041
12.4041
12.4041
12.4041
12.4041
12.4041
12.3419
12.2918
12.2918
12.2295
12.2295
12.2295
12.2295
12.2295
12.2295
12.2295
12.2295
12.2295
12.2295
12.2295
12.2295
12.2295
12.2295
12.2295
12.2295
12.2013
12.2013
11.0037
10.829
10.829
10.829
10.829
10.829
10.829
10.829
10.829
10.829
10.829
10.829
10.829
10.829
10.829
10.829
10.8153
10.8153
10.8153
10.7682
10.7682
10.7682
10.7682
10.7682
10.7682
10.7682
10.708
10.708
10.6217
10.6217
10.6217
10.6217
10.5615
10.5615
10.5615
10.5615
10.5615
10.5615
10.5615
10.5615
10.5615
10.5615
10.5615
10.4293
10.4293
10.4293
10.4293
10.4293
10.4293
10.4293
10.4293
10.4293
10.4293
10.4293
10.4293
10.4293
10.4293
10.4293
10.4293
10.4293
10.4293
10.4293
10.4293
10.4293
10.4293
10.4293
10.4293
10.4293
10.4293
10.4293
10.4293
10.4293
10.4293
10.4293
10.4293
10.4293
10.4293
10.4293
10.4293
10.4293
10.4293
10.4293
10.4293
10.4293
10.4293
10.4293
10.4293
10.4293
10.4293
10.4293
10.4293
10.4293
10.4293
10.4293
10.4293
10.4293
10.4293
10.4293
10.4293
10.4293
10.4293
10.4293
10.4293
10.4293
10.4293
10.3982
10.3982
10.3982
10.3982
10.3982
10.3982
10.3982
10.3982
10.3982
10.3982
10.3982
10.3297
10.3297
10.3297
10.3297
10.3297
10.3297
10.3297
10.3297
10.3297
10.3297
10.3297
10.3297
10.3297
10.3297
10.3297
10.3297
10.3297
10.3297
10.3297
10.3297
10.3297
10.3297
10.3297
10.3297
10.3297
10.3297
10.3297
10.3297
10.3297
10.1799
10.1799
10.1799
10.1799
10.1799
10.1799
10.1799
10.1799
10.1799
10.1799
10.1799
10.1799
10.1799
10.1799
10.1799
10.1799
10.1799
10.1799
10.1799
10.1799
10.1799
10.1799
10.1799
10.1799
10.1799
10.1799
10.1799
10.1799
10.1799
10.1799
10.1799
10.1799
10.1799
10.1799
10.1799
10.1799
10.1799
10.1799
10.1799
10.1799
10.1799
10.1799
10.1799
10.1799
10.1799
10.1799
10.1799
10.1799
10.1799
10.1799
10.1799
10.1799
10.1799
10.1799
10.1799
10.1799
10.1799
10.1799
10.1799
10.1799
10.1799
10.1799
10.1799
10.1799
10.1799
10.1799
10.1799
10.1799
10.1799
10.1799
10.1799
10.1799
10.1799
10.1799
10.1799
10.1799
10.1799
10.1799
10.1799
10.1799
10.1799
10.1799
10.1799
10.1799
10.1799
10.1799
10.1799
10.1799
10.1799
10.1799
10.1799
10.1799
10.1799
10.1799
10.1799
10.1799
10.1799
10.1799
10.1799
10.1799
10.1799
10.1799
10.1799
10.1799
10.1799
10.1799
10.1799
10.1799
10.1799
10.1799
10.1799
10.1799
10.1799
10.1799
10.1799
10.1799
10.1799
10.1799
10.1799
10.1799
10.1799
10.1799
10.1799
10.1799
10.1799
10.1799
10.1799
10.1799
10.1799
10.1799
10.1799
10.1799
10.1799
10.1799
10.1799
10.1799
10.1799
10.1799
10.1799
10.1799
10.1799
10.1799
10.1799
10.1799
10.1799
10.1799
10.1799
10.1799
10.1799
10.1799
10.1799
10.1799
10.1799
10.1799
10.1799
10.1799
10.1799
10.1799
10.1799
10.1799
10.1799
10.1799
10.1799
10.1799
10.1799
10.1799
10.1799
10.1799
10.1799
10.1799
10.1799
10.1799
10.1799
10.1799
10.1799
10.1799
10.1799
10.1799
10.1799
10.1799
10.1799
10.1799
10.1799
10.1799
10.1799
10.1799
10.1799
10.1799
10.1799
10.1799
10.1799
10.1799
10.1799
10.1799
10.1799
10.1799
10.1799
10.1799
10.1799
10.1799
10.1799
10.1799
10.1799
10.1799
10.1799
10.1799
10.1799
10.1799
10.1799
10.1799
10.1799
10.1799
10.1799
10.1799
10.1799
10.1799
10.1799
10.1799
10.1799
10.1799
10.1799
10.1799
10.1799
10.1799
10.1799
10.1799
10.1799
10.1799
10.1799
10.1799
10.1799
10.1799
10.1799
10.1799
10.1799
10.1799
