           1    0.534306    0.534306           0
           2    0.507446    0.520876   0.0134297
           3    0.544104    0.528619   0.0109577
           4    0.546703     0.53314  0.00897086
           5    0.539954    0.534503  0.00708117
           6    0.525239    0.532959  0.00598434
           7    0.535583    0.533334  0.00507156
           8    0.544632    0.534746  0.00461358
           9    0.548363    0.536259  0.00434101
          10    0.555776    0.538211  0.00434565
          11    0.528545    0.537332   0.0040278
          12      0.5768    0.540621  0.00493322
          13    0.519605    0.539004  0.00481726
          14     0.56867    0.541123  0.00493771
          15    0.545053    0.541385  0.00460422
          16      0.5045     0.53908  0.00488502
          17    0.538722    0.539059  0.00458873
          18    0.485925    0.536107  0.00523741
          19     0.55042     0.53686  0.00501104
          20     0.53312    0.536673  0.00475757
          21    0.525547    0.536144  0.00455626
          22    0.558212    0.537147  0.00445853
          23      0.5541    0.537884  0.00432356
          24    0.541609    0.538039   0.0041424
          25    0.474295    0.535489  0.00472101
          26     0.54075    0.535692  0.00454031
          27    0.526671    0.535357  0.00438167
          28    0.519084    0.534776   0.0042621
          29    0.548301    0.535243  0.00413886
          30    0.552457    0.535816  0.00403949
          31    0.547231    0.536185  0.00392432
          32    0.544405    0.536442  0.00380838
          33    0.513428    0.535744  0.00375647
          34    0.515233    0.535141  0.00369391
          35    0.524579    0.534839  0.00359949
          36    0.515039    0.534289  0.00354104
          37      0.5389    0.534414  0.00344626
          38    0.489094    0.533221  0.00356005
          39     0.55577    0.533799  0.00351544
          40     0.51479    0.533324  0.00345923
          41    0.538001    0.533438  0.00337573
          42    0.537716     0.53354  0.00329595
          43    0.483814    0.532384  0.00341984
          44     0.54805     0.53274  0.00336013
          45     0.54727    0.533063  0.00330044
          46    0.514609    0.532661  0.00325273
          47    0.554991    0.533136  0.00321803
          48    0.493031    0.532301   0.0032592
          49    0.508998    0.531825  0.00322722
          50    0.551551     0.53222  0.00318653
          51    0.548237    0.532534  0.00313918
          52    0.529854    0.532482  0.00307865
          53    0.510328    0.532064  0.00304879
          54    0.509402    0.531645  0.00302109
          55    0.500458    0.531078  0.00301938
          56    0.535764    0.531161  0.00296615
          57    0.512197    0.530829  0.00293258
          58    0.525925    0.530744  0.00288282
          59    0.521955    0.530595  0.00283745
          60    0.492144    0.529954  0.00286242
          61    0.543843    0.530182  0.00282429
          62    0.579308    0.530974  0.00288914
          63    0.568322    0.531567  0.00290406
          64    0.528763    0.531523  0.00285866
          65    0.512179    0.531226  0.00283003
          66    0.531487     0.53123  0.00278683
          67    0.542236    0.531394  0.00274983
          68    0.543045    0.531565   0.0027145
          69    0.537388     0.53165   0.0026762
          70    0.542363    0.531803  0.00264213
          71    0.525522    0.531714  0.00260615
          72    0.527488    0.531656  0.00257037
          73    0.557047    0.532003  0.00255867
          74     0.50535    0.531643  0.00254943
          75    0.525874    0.531566  0.00251638
          76    0.544194    0.531732   0.0024886
          77    0.560703    0.532109  0.00248472
          78    0.549147    0.532327  0.00246237
          79    0.512297    0.532074  0.00244418
          80    0.500927    0.531684  0.00244464
          81    0.511128     0.53143  0.00242757
          82    0.513137    0.531207  0.00240814
          83    0.540357    0.531318   0.0023815
          84    0.557414    0.531628   0.0023734
          85    0.551461    0.531862  0.00235689
          86    0.523664    0.531766  0.00233127
          87    0.560052    0.532091  0.00232714
          88     0.54798    0.532272  0.00230762
          89    0.525086    0.532191  0.00228297
          90    0.532118     0.53219  0.00225746
          91    0.518461     0.53204  0.00223761
          92    0.555187    0.532291  0.00222741
          93    0.534422    0.532314  0.00220345
          94    0.516772    0.532149  0.00218614
          95    0.522544    0.532048  0.00216537
          96    0.516176    0.531882  0.00214906
          97    0.542891    0.531996  0.00212982
          98    0.540572    0.532083  0.00210979
          99    0.508722    0.531847  0.00210166
         100    0.540417    0.531933   0.0020823
