           1     0.88443     0.88443           0
           2    0.896661    0.890545  0.00611542
           3    0.922088     0.90106   0.0110914
           4     0.95387    0.914262   0.0153564
           5    0.816409    0.894692    0.022902
           6    0.961387    0.905807   0.0217539
           7     0.83824    0.896155   0.0207652
           8    0.892159    0.895655   0.0179901
           9    0.943041    0.900921   0.0167166
          10    0.859536    0.896782   0.0155139
          11    0.830478    0.890754   0.0152727
          12     1.05264    0.904245   0.0194002
          13    0.885356    0.902792   0.0179046
          14     1.00323    0.909966   0.0180624
          15    0.943964    0.912233   0.0169672
          16    0.825811    0.906831   0.0167653
          17    0.873564    0.904874   0.0158694
          18    0.755612    0.896582   0.0171061
          19    0.910785     0.89733    0.016198
          20    0.871683    0.896047   0.0154202
          21    0.893856    0.895943   0.0146679
          22     1.01668    0.901431   0.0150235
          23    0.941117    0.903156   0.0144588
          24     0.90573    0.903263   0.0138436
          25    0.740923     0.89677   0.0147811
          26    0.911002    0.897317   0.0142118
          27    0.784279    0.893131   0.0143018
          28    0.808691    0.890115   0.0141077
          29    0.926329    0.891364   0.0136696
          30     1.05311    0.896755   0.0142643
          31    0.901532    0.896909   0.0137974
          32    0.879891    0.896377   0.0133698
          33    0.739165    0.891613   0.0138063
          34    0.867267    0.890897   0.0134132
          35     0.81656    0.888773   0.0131964
          36    0.792073    0.886087   0.0131029
          37    0.846186    0.885009   0.0127894
          38    0.792943    0.882586   0.0126818
          39    0.923748    0.883642   0.0123974
          40    0.789222    0.881281   0.0123119
          41    0.890615    0.881509     0.01201
          42    0.857665    0.880941   0.0117343
          43    0.725622    0.877329    0.012014
          44    0.907785    0.878021   0.0117582
          45    0.963624    0.879923   0.0116503
          46    0.789813    0.877965   0.0115614
          47     0.85389    0.877452   0.0113243
          48     0.68272    0.873395   0.0118049
          49    0.764519    0.871173    0.011773
          50    0.949066    0.872731   0.0116399
          51    0.901273    0.873291   0.0114231
          52    0.857778    0.872993   0.0112052
          53    0.829775    0.872177    0.011022
          54     0.80427     0.87092   0.0108888
          55    0.726517    0.868294   0.0110067
          56    0.828401    0.867582   0.0108318
          57    0.842308    0.867138   0.0106493
          58    0.833497    0.866558   0.0104802
          59    0.863905    0.866513   0.0103011
          60     0.70118    0.863758   0.0104961
          61    0.895677    0.864281   0.0103359
          62     1.01429    0.866701   0.0104517
          63     1.05139    0.869632   0.0106941
          64    0.832056    0.869045   0.0105421
          65    0.842804    0.868641   0.0103865
          66    0.844709    0.868279   0.0102343
          67    0.933152    0.869247   0.0101268
          68    0.816564    0.868472   0.0100068
          69    0.902079    0.868959  0.00987273
          70     0.87602     0.86906  0.00973119
          71    0.760646    0.867533  0.00971392
          72    0.829089    0.866999  0.00959293
          73    0.943482    0.868047  0.00951844
          74    0.856606    0.867892  0.00939021
          75    0.833344    0.867432   0.0092756
          76    0.970658     0.86879  0.00925297
          77    0.888043     0.86904  0.00913544
          78    0.923192    0.869734  0.00904424
          79    0.791028    0.868738  0.00898443
          80    0.786802    0.867714  0.00893034
          81     0.91617    0.868312  0.00883967
          82    0.785651    0.867304   0.0087892
          83    0.901519    0.867716  0.00869244
          84    0.989261    0.869163  0.00870938
          85     1.03909    0.871162  0.00883543
          86    0.770127    0.869987  0.00881077
          87     1.00021    0.871484   0.0088366
          88    0.896222    0.871765  0.00874013
          89    0.788972    0.870835  0.00869129
          90    0.843973    0.870537  0.00859936
          91    0.854269    0.870358  0.00850622
          92    0.930799    0.871015  0.00843886
          93    0.872533    0.871031  0.00834765
          94    0.785702    0.870123   0.0083081
          95    0.848602    0.869897  0.00822331
          96     0.83333    0.869516  0.00814611
          97    0.829192      0.8691   0.0080724
          98    0.930672    0.869728  0.00801427
          99    0.780447    0.868827    0.007984
         100    0.926394    0.869402   0.0079247
