           1    0.895588    0.895588           0
           2    0.897356    0.896472    0.000884
           3    0.896268    0.896404 0.000514888
           4    0.890988     0.89505   0.0014021
           5    0.904308    0.896902  0.00214661
           6      0.9008    0.897551  0.00186926
           7    0.904196    0.898501  0.00184305
           8    0.899876    0.898673  0.00160537
           9    0.895236    0.898291  0.00146638
          10    0.899008    0.898362  0.00131353
          11    0.902568    0.898745  0.00124814
          12    0.889552    0.897979  0.00137297
          13    0.899256    0.898077  0.00126677
          14    0.896416    0.897958  0.00117878
          15    0.895544    0.897797  0.00110913
          16       0.897    0.897748  0.00103869
          17    0.899948    0.897877 0.000984229
          18    0.907328    0.898402  0.00106619
          19     0.89966    0.898468  0.00101068
          20    0.898136    0.898452 0.000958964
          21    0.898784    0.898467 0.000912294
          22    0.888504    0.898015 0.000980674
          23     0.89554    0.897907 0.000943222
          24    0.896348    0.897842   0.0009054
          25    0.907528    0.898229 0.000950936
          26    0.891684    0.897978 0.000947679
          27    0.906772    0.898303 0.000968329
          28    0.901712    0.898425 0.000941012
          29    0.891164    0.898175 0.000941874
          30    0.888496    0.897852 0.000965439
          31    0.896008    0.897793  0.00093567
          32    0.899796    0.897855 0.000908119
          33    0.905512    0.898087 0.000910238
          34     0.89974    0.898136 0.000884398
          35    0.902624    0.898264 0.000868279
          36    0.902584    0.898384 0.000852305
          37    0.898864    0.898397 0.000829051
          38    0.900796     0.89846 0.000809405
          39    0.893824    0.898341  0.00079729
          40    0.902608    0.898448 0.000784388
          41    0.896472      0.8984 0.000766534
          42    0.903012     0.89851 0.000756078
          43    0.909712     0.89877 0.000782903
          44    0.895436    0.898694 0.000768647
          45    0.894144    0.898593 0.000758145
          46    0.903796    0.898706 0.000750057
          47    0.900476    0.898744  0.00073489
          48      0.9096     0.89897  0.00075413
          49    0.907996    0.899154 0.000761203
          50    0.894692    0.899065 0.000751144
          51    0.900356     0.89909 0.000736704
          52    0.900568    0.899119 0.000722956
          53    0.902948    0.899191 0.000712855
          54    0.905148    0.899301 0.000708174
          55    0.907744    0.899455 0.000711924
          56    0.904212     0.89954 0.000704238
          57    0.896792    0.899492  0.00069345
          58    0.907284    0.899626 0.000694508
          59    0.894564     0.89954 0.000688006
          60    0.907368    0.899671 0.000688908
          61     0.90024     0.89968 0.000677585
          62      0.8905    0.899532 0.000682813
          63    0.894188    0.899447 0.000677221
          64    0.898892    0.899438 0.000666611
          65    0.905224    0.899527 0.000662284
          66     0.89766    0.899499 0.000652786
          67    0.895468    0.899439 0.000645778
          68    0.905664    0.899531 0.000642763
          69    0.899868    0.899535 0.000633398
          70    0.896384     0.89949 0.000625905
          71    0.906804    0.899593 0.000625566
          72    0.904148    0.899657 0.000620051
          73    0.898852    0.899646 0.000611598
          74    0.904076    0.899706  0.00060624
          75    0.899648    0.899705 0.000598102
          76      0.8908    0.899588 0.000601698
          77    0.899576    0.899587 0.000593833
          78     0.89532    0.899533 0.000588718
          79    0.903824    0.899587 0.000583751
          80    0.908752    0.899702 0.000587682
          81    0.901644    0.899726 0.000580877
          82      0.9046    0.899785  0.00057682
          83    0.896224    0.899742 0.000571441
          84     0.89214    0.899652 0.000571805
          85    0.887744    0.899512 0.000582145
          86    0.906484    0.899593  0.00058102
          87    0.891308    0.899497 0.000582144
          88      0.8991    0.899493 0.000575508
          89    0.906748    0.899574 0.000574815
          90    0.902228    0.899604 0.000569157
          91    0.900664    0.899616 0.000562988
          92     0.89614    0.899578 0.000558115
          93    0.899932    0.899582 0.000552094
          94      0.9013      0.8996 0.000546495
          95    0.900608     0.89961 0.000540816
          96    0.904164    0.899658 0.000537251
          97    0.902992    0.899692 0.000532793
          98    0.888776    0.899581 0.000538965
          99    0.898516     0.89957 0.000533601
         100    0.898968    0.899564 0.000528273
