           1    -1.10298    -1.10298           0
           2     -1.1054    -1.10419   0.0012088
           3     -1.1025    -1.10363 0.000896638
           4    -1.10209    -1.10324 0.000740963
           5    -1.10664    -1.10392 0.000888863
           6    -1.10875    -1.10473  0.00108377
           7    -1.10709    -1.10506 0.000976008
           8    -1.10507    -1.10507 0.000845248
           9    -1.10392    -1.10494 0.000756241
          10    -1.10385    -1.10483 0.000685106
          11    -1.10633    -1.10497 0.000634533
          12    -1.09997    -1.10455 0.000713115
          13    -1.10564    -1.10463 0.000661341
          14    -1.10485    -1.10465  0.00061248
          15    -1.10344    -1.10457 0.000575815
          16     -1.1037    -1.10451 0.000541332
          17    -1.10597     -1.1046 0.000515681
          18    -1.11031    -1.10492 0.000580367
          19    -1.10612    -1.10498 0.000552583
          20    -1.10527      -1.105 0.000524422
          21    -1.10579    -1.10503 0.000500255
          22    -1.09957    -1.10478 0.000537681
          23    -1.10234    -1.10468 0.000524652
          24    -1.10286     -1.1046 0.000507988
          25    -1.11148    -1.10488  0.00055957
          26    -1.10033     -1.1047 0.000565371
          27    -1.10957    -1.10488 0.000573121
          28    -1.10642    -1.10494 0.000555002
          29    -1.10068    -1.10479  0.00055528
          30    -1.09952    -1.10462 0.000564462
          31    -1.10292    -1.10456 0.000548679
          32    -1.10574     -1.1046 0.000532538
          33    -1.10741    -1.10468 0.000523117
          34    -1.10588    -1.10472  0.00050871
          35     -1.1068    -1.10478 0.000497546
          36      -1.107    -1.10484 0.000487469
          37    -1.10479    -1.10484 0.000474113
          38    -1.10719     -1.1049 0.000465603
          39    -1.10216    -1.10483  0.00045893
          40    -1.10683    -1.10488 0.000450106
          41    -1.10261    -1.10482 0.000442455
          42    -1.10707    -1.10488 0.000435101
          43    -1.11214    -1.10505 0.000457216
          44     -1.1027    -1.10499  0.00044989
          45    -1.10316    -1.10495 0.000441653
          46    -1.10788    -1.10502 0.000436604
          47    -1.10553    -1.10503 0.000427352
          48    -1.11033    -1.10514 0.000432682
          49    -1.11125    -1.10526  0.00044172
          50    -1.10204     -1.1052 0.000437561
          51    -1.10686    -1.10523 0.000430137
          52     -1.1051    -1.10523 0.000421791
          53    -1.10813    -1.10528 0.000417352
          54     -1.1089    -1.10535 0.000414996
          55     -1.1088    -1.10541 0.000412195
          56    -1.10758    -1.10545 0.000406611
          57    -1.10422    -1.10543 0.000399995
          58     -1.1109    -1.10552 0.000404182
          59    -1.10278    -1.10548 0.000399992
          60     -1.1085    -1.10553 0.000396477
          61    -1.10543    -1.10553 0.000389926
          62     -1.1011    -1.10546 0.000390173
          63    -1.10338    -1.10542 0.000385338
          64    -1.10398     -1.1054  0.00037994
          65    -1.11029    -1.10547 0.000381549
          66    -1.10348    -1.10544 0.000376932
          67     -1.1038    -1.10542 0.000372077
          68    -1.10856    -1.10547 0.000369455
          69    -1.10595    -1.10547 0.000364129
          70    -1.10271    -1.10543 0.000361056
          71    -1.10889    -1.10548 0.000359245
          72    -1.10868    -1.10553 0.000356989
          73    -1.10546    -1.10553 0.000352067
          74    -1.10951    -1.10558 0.000351428
          75    -1.10568    -1.10558 0.000346713
          76    -1.10097    -1.10552 0.000347463
          77    -1.10559    -1.10552 0.000342922
          78    -1.10287    -1.10549 0.000340197
          79    -1.10757    -1.10551 0.000336899
          80    -1.11234     -1.1056 0.000343438
          81    -1.10808    -1.10563 0.000340552
          82    -1.10898    -1.10567  0.00033884
          83    -1.10352    -1.10564 0.000335737
          84      -1.101    -1.10559   0.0003363
          85    -1.09928    -1.10552 0.000340497
          86    -1.10955    -1.10556 0.000339774
          87    -1.10128    -1.10551 0.000339437
          88    -1.10513    -1.10551 0.000335585
          89    -1.10945    -1.10555 0.000334729
          90     -1.1072    -1.10557 0.000331493
          91    -1.10644    -1.10558 0.000327969
          92     -1.1034    -1.10556 0.000325252
          93     -1.1056    -1.10556 0.000321736
          94    -1.10596    -1.10556 0.000318323
          95    -1.10622    -1.10557  0.00031503
          96    -1.10769    -1.10559 0.000312513
          97    -1.10695     -1.1056 0.000309592
          98    -1.09863    -1.10553 0.000314579
          99    -1.10347    -1.10551 0.000312081
         100    -1.10523    -1.10551 0.000308958
