           1     0.62355     0.62355           0
           2     0.62985      0.6267   0.0031501
           3    0.655712    0.636371  0.00984025
           4    0.638169     0.63682  0.00697262
           5    0.674832    0.644423  0.00932564
           6    0.658363    0.646746  0.00796091
           7     0.66216    0.648948  0.00707937
           8    0.659634    0.650284  0.00627473
           9    0.643881    0.649572  0.00557934
          10    0.672581    0.651873  0.00549521
          11    0.640275    0.650819  0.00508119
          12     0.69649    0.654625  0.00600003
          13     0.64812    0.654124  0.00554186
          14    0.658306    0.654423  0.00513946
          15    0.626607    0.652569  0.00513138
          16     0.67936    0.654243  0.00508364
          17    0.666732    0.654978  0.00483143
          18    0.623468    0.653227   0.0048799
          19    0.657601    0.653457  0.00462166
          20    0.657916     0.65368  0.00439016
          21    0.623779    0.652257  0.00441196
          22    0.638483     0.65163  0.00425297
          23    0.647715     0.65146  0.00406742
          24    0.654244    0.651576  0.00389599
          25    0.659543    0.651895  0.00375046
          26    0.644075    0.651594  0.00361586
          27    0.669662    0.652263  0.00354313
          28    0.668239    0.652834  0.00346159
          29    0.653255    0.652848  0.00334012
          30    0.661076    0.653123   0.0032385
          31    0.653856    0.653146  0.00313238
          32    0.654365    0.653184  0.00303315
          33    0.658682    0.653351  0.00294452
          34    0.685481    0.654296  0.00300885
          35     0.68259    0.655104   0.0030314
          36    0.673518    0.655616  0.00299006
          37     0.66419    0.655848  0.00291735
          38    0.658314    0.655912  0.00284028
          39    0.641727    0.655549   0.0027903
          40    0.686096    0.656312  0.00282484
          41    0.670416    0.656656  0.00277647
          42    0.645561    0.656392   0.0027224
          43    0.676515     0.65686  0.00269921
          44    0.643698    0.656561  0.00265407
          45     0.67002     0.65686   0.0026116
          46    0.645421    0.656611  0.00256627
          47    0.658982    0.656662  0.00251158
          48     0.64235    0.656364  0.00247672
          49    0.627511    0.655775  0.00249609
          50      0.6721    0.656101  0.00246736
          51    0.650507    0.655992  0.00242098
          52    0.666541    0.656195  0.00238262
          53    0.640689    0.655902  0.00235547
          54    0.662072    0.656016  0.00231427
          55    0.663944     0.65616  0.00227637
          56    0.659984    0.656229  0.00223639
          57    0.652265    0.656159   0.0021979
          58    0.625901    0.655637  0.00222179
          59     0.64085    0.655387  0.00219815
          60    0.668173      0.6556  0.00217168
          61    0.651014    0.655525  0.00213711
          62    0.666742    0.655706  0.00211012
          63     0.66112    0.655792  0.00207814
          64    0.654606    0.655773  0.00204549
          65    0.685427    0.656229  0.00206481
          66     0.65389    0.656194  0.00203359
          67    0.663162    0.656298  0.00200571
          68    0.651733    0.656231  0.00197713
          69    0.647067    0.656098  0.00195279
          70    0.632006    0.655754  0.00195522
          71    0.664795    0.655881  0.00193169
          72    0.692749    0.656393   0.0019723
          73    0.656616    0.656396  0.00194509
          74    0.652603    0.656345  0.00191931
          75    0.676866    0.656619  0.00191322
          76    0.675242    0.656864  0.00190371
          77    0.695153    0.657361  0.00194352
          78    0.659064    0.657383  0.00191856
          79    0.658171    0.657393  0.00189415
          80    0.668611    0.657533  0.00187557
          81    0.651627     0.65746   0.0018537
          82    0.652973    0.657405  0.00183178
          83    0.668758    0.657542  0.00181473
          84    0.698785    0.658033  0.00185901
          85    0.673236    0.658212   0.0018457
          86    0.648064    0.658094  0.00182792
          87    0.648007    0.657978  0.00181051
          88    0.682268    0.658254  0.00181097
          89    0.645053    0.658106  0.00179664
          90    0.666878    0.658203  0.00177924
          91     0.65999    0.658223  0.00175969
          92    0.636688    0.657989  0.00175613
          93    0.657228    0.657981  0.00173716
          94    0.659234    0.657994  0.00171863
          95    0.648414    0.657893  0.00170343
          96    0.647205    0.657782  0.00168927
          97    0.660201    0.657807  0.00167195
          98    0.685404    0.658088  0.00167859
          99    0.660235     0.65811  0.00166169
         100    0.679204    0.658321  0.00165846
