           1   -0.881918   -0.881918           0
           2   -0.875026   -0.878472   0.0034464
           3   -0.873392   -0.876779  0.00261278
           4   -0.881543    -0.87797   0.0021982
           5    -0.88351   -0.879078  0.00203155
           6   -0.878628   -0.879003  0.00166045
           7   -0.874902   -0.878417  0.00152073
           8   -0.877262   -0.878273  0.00132489
           9   -0.883776   -0.878884  0.00131878
          10   -0.872673   -0.878263   0.0013331
          11   -0.881343   -0.878543  0.00123792
          12   -0.872363   -0.878028  0.00124187
          13    -0.87581   -0.877857  0.00115502
          14   -0.877944   -0.877864  0.00106936
          15   -0.880823   -0.878061  0.00101488
          16   -0.869158   -0.877504  0.00110038
          17   -0.874711    -0.87734   0.0010466
          18   -0.874958   -0.877208 0.000995578
          19   -0.871394   -0.876902 0.000990182
          20    -0.87503   -0.876808 0.000944022
          21   -0.872657   -0.876611 0.000919448
          22   -0.874006   -0.876492 0.000884615
          23    -0.87662   -0.876498 0.000845297
          24   -0.872301   -0.876323 0.000827988
          25   -0.875762     -0.8763 0.000794495
          26   -0.877972   -0.876365 0.000766028
          27   -0.882248   -0.876583 0.000768643
          28   -0.876004   -0.876562 0.000740971
          29   -0.873026    -0.87644 0.000725289
          30   -0.868934    -0.87619 0.000744022
          31   -0.875791   -0.876177 0.000719736
          32   -0.876466   -0.876186  0.00069694
          33   -0.872849   -0.876085 0.000683019
          34   -0.873634   -0.876013 0.000666536
          35   -0.883379   -0.876223 0.000680574
          36   -0.878806   -0.876295 0.000665279
          37   -0.872586   -0.876195 0.000654767
          38   -0.876182   -0.876194 0.000637303
          39   -0.879764   -0.876286 0.000627458
          40   -0.869284   -0.876111  0.00063613
          41   -0.871871   -0.876008 0.000628979
          42   -0.875531   -0.875996 0.000613926
          43   -0.879105   -0.876069 0.000603822
          44   -0.864874   -0.875814 0.000642466
          45    -0.88066   -0.875922 0.000637192
          46   -0.884259   -0.876103 0.000649009
          47   -0.875894   -0.876099 0.000635065
          48   -0.872813    -0.87603 0.000625451
          49    -0.87903   -0.876091 0.000615605
          50   -0.871545      -0.876 0.000609983
          51   -0.869157   -0.875866 0.000612776
          52   -0.876828   -0.875885 0.000601161
          53   -0.882611   -0.876012 0.000603212
          54   -0.881055   -0.876105 0.000599259
          55   -0.870694   -0.876007 0.000596434
          56   -0.876814   -0.876021 0.000585864
          57   -0.869142     -0.8759 0.000588013
          58   -0.881505   -0.875997  0.00058581
          59   -0.873052   -0.875947 0.000577955
          60   -0.870926   -0.875863 0.000574371
          61   -0.873026   -0.875817 0.000566789
          62   -0.873642   -0.875782 0.000558674
          63   -0.875691    -0.87578 0.000549737
          64   -0.877259   -0.875803 0.000541572
          65   -0.877606   -0.875831 0.000533895
          66   -0.875543   -0.875827 0.000525762
          67   -0.878522   -0.875867 0.000519415
          68   -0.876201   -0.875872 0.000511743
          69   -0.872769   -0.875827 0.000506273
          70   -0.878457   -0.875865 0.000500401
          71   -0.878342   -0.875899 0.000494535
          72   -0.873554   -0.875867 0.000488706
          73   -0.872411    -0.87582 0.000484284
          74    -0.87209   -0.875769 0.000480345
          75   -0.867363   -0.875657 0.000486971
          76   -0.874487   -0.875642 0.000480767
          77   -0.876834   -0.875657 0.000474735
          78   -0.876022   -0.875662 0.000468632
          79   -0.882702   -0.875751 0.000471166
          80    -0.88031   -0.875808 0.000468715
          81   -0.873839   -0.875784  0.00046353
          82    -0.87871   -0.875819 0.000459231
          83   -0.875504   -0.875815  0.00045368
          84   -0.865804   -0.875696 0.000463821
          85   -0.866901   -0.875593 0.000469868
          86   -0.878159   -0.875623  0.00046533
          87   -0.881671   -0.875692 0.000465175
          88   -0.877052   -0.875708 0.000460118
          89   -0.881015   -0.875767 0.000458811
          90    -0.87784    -0.87579 0.000454268
          91   -0.878233   -0.875817  0.00045005
          92   -0.870705   -0.875762 0.000448586
          93   -0.874678    -0.87575 0.000443889
          94     -0.8707   -0.875696 0.000442416
          95   -0.886604   -0.875811 0.000452542
          96   -0.877398   -0.875828 0.000448108
          97   -0.881295   -0.875884 0.000447033
          98   -0.874723   -0.875872 0.000442606
          99   -0.873234   -0.875845 0.000438922
         100   -0.871779   -0.875805 0.000436409
