           1    0.632552    0.632552           0
           2    0.619528     0.62604    0.006512
           3     0.61568    0.622587  0.00510499
           4    0.635316    0.625769  0.00481224
           5    0.643992    0.629414  0.00521323
           6     0.62218    0.628208  0.00442402
           7    0.626708    0.627994  0.00374511
           8    0.627028    0.627873  0.00324561
           9     0.63508    0.628674  0.00297226
          10    0.618604    0.627667  0.00284279
          11    0.634436    0.628282  0.00264401
          12    0.621456    0.627713  0.00247977
          13    0.619732    0.627099  0.00236224
          14     0.62064    0.626638  0.00223514
          15    0.637276    0.627347  0.00219834
          16    0.603152    0.625835  0.00255252
          17    0.617316    0.625334  0.00244949
          18    0.623192    0.625215  0.00231246
          19    0.615452    0.624701  0.00224691
          20    0.622708    0.624601  0.00213394
          21    0.615964     0.62419  0.00207103
          22    0.616192    0.623827  0.00200784
          23     0.62566    0.623906  0.00192021
          24    0.620824    0.623778  0.00184294
          25    0.617132    0.623512  0.00178756
          26     0.62594    0.623605  0.00171997
          27     0.63932    0.624187   0.0017544
          28      0.6247    0.624206  0.00169068
          29    0.611368    0.623763  0.00169034
          30    0.609312    0.623281  0.00170259
          31    0.624196    0.623311  0.00164701
          32    0.618012    0.623145  0.00160329
          33    0.615284    0.622907   0.0015721
          34    0.620528    0.622837  0.00152676
          35    0.639776    0.623321   0.0015595
          36    0.625592    0.623384  0.00151687
          37    0.616492    0.623198  0.00148702
          38    0.619552    0.623102  0.00145053
          39     0.62986    0.623275  0.00142344
          40      0.6081    0.622896  0.00143833
          41    0.610716    0.622599  0.00143392
          42    0.624576    0.622646  0.00140015
          43    0.623644    0.622669   0.0013674
          44    0.599448    0.622141  0.00143643
          45      0.6325    0.622371  0.00142289
          46    0.636136    0.622671  0.00142342
          47    0.623832    0.622695  0.00139302
          48    0.621784    0.622676  0.00136382
          49    0.630668     0.62284  0.00134562
          50    0.612484    0.622632   0.0013346
          51    0.613064    0.622445  0.00132156
          52     0.61934    0.622385  0.00129727
          53    0.628416    0.622499  0.00127763
          54    0.630036    0.622638   0.0012615
          55    0.609428    0.622398  0.00126143
          56    0.630988    0.622552  0.00124816
          57    0.604508    0.622235  0.00126627
          58    0.633644    0.622432   0.0012597
          59     0.62138    0.622414  0.00123829
          60    0.615628    0.622301  0.00122272
          61    0.616928    0.622213  0.00120573
          62    0.618732    0.622157  0.00118745
          63    0.622496    0.622162  0.00116846
          64    0.623856    0.622189  0.00115037
          65    0.624188    0.622219  0.00113295
          66    0.621476    0.622208  0.00111571
          67    0.626568    0.622273  0.00110085
          68    0.623644    0.622293  0.00108473
          69    0.613844    0.622171  0.00107589
          70    0.630004    0.622283  0.00106629
          71    0.629232    0.622381  0.00105571
          72    0.625128    0.622419  0.00104165
          73    0.615536    0.622324   0.0010316
          74    0.608212    0.622134  0.00103528
          75    0.606736    0.621928  0.00104181
          76    0.617796    0.621874  0.00102945
          77    0.625048    0.621915  0.00101683
          78    0.619192     0.62188  0.00100431
          79    0.635188    0.622049  0.00100572
          80    0.630268    0.622152 0.000998374
          81    0.620356    0.622129 0.000986221
          82    0.632148    0.622252 0.000981751
          83     0.62012    0.622226 0.000970191
          84     0.60582    0.622031 0.000978266
          85    0.608584    0.621872 0.000979547
          86    0.626996    0.621932 0.000969921
          87    0.636716    0.622102 0.000973652
          88     0.62642    0.622151 0.000963774
          89    0.631396    0.622255 0.000958529
          90     0.62724     0.62231 0.000949436
          91    0.622804    0.622316  0.00093896
          92    0.614764    0.622234 0.000932318
          93    0.623632    0.622249 0.000922362
          94      0.6127    0.622147 0.000918133
          95     0.64358    0.622373 0.000936014
          96    0.631072    0.622463 0.000930635
          97    0.632236    0.622564 0.000926485
          98    0.623376    0.622572  0.00091702
          99    0.624008    0.622587 0.000907825
         100    0.614416    0.622505 0.000902408
