           1     1.71872     1.71872           0
           2     1.88494     1.80183   0.0831146
           3     1.98941     1.86436    0.078818
           4     1.78879     1.84546   0.0588478
           5     1.79399     1.83517   0.0467316
           6     1.94919     1.85417   0.0426263
           7     1.93118     1.86517   0.0376681
           8     1.83997     1.86202   0.0327733
           9     1.82455     1.85786   0.0292016
          10     1.94415     1.86649   0.0275073
          11     1.83626     1.86374   0.0250326
          12     2.05123     1.87936   0.0276822
          13     2.03019     1.89097   0.0279825
          14     1.96981      1.8966   0.0265119
          15     1.74249     1.88633   0.0267341
          16     2.06688     1.89761   0.0274357
          17     1.93244     1.89966   0.0258526
          18     1.83737      1.8962   0.0246185
          19     1.93615      1.8983   0.0233815
          20     1.94776     1.90077   0.0223191
          21       1.833     1.89755   0.0214736
          22     1.98711     1.90162   0.0208751
          23     1.81875     1.89801   0.0202696
          24      1.8541     1.89618   0.0194927
          25     2.04605     1.90218   0.0196342
          26     1.86645      1.9008   0.0189139
          27      1.7966     1.89695   0.0186046
          28     2.02564     1.90154   0.0185076
          29     1.96835     1.90385    0.018006
          30      1.9799     1.90638   0.0175792
          31     1.87396     1.90533   0.0170349
          32     1.95957     1.90703   0.0165808
          33     1.95258     1.90841   0.0161297
          34     2.03171     1.91204   0.0160628
          35     1.94543     1.91299   0.0156263
          36     1.96629     1.91447    0.015258
          37     1.86026     1.91301    0.014912
          38     1.97589     1.91466   0.0146083
          39     1.90058      1.9143   0.0142334
          40     2.13587     1.91984    0.014938
          41      2.0443     1.92287   0.0148819
          42     1.83015     1.92067   0.0146901
          43     2.00172     1.92255   0.0144678
          44     2.04662     1.92537   0.0144136
          45     1.93669     1.92562   0.0140919
          46     1.83669     1.92369   0.0139171
          47     1.89586      1.9231   0.0136306
          48      1.8748     1.92209   0.0133815
          49      1.8147      1.9199   0.0132876
          50     2.01649     1.92183   0.0131617
          51      1.8599     1.92062    0.012958
          52     2.04819     1.92307   0.0129411
          53     1.94292     1.92344   0.0127001
          54     1.91634     1.92331   0.0124634
          55     2.01569     1.92499   0.0123494
          56     1.90298      1.9246   0.0121332
          57      2.0095     1.92609   0.0120112
          58      1.7893     1.92373   0.0120356
          59     1.82371     1.92204   0.0119507
          60     1.94971      1.9225   0.0117589
          61     1.90648     1.92223   0.0115675
          62     1.87558     1.92148   0.0114043
          63     1.93615     1.92171   0.0112242
          64     1.96414     1.92238   0.0110673
          65     2.02592     1.92397   0.0110115
          66     1.92168     1.92394   0.0108435
          67     1.95319     1.92437   0.0106893
          68     1.93044     1.92446   0.0105313
          69     1.97939     1.92526   0.0104081
          70     1.93225     1.92536   0.0102588
          71     1.88915     1.92485   0.0101261
          72     1.96832     1.92545   0.0100027
          73     1.93052     1.92552  0.00986498
          74     2.06713     1.92743  0.00991715
          75      2.0563     1.92915  0.00993375
          76     1.97662     1.92978  0.00982205
          77     1.99403     1.93061   0.0097295
          78     1.95927     1.93098  0.00961098
          79      1.8467     1.92991  0.00954833
          80     1.94554     1.93011  0.00943024
          81     1.94287     1.93027  0.00931442
          82     1.81455     1.92885  0.00930773
          83     2.04664     1.93027  0.00930377
          84     2.13719     1.93274  0.00951666
          85     2.08816     1.93456  0.00958016
          86     1.90586     1.93423  0.00947399
          87      1.8129     1.93284  0.00946773
          88     1.98505     1.93343  0.00937832
          89     1.85635     1.93256  0.00931271
          90     1.92776     1.93251  0.00920881
          91     1.95422     1.93275  0.00911017
          92     1.87869     1.93216  0.00902975
          93     1.84434     1.93122  0.00898191
          94     1.91989      1.9311  0.00888666
          95     1.73675     1.92905  0.00902747
          96      1.7535     1.92722   0.0091182
          97      1.9208     1.92716  0.00902395
          98     1.95477     1.92744  0.00893584
          99     1.80042     1.92615  0.00893769
         100     2.15672     1.92846  0.00914333
