           1     2.42825     2.42825           0
           2     2.47882     2.45354   0.0252853
           3     2.55689     2.48799   0.0374153
           4     2.47643      2.4851   0.0266138
           5     2.44853     2.47778   0.0218736
           6     2.41021     2.46652   0.0211144
           7     2.55915     2.47975    0.022216
           8     2.47641     2.47934   0.0192442
           9     2.53824     2.48588     0.01819
          10      2.5997     2.49726   0.0198555
          11     2.57546     2.50437   0.0193156
          12     2.52056     2.50572   0.0176842
          13      2.5851     2.51183   0.0173754
          14     2.64627     2.52143    0.018735
          15     2.59852     2.52657   0.0181827
          16     2.57417     2.52954   0.0172665
          17     2.48076     2.52667    0.016471
          18      2.5783     2.52954   0.0157916
          19     2.52377     2.52924   0.0149405
          20     2.43855      2.5247   0.0148813
          21     2.51464     2.52422   0.0141631
          22     2.45405     2.52103   0.0138756
          23     2.40206     2.51586    0.014232
          24     2.51713     2.51591   0.0136262
          25     2.35229     2.50937    0.014617
          26     2.33831     2.50279   0.0155082
          27     2.49542     2.50252   0.0149253
          28     2.46121     2.50104   0.0144579
          29     2.52995     2.50204    0.013986
          30     2.54982     2.50363   0.0136053
          31     2.34846     2.49863   0.0140789
          32     2.57578     2.50104   0.0138434
          33     2.53265       2.502   0.0134515
          34     2.47638     2.50124   0.0130716
          35      2.5719     2.50326   0.0128522
          36     2.58796     2.50561   0.0127098
          37     2.23474     2.49829   0.0143667
          38     2.45775     2.49723   0.0140241
          39     2.44933       2.496   0.0137149
          40     2.46725     2.49528   0.0133869
          41     2.51431     2.49574   0.0130646
          42      2.4332     2.49425   0.0128364
          43     2.53168     2.49512   0.0125645
          44     2.54868     2.49634   0.0123358
          45     2.57871     2.49817   0.0121967
          46     2.48785     2.49795   0.0119308
          47     2.29999     2.49374   0.0124107
          48     2.53431     2.49458   0.0121788
          49     2.69753     2.49872   0.0126263
          50     2.51239       2.499   0.0123742
          51     2.53471      2.4997   0.0121493
          52      2.5885      2.5014   0.0120352
          53      2.6825     2.50482   0.0122904
          54     2.40573     2.50299   0.0121994
          55     2.65269     2.50571    0.012281
          56     2.59085     2.50723   0.0121552
          57     2.39076     2.50519   0.0121136
          58     2.49705     2.50504   0.0119037
          59     2.43729      2.5039   0.0117565
          60     2.51381     2.50406     0.01156
          61     2.46365      2.5034   0.0113882
          62      2.6223     2.50532    0.011366
          63     2.51831     2.50552    0.011186
          64     2.52999     2.50591   0.0110165
          65     2.45407     2.50511    0.010875
          66     2.38031     2.50322   0.0108746
          67     2.36287     2.50112   0.0109139
          68     2.59499      2.5025   0.0108405
          69      2.6326     2.50439   0.0108473
          70     2.54509     2.50497   0.0107071
          71     2.57717     2.50599    0.010604
          72     2.60384     2.50735   0.0105437
          73     2.54169     2.50782   0.0104089
          74      2.6182     2.50931   0.0103751
          75     2.37129     2.50747   0.0103999
          76     2.37068     2.50567   0.0104188
          77     2.52223     2.50588   0.0102848
          78      2.4609     2.50531   0.0101685
          79     2.47451     2.50492   0.0100465
          80     2.67442     2.50704   0.0101439
          81     2.50113     2.50696   0.0100181
          82     2.62224     2.50837  0.00999458
          83     2.61657     2.50967  0.00995912
          84     2.46636     2.50916  0.00985334
          85     2.65986     2.51093  0.00989683
          86     2.55723     2.51147  0.00979588
          87     2.66462     2.51323  0.00984135
          88     2.50987     2.51319  0.00972895
          89     2.69177      2.5152  0.00982607
          90     2.55132      2.5156  0.00972456
          91     2.52468      2.5157  0.00961762
          92     2.61694      2.5168  0.00957595
          93     2.53804     2.51703  0.00947517
          94     2.56936     2.51758  0.00939035
          95     2.60649     2.51852  0.00933799
          96     2.47163     2.51803  0.00925311
          97     2.45426     2.51737  0.00918079
          98     2.57517     2.51796  0.00910574
          99     2.70179     2.51982  0.00920258
         100     2.70211     2.52164  0.00929067
