           1    0.290964    0.290964           0
           2    0.288786    0.289875  0.00108867
           3    0.299168    0.292973  0.00316075
           4    0.291977    0.292724  0.00224881
           5    0.300846    0.294348  0.00238186
           6    0.296404    0.294691  0.00197472
           7    0.294667    0.294687  0.00166895
           8    0.297705    0.295065  0.00149375
           9    0.301797    0.295813  0.00151493
          10    0.288628    0.295094   0.0015337
          11    0.290207     0.29465  0.00145669
          12    0.292261    0.294451  0.00134459
          13    0.295151    0.294505  0.00123802
          14    0.289948    0.294179   0.0011915
          15    0.289407    0.293861  0.00115396
          16    0.308324    0.294765  0.00140792
          17    0.297895    0.294949  0.00133526
          18    0.302507    0.295369  0.00132708
          19    0.294644    0.295331  0.00125587
          20    0.294852    0.295307  0.00119167
          21    0.292591    0.295177  0.00114085
          22    0.292706    0.295065  0.00109355
          23    0.287124     0.29472  0.00110049
          24    0.294187    0.294698  0.00105387
          25    0.294104    0.294674  0.00101112
          26    0.293039    0.294611 0.000973482
          27    0.300579    0.294832 0.000962461
          28      0.2837    0.294434  0.00100908
          29    0.298715    0.294582 0.000984787
          30    0.293165    0.294535 0.000952567
          31    0.302881    0.294804 0.000959858
          32    0.294684      0.2948 0.000929386
          33    0.293279    0.294754 0.000901962
          34    0.291087    0.294646 0.000881656
          35    0.303747    0.294906 0.000894715
          36    0.288718    0.294734 0.000886334
          37    0.290493     0.29462 0.000869635
          38    0.283272    0.294321 0.000897576
          39    0.292838    0.294283 0.000875085
          40    0.290219    0.294182 0.000858957
          41    0.289976    0.294079 0.000844003
          42    0.299967    0.294219 0.000835506
          43    0.294848    0.294234 0.000815975
          44    0.296992    0.294297 0.000799676
          45    0.294356    0.294298 0.000781705
          46    0.295374    0.294321  0.00076488
          47    0.292158    0.294275 0.000749844
          48    0.289811    0.294182 0.000739925
          49    0.295286    0.294205 0.000725017
          50     0.30208    0.294362 0.000727619
          51    0.300102    0.294475 0.000722036
          52    0.297375    0.294531 0.000710208
          53    0.292314    0.294489 0.000697933
          54    0.296013    0.294517 0.000685468
          55    0.292461     0.29448 0.000673927
          56    0.298566    0.294553 0.000665794
          57    0.291644    0.294502 0.000655998
          58    0.291258    0.294446  0.00064701
          59    0.291326    0.294393 0.000638144
          60    0.295695    0.294414 0.000627794
          61     0.29593    0.294439 0.000617916
          62    0.288179    0.294338 0.000616196
          63    0.301474    0.294452 0.000616824
          64    0.294078    0.294446 0.000607138
          65    0.295363     0.29446 0.000597891
          66    0.290141    0.294394 0.000592387
          67    0.295014    0.294404 0.000583552
          68    0.297969    0.294456 0.000577293
          69     0.28707    0.294349  0.00057885
          70    0.291413    0.294307  0.00057206
          71    0.285164    0.294178 0.000578462
          72    0.288625    0.294101 0.000575562
          73    0.288123    0.294019 0.000573501
          74    0.295356    0.294037 0.000565986
          75    0.290342    0.293988 0.000560558
          76     0.28243    0.293836 0.000573659
          77    0.294755    0.293848 0.000566285
          78    0.295904    0.293874 0.000559599
          79     0.28646     0.29378 0.000560386
          80    0.296136     0.29381  0.00055412
          81    0.291842    0.293786 0.000547775
          82    0.295321    0.293804 0.000541378
          83    0.302027    0.293903 0.000543914
          84    0.295673    0.293924 0.000537813
          85    0.282005    0.293784 0.000549636
          86    0.294282     0.29379 0.000543238
          87    0.291097    0.293759 0.000537849
          88    0.290563    0.293723 0.000532941
          89    0.303124    0.293828 0.000537403
          90    0.286776     0.29375 0.000537145
          91    0.293013    0.293742 0.000531271
          92    0.286768    0.293666 0.000530904
          93    0.297419    0.293706 0.000526713
          94     0.29352    0.293704 0.000521083
          95    0.282717    0.293589 0.000528383
          96      0.2875    0.293525 0.000526683
          97    0.291029      0.2935  0.00052186
          98    0.289647     0.29346 0.000518001
          99    0.299634    0.293523  0.00051652
         100    0.292453    0.293512 0.000511441
