           1    -0.58152    -0.58152           0
           2   -0.585104   -0.583312    0.001792
           3   -0.581744   -0.582789  0.00115914
           4   -0.580496   -0.582216  0.00100026
           5   -0.581744   -0.582122 0.000780525
           6    -0.58628   -0.582815 0.000941534
           7   -0.583368   -0.582894 0.000799658
           8    -0.58064   -0.582612 0.000747632
           9   -0.584264   -0.582796 0.000684422
          10   -0.584656   -0.582982 0.000639812
          11   -0.582808   -0.582966 0.000578947
          12   -0.584112   -0.583061 0.000537066
          13   -0.585288   -0.583233 0.000522878
          14     -0.5838   -0.583273 0.000485785
          15   -0.582896   -0.583248 0.000452939
          16     -0.5832   -0.583245 0.000423697
          17   -0.582232   -0.583185  0.00040243
          18   -0.582256   -0.583134 0.000382912
          19    -0.58328   -0.583141  0.00036228
          20    -0.58068   -0.583018 0.000365061
          21   -0.585008   -0.583113 0.000359935
          22   -0.581808   -0.583054 0.000348274
          23   -0.584048   -0.583097 0.000335583
          24   -0.584488   -0.583155 0.000326482
          25   -0.582008   -0.583109 0.000316493
          26    -0.58268   -0.583093 0.000304525
          27   -0.579192   -0.582948 0.000326706
          28   -0.578904   -0.582804 0.000346372
          29    -0.57884   -0.582667 0.000361083
          30   -0.582808   -0.582672 0.000348871
          31   -0.582904   -0.582679 0.000337513
          32   -0.583624   -0.582709 0.000328126
          33    -0.58224   -0.582695 0.000318345
          34   -0.582328   -0.582684 0.000309028
          35    -0.58608   -0.582781 0.000315368
          36   -0.581128   -0.582735 0.000309902
          37   -0.580376   -0.582671 0.000308079
          38   -0.582032   -0.582654 0.000300334
          39   -0.582568   -0.582652  0.00029254
          40    -0.57712   -0.582514 0.000316904
          41   -0.586304   -0.582606 0.000322607
          42   -0.585432   -0.582674  0.00032194
          43   -0.585152   -0.582731 0.000319605
          44   -0.582224    -0.58272 0.000312469
          45   -0.583448   -0.582736 0.000305875
          46   -0.582592   -0.582733 0.000299168
          47   -0.581904   -0.582715 0.000293264
          48   -0.582552   -0.582712  0.00028711
          49   -0.585696   -0.582773 0.000287709
          50   -0.581792   -0.582753 0.000282578
          51   -0.585936   -0.582815 0.000283926
          52   -0.582008     -0.5828 0.000278845
          53   -0.582552   -0.582795 0.000273573
          54   -0.580216   -0.582747 0.000272675
          55   -0.586896   -0.582823 0.000278096
          56   -0.579808   -0.582769 0.000278341
          57   -0.582568   -0.582765 0.000273437
          58   -0.582184   -0.582755 0.000268868
          59   -0.585376     -0.5828 0.000267979
          60   -0.581776   -0.582783 0.000264026
          61   -0.583192    -0.58279 0.000259749
          62    -0.58276   -0.582789 0.000255525
          63   -0.581296   -0.582765 0.000252551
          64   -0.582608   -0.582763 0.000248586
          65   -0.585048   -0.582798 0.000247244
          66   -0.578512   -0.582733 0.000251981
          67   -0.578152   -0.582665 0.000257437
          68   -0.580816   -0.582638 0.000255076
          69    -0.58348    -0.58265 0.000251649
          70   -0.579952   -0.582611 0.000251004
          71   -0.581248   -0.582592 0.000248187
          72   -0.582656   -0.582593 0.000244717
          73   -0.581576   -0.582579 0.000241743
          74   -0.583688   -0.582594 0.000238925
          75   -0.582304    -0.58259 0.000235749
          76    -0.57936   -0.582548 0.000236477
          77   -0.582472   -0.582547 0.000233388
          78   -0.582744   -0.582549  0.00023039
          79   -0.583328   -0.582559 0.000227669
          80   -0.584448   -0.582583 0.000226042
          81   -0.580736    -0.58256 0.000224395
          82    -0.58088   -0.582539 0.000222586
          83   -0.583016   -0.582545 0.000219963
          84   -0.581384   -0.582531 0.000217768
          85   -0.583752   -0.582546 0.000215669
          86    -0.58492   -0.582573 0.000214927
          87   -0.583816   -0.582587 0.000212922
          88   -0.581344   -0.582573 0.000210962
          89    -0.58716   -0.582625 0.000214851
          90   -0.581616   -0.582614 0.000212746
          91   -0.584312   -0.582632 0.000211221
          92   -0.583112   -0.582638 0.000208978
          93   -0.583016   -0.582642 0.000206758
          94   -0.584264   -0.582659 0.000205274
          95   -0.587776   -0.582713 0.000210123
          96   -0.580632   -0.582691 0.000209049
          97    -0.58388   -0.582703 0.000207246
          98   -0.585552   -0.582732 0.000207169
          99   -0.581376   -0.582719 0.000205523
         100   -0.583336   -0.582725 0.000203551
