           1   -0.723712   -0.723712           0
           2   -0.726248    -0.72498    0.001268
           3   -0.722168   -0.724043  0.00118934
           4   -0.718624   -0.722688  0.00159449
           5   -0.720336   -0.722218  0.00132163
           6   -0.726152   -0.722873  0.00126272
           7    -0.72344   -0.722954  0.00107026
           8   -0.723792   -0.723059 0.000932767
           9   -0.722576   -0.723005 0.000824372
          10   -0.721144   -0.722819 0.000760472
          11    -0.72268   -0.722807 0.000687989
          12   -0.718624   -0.722458 0.000718279
          13   -0.721352   -0.722373 0.000666175
          14   -0.724112   -0.722497 0.000629144
          15   -0.716344   -0.722087 0.000715065
          16   -0.719552   -0.721928 0.000687389
          17   -0.722416   -0.721957 0.000646326
          18   -0.717232   -0.721695 0.000663501
          19   -0.720784   -0.721647 0.000629437
          20   -0.718632   -0.721496 0.000615868
          21   -0.721192   -0.721482 0.000585986
          22     -0.7214   -0.721478 0.000558728
          23   -0.719776   -0.721404 0.000538986
          24   -0.721096   -0.721391 0.000516199
          25   -0.723736   -0.721485 0.000503928
          26    -0.71936   -0.721403 0.000491007
          27   -0.719256   -0.721324 0.000479117
          28   -0.724384   -0.721433  0.00047445
          29   -0.720464   -0.721399 0.000459015
          30   -0.721152   -0.721391 0.000443527
          31   -0.720688   -0.721369 0.000429581
          32   -0.724488   -0.721466 0.000427211
          33     -0.7234   -0.721525  0.00041819
          34   -0.718912   -0.721448 0.000412917
          35    -0.72256    -0.72148 0.000402203
          36   -0.721664   -0.721485 0.000390904
          37   -0.720848   -0.721467 0.000380582
          38   -0.722448   -0.721493 0.000371329
          39   -0.721576   -0.721495 0.000361688
          40   -0.719152   -0.721437 0.000357365
          41    -0.72208   -0.721452 0.000348893
          42   -0.721336    -0.72145 0.000340496
          43   -0.723624     -0.7215 0.000336306
          44   -0.722216   -0.721517 0.000328976
          45   -0.724344   -0.721579 0.000327663
          46   -0.720648   -0.721559   0.0003211
          47   -0.722256   -0.721574 0.000314543
          48   -0.716376   -0.721466 0.000326408
          49    -0.72192   -0.721475 0.000319811
          50   -0.717984   -0.721405 0.000321034
          51   -0.719696   -0.721372 0.000316456
          52   -0.721632   -0.721377 0.000310351
          53   -0.721152   -0.721372 0.000304468
          54    -0.72112   -0.721368 0.000298813
          55   -0.722112   -0.721381 0.000293642
          56   -0.718608   -0.721332 0.000292572
          57    -0.72156   -0.721336 0.000287422
          58    -0.72512   -0.721401 0.000289861
          59    -0.72148   -0.721402 0.000284909
          60   -0.724896   -0.721461 0.000286108
          61   -0.723448   -0.721493 0.000283259
          62   -0.720408   -0.721476 0.000279202
          63    -0.71984    -0.72145 0.000275958
          64   -0.722056   -0.721459 0.000271778
          65   -0.721304   -0.721457 0.000267574
          66    -0.71656   -0.721383 0.000273735
          67   -0.718808   -0.721344 0.000272343
          68   -0.718928   -0.721309 0.000270651
          69   -0.722064    -0.72132 0.000266924
          70   -0.721944   -0.721328 0.000263234
          71   -0.718624    -0.72129 0.000262281
          72   -0.717696    -0.72124 0.000263387
          73   -0.721816   -0.721248 0.000259874
          74   -0.722528   -0.721266  0.00025692
          75     -0.7212   -0.721265 0.000253473
          76   -0.723344   -0.721292 0.000251608
          77   -0.718056    -0.72125  0.00025185
          78   -0.720912   -0.721246 0.000248638
          79    -0.72032   -0.721234  0.00024575
          80   -0.720904    -0.72123 0.000242694
          81    -0.72176   -0.721236 0.000239768
          82   -0.720568   -0.721228 0.000236966
          83   -0.720344   -0.721218 0.000234336
          84   -0.723128    -0.72124 0.000232644
          85   -0.718232   -0.721205 0.000232599
          86   -0.718608   -0.721175 0.000231853
          87   -0.720752    -0.72117 0.000229224
          88   -0.720568   -0.721163 0.000226708
          89   -0.722776   -0.721181 0.000224878
          90   -0.716616    -0.72113 0.000228077
          91    -0.72148   -0.721134 0.000225589
          92   -0.722744   -0.721152 0.000223809
          93   -0.719424   -0.721133 0.000222167
          94    -0.72192   -0.721142 0.000219951
          95   -0.721944    -0.72115 0.000217787
          96   -0.719056   -0.721128 0.000216607
          97   -0.724352   -0.721161 0.000216924
          98   -0.723024    -0.72118 0.000215538
          99   -0.717928   -0.721148 0.000215865
         100   -0.723704   -0.721173 0.000215219
