           1     6.07165     6.07165           0
           2     5.33139     5.70152    0.370131
           3     5.97657      5.7932    0.232533
           4     5.83769     5.80433    0.164802
           5     5.77604     5.79867     0.12778
           6     6.30303     5.88273    0.133982
           7     5.58804     5.84063    0.120808
           8     5.33789     5.77779    0.122045
           9     5.36663      5.7321    0.116928
          10     5.50297     5.70919    0.107064
          11     5.69808     5.70818   0.0968483
          12     5.90679     5.72473   0.0899459
          13     5.45278     5.70381   0.0853419
          14     5.45822     5.68627   0.0809352
          15     5.27567      5.6589    0.080165
          16     5.36553     5.64056   0.0771966
          17       5.577     5.63682   0.0726099
          18     5.74373     5.64276   0.0687144
          19     5.28902     5.62414   0.0676113
          20     4.97909     5.59189   0.0717941
          21      5.3381     5.57981   0.0693509
          22     5.53998       5.578   0.0661483
          23     5.54711     5.57665   0.0632211
          24     5.50454     5.57365   0.0606041
          25     5.59249      5.5744   0.0581343
          26     5.08347     5.55552    0.058959
          27     5.48529     5.55292   0.0567929
          28     5.82714     5.56271   0.0555964
          29      5.4126     5.55754   0.0538942
          30     5.36777     5.55121   0.0524496
          31     5.52001      5.5502   0.0507395
          32     5.64896     5.55329   0.0492251
          33     5.94233     5.56508   0.0491451
          34     5.62703      5.5669   0.0477125
          35     5.69655      5.5706   0.0464771
          36     5.61212     5.57176   0.0451823
          37      5.6862     5.57485   0.0440529
          38     5.94917      5.5847   0.0439949
          39     5.43684     5.58091   0.0430194
          40     5.25868     5.57285   0.0426969
          41     5.62154     5.57404   0.0416595
          42     5.14299     5.56378   0.0419309
          43     5.62602     5.56523   0.0409697
          44     5.65372     5.56724   0.0400783
          45     6.42751     5.58635    0.043593
          46     5.20911     5.57815   0.0434163
          47     5.46212     5.57568   0.0425542
          48     5.10524     5.56588   0.0427956
          49     5.40654     5.56263   0.0420391
          50     5.19423     5.55526   0.0418436
          51     5.66142     5.55735   0.0410677
          52     5.91535     5.56423   0.0408545
          53     5.65382     5.56592   0.0401118
          54     5.23018      5.5597     0.03985
          55     5.82691     5.56456   0.0394193
          56     5.58608     5.56495   0.0387109
          57     5.23116     5.55909   0.0384739
          58     5.51456     5.55832   0.0378126
          59     5.60719     5.55915   0.0371754
          60     5.75874     5.56248   0.0367016
          61     6.18847     5.57274   0.0375254
          62     5.81816      5.5767   0.0371268
          63     5.20748     5.57084   0.0369998
          64     5.76136     5.57381   0.0365386
          65     5.20205     5.56809   0.0364239
          66     5.53121     5.56754   0.0358722
          67     5.31466     5.56376   0.0355337
          68     5.66416     5.56524   0.0350384
          69     5.57852     5.56543   0.0345274
          70     6.36901     5.57691   0.0359147
          71     5.37041       5.574   0.0355245
          72     5.53055      5.5734   0.0350328
          73     5.49815     5.57237   0.0345649
          74     5.88213     5.57655   0.0343506
          75     5.56967     5.57646   0.0338897
          76     5.86679     5.58028   0.0336583
          77     5.17579     5.57503   0.0336311
          78     5.58713     5.57518   0.0331975
          79     5.70472     5.57682   0.0328155
          80     5.73489      5.5788   0.0324629
          81     5.96821     5.58361   0.0324181
          82      5.9463     5.58803   0.0323244
          83     5.69118     5.58927   0.0319567
          84     5.87152     5.59263   0.0317523
          85     6.18455      5.5996     0.03214
          86     5.39623     5.59723   0.0318519
          87     5.53534     5.59652   0.0314917
          88     5.41252     5.59443    0.031202
          89     6.06656     5.59973   0.0313022
          90     5.43612     5.59792   0.0310058
          91      5.2002     5.59355    0.030973
          92     5.74009     5.59514   0.0306759
          93     5.50189     5.59414   0.0303608
          94     5.57943     5.59398   0.0300365
          95     5.43516     5.59231   0.0297656
          96     5.47691     5.59111   0.0294785
          97     5.67137     5.59193   0.0291847
          98      5.8686     5.59476    0.029023
          99     5.49751     5.59377   0.0287452
         100     6.29437     5.60078    0.029306
