           1    0.411252    0.411252           0
           2    0.404232    0.407742   0.0035103
           3    0.398669    0.404717  0.00364067
           4    0.410633    0.406196  0.00296884
           5    0.401185    0.405194  0.00250853
           6     0.39275     0.40312  0.00291488
           7    0.402711    0.403062  0.00246422
           8    0.390652     0.40151  0.00263827
           9    0.402132     0.40158  0.00232776
          10    0.398068    0.401228  0.00211141
          11    0.406976    0.401751  0.00198003
          12    0.408147    0.402284  0.00188445
          13    0.391435    0.401449  0.00192386
          14    0.397106    0.401139  0.00180796
          15    0.392122    0.400538  0.00178725
          16    0.407053    0.400945  0.00172069
          17    0.385557     0.40004  0.00185251
          18    0.405634    0.400351    0.001774
          19    0.385879    0.399589  0.00184281
          20    0.393443    0.399282  0.00177505
          21    0.381455    0.398433  0.00188979
          22    0.387674    0.397944  0.00186703
          23    0.396851    0.397896  0.00178464
          24    0.382628     0.39726  0.00182325
          25    0.387284    0.396861  0.00179375
          26    0.399269    0.396954  0.00172587
          27    0.403442    0.397194  0.00167801
          28    0.399655    0.397282  0.00161936
          29    0.390338    0.397043  0.00158076
          30    0.387753    0.396733  0.00155823
          31    0.398737    0.396798  0.00150851
          32    0.391472    0.396631  0.00147006
          33    0.397116    0.396646   0.0014249
          34    0.399131    0.396719  0.00138428
          35    0.394202    0.396647  0.00134607
          36    0.408163    0.396967  0.00134669
          37    0.384076    0.396618  0.00135534
          38    0.411468    0.397009  0.00137585
          39    0.390192    0.396834  0.00135146
          40    0.401372    0.396948  0.00132212
          41    0.384509    0.396644  0.00132468
          42    0.397467    0.396664   0.0012929
          43    0.400753    0.396759  0.00126605
          44    0.411037    0.397084   0.0012788
          45    0.402209    0.397198  0.00125524
          46    0.390753    0.397057  0.00123561
          47    0.395056    0.397015  0.00120979
          48    0.387742    0.396822  0.00119997
          49    0.389613    0.396675   0.0011844
          50    0.393829    0.396618  0.00116186
          51    0.390396    0.396496  0.00114537
          52    0.400816    0.396579  0.00112619
          53    0.402299    0.396687     0.00111
          54    0.402408    0.396793  0.00109439
          55    0.398097    0.396816  0.00107457
          56    0.399788    0.396869  0.00105654
          57     0.39141    0.396774  0.00104225
          58    0.391009    0.396674  0.00102893
          59    0.403215    0.396785   0.0010174
          60     0.38814    0.396641  0.00101062
          61    0.402815    0.396742 0.000999058
          62    0.401606    0.396821 0.000985938
          63    0.391827    0.396741 0.000973395
          64    0.393981    0.396698 0.000959035
          65    0.380545     0.39645 0.000976324
          66    0.388853    0.396335 0.000968283
          67    0.383095    0.396137 0.000973978
          68    0.383424     0.39595 0.000977593
          69    0.391388    0.395884 0.000965587
          70    0.414839    0.396155 0.000989466
          71    0.413277    0.396396   0.0010048
          72    0.397427     0.39641  0.00099085
          73    0.391216    0.396339  0.00097977
          74    0.393151    0.396296 0.000967399
          75    0.394096    0.396267 0.000954864
          76     0.40734    0.396412 0.000953414
          77    0.394845    0.396392 0.000941171
          78    0.393751    0.396358 0.000929643
          79    0.388068    0.396253 0.000923779
          80    0.401368    0.396317 0.000914396
          81    0.386675    0.396198 0.000910848
          82    0.405726    0.396314 0.000907143
          83    0.388332    0.396218 0.000901293
          84    0.403906     0.39631  0.00089519
          85    0.398787    0.396339 0.000885075
          86    0.393123    0.396301 0.000875522
          87    0.394238    0.396278 0.000865725
          88    0.403398    0.396359 0.000859647
          89    0.398386    0.396381 0.000850238
          90    0.399871     0.39642 0.000841632
          91    0.397291     0.39643 0.000832387
          92    0.389348    0.396353  0.00082688
          93    0.399061    0.396382 0.000818458
          94    0.396965    0.396388 0.000809728
          95     0.37956    0.396211 0.000820509
          96    0.393378    0.396181 0.000812453
          97    0.398503    0.396205  0.00080439
          98    0.401024    0.396255 0.000797657
          99    0.407042    0.396363 0.000797043
         100    0.386078    0.396261 0.000795708
