           1   -0.612888   -0.612888           0
           2   -0.614168   -0.613528     0.00064
           3   -0.611344     -0.6128 0.000816405
           4    -0.61184    -0.61256 0.000625187
           5   -0.610288   -0.612106 0.000664074
           6   -0.615856   -0.612731 0.000827469
           7    -0.61688   -0.613323 0.000916756
           8    -0.61424   -0.613438 0.000802158
           9    -0.61492   -0.613603 0.000726349
          10   -0.609472    -0.61319 0.000769864
          11   -0.613104   -0.613182 0.000696411
          12   -0.614104   -0.613259 0.000640362
          13    -0.61224    -0.61318 0.000594236
          14     -0.6124   -0.613125 0.000552972
          15   -0.611472   -0.613014 0.000526446
          16   -0.612528   -0.612984 0.000493382
          17      -0.611   -0.612867 0.000477921
          18   -0.612344   -0.612838 0.000451525
          19   -0.614464   -0.612924 0.000435587
          20   -0.614104   -0.612983 0.000417426
          21   -0.614776   -0.613068  0.00040613
          22    -0.61112    -0.61298 0.000397226
          23   -0.612992    -0.61298 0.000379563
          24   -0.614416    -0.61304 0.000368295
          25   -0.611736   -0.612988 0.000357087
          26   -0.611872   -0.612945 0.000345752
          27   -0.611928   -0.612907 0.000334825
          28   -0.613608   -0.612932 0.000323614
          29     -0.6102   -0.612838  0.00032616
          30   -0.611464   -0.612792 0.000318412
          31   -0.610704   -0.612725 0.000315251
          32   -0.613696   -0.612755 0.000306745
          33   -0.612528   -0.612748 0.000297384
          34   -0.612224   -0.612733 0.000288917
          35   -0.617696   -0.612875 0.000314342
          36   -0.615968   -0.612961 0.000317339
          37   -0.614568   -0.613004 0.000311686
          38   -0.611752   -0.612971 0.000305157
          39   -0.609992   -0.612895 0.000306888
          40   -0.612312    -0.61288 0.000299472
          41   -0.616312   -0.612964 0.000303834
          42   -0.615024   -0.613013 0.000300541
          43   -0.614592    -0.61305 0.000295757
          44   -0.613144   -0.613052 0.000288965
          45   -0.611904   -0.613026  0.00028362
          46   -0.614408   -0.613056 0.000279007
          47   -0.613712    -0.61307 0.000273363
          48    -0.61556   -0.613122 0.000272587
          49    -0.61556   -0.613172 0.000271563
          50   -0.613864   -0.613186 0.000266436
          51   -0.613408    -0.61319 0.000261196
          52   -0.614648   -0.613218 0.000257653
          53   -0.610928   -0.613175 0.000256412
          54   -0.610696   -0.613129 0.000255773
          55    -0.61444   -0.613153 0.000252208
          56   -0.615368   -0.613192 0.000250802
          57   -0.614472   -0.613215 0.000247384
          58   -0.613416   -0.613218 0.000243106
          59   -0.613936   -0.613231 0.000239259
          60   -0.613032   -0.613227 0.000235261
          61   -0.611832   -0.613204   0.0002325
          62   -0.613912   -0.613216 0.000229004
          63   -0.616056   -0.613261 0.000229805
          64   -0.614232   -0.613276 0.000226694
          65    -0.61608   -0.613319  0.00022731
          66   -0.608296   -0.613243 0.000236425
          67   -0.615752    -0.61328 0.000235861
          68   -0.612624   -0.613271 0.000232567
          69   -0.613976   -0.613281   0.0002294
          70   -0.610944   -0.613248  0.00022855
          71   -0.615824   -0.613284 0.000228212
          72   -0.611264   -0.613256 0.000226762
          73     -0.6138   -0.613263 0.000223758
          74    -0.61116   -0.613235 0.000222536
          75   -0.612928   -0.613231 0.000219587
          76   -0.613768   -0.613238 0.000216794
          77   -0.613808   -0.613245 0.000214088
          78   -0.612424   -0.613235 0.000211588
          79   -0.613136   -0.613234 0.000208896
          80   -0.612952    -0.61323 0.000206298
          81   -0.614576   -0.613247 0.000204412
          82   -0.610128   -0.613209 0.000205454
          83   -0.612984   -0.613206 0.000202982
          84   -0.613192   -0.613206 0.000200551
          85   -0.612256   -0.613195 0.000198492
          86   -0.612976   -0.613192 0.000196187
          87   -0.613624   -0.613197 0.000193983
          88   -0.613448     -0.6132 0.000191787
          89   -0.615376   -0.613224  0.00019119
          90   -0.611104   -0.613201 0.000190516
          91   -0.614056    -0.61321 0.000188645
          92   -0.614904   -0.613229 0.000187489
          93   -0.611256   -0.613207 0.000186671
          94   -0.614304   -0.613219 0.000185043
          95   -0.614696   -0.613235 0.000183743
          96   -0.609368   -0.613194 0.000186227
          97   -0.613832   -0.613201 0.000184414
          98    -0.61672   -0.613237 0.000186022
          99   -0.615736   -0.613262 0.000185856
         100   -0.611984   -0.613249 0.000184431
