           1    0.311273    0.311273           0
           2    0.316169    0.313721  0.00244807
           3    0.318676    0.315373  0.00217395
           4    0.322105    0.317056  0.00227949
           5      0.3173    0.317105  0.00176636
           6    0.312672    0.316366  0.00162043
           7    0.313809    0.316001   0.0014174
           8    0.315284    0.315911  0.00123077
           9    0.309113    0.315156  0.00132239
          10    0.314805    0.315121   0.0011833
          11    0.315652    0.315169  0.00107142
          12    0.313636    0.315041 0.000986382
          13    0.320292    0.315445 0.000993191
          14     0.32411    0.316064  0.00110842
          15    0.316088    0.316066  0.00103188
          16    0.323996    0.316561  0.00108506
          17    0.328783     0.31728  0.00124726
          18    0.312864    0.317035  0.00120125
          19    0.316753     0.31702  0.00113637
          20    0.305864    0.316462  0.00121381
          21    0.320879    0.316673  0.00117356
          22    0.324486    0.317028  0.00117397
          23    0.315988    0.316983  0.00112267
          24    0.312707    0.316804  0.00108954
          25    0.314086    0.316696  0.00105069
          26    0.330511    0.317227  0.00114077
          27    0.317464    0.317236  0.00109774
          28    0.310394    0.316991  0.00108566
          29    0.323077    0.317201  0.00106837
          30     0.31539    0.317141  0.00103391
          31    0.319298     0.31721  0.00100241
          32    0.315215    0.317148 0.000972585
          33    0.315604    0.317101 0.000943812
          34    0.323013    0.317275 0.000931993
          35    0.313481    0.317167 0.000911443
          36    0.304647    0.316819 0.000951594
          37    0.319566    0.316893  0.00092849
          38    0.312183    0.316769 0.000912187
          39    0.312604    0.316662 0.000894886
          40    0.327611    0.316936 0.000914162
          41    0.315873     0.31691 0.000891964
          42    0.315744    0.316883  0.00087091
          43    0.325507    0.317083 0.000873747
          44    0.324197    0.317245 0.000868834
          45    0.320467    0.317316  0.00085232
          46    0.321186      0.3174 0.000837819
          47    0.319938    0.317454 0.000821575
          48     0.32566    0.317625 0.000822246
          49    0.317726    0.317627 0.000805293
          50    0.322427    0.317723 0.000794841
          51    0.317373    0.317717  0.00077913
          52    0.326167    0.317879 0.000781093
          53    0.319435    0.317908 0.000766776
          54    0.309718    0.317757 0.000767577
          55    0.319105    0.317781  0.00075389
          56    0.313338    0.317702 0.000744545
          57    0.320518    0.317751 0.000733033
          58    0.313596     0.31768 0.000723838
          59    0.313674    0.317612 0.000714695
          60    0.319896     0.31765 0.000703713
          61    0.315074    0.317608 0.000693368
          62    0.324287    0.317715 0.000690549
          63    0.310958    0.317608 0.000687912
          64    0.321706    0.317672   0.0006801
          65    0.314057    0.317617 0.000671861
          66    0.318848    0.317635 0.000661866
          67    0.310225    0.317525 0.000661227
          68    0.317665    0.317527 0.000651434
          69    0.314315     0.31748 0.000643609
          70    0.317141    0.317475 0.000634366
          71     0.32478    0.317578 0.000633773
          72    0.327474    0.317716 0.000639843
          73    0.319664    0.317742 0.000631582
          74     0.31648    0.317725 0.000623222
          75    0.314006    0.317676 0.000616853
          76    0.310838    0.317586 0.000615296
          77    0.318206    0.317594 0.000607306
          78    0.323524     0.31767 0.000604271
          79     0.32448    0.317756 0.000602769
          80    0.315802    0.317732 0.000595687
          81    0.319935    0.317759 0.000588916
          82    0.325677    0.317855  0.00058965
          83     0.32192    0.317904 0.000584558
          84    0.311169    0.317824 0.000583096
          85     0.31594    0.317802 0.000576622
          86    0.314888    0.317768 0.000570884
          87    0.315543    0.317742 0.000564863
          88    0.314652    0.317707 0.000559511
          89    0.313348    0.317658 0.000555352
          90    0.309442    0.317567 0.000556683
          91    0.313801    0.317526 0.000552085
          92    0.324276    0.317599  0.00055096
          93    0.317078    0.317593 0.000545032
          94    0.324609    0.317668 0.000544343
          95    0.312613    0.317615 0.000541205
          96    0.319247    0.317632 0.000535808
          97    0.328556    0.317745 0.000542083
          98    0.314272    0.317709 0.000537691
          99    0.316116    0.317693 0.000532476
         100    0.312679    0.317643 0.000529503
