           1     3.06614     3.06614           0
           2     2.84486      2.9555     0.11064
           3     2.98515     2.96538   0.0646385
           4     2.96941     2.96639   0.0457174
           5     2.90847      2.9548    0.037259
           6      2.9527     2.95445   0.0304239
           7     3.09785     2.97494   0.0328751
           8     2.86563     2.96127   0.0315797
           9     2.94993     2.96001   0.0278792
          10       2.693     2.93331   0.0365344
          11     2.97973     2.93753   0.0333149
          12     3.05542     2.94736   0.0319596
          13      2.9254     2.94567    0.029447
          14     2.88038       2.941   0.0276586
          15      2.9383     2.94082   0.0257494
          16     3.08773        2.95   0.0257769
          17     2.83553     2.94327   0.0251321
          18     2.90805     2.94131   0.0237754
          19     2.89346      2.9388   0.0226299
          20     2.96803     2.94026   0.0215183
          21     2.93082     2.93981   0.0204729
          22     2.90585     2.93826   0.0195811
          23     2.88208     2.93582   0.0188692
          24     2.99789     2.93841     0.01825
          25     2.92271     2.93778   0.0175161
          26     2.97822     2.93934   0.0169006
          27     2.81871     2.93487   0.0168651
          28     2.98314     2.93659   0.0163428
          29     2.63861     2.92632   0.0188215
          30     2.97859     2.92806   0.0182666
          31     2.91421     2.92761   0.0176732
          32     2.89471     2.92658   0.0171428
          33     2.89189     2.92553   0.0166484
          34     2.94116     2.92599   0.0161579
          35     3.08653     2.93058   0.0163461
          36     2.94159     2.93089   0.0158885
          37      2.9407     2.93115   0.0154554
          38     2.92073     2.93088   0.0150457
          39     2.78838     2.92722   0.0151035
          40     2.88444     2.92615   0.0147598
          41      3.1019     2.93044     0.01502
          42     2.88593     2.92938   0.0146963
          43     3.04719     2.93212   0.0146096
          44     2.91619     2.93176   0.0142783
          45     2.92541     2.93162   0.0139581
          46     3.06063     2.93442   0.0139365
          47     3.25802     2.94131   0.0152763
          48      2.9611     2.94172   0.0149604
          49     2.98942     2.94269   0.0146842
          50     3.08037     2.94545   0.0146486
          51     2.98701     2.94626   0.0143816
          52     2.99173     2.94713   0.0141294
          53      2.8869       2.946   0.0139068
          54     3.01426     2.94726   0.0137052
          55     2.96411     2.94757   0.0134572
          56      3.1017     2.95032   0.0134983
          57     2.95027     2.95032   0.0132594
          58     2.87366       2.949   0.0130956
          59     2.97266      2.9494    0.012878
          60     3.02936     2.95073   0.0127315
          61     2.85263     2.94912   0.0126239
          62     3.05939      2.9509   0.0125453
          63     2.93452     2.95064   0.0123473
          64     3.01381     2.95163   0.0121929
          65     2.94362     2.95151   0.0120045
          66     2.95058     2.95149   0.0118212
          67     3.13519     2.95423   0.0119619
          68     3.02232     2.95524   0.0118271
          69     2.99707     2.95584   0.0116702
          70     2.93351     2.95552   0.0115067
          71     3.04229     2.95674   0.0114091
          72      3.0585     2.95816    0.011338
          73     2.87783     2.95706   0.0112356
          74     2.95179     2.95699    0.011083
          75     2.88556     2.95603   0.0109756
          76     2.89507     2.95523   0.0108599
          77     2.90817     2.95462   0.0107353
          78     2.99822     2.95518   0.0106115
          79     2.81789     2.95344   0.0106195
          80     3.06655     2.95486   0.0105808
          81     2.98768     2.95526   0.0104572
          82     3.01256     2.95596   0.0103525
          83     3.09633     2.95765   0.0103659
          84     3.00915     2.95826   0.0102601
          85     2.88455      2.9574   0.0101757
          86     3.16661     2.95983   0.0103467
          87     3.16079     2.96214   0.0104847
          88     2.94248     2.96192   0.0103673
          89      2.8828     2.96103   0.0102886
          90     2.79777     2.95921   0.0103341
          91     2.87857     2.95833   0.0102583
          92      2.9655      2.9584   0.0101465
          93     3.05027     2.95939   0.0100853
          94     3.07301      2.9606   0.0100503
          95     3.03298     2.96136  0.00997312
          96     2.95235     2.96127  0.00986913
          97     3.22444     2.96398   0.0101367
          98     2.96754     2.96402   0.0100328
          99     3.06424     2.96503  0.00998239
         100     3.07148      2.9661  0.00993923
