1.4925    29.05
1.48504    36.3154
1.47761    32.9225
1.47022    32.4396
1.46287    32.9585
1.45556    30.8947
1.44828    33.7898
1.44104    30.1903
1.43383    30.4739
1.42667    28.2684
1.41953    31.7252
1.41243    38.7279
1.40537    36.5138
1.39835    36.3077
1.39135    37.5415
1.3844    35.8716
1.37747    27.4563
1.37059    35.6301
1.36373    34.864
1.35692    29.0008
1.35013    34.3404
1.34338    27.9733
1.33666    25.489
1.32998    34.7105
1.32333    34.399
1.31671    31.2892
1.31013    30.6572
1.30358    32.7066
1.29706    35.676
1.29058    27.7115
1.28412    30.7953
1.2777    32.3875
1.27131    30.4476
1.26496    34.1822
1.25863    28.9341
1.25234    35.3377
1.24608    29.9165
1.23985    31.0227
1.23365    27.8724
1.22748    35.8782
1.22134    32.9668
1.21524    29.5212
1.20916    27.4746
1.20311    32.4455
1.1971    28.8729
1.19111    29.5687
1.18516    32.3023
1.17923    34.0213
1.17334    27.9644
1.16747    29.8565
1.16163    24.5074
1.15582    30.6351
1.15004    29.3605
1.14429    27.7199
1.13857    31.6506
1.13288    31.2304
1.12722    27.2785
1.12158    30.436
1.11597    20.7085
1.11039    32.7683
1.10484    27.1737
1.09932    31.4785
1.09382    24.6549
1.08835    27.6672
1.08291    29.7342
1.07749    32.0876
1.07211    36.9402
1.06675    35.4748
1.06141    35.1982
1.0561    39.113
1.05082    28.8136
1.04557    24.9817
1.04034    25.9377
1.03514    33.9154
1.02996    24.6897
1.02481    23.712
1.01969    30.3882
1.01459    32.1912
1.00952    35.0781
1.00447    31.2746
0.999449    32.7801
0.994452    28.0466
0.98948    32.2248
0.984532    31.3853
0.97961    31.7659
0.974712    31.6249
0.969838    33.4863
0.964989    24.4636
0.960164    23.2485
0.955363    28.3104
0.950586    33.8056
0.945833    26.8384
0.941104    31.5287
0.936399    29.5897
0.931717    30.5823
0.927058    30.4915
0.922423    27.4716
0.917811    26.9961
0.913222    27.7618
0.908656    20.9052
0.904112    27.3996
0.899592    26.74
0.895094    29.1062
0.890618    22.4454
0.886165    27.1464
0.881734    26.9943
0.877326    24.93
0.872939    27.9088
0.868574    29.3107
0.864232    29.2445
0.85991    23.1249
0.855611    27.6426
0.851333    29.3404
0.847076    24.1344
0.842841    20.123
0.838627    23.0275
0.834433    29.1781
0.830261    30.3186
0.82611    22.751
0.821979    23.1824
0.81787    22.5204
0.81378    27.9946
0.809711    31.16
0.805663    22.1606
0.801634    23.0197
0.797626    32.1339
0.793638    26.2359
0.78967    25.5195
0.785722    24.1065
0.781793    28.1752
0.777884    22.1899
0.773995    27.895
0.770125    23.4711
0.766274    22.707
0.762443    27.5305
0.75863    19.2093
0.754837    26.0842
0.751063    21.6774
0.747308    18.5981
0.743571    28.6343
0.739853    25.9065
0.736154    24.092
0.732473    17.2991
0.728811    19.8817
0.725167    26.5147
0.721541    20.4227
0.717933    24.7186
0.714344    23.3339
0.710772    21.4659
0.707218    22.4762
0.703682    25.8206
0.700164    25.655
0.696663    22.1017
0.693179    25.0907
0.689714    20.3357
0.686265    27.4199
0.682834    25.4056
0.67942    19.1365
0.676022    25.4861
0.672642    25.4476
0.669279    22.2998
0.665933    22.4009
0.662603    22.0986
0.65929    26.3551
0.655994    22.5443
0.652714    18.5833
0.64945    19.053
0.646203    26.0166
0.642972    26.1666
0.639757    23.0926
0.636558    23.2123
0.633375    26.1644
0.630208    22.1623
0.627057    19.2209
0.623922    23.6096
0.620803    21.8542
0.617699    22.5029
0.61461    28.6814
0.611537    21.5655
0.608479    24.6275
0.605437    21.986
0.60241    23.1187
0.599398    23.3984
0.596401    18.6079
0.593419    21.7561
0.590452    19.8982
0.587499    21.4982
0.584562    21.5395
0.581639    24.4369
0.578731    21.4859
0.575837    29.9438
0.572958    22.8717
0.570093    20.979
0.567243    21.4621
0.564406    19.412
0.561584    26.06
0.558777    22.2433
0.555983    20.8536
0.553203    21.8707
0.550437    21.5181
0.547685    20.6177
0.544946    15.064
0.542221    18.9112
0.53951    22.4583
0.536813    24.7335
0.534129    21.37
0.531458    19.9257
0.528801    25.1871
0.526157    20.8882
0.523526    19.5313
0.520908    18.7175
0.518304    17.4294
0.515712    19.6818
0.513134    19.5706
0.510568    19.5461
0.508015    22.5281
0.505475    19.2246
0.502948    25.545
0.500433    20.5465
0.497931    21.7889
0.495441    19.54
0.492964    22.5547
0.490499    20.2061
0.488047    19.3101
0.485606    14.4421
0.483178    15.7896
0.480763    23.0612
0.478359    17.0084
0.475967    20.0218
0.473587    14.2014
0.471219    18.2852
0.468863    16.4337
0.466519    15.5317
0.464186    17.1075
0.461865    17.8715
0.459556    22.2916
0.457258    18.1623
0.454972    16.9669
0.452697    17.0059
0.450433    15.5002
0.448181    16.6228
0.44594    16.2835
0.443711    16.5917
0.441492    20.2997
0.439285    19.9717
0.437088    22.3006
0.434903    16.7299
0.432728    17.5104
0.430565    16.4094
0.428412    16.1171
0.42627    16.5447
0.424138    21.6194
0.422018    16.0604
0.419908    17.0738
0.417808    15.5456
0.415719    14.3076
0.41364    17.5482
0.411572    16.753
0.409514    17.7569
0.407467    18.1422
0.405429    15.7132
0.403402    18.2481
0.401385    16.1632
0.399378    15.8245
0.397382    17.6235
0.395395    18.0411
0.393418    17.5848
0.391451    12.4608
0.389493    14.8913
0.387546    13.3253
0.385608    12.4075
0.38368    13.2319
0.381762    14.54
0.379853    17.9305
0.377954    16.0572
0.376064    12.071
0.374183    15.1044
0.372313    16.1145
0.370451    15.5516
0.368599    12.3624
0.366756    11.1619
0.364922    13.1534
0.363097    12.4304
0.361282    13.3582
0.359475    17.7752
0.357678    15.0257
0.35589    14.4228
0.35411    13.2999
0.35234    16.586
0.350578    18.4369
0.348825    14.3333
0.347081    15.9415
0.345346    15.5168
0.343619    13.8941
0.341901    15.3387
0.340191    15.4922
0.33849    15.4619
0.336798    16.0648
0.335114    14.1376
0.333438    17.7887
0.331771    16.1382
0.330112    14.6623
0.328462    14.8621
0.326819    15.3148
0.325185    11.98
0.323559    13.5028
0.321942    14.9043
0.320332    15.4546
0.31873    13.5482
0.317137    14.008
0.315551    16.3956
0.313973    16.4795
0.312403    14.944
0.310841    14.9478
0.309287    14.9428
0.307741    14.6328
0.306202    15.4986
0.304671    17.5781
0.303148    14.8837
0.301632    17.6227
0.300124    15.0696
0.298623    14.8371
0.29713    12.6742
0.295644    16.7724
0.294166    14.6372
0.292695    15.674
0.291232    14.6529
0.289776    12.3263
0.288327    11.7714
0.286885    9.58004
0.285451    9.90133
0.284023    11.1519
0.282603    10.3702
0.28119    11.771
0.279784    15.6277
0.278385    14.5566
0.276993    13.48
0.275608    14.8333
0.27423    13.2764
0.272859    13.115
0.271495    13.6964
0.270137    15.528
0.268787    15.3312
0.267443    12.9461
0.266106    14.6062
0.264775    14.3907
0.263451    14.3332
0.262134    15.2248
0.260823    13.6848
0.259519    13.6619
0.258222    13.0835
0.256931    14.0429
0.255646    14.8547
0.254368    13.8967
0.253096    12.3472
0.25183    12.0701
0.250571    11.2393
0.249318    12.2501
0.248072    13.4106
0.246831    9.99789
0.245597    12.4907
0.244369    12.2553
0.243147    9.34044
0.241932    9.51707
0.240722    9.66955
0.239518    13.4347
0.238321    10.5989
0.237129    11.1004
0.235944    10.1572
0.234764    11.1564
0.23359    10.9866
0.232422    10.206
0.23126    10.5708
0.230104    10.4946
0.228953    12.4752
0.227808    11.2406
0.226669    11.837
0.225536    14.6661
0.224408    11.948
0.223286    11.9888
0.22217    12.0308
0.221059    13.9593
0.219954    12.5717
0.218854    12.2756
0.21776    11.6015
0.216671    12.9759
0.215587    11.1488
0.21451    12.5011
0.213437    14.5653
0.21237    12.696
0.211308    14.016
0.210251    13.3518
0.2092    12.5384
0.208154    13.3106
0.207113    12.1005
0.206078    13.2312
0.205047    11.6008
0.204022    11.83
0.203002    11.8104
0.201987    9.81906
0.200977    11.5348
0.199972    7.62405
0.198972    6.7271
0.197978    9.51358
0.196988    8.29939
0.196003    7.76364
0.195023    7.91059
0.194048    9.28418
0.193077    7.59515
0.192112    7.78013
0.191151    8.43815
0.190196    7.89744
0.189245    8.53416
0.188298    8.0636
0.187357    8.5285
0.18642    8.35991
0.185488    8.87454
0.184561    8.38741
0.183638    7.36013
0.18272    9.10677
0.181806    10.1528
0.180897    9.29498
0.179993    7.23132
0.179093    6.83933
0.178197    8.22352
0.177306    10.1533
0.17642    7.30188
0.175537    7.78387
0.17466    7.52773
0.173786    6.94645
0.172918    7.45708
0.172053    7.83005
0.171193    7.71762
0.170337    7.30286
0.169485    6.72866
0.168638    7.94636
0.167794    8.0509
0.166955    8.40086
0.166121    7.797
0.16529    7.53018
0.164464    7.86013
0.163641    8.13553
0.162823    8.95624
0.162009    7.48906
0.161199    6.82542
0.160393    7.51178
0.159591    7.06268
0.158793    7.1081
0.157999    6.9462
0.157209    8.01849
0.156423    6.80206
0.155641    7.58082
0.154863    8.03384
0.154088    8.66565
0.153318    8.45173
0.152551    7.59636
0.151789    7.69037
0.15103    7.04449
0.150275    7.59775
0.149523    7.01338
0.148776    7.31514
0.148032    7.93152
0.147291    7.29541
0.146555    8.43045
0.145822    7.16507
0.145093    7.09486
0.144368    7.70387
0.143646    6.87092
0.142928    7.19428
0.142213    7.58733
0.141502    7.48428
0.140794    7.10651
0.14009    6.74765
0.13939    8.65655
0.138693    7.03406
0.138    7.76965
0.13731    7.99042
0.136623    8.12786
0.13594    6.71086
0.13526    7.15264
0.134584    8.09013
0.133911    7.21918
0.133241    6.89643
0.132575    8.70022
0.131912    7.09786
0.131253    6.66067
0.130597    7.16269
0.129944    7.25686
0.129294    7.17097
0.128647    6.34357
0.128004    7.1748
0.127364    8.37663
0.126727    8.41582
0.126094    8.05558
0.125463    7.57746
0.124836    6.75907
0.124212    7.47671
0.123591    7.4477
0.122973    6.52853
0.122358    7.12656
0.121746    7.51094
0.121137    7.38809
0.120532    6.93805
0.119929    7.35789
0.119329    7.03643
0.118733    7.53185
0.118139    7.09337
0.117548    6.63475
0.116961    6.84508
0.116376    7.32961
0.115794    7.13682
0.115215    6.60205
0.114639    6.60848
0.114066    6.60194
0.113495    7.34586
0.112928    7.193
0.112363    6.31421
0.111801    7.44793
0.111242    6.82498
0.110686    6.84862
0.110133    6.51417
0.109582    6.70561
0.109034    6.55001
0.108489    6.83262
0.107947    7.16791
0.107407    7.02539
0.10687    6.77045
0.106335    6.4351
0.105804    6.69475
0.105275    7.22248
0.104748    6.854
0.104225    6.26603
0.103703    6.48312
0.103185    6.55258
0.102669    6.62347
0.102156    6.91862
0.101645    6.95801
0.101137    6.67269
0.100631    6.70088
0.100128    6.68919
0.0996272    6.50495
0.0991291    6.62986
0.0986334    6.34238
0.0981403    6.90169
0.0976496    6.46248
0.0971613    6.66352
0.0966755    7.27919
0.0961921    6.6272
0.0957112    6.34238
0.0952326    6.58031
0.0947564    6.3776
0.0942827    6.83036
0.0938112    6.69935
0.0933422    6.68903
0.0928755    6.93277
0.0924111    6.58836
0.091949    6.44965
0.0914893    6.35228
0.0910319    6.65865
0.0905767    6.57123
0.0901238    6.45754
0.0896732    6.57123
0.0892248    6.32179
0.0887787    6.78709
0.0883348    7.26237
0.0878931    6.62431
0.0874537    6.86217
0.0870164    6.38163
0.0865813    6.57194
0.0861484    7.13519
0.0857177    6.90872
0.0852891    6.72568
0.0848626    7.19126
0.0844383    6.77921
0.0840161    6.63102
0.0835961    6.58761
0.0831781    6.31778
0.0827622    6.54765
0.0823484    6.94347
0.0819366    6.73671
0.0815269    6.44215
0.0811193    6.7322
0.0807137    6.51826
0.0803101    6.51215
0.0799086    6.34318
0.0795091    6.58414
0.0791115    6.85425
0.0787159    6.64223
0.0783224    6.83678
0.0779308    6.74742
0.0775411    6.55113
0.0771534    6.47613
0.0767676    6.3261
0.0763838    7.19697
0.0760019    6.66803
0.0756219    6.38749
0.0752438    6.34357
0.0748675    6.61896
0.0744932    6.39452
0.0741207    6.79798
0.0737501    6.84189
0.0733814    6.66067
0.0730145    6.81648
0.0726494    6.93989
0.0722862    6.61322
0.0719247    6.5833
0.0715651    6.68052
0.0712073    6.78948
0.0708512    6.42455
0.070497    6.50441
0.0701445    6.35658
0.0697938    6.49824
0.0694448    6.40748
0.0690976    6.55249
0.0687521    6.39572
0.0684083    6.46856
0.0680663    6.34282
0.067726    6.6669
0.0673873    6.32666
0.0670504    6.53386
0.0667151    6.4022
0.0663816    6.31246
0.0660497    6.98441
0.0657194    6.35658
0.0653908    6.58773
0.0650639    6.52138
0.0647385    6.37274
0.0644148    6.77498
0.0640928    6.40789
0.0637723    6.70708
0.0634534    6.3089
0.0631362    6.3231
0.0628205    6.3231
0.0625064    6.41222
0.0621939    6.4164
0.0618829    6.51483
0.0615735    6.30488
0.0612656    6.4415
0.0609593    6.35171
0.0606545    6.4168
0.0603512    6.43262
0.0600495    6.51012
0.0597492    6.50854
0.0594505    6.57301
0.0591532    6.46577
0.0588574    6.55294
0.0585632    6.41842
0.0582703    7.16635
0.057979    6.57041
0.0576891    6.43914
0.0574007    6.79545
0.0571136    6.36566
0.0568281    6.36865
0.0565439    6.38285
0.0562612    6.49321
0.0559799    6.4351
0.0557    6.29675
0.0554215    6.36416
0.0551444    6.25845
0.0548687    6.34824
0.0545943    6.43967
0.0543214    6.37036
0.0540498    6.50127
0.0537795    6.29639
0.0535106    6.27892
0.0532431    6.29639
0.0529768    6.43098
0.052712    6.5557
0.0524484    6.51826
0.0521862    6.35534
0.0519252    6.4168
0.0516656    6.44145
0.0514073    6.3646
0.0511502    6.65286
0.0508945    6.50635
0.05064    6.39533
0.0503868    6.30488
0.0501349    6.54791
0.0498842    6.33524
0.0496348    6.32993
0.0493866    6.52453
0.0491397    6.46028
0.048894    6.33955
0.0486495    6.37254
0.0484063    6.41579
0.0481642    6.34282
0.0479234    6.33524
0.0476838    6.42568
0.0474454    6.36954
0.0472081    6.28881
0.0469721    6.47823
0.0467372    6.34859
0.0465036    6.34859
0.046271    6.3231
0.0460397    6.38744
0.0458095    6.36279
0.0455804    6.48427
0.0453525    6.42211
0.0451258    6.40102
0.0449001    6.36636
0.0446756    6.32354
0.0444523    6.25845
0.04423    6.26603
0.0440089    6.49857
0.0437888    6.35647
0.0435699    6.26603
0.043352    6.28023
0.0431353    6.39338
0.0429196    6.42191
0.042705    6.26603
0.0424915    6.29143
0.042279    6.50045
0.0420676    6.28023
0.0418573    6.28023
0.041648    6.25845
0.0414397    6.34819
0.0412325    6.27134
0.0410264    6.25845
0.0408213    6.4398
0.0406171    6.2878
0.0404141    6.34889
0.040212    6.27592
0.0400109    6.35228
0.0398109    6.3089
0.0396118    6.37323
0.0394138    6.34859
0.0392167    6.36113
0.0390206    6.29675
0.0388255    6.38287
0.0386314    6.40751
0.0384382    6.36998
0.038246    6.35207
0.0380548    6.32666
0.0378645    6.30563
0.0376752    6.28023
0.0374868    6.29312
0.0372994    6.3261
0.0371129    6.27892
0.0369273    6.27892
0.0367427    6.43522
0.036559    6.27134
0.0363762    6.31852
0.0361943    6.3261
0.0360133    6.37036
0.0358333    6.2878
0.0356541    6.2878
0.0354758    6.30069
0.0352985    6.38325
0.035122    6.36279
0.0349463    6.34413
0.0347716    6.34776
0.0345978    6.37394
0.0344248    6.28349
0.0342526    6.28349
0.0340814    6.35985
0.033911    6.36566
0.0337414    6.32354
0.0335727    6.28386
0.0334049    6.28386
0.0332378    6.34819
0.0330716    6.28386
0.0329063    6.28386
0.0327417    6.28386
0.032578    6.36636
0.0324151    6.28349
0.0322531    6.33068
0.0320918    6.33068
0.0319313    6.33068
0.0317717    6.38749
0.0316128    6.29769
0.0314548    6.26603
0.0312975    6.35582
0.031141    6.27134
0.0309853    6.27134
0.0308304    6.27892
0.0306762    6.37394
0.0305228    6.28349
0.0303702    6.29639
0.0302184    6.29639
0.0300673    6.29143
0.029917    6.4797
0.0297674    6.2878
0.0296185    6.28023
0.0294704    6.28023
0.0293231    6.36997
0.0291765    6.34819
0.0290306    6.28386
0.0288854    6.30132
0.028741    6.52962
0.0285973    6.35171
0.0284543    6.30488
0.028312    6.30488
0.0281705    6.25845
0.0280296    6.25845
0.0278895    6.30069
0.02775    6.26603
0.0276113    6.37329
0.0274732    6.43213
0.0273359    6.29639
0.0271992    6.27892
0.0270632    6.27892
0.0269279    6.36871
0.0267932    6.36178
0.0266593    6.31778
0.026526    6.33029
0.0263933    6.32354
0.0262614    6.32354
0.0261301    6.25845
0.0259994    6.28349
0.0258694    6.2878
0.0257401    6.25845
0.0256114    6.28386
0.0254833    6.28386
0.0253559    6.29143
0.0252291    6.26603
0.025103    6.28349
0.0249775    6.28349
0.0248526    6.28349
0.0247283    6.34101
0.0246047    6.34101
0.0244816    6.32179
0.0243592    6.28881
0.0242374    6.27134
0.0241163    6.29312
0.0239957    6.29312
0.0238757    6.30069
0.0237563    6.43477
0.0236375    6.29312
0.0235193    6.34532
0.0234017    6.37002
0.0232847    6.42191
0.0231683    6.2878
0.0230525    6.2878
0.0229372    6.30069
0.0228225    6.28023
0.0227084    6.28023
0.0225949    6.28023
0.0224819    6.25845
0.0223695    6.28386
0.0222576    6.30132
0.0221464    6.30132
0.0220356    6.32354
0.0219254    6.32354
0.0218158    6.34101
0.0217067    6.34101
0.0215982    6.36571
0.0214902    6.30132
0.0213828    6.28386
0.0212758    6.28386
0.0211695    6.34819
0.0210636    6.28386
0.0209583    6.28386
0.0208535    6.28386
0.0207492    6.25845
0.0206455    6.25845
0.0205423    6.25845
0.0204396    6.25845
0.0203374    6.25845
0.0202357    6.28023
0.0201345    6.28023
0.0200338    6.28023
0.0199337    6.25845
0.019834    6.28386
0.0197348    6.25845
0.0196361    6.27134
0.019538    6.27134
0.0194403    6.27134
0.0193431    6.27134
0.0192464    6.27134
0.0191501    6.27134
0.0190544    6.27134
0.0189591    6.27134
0.0188643    6.27134
0.01877    6.25845
0.0186761    6.27134
0.0185828    6.30488
0.0184898    6.25845
0.0183974    6.25845
0.0183054    6.25845
0.0182139    6.25845
0.0181228    6.25845
0.0180322    6.34819
0.017942    6.32354
0.0178523    6.28386
0.0177631    6.3261
0.0176742    6.31321
0.0175859    6.30432
0.0174979    6.29639
0.0174105    6.29639
0.0173234    6.29639
0.0172368    6.28349
0.0171506    6.29639
0.0170648    6.31059
0.0169795    6.31059
0.0168946    6.29312
0.0168102    6.29312
0.0167261    6.27134
0.0166425    6.27134
0.0165593    6.27892
0.0164765    6.27892
0.0163941    6.27892
0.0163121    6.27892
0.0162305    6.27892
0.0161494    6.26603
0.0160686    6.28349
0.0159883    6.26603
0.0159084    6.26603
0.0158288    6.25845
0.0157497    6.28386
0.0156709    6.28386
0.0155926    6.25845
0.0155146    6.28023
0.015437    6.28023
0.0153599    6.2878
0.0152831    6.28023
0.0152066    6.28023
0.0151306    6.29769
0.015055    6.31059
0.0149797    6.31059
0.0149048    6.28881
0.0148303    6.27134
0.0147561    6.27134
0.0146823    6.29312
0.0146089    6.29312
0.0145359    6.29312
0.0144632    6.29312
0.0143909    6.29312
0.0143189    6.31852
0.0142473    6.31852
0.0141761    6.29312
0.0141052    6.28023
0.0140347    6.28023
0.0139645    6.25845
0.0138947    6.25845
0.0138252    6.36566
0.0137561    6.30132
0.0136873    6.30132
0.0136189    6.27592
0.0135508    6.27592
0.013483    6.27592
0.0134156    6.27592
0.0133485    6.27592
0.0132818    6.28349
0.0132154    6.28349
0.0131493    6.28881
0.0130836    6.3539
0.0130181    6.25845
0.012953    6.25845
0.0128883    6.25845
0.0128238    6.25845
0.0127597    6.25845
0.0126959    6.25845
0.0126324    6.25845
0.0125693    6.25845
0.0125064    6.25845
0.0124439    6.25845
0.0123817    6.25845
0.0123198    6.25845
0.0122582    6.25845
0.0121969    6.26603
0.0121359    6.26603
0.0120752    6.26603
0.0120148    6.27892
0.0119548    6.25845
0.011895    6.27592
0.0118355    6.27592
0.0117763    6.28349
0.0117175    6.29639
0.0116589    6.28349
0.0116006    6.26603
0.0115426    6.25845
0.0114849    6.28023
0.0114274    6.26603
0.0113703    6.26603
0.0113134    6.29639
0.0112569    6.28881
0.0112006    6.28881
0.0111446    6.28881
0.0110889    6.28881
0.0110334    6.28881
0.0109783    6.28881
0.0109234    6.28881
0.0108688    6.28881
0.0108144    6.28881
0.0107603    6.27134
0.0107065    6.27134
0.010653    6.27134
0.0105997    6.27134
0.0105467    6.27892
0.010494    6.30069
0.0104415    6.30069
0.0103893    6.31816
0.0103374    6.31816
0.0102857    6.31816
0.0102343    6.29769
0.0101831    6.29769
0.0101322    6.27592
0.0100815    6.27592
0.0100311    6.27592
0.00998095    6.27592
0.00993105    6.27592
0.00988139    6.28349
0.00983199    6.28349
0.00978283    6.3089
0.00973391    6.3089
0.00968524    6.3089
0.00963682    6.34101
0.00958863    6.37323
0.00954069    6.28349
0.00949299    6.28349
0.00944552    6.28349
0.00939829    6.27592
0.0093513    6.27592
0.00930454    6.27134
0.00925802    6.27134
0.00921173    6.27134
0.00916567    6.28881
0.00911985    6.27592
0.00907425    6.25845
0.00902887    6.25845
0.00898373    6.25845
0.00893881    6.25845
0.00889412    6.26603
0.00884965    6.26603
0.0088054    6.26603
0.00876137    6.25845
0.00871756    6.25845
0.00867398    6.25845
0.00863061    6.25845
0.00858745    6.25845
0.00854452    6.25845
0.00850179    6.25845
0.00845929    6.25845
0.00841699    6.25845
0.0083749    6.26603
0.00833303    6.26603
0.00829136    6.25845
0.00824991    6.25845
0.00820866    6.25845
0.00816761    6.25845
0.00812678    6.25845
0.00808614    6.25845
0.00804571    6.27134
0.00800548    6.25845
0.00796546    6.26603
0.00792563    6.26603
0.007886    6.25845
0.00784657    6.25845
0.00780734    6.25845
0.0077683    6.25845
0.00772946    6.25845
0.00769081    6.25845
0.00765236    6.25845
0.0076141    6.25845
0.00757603    6.25845
0.00753815    6.25845
0.00750045    6.25845
0.00746295    6.25845
0.00742564    6.25845
0.00738851    6.25845
0.00735157    6.25845
0.00731481    6.25845
0.00727824    6.25845
0.00724184    6.25845
0.00720563    6.26603
0.00716961    6.26603
0.00713376    6.26603
0.00709809    6.26603
0.0070626    6.26603
0.00702729    6.26603
0.00699215    6.25845
0.00695719    6.25845
0.0069224    6.27592
0.00688779    6.27592
0.00685335    6.27592
0.00681909    6.27592
0.00678499    6.27592
0.00675107    6.27592
0.00671731    6.27592
0.00668372    6.27592
0.0066503    6.25845
0.00661705    6.25845
0.00658397    6.26603
0.00655105    6.26603
0.00651829    6.25845
0.0064857    6.25845
0.00645327    6.25845
0.00642101    6.25845
0.0063889    6.25845
0.00635696    6.25845
0.00632517    6.25845
0.00629355    6.28386
0.00626208    6.28386
0.00623077    6.26603
0.00619961    6.26603
0.00616862    6.26603
0.00613777    6.25845
0.00610708    6.25845
0.00607655    6.25845
0.00604617    6.25845
0.00601594    6.25845
0.00598586    6.25845
0.00595593    6.25845
0.00592615    6.27134
0.00589652    6.27134
0.00586703    6.27134
0.0058377    6.27134
0.00580851    6.27134
0.00577947    6.25845
0.00575057    6.25845
0.00572182    6.25845
0.00569321    6.25845
0.00566474    6.25845
0.00563642    6.25845
0.00560824    6.25845
0.00558019    6.25845
0.00555229    6.25845
0.00552453    6.25845
0.00549691    6.25845
0.00546943    6.25845
0.00544208    6.25845
0.00541487    6.25845
0.00538779    6.25845
0.00536085    6.25845
0.00533405    6.25845
0.00530738    6.25845
0.00528084    6.25845
0.00525444    6.25845
0.00522817    6.25845
0.00520203    6.25845
0.00517602    6.25845
0.00515014    6.25845
0.00512438    6.25845
0.00509876    6.25845
0.00507327    6.25845
0.0050479    6.25845
0.00502266    6.27892
0.00499755    6.27892
0.00497256    6.27892
0.0049477    6.27892
0.00492296    6.27134
0.00489835    6.27134
0.00487385    6.27134
0.00484949    6.27134
0.00482524    6.27892
0.00480111    6.27134
0.00477711    6.27134
0.00475322    6.25845
0.00472945    6.25845
0.00470581    6.25845
0.00468228    6.25845
0.00465887    6.25845
0.00463557    6.25845
0.00461239    6.25845
0.00458933    6.25845
0.00456639    6.25845
0.00454355    6.25845
0.00452084    6.25845
0.00449823    6.25845
0.00447574    6.25845
0.00445336    6.25845
0.0044311    6.25845
0.00440894    6.25845
0.0043869    6.25845
0.00436496    6.25845
0.00434314    6.25845
0.00432142    6.25845
0.00429981    6.25845
0.00427831    6.25845
0.00425692    6.25845
0.00423564    6.25845
0.00421446    6.25845
0.00419339    6.25845
0.00417242    6.25845
0.00415156    6.25845
0.0041308    6.25845
0.00411015    6.25845
0.0040896    6.25845
0.00406915    6.25845
0.0040488    6.25845
0.00402856    6.25845
0.00400842    6.25845
0.00398837    6.25845
0.00396843    6.25845
0.00394859    6.25845
0.00392885    6.25845
0.0039092    6.25845
0.00388966    6.25845
0.00387021    6.25845
0.00385086    6.27134
0.0038316    6.27134
0.00381244    6.27134
0.00379338    6.27134
0.00377442    6.27134
0.00375554    6.26603
0.00373677    6.26603
0.00371808    6.26603
0.00369949    6.25845
0.00368099    6.25845
0.00366259    6.25845
0.00364428    6.25845
0.00362605    6.26603
0.00360792    6.25845
0.00358988    6.25845
0.00357194    6.25845
0.00355408    6.25845
0.00353631    6.25845
0.00351862    6.25845
0.00350103    6.25845
0.00348353    6.25845
0.00346611    6.25845
0.00344878    6.26603
0.00343153    6.26603
0.00341438    6.26603
0.0033973    6.25845
0.00338032    6.25845
0.00336342    6.25845
0.0033466    6.25845
0.00332987    6.25845
0.00331322    6.25845
0.00329665    6.25845
0.00328017    6.25845
0.00326377    6.25845
0.00324745    6.25845
0.00323121    6.26603
0.00321505    6.26603
0.00319898    6.26603
0.00318298    6.26603
0.00316707    6.25845
0.00315123    6.25845
0.00313548    6.25845
0.0031198    6.25845
0.0031042    6.25845
0.00308868    6.25845
0.00307324    6.26603
0.00305787    6.26603
0.00304258    6.26603
0.00302737    6.26603
0.00301223    6.26603
0.00299717    6.26603
0.00298218    6.26603
0.00296727    6.26603
0.00295244    6.26603
0.00293767    6.26603
0.00292299    6.26603
0.00290837    6.26603
0.00289383    6.26603
0.00287936    6.26603
0.00286496    6.26603
0.00285064    6.26603
0.00283639    6.26603
0.0028222    6.26603
0.00280809    6.25845
0.00279405    6.25845
0.00278008    6.25845
0.00276618    6.25845
0.00275235    6.25845
0.00273859    6.25845
0.0027249    6.25845
0.00271127    6.25845
0.00269772    6.25845
0.00268423    6.25845
0.00267081    6.25845
0.00265745    6.25845
0.00264416    6.25845
0.00263094    6.25845
0.00261779    6.25845
0.0026047    6.25845
0.00259168    6.25845
0.00257872    6.25845
0.00256582    6.25845
0.002553    6.25845
0.00254023    6.25845
0.00252753    6.25845
0.00251489    6.25845
0.00250232    6.25845
0.00248981    6.25845
0.00247736    6.25845
0.00246497    6.25845
0.00245264    6.25845
0.00244038    6.25845
0.00242818    6.25845
0.00241604    6.25845
0.00240396    6.25845
0.00239194    6.26603
0.00237998    6.26603
0.00236808    6.25845
0.00235624    6.25845
0.00234446    6.25845
0.00233274    6.25845
0.00232107    6.25845
0.00230947    6.25845
0.00229792    6.25845
0.00228643    6.25845
0.002275    6.25845
0.00226362    6.25845
0.0022523    6.25845
0.00224104    6.25845
0.00222984    6.25845
0.00221869    6.25845
0.00220759    6.25845
0.00219656    6.25845
0.00218557    6.25845
0.00217465    6.25845
0.00216377    6.25845
0.00215295    6.25845
0.00214219    6.25845
0.00213148    6.25845
0.00212082    6.25845
0.00211022    6.25845
0.00209967    6.25845
0.00208917    6.25845
0.00207872    6.25845
0.00206833    6.25845
0.00205799    6.25845
0.0020477    6.25845
0.00203746    6.25845
0.00202727    6.25845
0.00201713    6.25845
0.00200705    6.25845
0.00199701    6.25845
0.00198703    6.25845
0.00197709    6.25845
0.00196721    6.25845
0.00195737    6.25845
0.00194758    6.25845
0.00193785    6.25845
0.00192816    6.25845
0.00191852    6.25845
0.00190892    6.25845
0.00189938    6.25845
0.00188988    6.25845
0.00188043    6.25845
0.00187103    6.25845
0.00186168    6.25845
0.00185237    6.25845
0.00184311    6.25845
0.00183389    6.25845
0.00182472    6.25845
0.0018156    6.25845
0.00180652    6.25845
0.00179749    6.25845
0.0017885    6.25845
0.00177956    6.25845
0.00177066    6.25845
0.00176181    6.25845
0.001753    6.25845
0.00174423    6.25845
0.00173551    6.25845
0.00172683    6.25845
0.0017182    6.25845
0.00170961    6.25845
0.00170106    6.25845
0.00169255    6.25845
0.00168409    6.25845
0.00167567    6.25845
0.00166729    6.25845
0.00165896    6.25845
0.00165066    6.25845
0.00164241    6.25845
0.0016342    6.25845
0.00162603    6.25845
0.00161789    6.25845
0.00160981    6.25845
0.00160176    6.25845
0.00159375    6.25845
0.00158578    6.25845
0.00157785    6.25845
0.00156996    6.25845
0.00156211    6.25845
0.0015543    6.25845
0.00154653    6.25845
0.0015388    6.25845
0.0015311    6.25845
0.00152345    6.25845
0.00151583    6.25845
0.00150825    6.25845
0.00150071    6.25845
0.00149321    6.25845
0.00148574    6.25845
0.00147831    6.25845
0.00147092    6.25845
0.00146356    6.25845
0.00145625    6.25845
0.00144897    6.25845
0.00144172    6.25845
0.00143451    6.25845
0.00142734    6.25845
0.0014202    6.25845
0.0014131    6.25845
0.00140604    6.25845
0.00139901    6.25845
0.00139201    6.25845
0.00138505    6.25845
0.00137813    6.25845
0.00137124    6.25845
0.00136438    6.25845
0.00135756    6.25845
0.00135077    6.25845
0.00134402    6.25845
0.0013373    6.25845
0.00133061    6.25845
0.00132396    6.25845
0.00131734    6.25845
0.00131075    6.25845
0.0013042    6.25845
0.00129767    6.25845
0.00129119    6.25845
0.00128473    6.25845
0.00127831    6.25845
0.00127192    6.25845
0.00126556    6.25845
0.00125923    6.25845
0.00125293    6.25845
0.00124667    6.25845
0.00124043    6.25845
0.00123423    6.25845
0.00122806    6.25845
0.00122192    6.25845
0.00121581    6.25845
0.00120973    6.25845
0.00120368    6.25845
0.00119766    6.25845
0.00119168    6.25845
0.00118572    6.25845
0.00117979    6.25845
0.00117389    6.25845
0.00116802    6.25845
0.00116218    6.25845
0.00115637    6.25845
0.00115059    6.25845
0.00114483    6.25845
0.00113911    6.25845
0.00113342    6.25845
0.00112775    6.25845
0.00112211    6.25845
0.0011165    6.25845
0.00111092    6.25845
0.00110536    6.25845
0.00109983    6.25845
0.00109434    6.25845
0.00108886    6.25845
0.00108342    6.25845
0.001078    6.25845
0.00107261    6.25845
0.00106725    6.25845
0.00106191    6.25845
0.0010566    6.25845
0.00105132    6.25845
0.00104606    6.25845
0.00104083    6.25845
0.00103563    6.25845
0.00103045    6.25845
0.0010253    6.25845
0.00102017    6.25845
0.00101507    6.25845
0.00101    6.25845
0.00100495    6.25845
0.000999922    6.25845
0.000994922    6.25845
0.000989948    6.25845
0.000984998    6.25845
0.000980073    6.25845
0.000975173    6.25845
0.000970297    6.25845
0.000965445    6.25845
0.000960618    6.25845
0.000955815    6.25845
0.000951036    6.25845
0.000946281    6.25845
0.000941549    6.25845
0.000936841    6.25845
0.000932157    6.25845
0.000927496    6.25845
0.000922859    6.25845
0.000918245    6.25845
0.000913653    6.25845
0.000909085    6.25845
0.00090454    6.25845
0.000900017    6.25845
0.000895517    6.25845
0.000891039    6.25845
0.000886584    6.25845
0.000882151    6.25845
0.000877741    6.25845
0.000873352    6.25845
0.000868985    6.25845
0.00086464    6.25845
0.000860317    6.25845
0.000856015    6.25845
0.000851735    6.25845
0.000847477    6.25845
0.000843239    6.25845
0.000839023    6.25845
0.000834828    6.25845
0.000830654    6.25845
0.000826501    6.25845
0.000822368    6.25845
0.000818256    6.25845
0.000814165    6.25845
0.000810094    6.25845
0.000806044    6.25845
0.000802013    6.25845
0.000798003    6.25845
0.000794013    6.25845
0.000790043    6.25845
0.000786093    6.25845
0.000782163    6.25845
0.000778252    6.25845
0.00077436    6.25845
0.000770489    6.25845
0.000766636    6.25845
0.000762803    6.25845
0.000758989    6.25845
0.000755194    6.25845
0.000751418    6.25845
0.000747661    6.25845
0.000743923    6.25845
0.000740203    6.25845
0.000736502    6.25845
0.00073282    6.25845
0.000729155    6.25845
0.00072551    6.25845
0.000721882    6.25845
0.000718273    6.25845
0.000714681    6.25845
0.000711108    6.25845
0.000707552    6.25845
0.000704015    6.25845
0.000700495    6.25845
0.000696992    6.25845
0.000693507    6.25845
0.00069004    6.25845
0.000686589    6.25845
0.000683156    6.25845
0.000679741    6.25845
0.000676342    6.25845
0.00067296    6.25845
0.000669596    6.25845
0.000666248    6.25845
0.000662916    6.25845
0.000659602    6.25845
0.000656304    6.25845
0.000653022    6.25845
0.000649757    6.25845
0.000646508    6.25845
0.000643276    6.25845
0.000640059    6.25845
0.000636859    6.25845
0.000633675    6.25845
0.000630506    6.25845
0.000627354    6.25845
0.000624217    6.25845
0.000621096    6.25845
0.000617991    6.25845
0.000614901    6.25845
0.000611826    6.25845
0.000608767    6.25845
0.000605723    6.25845
0.000602694    6.25845
0.000599681    6.25845
0.000596683    6.25845
0.000593699    6.25845
0.000590731    6.25845
0.000587777    6.25845
0.000584838    6.25845
0.000581914    6.25845
0.000579004    6.25845
0.000576109    6.25845
0.000573229    6.25845
0.000570363    6.25845
0.000567511    6.25845
0.000564673    6.25845
0.00056185    6.25845
0.000559041    6.25845
0.000556246    6.25845
0.000553464    6.25845
0.000550697    6.25845
0.000547943    6.25845
0.000545204    6.25845
0.000542478    6.25845
0.000539765    6.25845
0.000537067    6.25845
0.000534381    6.25845
0.000531709    6.25845
0.000529051    6.25845
0.000526405    6.25845
0.000523773    6.25845
0.000521155    6.25845
0.000518549    6.25845
0.000515956    6.25845
0.000513376    6.25845
0.000510809    6.25845
0.000508255    6.25845
0.000505714    6.25845
0.000503186    6.25845
0.00050067    6.25845
0.000498166    6.25845
0.000495675    6.25845
0.000493197    6.25845
0.000490731    6.25845
0.000488277    6.25845
0.000485836    6.25845
0.000483407    6.25845
0.00048099    6.25845
0.000478585    6.25845
0.000476192    6.25845
0.000473811    6.25845
0.000471442    6.25845
0.000469085    6.25845
0.000466739    6.25845
0.000464406    6.25845
0.000462084    6.25845
0.000459773    6.25845
0.000457474    6.25845
0.000455187    6.25845
0.000452911    6.25845
0.000450646    6.25845
0.000448393    6.25845
0.000446151    6.25845
0.00044392    6.25845
0.000441701    6.25845
0.000439492    6.25845
0.000437295    6.25845
0.000435108    6.25845
0.000432933    6.25845
0.000430768    6.25845
0.000428614    6.25845
0.000426471    6.25845
0.000424339    6.25845
0.000422217    6.25845
0.000420106    6.25845
0.000418006    6.25845
0.000415916    6.25845
0.000413836    6.25845
0.000411767    6.25845
0.000409708    6.25845
0.000407659    6.25845
0.000405621    6.25845
0.000403593    6.25845
0.000401575    6.25845
0.000399567    6.25845
0.000397569    6.25845
0.000395582    6.25845
0.000393604    6.25845
0.000391636    6.25845
0.000389677    6.25845
0.000387729    6.25845
0.00038579    6.25845
0.000383861    6.25845
0.000381942    6.25845
0.000380032    6.25845
0.000378132    6.25845
0.000376242    6.25845
0.00037436    6.25845
0.000372489    6.25845
0.000370626    6.25845
0.000368773    6.25845
0.000366929    6.25845
0.000365095    6.25845
0.000363269    6.25845
0.000361453    6.25845
0.000359645    6.25845
0.000357847    6.25845
0.000356058    6.25845
0.000354278    6.25845
0.000352506    6.25845
0.000350744    6.25845
0.00034899    6.25845
0.000347245    6.25845
0.000345509    6.25845
0.000343781    6.25845
0.000342062    6.25845
0.000340352    6.25845
0.00033865    6.25845
0.000336957    6.25845
0.000335272    6.25845
0.000333596    6.25845
0.000331928    6.25845
0.000330268    6.25845
0.000328617    6.25845
0.000326974    6.25845
0.000325339    6.25845
0.000323712    6.25845
0.000322094    6.25845
0.000320483    6.25845
0.000318881    6.25845
0.000317286    6.25845
0.0003157    6.25845
0.000314122    6.25845
0.000312551    6.25845
0.000310988    6.25845
0.000309433    6.25845
0.000307886    6.25845
0.000306347    6.25845
0.000304815    6.25845
0.000303291    6.25845
0.000301774    6.25845
0.000300266    6.25845
0.000298764    6.25845
0.00029727    6.25845
0.000295784    6.25845
0.000294305    6.25845
0.000292834    6.25845
0.000291369    6.25845
0.000289913    6.25845
0.000288463    6.25845
0.000287021    6.25845
0.000285586    6.25845
0.000284158    6.25845
0.000282737    6.25845
0.000281323    6.25845
0.000279917    6.25845
0.000278517    6.25845
0.000277124    6.25845
0.000275739    6.25845
0.00027436    6.25845
0.000272988    6.25845
0.000271623    6.25845
0.000270265    6.25845
0.000268914    6.25845
0.000267569    6.25845
0.000266231    6.25845
0.0002649    6.25845
0.000263576    6.25845
0.000262258    6.25845
0.000260947    6.25845
0.000259642    6.25845
0.000258344    6.25845
0.000257052    6.25845
0.000255767    6.25845
0.000254488    6.25845
0.000253215    6.25845
0.000251949    6.25845
0.00025069    6.25845
0.000249436    6.25845
0.000248189    6.25845
0.000246948    6.25845
0.000245713    6.25845
0.000244485    6.25845
0.000243262    6.25845
0.000242046    6.25845
0.000240836    6.25845
0.000239632    6.25845
0.000238433    6.25845
0.000237241    6.25845
0.000236055    6.25845
0.000234875    6.25845
0.0002337    6.25845
0.000232532    6.25845
0.000231369    6.25845
0.000230212    6.25845
0.000229061    6.25845
0.000227916    6.25845
0.000226776    6.25845
0.000225643    6.25845
0.000224514    6.25845
0.000223392    6.25845
0.000222275    6.25845
0.000221163    6.25845
0.000220058    6.25845
0.000218957    6.25845
0.000217863    6.25845
0.000216773    6.25845
0.000215689    6.25845
0.000214611    6.25845
0.000213538    6.25845
0.00021247    6.25845
0.000211408    6.25845
0.000210351    6.25845
0.000209299    6.25845
0.000208253    6.25845
0.000207211    6.25845
0.000206175    6.25845
0.000205144    6.25845
0.000204119    6.25845
0.000203098    6.25845
0.000202083    6.25845
0.000201072    6.25845
0.000200067    6.25845
0.000199066    6.25845
0.000198071    6.25845
0.000197081    6.25845
0.000196095    6.25845
0.000195115    6.25845
0.000194139    6.25845
0.000193169    6.25845
0.000192203    6.25845
0.000191242    6.25845
0.000190286    6.25845
0.000189334    6.25845
0.000188387    6.25845
0.000187446    6.25845
0.000186508    6.25845
0.000185576    6.25845
0.000184648    6.25845
0.000183725    6.25845
0.000182806    6.25845
0.000181892    6.25845
0.000180983    6.25845
0.000180078    6.25845
0.000179177    6.25845
0.000178281    6.25845
0.00017739    6.25845
0.000176503    6.25845
0.00017562    6.25845
0.000174742    6.25845
0.000173869    6.25845
0.000172999    6.25845
0.000172134    6.25845
0.000171274    6.25845
0.000170417    6.25845
0.000169565    6.25845
0.000168717    6.25845
0.000167874    6.25845
0.000167034    6.25845
0.000166199    6.25845
0.000165368    6.25845
0.000164541    6.25845
0.000163719    6.25845
0.0001629    6.25845
0.000162086    6.25845
0.000161275    6.25845
0.000160469    6.25845
0.000159666    6.25845
0.000158868    6.25845
0.000158074    6.25845
0.000157283    6.25845
0.000156497    6.25845
0.000155714    6.25845
0.000154936    6.25845
0.000154161    6.25845
0.00015339    6.25845
0.000152623    6.25845
0.00015186    6.25845
0.000151101    6.25845
0.000150346    6.25845
0.000149594    6.25845
0.000148846    6.25845
0.000148102    6.25845
0.000147361    6.25845
0.000146624    6.25845
0.000145891    6.25845
0.000145162    6.25845
0.000144436    6.25845
0.000143714    6.25845
0.000142995    6.25845
0.00014228    6.25845
0.000141569    6.25845
0.000140861    6.25845
0.000140157    6.25845
0.000139456    6.25845
0.000138759    6.25845
0.000138065    6.25845
0.000137374    6.25845
0.000136688    6.25845
0.000136004    6.25845
0.000135324    6.25845
0.000134648    6.25845
0.000133974    6.25845
0.000133304    6.25845
0.000132638    6.25845
0.000131975    6.25845
0.000131315    6.25845
0.000130658    6.25845
0.000130005    6.25845
0.000129355    6.25845
0.000128708    6.25845
0.000128065    6.25845
0.000127424    6.25845
0.000126787    6.25845
0.000126153    6.25845
0.000125522    6.25845
0.000124895    6.25845
0.00012427    6.25845
0.000123649    6.25845
0.000123031    6.25845
0.000122416    6.25845
0.000121804    6.25845
0.000121195    6.25845
0.000120589    6.25845
0.000119986    6.25845
0.000119386    6.25845
0.000118789    6.25845
0.000118195    6.25845
0.000117604    6.25845
0.000117016    6.25845
0.000116431    6.25845
0.000115849    6.25845
0.000115269    6.25845
0.000114693    6.25845
0.00011412    6.25845
0.000113549    6.25845
0.000112981    6.25845
0.000112416    6.25845
0.000111854    6.25845
0.000111295    6.25845
0.000110738    6.25845
0.000110185    6.25845
0.000109634    6.25845
0.000109086    6.25845
0.00010854    6.25845
0.000107998    6.25845
0.000107458    6.25845
0.00010692    6.25845
0.000106386    6.25845
0.000105854    6.25845
0.000105324    6.25845
0.000104798    6.25845
0.000104274    6.25845
0.000103752    6.25845
0.000103234    6.25845
0.000102718    6.25845
0.000102204    6.25845
0.000101693    6.25845
0.000101184    6.25845
0.000100679    6.25845
0.000100175    6.25845
9.96743e-05    6.25845
9.91759e-05    6.25845
9.86801e-05    6.25845
9.81867e-05    6.25845
9.76957e-05    6.25845
9.72072e-05    6.25845
9.67212e-05    6.25845
9.62376e-05    6.25845
9.57564e-05    6.25845
9.52776e-05    6.25845
9.48012e-05    6.25845
9.43272e-05    6.25845
9.38556e-05    6.25845
9.33863e-05    6.25845
9.29194e-05    6.25845
9.24548e-05    6.25845
9.19925e-05    6.25845
9.15326e-05    6.25845
9.10749e-05    6.25845
9.06195e-05    6.25845
9.01664e-05    6.25845
8.97156e-05    6.25845
8.9267e-05    6.25845
8.88207e-05    6.25845
8.83766e-05    6.25845
8.79347e-05    6.25845
8.7495e-05    6.25845
8.70575e-05    6.25845
8.66223e-05    6.25845
8.61891e-05    6.25845
8.57582e-05    6.25845
8.53294e-05    6.25845
8.49028e-05    6.25845
8.44782e-05    6.25845
8.40559e-05    6.25845
8.36356e-05    6.25845
8.32174e-05    6.25845
8.28013e-05    6.25845
8.23873e-05    6.25845
8.19754e-05    6.25845
8.15655e-05    6.25845
8.11577e-05    6.25845
8.07519e-05    6.25845
8.03481e-05    6.25845
7.99464e-05    6.25845
7.95466e-05    6.25845
7.91489e-05    6.25845
7.87532e-05    6.25845
7.83594e-05    6.25845
7.79676e-05    6.25845
7.75778e-05    6.25845
7.71899e-05    6.25845
7.68039e-05    6.25845
7.64199e-05    6.25845
7.60378e-05    6.25845
7.56576e-05    6.25845
7.52793e-05    6.25845
7.49029e-05    6.25845
7.45284e-05    6.25845
7.41558e-05    6.25845
7.3785e-05    6.25845
7.34161e-05    6.25845
7.3049e-05    6.25845
7.26837e-05    6.25845
7.23203e-05    6.25845
7.19587e-05    6.25845
7.15989e-05    6.25845
7.12409e-05    6.25845
7.08847e-05    6.25845
7.05303e-05    6.25845
7.01777e-05    6.25845
6.98268e-05    6.25845
6.94776e-05    6.25845
6.91302e-05    6.25845
6.87846e-05    6.25845
6.84407e-05    6.25845
6.80985e-05    6.25845
6.7758e-05    6.25845
6.74192e-05    6.25845
6.70821e-05    6.25845
6.67467e-05    6.25845
6.64129e-05    6.25845
