32.7547
31.6887
30.7446
29.6305
28.8086
28.2608
28.0761
27.6397
26.8113
26.2714
25.7708
25.4388
24.2619
23.9164
22.8345
22.2407
21.7476
21.2225
20.7133
20.342
19.8396
19.4328
19.0246
18.8909
18.6784
18.488
18.2926
18.1009
17.9241
17.6406
17.582
17.3376
17.0788
17.0518
16.9439
16.9103
16.8798
16.8433
16.8006
16.7498
16.6513
16.5611
16.6133
16.5471
16.4069
16.1479
16.1224
16.1206
15.8957
15.6988
15.5435
15.3945
15.2917
15.2662
15.2654
15.3582
15.2257
15.1333
15.1085
15.019
14.9419
14.8653
14.734
14.6948
14.5848
14.5048
14.4694
14.3888
14.3616
14.2927
14.1294
14.0424
13.9465
13.8976
13.8718
13.7178
13.6707
13.4274
13.3088
13.1191
13.0252
12.9271
12.8687
12.7376
12.5926
12.4451
12.3566
12.2706
12.1955
12.1349
12.1003
12.0475
12.0308
11.9944
11.9665
11.9394
11.8943
11.861
11.8223
11.8036
11.7793
11.7495
11.7285
11.7338
11.7113
11.6987
11.6903
11.6851
11.6835
11.679
11.6784
11.6781
11.6778
11.6772
11.675
11.6719
11.6669
11.6594
11.6525
11.6449
11.6154
11.5747
11.5059
11.4615
11.4046
11.3081
11.2953
11.0816
11.0974
11.0097
10.9921
10.9137
10.9078
10.8765
10.755
10.7479
10.7726
10.7429
10.7262
10.7076
10.7081
10.7062
10.7062
10.7062
10.7062
10.7062
10.7062
10.7062
10.7062
10.7037
10.6905
10.6696
10.6537
10.6479
10.6289
10.6568
10.6144
10.606
10.5839
10.5796
10.5615
10.5615
10.5613
10.5603
10.5578
10.5538
10.5498
10.5483
10.5441
10.54
10.5398
10.5395
10.5395
10.5392
10.5392
10.5392
10.5392
10.5392
10.5392
10.537
10.5335
10.5138
10.4979
10.4893
10.48
10.4601
10.4538
10.4311
10.4293
10.4293
10.4293
10.4293
10.4293
10.4293
10.4293
10.4293
10.4293
10.4293
10.4293
10.4293
10.4293
10.4293
10.4293
10.4293
10.4293
10.4293
10.4293
10.4293
10.4293
10.4286
10.4262
10.4214
10.4152
10.4096
10.4069
10.402
10.3982
10.3982
10.3982
10.3982
10.3982
10.3982
10.3982
10.3982
10.3982
10.3982
10.3982
10.3982
10.3982
10.3982
10.3982
10.3982
10.3982
10.3982
10.3982
10.3982
10.3982
10.3982
10.3982
10.3967
10.3959
10.3914
10.3822
10.3754
10.3655
10.3564
10.3518
10.3427
10.3297
10.3297
10.3297
10.3297
10.3297
10.3297
10.3297
10.3297
10.3297
10.3297
10.3297
10.3297
10.3297
10.3297
10.3297
10.3297
10.3297
10.3297
10.3297
10.3297
10.3297
10.3264
10.3114
10.2715
10.2308
10.2109
10.1975
10.2032
10.1799
10.1799
10.1799
10.1799
10.1799
10.1799
10.1799
10.1799
10.1799
10.1799
10.1799
10.1799
10.1799
10.1799
10.1799
10.1799
10.1799
10.1799
10.1799
10.1799
10.1799
10.1799
10.1799
10.1799
10.1799
10.1799
10.1799
10.1799
10.1819
10.1799
10.1799
10.1799
10.1799
10.1799
10.1799
10.1799
10.1799
10.1799
10.1799
10.1799
10.1799
10.1799
10.1799
10.1799
10.1799
10.1799
10.1799
10.1799
10.1799
10.1799
10.1799
10.1799
10.1799
10.1799
10.1799
10.1799
10.1799
10.1799
10.1799
10.1799
10.1799
10.1799
10.1799
10.1799
10.1799
10.1799
10.1799
10.1799
10.1799
10.1799
10.1799
10.1799
10.1799
10.1799
10.1799
10.1799
10.1799
10.1799
10.1799
10.1799
10.1799
10.1799
10.1799
10.1799
10.1799
10.1799
10.1799
10.1802
10.1799
10.1799
10.1799
10.1799
10.2375
10.1799
10.1799
10.1799
10.1799
10.1799
10.1799
10.1799
10.1799
10.1799
10.1799
10.1799
10.1799
10.1799
10.1799
10.1799
10.1799
10.1799
10.1799
10.1799
10.1799
10.1799
10.1799
10.1799
10.1799
10.1799
10.1799
10.1799
10.1799
10.1799
10.1799
10.1799
10.1799
10.1799
10.1799
10.1799
10.1799
10.1799
10.1799
10.1799
10.1799
10.1799
10.1799
10.1799
10.1799
10.1799
10.1799
10.1799
10.1799
10.1799
10.1799
10.1799
10.1799
10.1799
10.1799
10.1799
10.1799
10.1799
10.1799
10.1799
10.1799
10.1799
10.1799
10.1799
10.1799
10.1799
10.1799
10.1799
10.1799
10.1799
10.1799
10.1799
10.1799
10.1799
10.1799
10.1799
10.1799
10.1799
10.1799
10.1799
10.1799
10.1799
10.1799
10.1799
10.1799
10.1799
10.1799
10.1799
10.1799
10.1799
10.1799
10.1799
10.1799
10.1799
10.1799
10.1799
10.1799
10.1799
10.1799
10.1799
10.1799
10.1799
10.1799
10.1799
10.1799
10.1799
10.1799
10.1799
10.1799
10.1799
10.1799
10.1799
10.1799
10.1799
10.1883
10.1809
10.1799
10.1799
10.1799
10.1799
10.1799
10.1799
10.1799
10.1799
10.1799
10.1799
10.1799
10.1799
10.1799
10.1799
10.1799
10.1799
