           1    0.593864    0.593864           0
           2    0.584676     0.58927    0.004594
           3    0.569968    0.582836  0.00695926
           4    0.597644    0.586538  0.00615796
           5     0.60388    0.590006  0.00589763
           6    0.576816    0.587808  0.00529349
           7    0.587096    0.587706  0.00447497
           8    0.587932    0.587735  0.00387554
           9     0.60046    0.589148  0.00369883
          10     0.57974    0.588208  0.00343951
          11    0.597416    0.589045  0.00322181
          12      0.5833    0.588566   0.0029798
          13    0.581872    0.588051  0.00278897
          14    0.579544    0.587443  0.00265262
          15    0.599632    0.588256  0.00259971
          16    0.571504    0.587209  0.00264762
          17    0.582836    0.586952  0.00250027
          18    0.579404    0.586532  0.00239428
          19      0.5792    0.586147  0.00229741
          20    0.584696    0.586074  0.00218072
          21    0.576964     0.58564  0.00211916
          22    0.583744    0.585554  0.00202237
          23    0.579796    0.585304  0.00194859
          24    0.579804    0.585074  0.00187966
          25    0.586932    0.585149  0.00180443
          26    0.585068    0.585146  0.00173365
          27    0.598392    0.585636  0.00173885
          28     0.58488    0.585609  0.00167581
          29    0.569536    0.585055  0.00170935
          30    0.575896     0.58475  0.00167937
          31    0.588032    0.584856  0.00162774
          32    0.577632     0.58463  0.00159214
          33    0.580476    0.584504  0.00154826
          34    0.583784    0.584483  0.00150218
          35    0.601744    0.584976  0.00153975
          36    0.589036    0.585089  0.00150061
          37    0.579708    0.584943  0.00146672
          38     0.58198    0.584865  0.00142973
          39    0.593384    0.585084  0.00140961
          40    0.573736      0.5848   0.0014029
          41    0.566872    0.584363  0.00143643
          42    0.584744    0.584372  0.00140184
          43    0.579852    0.584267  0.00137289
          44    0.563236    0.583789  0.00142394
          45    0.593952    0.584015  0.00141014
          46    0.595736    0.584269  0.00140248
          47    0.587344    0.584335  0.00137388
          48     0.58216     0.58429  0.00134571
          49    0.584008    0.584284  0.00131798
          50    0.575396    0.584106  0.00130353
          51    0.569264    0.583815  0.00131043
          52    0.587544    0.583887  0.00128699
          53     0.59132    0.584027  0.00127024
          54    0.586492    0.584073  0.00124733
          55    0.572252    0.583858  0.00124316
          56     0.58364    0.583854  0.00122076
          57    0.574508     0.58369  0.00121031
          58    0.595628    0.583896  0.00120694
          59    0.579968    0.583829  0.00118817
          60    0.581756    0.583795  0.00116871
          61    0.577772    0.583696  0.00115363
          62    0.577796    0.583601  0.00113885
          63    0.583208    0.583594  0.00112065
          64    0.583396    0.583591    0.001103
          65    0.586552    0.583637  0.00108685
          66    0.579284    0.583571  0.00107229
          67    0.585312    0.583597  0.00105648
          68    0.583628    0.583597  0.00104083
          69    0.575072    0.583474  0.00103305
          70     0.59656    0.583661  0.00103521
          71    0.588436    0.583728  0.00102274
          72    0.584264    0.583735  0.00100846
          73    0.572444    0.583581  0.00100651
          74    0.568268    0.583374  0.00101415
          75    0.565684    0.583138  0.00102796
          76    0.584124    0.583151  0.00101443
          77    0.585676    0.583184   0.0010017
          78    0.577332    0.583109 0.000991618
          79    0.592692     0.58323 0.000986472
          80    0.590604    0.583322 0.000978415
          81    0.582996    0.583318 0.000966268
          82    0.588016    0.583376  0.00095613
          83    0.583856    0.583381 0.000944558
          84    0.570084    0.583223 0.000946576
          85     0.57428    0.583118 0.000941272
          86    0.588056    0.583175 0.000932033
          87    0.593972    0.583299 0.000929579
          88    0.591776    0.583396  0.00092399
          89    0.600672     0.58359 0.000933944
          90    0.583472    0.583588  0.00092351
          91    0.580864    0.583559 0.000913796
          92    0.581232    0.583533 0.000904162
          93    0.585484    0.583554 0.000894633
          94    0.573452    0.583447 0.000891566
          95     0.59762    0.583596 0.000894658
          96    0.593688    0.583701  0.00089151
          97    0.590808    0.583774 0.000885308
          98    0.585376    0.583791  0.00087638
          99    0.586544    0.583818 0.000867928
         100    0.583956     0.58382 0.000859206
