           1    0.611612    0.611612           0
           2     0.59671    0.604161    0.007451
           3    0.641116    0.616479   0.0130478
           4    0.617055    0.616623  0.00922729
           5    0.653329    0.623964   0.0102459
           6    0.624215    0.624006  0.00836587
           7    0.637437    0.625925  0.00732617
           8    0.630185    0.626457  0.00636696
           9    0.615522    0.625242  0.00574508
          10    0.638091    0.626527  0.00529676
          11    0.617607    0.625716  0.00485924
          12    0.625642     0.62571  0.00443587
          13    0.618085    0.625124  0.00412235
          14    0.638045    0.626046  0.00392657
          15    0.614405     0.62527  0.00373692
          16    0.642057    0.626319  0.00364962
          17    0.638781    0.627052  0.00350571
          18    0.596179    0.625337  0.00372375
          19     0.63022    0.625594  0.00353168
          20    0.629078    0.625768  0.00335497
          21    0.613589    0.625189  0.00324348
          22    0.614895    0.624721  0.00312773
          23    0.631751    0.625026  0.00300424
          24    0.612256    0.624494  0.00292514
          25    0.628109    0.624639  0.00280942
          26    0.622717    0.624565  0.00270022
          27    0.643695    0.625273  0.00269315
          28    0.634216    0.625593  0.00261477
          29    0.623443    0.625519  0.00252408
          30     0.63925    0.625976  0.00248108
          31    0.612883    0.625554   0.0024366
          32    0.624925    0.625534  0.00235931
          33    0.624829    0.625513   0.0022868
          34    0.663012    0.626616  0.00247754
          35    0.641799     0.62705  0.00244451
          36    0.650371    0.627698  0.00246238
          37    0.629056    0.627734  0.00239518
          38    0.643216    0.628142  0.00236663
          39    0.610273    0.627684  0.00235024
          40    0.636702    0.627909   0.0023018
          41    0.619998    0.627716  0.00225323
          42     0.61295    0.627364  0.00222686
          43    0.646164    0.627802  0.00221798
          44    0.617969    0.627578  0.00217847
          45    0.640782    0.627872  0.00214963
          46    0.629194      0.6279  0.00210258
          47    0.623738    0.627812  0.00205926
          48    0.614046    0.627525   0.0020362
          49    0.607283    0.627112  0.00203655
          50    0.649166    0.627553  0.00204357
          51    0.622771    0.627459   0.0020053
          52    0.618072    0.627279  0.00197462
          53    0.592435    0.626621  0.00204554
          54    0.632284    0.626726  0.00201004
          55    0.620677    0.626616  0.00197622
          56    0.639438    0.626845  0.00195407
          57     0.61319    0.626606  0.00193437
          58    0.613535     0.62638  0.00191404
          59    0.622352    0.626312  0.00188256
          60    0.644091    0.626608  0.00187448
          61    0.625705    0.626593  0.00184356
          62    0.626876    0.626598  0.00181359
          63    0.620255    0.626497   0.0017874
          64    0.624652    0.626468  0.00175949
          65    0.646204    0.626772  0.00175862
          66    0.629758    0.626817  0.00173236
          67    0.640377     0.62702  0.00171827
          68    0.624566    0.626984  0.00169319
          69    0.608499    0.626716  0.00168984
          70    0.601728    0.626359  0.00170335
          71    0.632688    0.626448  0.00168156
          72    0.651483    0.626796   0.0016941
          73    0.623994    0.626757  0.00167118
          74    0.641529    0.626957  0.00166048
          75    0.645183      0.6272  0.00165612
          76    0.634587    0.627297  0.00163707
          77    0.656949    0.627682  0.00166093
          78    0.633648    0.627759  0.00164128
          79    0.636839    0.627874  0.00162444
          80    0.632942    0.627937  0.00160526
          81     0.63797    0.628061  0.00159015
          82    0.609247    0.627831   0.0015873
          83    0.642362    0.628006  0.00157781
          84    0.653251    0.628307  0.00158761
          85    0.646849    0.628525  0.00158392
          86    0.619262    0.628417  0.00156909
          87    0.617949    0.628297  0.00155561
          88    0.644914    0.628486  0.00154938
          89    0.612606    0.628307  0.00154223
          90    0.632949    0.628359  0.00152587
          91    0.622021    0.628289  0.00151062
          92    0.617638    0.628174  0.00149859
          93    0.632995    0.628225  0.00148329
          94    0.637012    0.628319   0.0014704
          95    0.624487    0.628279   0.0014554
          96    0.621028    0.628203  0.00144214
          97    0.630538    0.628227   0.0014274
          98    0.658952    0.628541  0.00144712
          99    0.641339     0.62867  0.00143825
         100    0.646538    0.628849  0.00143497
