           1   -0.850053   -0.850053           0
           2   -0.844151   -0.847102   0.0029508
           3   -0.838874   -0.844359  0.00322883
           4   -0.849425   -0.845626  0.00261083
           5    -0.85008   -0.846516  0.00220987
           6   -0.842851   -0.845906  0.00190496
           7   -0.843723   -0.845594  0.00163989
           8   -0.844882   -0.845505  0.00142297
           9   -0.852292   -0.846259   0.0014641
          10    -0.84046   -0.845679  0.00143218
          11   -0.849563   -0.846032  0.00134272
          12   -0.840356   -0.845559  0.00131383
          13   -0.844342   -0.845466  0.00121217
          14   -0.844725   -0.845413   0.0011235
          15   -0.849526   -0.845687  0.00108128
          16   -0.840581   -0.845368  0.00106059
          17   -0.845391   -0.845369 0.000996256
          18   -0.840465   -0.845097 0.000977999
          19   -0.840704   -0.844866 0.000953547
          20   -0.842243   -0.844734 0.000914066
          21   -0.841049   -0.844559 0.000886987
          22   -0.843757   -0.844522 0.000846495
          23   -0.842183   -0.844421 0.000815223
          24   -0.840177   -0.844244 0.000800297
          25    -0.84705   -0.844356 0.000775783
          26    -0.84407   -0.844345  0.00074543
          27   -0.849398   -0.844532 0.000741305
          28   -0.843544   -0.844497 0.000715211
          29   -0.838035   -0.844274 0.000725188
          30   -0.839467   -0.844114 0.000718688
          31    -0.84407   -0.844113 0.000695119
          32   -0.842086   -0.844049 0.000676018
          33   -0.842815   -0.844012 0.000656279
          34   -0.842445   -0.843966  0.00063835
          35   -0.851549   -0.844182 0.000656618
          36   -0.846575   -0.844249  0.00064157
          37   -0.841526   -0.844175 0.000628315
          38   -0.845516   -0.844211 0.000612574
          39   -0.848125   -0.844311 0.000605043
          40   -0.838947   -0.844177 0.000604776
          41    -0.83639   -0.843987  0.00061966
          42   -0.841877   -0.843937  0.00060681
          43   -0.844634   -0.843953 0.000592752
          44   -0.833071   -0.843706  0.00062972
          45    -0.84687   -0.843776 0.000619572
          46   -0.850995   -0.843933 0.000625947
          47   -0.845741   -0.843971 0.000613691
          48    -0.84012   -0.843891 0.000606104
          49   -0.843442   -0.843882 0.000593677
          50   -0.838775    -0.84378  0.00059058
          51   -0.834781   -0.843603 0.000605179
          52   -0.847581    -0.84368 0.000598337
          53   -0.849112   -0.843782  0.00059582
          54   -0.846266   -0.843828 0.000586489
          55   -0.839106   -0.843742 0.000582093
          56   -0.841648   -0.843705 0.000572827
          57    -0.84291   -0.843691  0.00056286
          58   -0.848118   -0.843767 0.000558311
          59   -0.841242   -0.843725 0.000550434
          60   -0.839359   -0.843652 0.000546052
          61   -0.841418   -0.843615 0.000538272
          62   -0.840119   -0.843559 0.000532513
          63   -0.842506   -0.843542 0.000524259
          64   -0.845135   -0.843567 0.000516602
          65   -0.845414   -0.843595 0.000509386
          66   -0.842681   -0.843582   0.0005018
          67   -0.844822     -0.8436   0.0004946
          68   -0.842726   -0.843587 0.000487442
          69   -0.840222   -0.843538 0.000482795
          70   -0.848064   -0.843603  0.00048022
          71   -0.844207   -0.843612 0.000473484
          72   -0.840269   -0.843565 0.000469165
          73   -0.838161   -0.843491 0.000468579
          74   -0.839622   -0.843439 0.000465152
          75   -0.833649   -0.843308 0.000477112
          76   -0.843897   -0.843316 0.000470856
          77   -0.843687   -0.843321 0.000464725
          78   -0.841202   -0.843294 0.000459532
          79   -0.849426   -0.843371 0.000460272
          80   -0.847993   -0.843429 0.000458138
          81   -0.841991   -0.843411 0.000452795
          82   -0.843963   -0.843418  0.00044729
          83   -0.845059   -0.843438  0.00044231
          84   -0.835425   -0.843343 0.000447303
          85   -0.836712   -0.843264  0.00044884
          86   -0.845003   -0.843285 0.000444051
          87    -0.84837   -0.843343 0.000442792
          88   -0.847459    -0.84339 0.000440224
          89   -0.853454   -0.843503   0.0004497
          90   -0.843798   -0.843506 0.000444687
          91   -0.844917   -0.843522 0.000440046
          92    -0.84155     -0.8435 0.000435764
          93   -0.841825   -0.843482 0.000431429
          94   -0.839562   -0.843441 0.000428847
          95   -0.850052    -0.84351 0.000429978
          96   -0.846202   -0.843538 0.000426399
          97    -0.84729   -0.843577 0.000423748
          98   -0.844027   -0.843582 0.000419427
          99   -0.841605   -0.843562 0.000415649
         100   -0.841335   -0.843539 0.000412073
