           1     1.83502     1.83502           0
           2     1.85901     1.84702   0.0119959
           3      2.0818     1.92528   0.0785684
           4     1.86027     1.90903   0.0578844
           5     1.83468     1.89416   0.0472381
           6     1.96461      1.9059   0.0403174
           7     2.01632     1.92167   0.0375483
           8     1.92287     1.92182   0.0325182
           9     1.77725     1.90576   0.0328706
          10     2.01205     1.91639   0.0312626
          11     1.80952     1.90667   0.0299006
          12     1.92859      1.9085   0.0273564
          13     1.98186     1.91414   0.0257892
          14     1.99968     1.92025   0.0246456
          15     1.77233     1.91039   0.0249734
          16     2.03815     1.91838   0.0246874
          17     1.93138     1.91914   0.0232024
          18     1.90181     1.91818   0.0218966
          19     1.93258     1.91894    0.020726
          20     1.94351     1.92016   0.0197007
          21     1.93873     1.92105     0.01876
          22     1.94997     1.92236   0.0179352
          23     1.91692     1.92213   0.0171393
          24     1.84125     1.91876   0.0167521
          25     1.92807     1.91913   0.0160723
          26     1.93261     1.91965   0.0154505
          27     1.87089     1.91784   0.0149765
          28     1.96189     1.91942   0.0145172
          29     1.98033     1.92152   0.0141643
          30     1.97534     1.92331   0.0138011
          31     1.79213     1.91908   0.0140032
          32     1.94141     1.91978   0.0135765
          33      1.9257     1.91996   0.0131599
          34     2.05662     1.92398   0.0133847
          35     1.86684     1.92234   0.0130988
          36     1.97135      1.9237   0.0128023
          37     1.86193     1.92203    0.012563
          38     2.00663     1.92426   0.0124289
          39     1.89247     1.92345   0.0121334
          40     2.03549     1.92625   0.0121534
          41     1.96787     1.92726   0.0118967
          42     1.86262     1.92572   0.0117115
          43     2.00359     1.92753   0.0115784
          44     2.03515     1.92998   0.0115736
          45     1.87814     1.92883    0.011372
          46     1.88781     1.92794   0.0111577
          47     1.92312     1.92783   0.0109182
          48     1.89959     1.92724   0.0107045
          49     1.92533     1.92721   0.0104839
          50     2.04547     1.92957   0.0105409
          51     1.89281     1.92885   0.0103572
          52      1.9444     1.92915   0.0101605
          53     1.84971     1.92765    0.010079
          54     1.97584     1.92854   0.0099308
          55     1.96511     1.92921  0.00977122
          56     1.99424     1.93037  0.00966516
          57      1.9483     1.93068  0.00949929
          58      1.8246     1.92885  0.00951158
          59     1.90948     1.92853  0.00935475
          60     1.91176     1.92825  0.00920176
          61      1.9739     1.92899  0.00908055
          62     1.94634     1.92927  0.00893727
          63     1.91176       1.929  0.00879865
          64     1.99206     1.92998  0.00871596
          65     1.99873     1.93104  0.00864576
          66     1.95692     1.93143  0.00852278
          67     1.98213     1.93219  0.00842864
          68     1.91153     1.93188  0.00830932
          69     1.93082     1.93187  0.00818802
          70     1.85601     1.93079  0.00814264
          71     1.90993     1.93049  0.00803251
          72     1.94689     1.93072  0.00792343
          73     1.96196     1.93115  0.00782585
          74     2.15184     1.93413  0.00827544
          75     2.02083     1.93529  0.00824579
          76     1.92555     1.93516  0.00813758
          77     1.99165     1.93589  0.00806464
          78     1.96268     1.93623  0.00796798
          79     1.93186     1.93618  0.00786667
          80     1.95116     1.93637  0.00776997
          81     1.95274     1.93657  0.00767611
          82     1.82304     1.93518  0.00770728
          83     2.06094      1.9367  0.00776315
          84     2.07538     1.93835  0.00784585
          85     2.06439     1.93983  0.00789352
          86     1.91038     1.93949  0.00780871
          87     1.82582     1.93818  0.00782824
          88     1.91522     1.93792  0.00774317
          89     1.81617     1.93656  0.00777694
          90     1.96867     1.93691  0.00769832
          91     1.95456     1.93711  0.00761572
          92     1.93363     1.93707  0.00753258
          93     1.88959     1.93656  0.00746862
          94     1.95407     1.93674  0.00739109
          95     1.78459     1.93514  0.00748621
          96     1.78737      1.9336  0.00756606
          97     1.91522     1.93341  0.00749005
          98     2.00114      1.9341  0.00744537
          99     1.85221     1.93328  0.00741606
         100     2.11994     1.93514  0.00757511
