           1   -0.556938   -0.556938           0
           2   -0.554579   -0.555759   0.0011796
           3    -0.54984   -0.553786  0.00208717
           4   -0.558961    -0.55508  0.00196262
           5   -0.558458   -0.555755   0.0016636
           6   -0.553609   -0.555397  0.00140464
           7    -0.55188   -0.554895  0.00128911
           8    -0.55901   -0.555409  0.00122922
           9   -0.558532   -0.555756  0.00113824
          10   -0.557031   -0.555884  0.00102602
          11   -0.554547   -0.555762 0.000935994
          12   -0.552066   -0.555454  0.00090828
          13   -0.553074   -0.555271  0.00085533
          14    -0.55269   -0.555087 0.000813054
          15   -0.557968   -0.555279 0.000780904
          16   -0.552992   -0.555136 0.000744321
          17   -0.554291   -0.555086 0.000700931
          18   -0.554524   -0.555055 0.000661582
          19   -0.553825    -0.55499 0.000629135
          20   -0.551247   -0.554803 0.000625505
          21   -0.549086   -0.554531 0.000654294
          22   -0.554266   -0.554519  0.00062396
          23   -0.555441   -0.554559 0.000597561
          24   -0.554378   -0.554551 0.000572171
          25   -0.555905   -0.554606  0.00055147
          26   -0.557826   -0.554729 0.000544118
          27   -0.554499   -0.554721 0.000523647
          28   -0.554654   -0.554718 0.000504605
          29   -0.550932   -0.554588 0.000504097
          30   -0.553522   -0.554552 0.000488299
          31   -0.556922   -0.554629 0.000478433
          32   -0.554377   -0.554621 0.000463307
          33   -0.552373   -0.554553 0.000454187
          34   -0.552363   -0.554488 0.000445307
          35   -0.561198    -0.55468 0.000472992
          36   -0.553317   -0.554642 0.000461223
          37   -0.551363   -0.554554 0.000457255
          38   -0.555406   -0.554576 0.000445623
          39   -0.557777   -0.554658 0.000441738
          40   -0.549696   -0.554534 0.000448068
          41   -0.552395   -0.554482 0.000440105
          42   -0.553512   -0.554459 0.000430119
          43    -0.55173   -0.554395 0.000424763
          44   -0.546081   -0.554206 0.000455995
          45   -0.559779    -0.55433  0.00046263
          46   -0.555405   -0.554354 0.000453064
          47   -0.556775   -0.554405 0.000446303
          48   -0.551912   -0.554353 0.000439983
          49   -0.555209   -0.554371 0.000431264
          50   -0.552365   -0.554331  0.00042445
          51   -0.552584   -0.554296 0.000417452
          52   -0.554011   -0.554291 0.000409382
          53   -0.553782   -0.554281 0.000401698
          54    -0.55373   -0.554271 0.000394321
          55   -0.556394    -0.55431 0.000389006
          56   -0.553524   -0.554296 0.000382254
          57   -0.554647   -0.554302 0.000375538
          58   -0.554948   -0.554313 0.000369175
          59   -0.554074   -0.554309 0.000362886
          60    -0.55525   -0.554325 0.000357131
          61   -0.554252   -0.554323  0.00035123
          62   -0.552396   -0.554292 0.000346914
          63   -0.552624   -0.554266 0.000342388
          64   -0.556894   -0.554307  0.00033949
          65   -0.552182   -0.554274 0.000335821
          66   -0.554304   -0.554275 0.000330694
          67   -0.549679   -0.554206 0.000332864
          68   -0.557179    -0.55425 0.000330835
          69   -0.555884   -0.554273 0.000326864
          70   -0.556599   -0.554307  0.00032387
          71    -0.55565   -0.554326 0.000319835
          72   -0.557087   -0.554364 0.000317686
          73   -0.551301   -0.554322 0.000316101
          74   -0.555277   -0.554335 0.000312067
          75    -0.55432   -0.554335 0.000307878
          76   -0.556266    -0.55436 0.000304862
          77   -0.554675   -0.554364 0.000300904
          78   -0.557771   -0.554408 0.000300216
          79    -0.55763   -0.554449 0.000299185
          80   -0.557062   -0.554481 0.000297222
          81   -0.553074   -0.554464 0.000294044
          82   -0.558746   -0.554516 0.000295092
          83   -0.554274   -0.554513  0.00029153
          84   -0.552276   -0.554487 0.000289267
          85   -0.553584   -0.554476 0.000286041
          86    -0.55452   -0.554476 0.000282695
          87   -0.558163   -0.554519 0.000282622
          88   -0.552756   -0.554499 0.000280109
          89   -0.558237   -0.554541 0.000280111
          90   -0.555716   -0.554554 0.000277289
          91    -0.55867   -0.554599 0.000277929
          92   -0.554111   -0.554594 0.000274943
          93   -0.554412   -0.554592 0.000271977
          94   -0.557921   -0.554627 0.000271389
          95   -0.559904   -0.554683 0.000274202
          96   -0.557324    -0.55471 0.000272722
          97   -0.557554    -0.55474 0.000271483
          98   -0.555913   -0.554752 0.000268965
          99   -0.554517   -0.554749 0.000266245
         100    -0.55505   -0.554752 0.000263586
