           1     1.23211     1.23211           0
           2     1.32148     1.27679   0.0446808
           3     1.29952     1.28437    0.026886
           4     1.23084     1.27099    0.023249
           5     1.28651     1.27409   0.0182742
           6     1.24107     1.26859   0.0159036
           7     1.28173     1.27047   0.0135715
           8       1.262     1.26941   0.0118008
           9      1.2807     1.27066   0.0104827
          10     1.27818     1.27142  0.00940613
          11     1.30074     1.27408  0.00891605
          12     1.27148     1.27386  0.00814208
          13     1.29964     1.27585  0.00774757
          14     1.31195     1.27843  0.00762245
          15      1.2325     1.27536  0.00772837
          16     1.22907     1.27247  0.00778683
          17     1.28495     1.27321  0.00735118
          18     1.25857     1.27239  0.00697831
          19     1.25366     1.27141  0.00667403
          20     1.30299     1.27299  0.00652549
          21     1.27631     1.27314    0.006209
          22     1.30414     1.27455  0.00608544
          23     1.29486     1.27544  0.00588149
          24     1.26305     1.27492  0.00565471
          25     1.23068     1.27315  0.00570522
          26     1.20458     1.27051  0.00608282
          27     1.27731     1.27076  0.00585861
          28     1.23987     1.26966  0.00575229
          29     1.25331      1.2691  0.00557894
          30     1.31999     1.27079  0.00565045
          31     1.23136     1.26952  0.00561122
          32     1.29053     1.27018  0.00547255
          33      1.2931     1.27087  0.00534941
          34     1.25761     1.27048  0.00520433
          35     1.27899     1.27073   0.0050593
          36     1.27133     1.27074  0.00491678
          37     1.22423     1.26949  0.00494451
          38     1.28758     1.26996  0.00483612
          39     1.30808     1.27094  0.00481082
          40     1.30877     1.27188  0.00478342
          41     1.31788     1.27301   0.0047983
          42      1.2418     1.27226  0.00474125
          43     1.28782     1.27262  0.00464379
          44     1.33111     1.27395  0.00472773
          45     1.31591     1.27489   0.0047146
          46     1.30662     1.27558  0.00466229
          47     1.17067     1.27334  0.00507879
          48     1.31842     1.27428  0.00505977
          49     1.28496      1.2745  0.00496022
          50     1.30868     1.27518  0.00490783
          51     1.26033     1.27489  0.00481945
          52     1.25376     1.27449  0.00474331
          53     1.28139     1.27462  0.00465477
          54       1.262     1.27438  0.00457373
          55     1.30268      1.2749  0.00451917
          56     1.30215     1.27538  0.00446434
          57     1.29219     1.27568  0.00439522
          58     1.28961     1.27592  0.00432545
          59     1.27782     1.27595  0.00425162
          60     1.34167     1.27705   0.0043213
          61     1.31313     1.27764  0.00429083
          62     1.25536     1.27728  0.00423631
          63     1.23689     1.27664  0.00421754
          64      1.2409     1.27608  0.00418851
          65      1.3233     1.27681  0.00418707
          66     1.26302      1.2766  0.00412843
          67     1.19151     1.27533  0.00426004
          68     1.31152     1.27586  0.00423054
          69     1.33799     1.27676   0.0042649
          70     1.28351     1.27686  0.00420464
          71     1.23308     1.27624   0.0041906
          72     1.31462     1.27677  0.00416624
          73     1.25734     1.27651  0.00411738
          74     1.31645     1.27705  0.00409707
          75     1.26164     1.27684  0.00404729
          76     1.26904     1.27674    0.003995
          77       1.293     1.27695  0.00394843
          78     1.27563     1.27693  0.00389751
          79      1.2665      1.2768  0.00385013
          80     1.36544     1.27791  0.00395987
          81     1.22932     1.27731  0.00395642
          82     1.29869     1.27757  0.00391656
          83     1.25637     1.27731  0.00387751
          84     1.31182     1.27773  0.00385302
          85     1.26351     1.27756   0.0038111
          86     1.25635     1.27731  0.00377458
          87      1.2493     1.27699   0.0037448
          88     1.27992     1.27702  0.00370216
          89     1.28124     1.27707  0.00366063
          90     1.29383     1.27726  0.00362451
          91      1.2935     1.27743   0.0035889
          92     1.28421     1.27751  0.00355044
          93     1.27402     1.27747  0.00351226
          94     1.35114     1.27825  0.00356197
          95     1.35961     1.27911  0.00362682
          96     1.28727      1.2792  0.00358985
          97     1.27133     1.27911  0.00355357
          98     1.20943      1.2784  0.00358829
          99     1.27708     1.27839  0.00355188
         100     1.31374     1.27874  0.00353391
