           1    0.301656    0.301656           0
           2    0.300209    0.300932 0.000723138
           3    0.296283    0.299383  0.00160501
           4    0.300612     0.29969  0.00117578
           5    0.301897    0.300131  0.00101211
           6     0.28998    0.298439    0.001883
           7    0.297622    0.298323   0.0015957
           8    0.295028    0.297911  0.00144197
           9    0.293363    0.297406  0.00136843
          10    0.297762    0.297441  0.00122448
          11    0.298479    0.297535  0.00111159
          12    0.294996    0.297324  0.00103657
          13    0.300131     0.29754 0.000977658
          14    0.288001    0.296858  0.00113294
          15    0.300368    0.297092  0.00108034
          16    0.298476    0.297179  0.00101426
          17    0.309953     0.29793  0.00121341
          18    0.296865    0.297871  0.00114554
          19    0.291442    0.297533  0.00113518
          20    0.296597    0.297486  0.00107794
          21    0.301003    0.297653  0.00103891
          22    0.293998    0.297487   0.0010044
          23    0.296744    0.297455 0.000960283
          24    0.292128    0.297233  0.00094581
          25    0.287266    0.296834 0.000990932
          26    0.295689     0.29679 0.000953076
          27    0.303238    0.297029 0.000947676
          28    0.296849    0.297023 0.000913226
          29    0.289926    0.296778 0.000914526
          30    0.306816    0.297112 0.000944753
          31    0.300774    0.297231 0.000921372
          32    0.293221    0.297105 0.000900871
          33    0.298241     0.29714 0.000873823
          34    0.302156    0.297287 0.000860476
          35    0.300165    0.297369 0.000839566
          36     0.29468    0.297295 0.000819324
          37    0.286925    0.297015 0.000844726
          38     0.30126    0.297126 0.000829751
          39    0.297399    0.297133 0.000808226
          40    0.298685    0.297172 0.000788715
          41    0.293647    0.297086 0.000774027
          42     0.29269    0.296981  0.00076259
          43    0.300338    0.297059 0.000748725
          44    0.289209    0.296881 0.000752956
          45    0.302816    0.297013 0.000747756
          46    0.299435    0.297066 0.000733213
          47    0.286588    0.296843 0.000751277
          48    0.293236    0.296767 0.000739288
          49    0.304266    0.296921  0.00074004
          50     0.29326    0.296847 0.000728775
          51    0.298126    0.296872 0.000714782
          52    0.287818    0.296698 0.000722207
          53    0.296656    0.296697  0.00070845
          54    0.296514    0.296694 0.000695215
          55    0.299059    0.296737 0.000683811
          56    0.305541    0.296894 0.000689647
          57    0.295528     0.29687 0.000677864
          58    0.303923    0.296992 0.000677083
          59    0.300202    0.297046 0.000667728
          60    0.312739    0.297308 0.000706688
          61    0.298681     0.29733 0.000695371
          62    0.295093    0.297294 0.000685014
          63     0.29831     0.29731 0.000674246
          64    0.290072    0.297197 0.000673195
          65    0.291857    0.297115  0.00066783
          66    0.291781    0.297034 0.000662581
          67    0.296746     0.29703 0.000652631
          68    0.296973    0.297029 0.000642962
          69    0.292367    0.296962 0.000637168
          70    0.291898    0.296889 0.000632152
          71    0.294875    0.296861  0.00062383
          72    0.304327    0.296965 0.000623784
          73    0.296571    0.296959 0.000615204
          74    0.306586    0.297089 0.000620621
          75    0.302547    0.297162   0.0006166
          76    0.289973    0.297067 0.000615741
          77    0.305422    0.297176 0.000617302
          78    0.297391    0.297179 0.000609343
          79    0.292016    0.297113 0.000605119
          80     0.31555    0.297344  0.00064041
          81    0.289175    0.297243 0.000640444
          82    0.302871    0.297312 0.000636298
          83    0.294483    0.297278 0.000629508
          84    0.299417    0.297303  0.00062249
          85    0.288587      0.2972 0.000623612
          86    0.297024    0.297198 0.000616322
          87    0.295859    0.297183 0.000609391
          88    0.292105    0.297125 0.000605184
          89     0.29667     0.29712 0.000598367
          90    0.293188    0.297077 0.000593293
          91    0.299935    0.297108 0.000587577
          92    0.304537    0.297189 0.000586739
          93     0.29819    0.297199 0.000580495
          94    0.305779    0.297291 0.000581494
          95    0.306298    0.297386   0.0005831
          96    0.299336    0.297406 0.000577352
          97    0.295905     0.29739 0.000571578
          98    0.292666    0.297342 0.000567766
          99    0.299996    0.297369 0.000562641
         100    0.305257    0.297448 0.000562544
