           1    0.280452    0.280452           0
           2    0.270736    0.275594    0.004858
           3     0.26756    0.272916  0.00387794
           4    0.287604    0.276588  0.00458288
           5    0.288248     0.27892  0.00424734
           6    0.271604    0.277701  0.00367605
           7     0.27064    0.276692  0.00326647
           8    0.282932    0.277472  0.00293441
           9     0.27746    0.277471  0.00258791
          10    0.277076    0.277431  0.00231503
          11    0.271416    0.276884  0.00216425
          12    0.268928    0.276221  0.00208397
          13    0.270488     0.27578  0.00196705
          14    0.265892    0.275074   0.0019533
          15     0.28708    0.275874  0.00198679
          16     0.27332    0.275715  0.00186531
          17    0.276696    0.275772  0.00175311
          18      0.2773    0.275857  0.00165502
          19    0.275524     0.27584  0.00156559
          20    0.273076    0.275702  0.00149167
          21    0.268032    0.275336  0.00146511
          22    0.274972     0.27532  0.00139702
          23    0.273084    0.275223  0.00133844
          24    0.269488    0.274984  0.00130354
          25    0.272804    0.274896  0.00125335
          26    0.282808    0.275201  0.00124203
          27    0.280776    0.275407  0.00121285
          28    0.279908    0.275568  0.00117973
          29     0.27326    0.275488  0.00114111
          30    0.273328    0.275416  0.00110476
          31    0.281172    0.275602  0.00108454
          32    0.272404    0.275502  0.00105485
          33    0.272744    0.275419  0.00102579
          34    0.274096     0.27538 0.000995926
          35    0.288832    0.275764  0.00104063
          36    0.273824     0.27571  0.00101275
          37    0.267456    0.275487  0.00100994
          38    0.272868    0.275418  0.00098542
          39    0.277444     0.27547 0.000961225
          40      0.2662    0.275238 0.000965124
          41    0.262936    0.274938 0.000987958
          42      0.2762    0.274968 0.000964616
          43    0.262532    0.274679 0.000985318
          44    0.252804    0.274182  0.00108346
          45    0.289296    0.274518  0.00111109
          46    0.275304    0.274535   0.0010868
          47    0.281516    0.274683  0.00107375
          48     0.27284    0.274645  0.00105185
          49    0.285284    0.274862  0.00105279
          50    0.265544    0.274676  0.00104822
          51     0.26972    0.274579  0.00103204
          52    0.275456    0.274595  0.00101214
          53    0.277388    0.274648 0.000994259
          54    0.275612    0.274666 0.000975836
          55    0.277812    0.274723 0.000959636
          56     0.27262    0.274686 0.000943092
          57    0.266676    0.274545 0.000936995
          58     0.27554    0.274562 0.000920858
          59    0.278892    0.274636 0.000908086
          60    0.278808    0.274705 0.000895527
          61     0.26374    0.274525 0.000898881
          62     0.27466    0.274528 0.000884267
          63     0.27852    0.274591 0.000872422
          64    0.280432    0.274682 0.000863519
          65    0.266068     0.27455 0.000860398
          66     0.27668    0.274582 0.000847876
          67    0.270596    0.274523 0.000837242
          68    0.272696    0.274496 0.000825274
          69     0.27266    0.274469 0.000813661
          70    0.282116    0.274578 0.000809359
          71    0.281408    0.274674 0.000803656
          72    0.282316    0.274781 0.000799492
          73    0.271064     0.27473 0.000790106
          74    0.279624    0.274796 0.000782157
          75       0.271    0.274745 0.000773315
          76    0.278412    0.274793 0.000764596
          77    0.274936    0.274795 0.000754603
          78    0.281936    0.274887 0.000750471
          79    0.283312    0.274994 0.000748546
          80    0.278468    0.275037 0.000740405
          81    0.273608    0.275019  0.00073142
          82    0.281688    0.275101 0.000727008
          83    0.270008    0.275039 0.000720812
          84     0.26906    0.274968 0.000715727
          85      0.2766    0.274987 0.000707518
          86     0.27432     0.27498 0.000699285
          87    0.285456      0.2751 0.000701612
          88     0.27138    0.275058  0.00069488
          89    0.281264    0.275127 0.000690558
          90     0.27506    0.275127 0.000682843
          91    0.280908     0.27519 0.000678279
          92    0.274396    0.275182 0.000670921
          93      0.2789    0.275222 0.000664871
          94    0.277364    0.275244 0.000658155
          95     0.28008    0.275295 0.000653177
          96     0.27754    0.275319  0.00064676
          97    0.281088    0.275378 0.000642815
          98    0.279644    0.275422 0.000637709
          99    0.274984    0.275417  0.00063125
         100    0.275408    0.275417 0.000624906
