           1     0.19932     0.19932           0
           2    0.201311    0.200315 0.000995348
           3    0.197632    0.199421  0.00106305
           4    0.196591    0.198714  0.00103222
           5    0.200172    0.199005 0.000851095
           6    0.197351     0.19873 0.000747607
           7     0.19432      0.1981 0.000892193
           8    0.197169    0.197983 0.000781366
           9     0.19562    0.197721  0.00073742
          10    0.197334    0.197682 0.000660703
          11    0.194989    0.197437 0.000645842
          12    0.192719    0.197044 0.000708658
          13    0.192147    0.196667 0.000752892
          14    0.196459    0.196653 0.000697201
          15    0.200654    0.196919 0.000701731
          16    0.197275    0.196942 0.000656786
          17    0.198804    0.197051 0.000626601
          18    0.193409    0.196849 0.000624453
          19     0.19786    0.196902 0.000593064
          20    0.194339    0.196774 0.000577038
          21    0.197671    0.196817 0.000550533
          22    0.197499    0.196848 0.000525828
          23    0.196748    0.196843 0.000502465
          24    0.196616    0.196834 0.000481167
          25    0.193113    0.196685 0.000484921
          26     0.19726    0.196707 0.000466422
          27     0.20074    0.196856 0.000473015
          28    0.199615    0.196955 0.000466335
          29    0.202506    0.197146 0.000488992
          30    0.198019    0.197175 0.000473307
          31    0.199389    0.197247 0.000463319
          32    0.196158    0.197213 0.000449894
          33    0.197673    0.197227 0.000436271
          34    0.195143    0.197165 0.000427661
          35    0.192463    0.197031 0.000436461
          36    0.197324    0.197039 0.000424242
          37    0.197217    0.197044 0.000412644
          38    0.193349    0.196947 0.000413241
          39    0.200659    0.197042 0.000413605
          40    0.194065    0.196968 0.000409945
          41    0.194591     0.19691 0.000404002
          42    0.198112    0.196938 0.000395305
          43    0.200207    0.197014 0.000393416
          44    0.195424    0.196978 0.000386066
          45    0.190651    0.196837 0.000402729
          46    0.204253    0.196999  0.00042559
          47    0.195286    0.196962 0.000418029
          48    0.196323    0.196949 0.000409444
          49    0.197736    0.196965 0.000401323
          50    0.192152    0.196869 0.000404824
          51    0.191588    0.196765 0.000410095
          52    0.201396    0.196854 0.000411874
          53    0.197939    0.196875 0.000404546
          54    0.191831    0.196781 0.000407825
          55    0.197165    0.196788 0.000400402
          56    0.197261    0.196797 0.000393277
          57    0.190677    0.196689 0.000400959
          58    0.198842    0.196726  0.00039573
          59    0.192445    0.196654 0.000395675
          60    0.199044    0.196694 0.000391059
          61    0.193001    0.196633 0.000389329
          62    0.192902    0.196573 0.000387698
          63    0.198024    0.196596  0.00038219
          64    0.191138    0.196511 0.000385716
          65    0.192014    0.196442 0.000385986
          66    0.197612    0.196459 0.000380506
          67    0.197664    0.196477 0.000375214
          68    0.198542    0.196508   0.0003709
          69     0.19394     0.19647 0.000367375
          70    0.192354    0.196412 0.000366834
          71    0.193573    0.196372 0.000363834
          72    0.192533    0.196318 0.000362685
          73    0.197971    0.196341 0.000358398
          74    0.196965    0.196349 0.000353622
          75    0.196734    0.196355 0.000348913
          76    0.191805    0.196295 0.000349457
          77    0.192746    0.196249 0.000347955
          78    0.195468    0.196239 0.000343611
          79    0.195354    0.196227 0.000339419
          80    0.193877    0.196198 0.000336434
          81     0.19447    0.196177 0.000332938
          82    0.198854    0.196209  0.00033047
          83    0.195382    0.196199 0.000326616
          84    0.202743    0.196277 0.000331975
          85    0.196196    0.196276 0.000328048
          86    0.199571    0.196315 0.000326466
          87    0.194947    0.196299 0.000323074
          88    0.190731    0.196236 0.000325589
          89    0.198133    0.196257 0.000322616
          90    0.193667    0.196228 0.000320306
          91    0.196441     0.19623 0.000316776
          92    0.199388    0.196265 0.000315188
          93    0.195643    0.196258 0.000311852
          94    0.201072    0.196309 0.000312738
          95    0.195634    0.196302  0.00030951
          96    0.197111    0.196311 0.000306385
          97    0.202092     0.19637 0.000309011
          98    0.193038    0.196336 0.000307726
          99    0.198187    0.196355 0.000305175
         100    0.193434    0.196326 0.000303517
