           1   -0.461496   -0.461496           0
           2    -0.46368   -0.462588    0.001092
           3   -0.462184   -0.462453 0.000644688
           4   -0.458384   -0.461436   0.0011148
           5   -0.460008    -0.46115 0.000909524
           6   -0.462784   -0.461423 0.000790961
           7   -0.462328   -0.461552  0.00068088
           8    -0.46176   -0.461578 0.000590232
           9    -0.46496   -0.461954 0.000642002
          10   -0.459584   -0.461717 0.000621202
          11   -0.463952    -0.46192 0.000597511
          12   -0.461168   -0.461857 0.000549039
          13   -0.465832   -0.462163 0.000590379
          14   -0.463056   -0.462227 0.000550293
          15    -0.46444   -0.462374 0.000533118
          16   -0.464352   -0.462498 0.000513775
          17   -0.460776   -0.462397 0.000493124
          18   -0.462512   -0.462403 0.000464965
          19   -0.462048   -0.462384  0.00044021
          20   -0.459736   -0.462252 0.000438112
          21    -0.46484   -0.462375 0.000434568
          22   -0.460296   -0.462281 0.000424986
          23    -0.46272     -0.4623 0.000406538
          24   -0.463664   -0.462357 0.000393358
          25   -0.462312   -0.462355   0.0003773
          26   -0.460008   -0.462265 0.000373568
          27   -0.460808   -0.462211 0.000363492
          28    -0.46428   -0.462285 0.000357981
          29   -0.459624   -0.462193 0.000357392
          30   -0.462664   -0.462209 0.000345631
          31    -0.46076   -0.462162 0.000337546
          32   -0.463368   -0.462199 0.000328994
          33   -0.462312   -0.462203 0.000318886
          34   -0.461424    -0.46218 0.000310212
          35   -0.462144   -0.462179 0.000301221
          36   -0.465544   -0.462272 0.000307295
          37   -0.461584   -0.462254 0.000299453
          38   -0.460744   -0.462214 0.000294162
          39   -0.460344   -0.462166 0.000290505
          40   -0.463336   -0.462195 0.000284655
          41   -0.462216   -0.462196 0.000277626
          42   -0.464992   -0.462262 0.000278995
          43   -0.463408   -0.462289 0.000273729
          44    -0.46412   -0.462331 0.000270653
          45   -0.460264   -0.462285 0.000268527
          46   -0.463136   -0.462303 0.000263276
          47   -0.461456   -0.462285 0.000258243
          48   -0.461728   -0.462274 0.000253072
          49   -0.459968   -0.462227 0.000252281
          50    -0.46112   -0.462204 0.000248173
          51   -0.460152   -0.462164 0.000246564
          52    -0.45996   -0.462122 0.000245464
          53   -0.461904   -0.462118 0.000240823
          54   -0.458368   -0.462048 0.000246312
          55   -0.461856   -0.462045 0.000241818
          56   -0.464032    -0.46208 0.000240097
          57   -0.465792   -0.462145 0.000244672
          58   -0.461744   -0.462138 0.000240516
          59   -0.460464    -0.46211 0.000238102
          60   -0.460776   -0.462088 0.000235153
          61   -0.462864   -0.462101 0.000231616
          62   -0.460912   -0.462081 0.000228654
          63   -0.462936   -0.462095 0.000225404
          64   -0.462296   -0.462098 0.000221877
          65   -0.461544    -0.46209 0.000218603
          66   -0.460592   -0.462067 0.000216458
          67   -0.461136   -0.462053 0.000213655
          68    -0.46356   -0.462075 0.000211653
          69   -0.462408    -0.46208 0.000208619
          70   -0.463376   -0.462099 0.000206449
          71   -0.461768   -0.462094 0.000203573
          72   -0.462816   -0.462104 0.000200976
          73   -0.463808   -0.462127 0.000199574
          74   -0.461248   -0.462115 0.000197217
          75   -0.460368   -0.462092  0.00019596
          76   -0.464072   -0.462118 0.000195111
          77   -0.463128   -0.462131 0.000193007
          78   -0.463712   -0.462151 0.000191591
          79   -0.459592   -0.462119 0.000191905
          80   -0.462632   -0.462125 0.000189599
          81   -0.463816   -0.462146 0.000188403
          82   -0.462856   -0.462155 0.000186293
          83   -0.462744   -0.462162 0.000184171
          84   -0.462128   -0.462162 0.000181966
          85   -0.465568   -0.462202 0.000184224
          86   -0.461728   -0.462196 0.000182153
          87    -0.46084   -0.462181  0.00018072
          88   -0.461024   -0.462168 0.000179138
          89   -0.463232    -0.46218 0.000177517
          90   -0.461176   -0.462168 0.000175887
          91   -0.462312    -0.46217 0.000173951
          92   -0.462392   -0.462172 0.000172067
          93   -0.459656   -0.462145 0.000172344
          94   -0.463104   -0.462155 0.000170805
          95   -0.462152   -0.462155 0.000168998
          96    -0.45968    -0.46213 0.000169204
          97   -0.460824   -0.462116 0.000167991
          98    -0.46356   -0.462131 0.000166919
          99   -0.460264   -0.462112 0.000166297
         100   -0.462568   -0.462117 0.000164689
