           1      1.3709      1.3709           0
           2      1.3775      1.3742      0.0033
           3     1.36551      1.3713  0.00346653
           4     1.30371     1.35441   0.0170758
           5      1.3434      1.3522   0.0134089
           6     1.36426     1.35421   0.0111311
           7      1.3469     1.35317  0.00946536
           8     1.38189     1.35676  0.00894896
           9     1.35105     1.35612  0.00791766
          10     1.35594      1.3561  0.00708179
          11     1.33607     1.35428  0.00665966
          12     1.30807     1.35043  0.00719662
          13     1.34444     1.34997  0.00663595
          14     1.36491     1.35104  0.00623566
          15     1.43901      1.3569  0.00825207
          16     1.34735     1.35631  0.00774217
          17     1.36884     1.35704  0.00730978
          18     1.34107     1.35616  0.00694864
          19     1.34526     1.35558   0.0065977
          20     1.31546     1.35358  0.00657282
          21     1.41624     1.35656  0.00692761
          22     1.35852     1.35665  0.00660582
          23     1.38351     1.35782  0.00641923
          24     1.38724     1.35904  0.00626706
          25     1.35467     1.35887   0.0060137
          26     1.35551     1.35874  0.00577921
          27     1.39151     1.35995  0.00569195
          28     1.36252     1.36004  0.00548567
          29     1.34894     1.35966  0.00530696
          30     1.36103     1.35971  0.00512721
          31     1.31943     1.35841  0.00512645
          32      1.4138     1.36014  0.00525684
          33     1.36762     1.36037  0.00510009
          34     1.36482      1.3605  0.00494955
          35        1.38     1.36105  0.00483827
          36     1.37063     1.36132  0.00470946
          37     1.32768     1.36041   0.0046698
          38     1.34397     1.35998  0.00456579
          39     1.36946     1.36022  0.00445382
          40     1.39751     1.36115  0.00444001
          41      1.3795      1.3616  0.00435342
          42     1.28699     1.35982  0.00460496
          43      1.3361     1.35927  0.00453033
          44     1.42515     1.36077  0.00467253
          45     1.37996      1.3612  0.00458737
          46     1.33195     1.36056  0.00453135
          47     1.34026     1.36013  0.00445489
          48     1.32668     1.35943   0.0044164
          49     1.33842       1.359  0.00434653
          50     1.32764     1.35838  0.00430466
          51     1.37454     1.35869   0.0042313
          52     1.43776     1.36021  0.00441895
          53     1.29867     1.35905  0.00448761
          54     1.37328     1.35931  0.00441159
          55     1.37778     1.35965  0.00434363
          56     1.33078     1.35913   0.0042964
          57     1.38634     1.35961  0.00424725
          58      1.3363     1.35921  0.00419268
          59     1.37131     1.35942  0.00412611
          60     1.30222     1.35846  0.00416723
          61     1.37724     1.35877   0.0041099
          62     1.31196     1.35802  0.00411295
          63     1.34665     1.35783  0.00405115
          64     1.38012     1.35818  0.00400252
          65     1.36759     1.35833  0.00394312
          66     1.38059     1.35866  0.00389754
          67     1.37988     1.35898  0.00385197
          68     1.38888     1.35942  0.00382029
          69      1.4078     1.36012  0.00382924
          70     1.37638     1.36035  0.00378129
          71     1.35898     1.36034   0.0037277
          72     1.36375     1.36038  0.00367587
          73     1.35733     1.36034   0.0036254
          74      1.3956     1.36082  0.00360767
          75     1.39432     1.36126  0.00358717
          76     1.37928      1.3615  0.00354758
          77     1.29161     1.36059  0.00361695
          78      1.3596     1.36058   0.0035703
          79     1.37505     1.36076  0.00352957
          80     1.37204      1.3609  0.00348803
          81     1.36023      1.3609   0.0034447
          82     1.33902     1.36063  0.00341288
          83     1.39396     1.36103  0.00339534
          84      1.3384     1.36076  0.00336547
          85     1.40463     1.36128  0.00336545
          86      1.3771     1.36146  0.00333117
          87     1.30702     1.36084  0.00335158
          88     1.36318     1.36086  0.00331339
          89     1.38103     1.36109  0.00328378
          90     1.39054     1.36142  0.00326353
          91     1.38009     1.36162  0.00323399
          92      1.3471     1.36146  0.00320254
          93     1.32969     1.36112  0.00318629
          94     1.38346     1.36136  0.00316115
          95     1.34887     1.36123  0.00313046
          96     1.36578     1.36128  0.00309804
          97     1.36103     1.36127  0.00306594
          98     1.35868     1.36125  0.00303461
          99     1.36297     1.36126  0.00300385
         100     1.35901     1.36124  0.00297374
