           1    0.447485    0.447485           0
           2     0.42886    0.438172  0.00931265
           3    0.423137     0.43316  0.00735032
           4     0.43563    0.433778  0.00523399
           5    0.470701    0.441162  0.00842433
           6     0.45137    0.442864  0.00708572
           7    0.466423    0.446229  0.00686945
           8    0.449008    0.446577  0.00595925
           9    0.433636    0.445139  0.00544871
          10    0.424322    0.443057  0.00529945
          11    0.460759    0.444666  0.00505646
          12    0.430674      0.4435  0.00476089
          13    0.435516    0.442886  0.00442224
          14    0.421593    0.441365  0.00436756
          15    0.448963    0.441872  0.00409741
          16    0.440866    0.441809  0.00383329
          17    0.437241     0.44154  0.00361076
          18    0.458329    0.442473  0.00352972
          19    0.433628    0.442007  0.00337107
          20    0.432241    0.441519  0.00323515
          21    0.443566    0.441616  0.00307878
          22    0.443615    0.441707  0.00293691
          23    0.419543    0.440744  0.00296716
          24    0.451274    0.441182  0.00287452
          25    0.422125     0.44042  0.00286058
          26    0.429249     0.43999  0.00278174
          27    0.429901    0.439617  0.00270268
          28    0.444691    0.439798  0.00261067
          29    0.419973    0.439114  0.00261015
          30    0.455137    0.439648  0.00257759
          31     0.42891    0.439302    0.002517
          32    0.450425     0.43965  0.00246174
          33    0.463435     0.44037  0.00249247
          34    0.426278    0.439956  0.00245332
          35    0.432344    0.439738   0.0023921
          36    0.430414    0.439479  0.00233909
          37    0.441923    0.439546  0.00227595
          38    0.449418    0.439805  0.00223043
          39    0.419383    0.439282   0.0022347
          40    0.437234     0.43923  0.00217872
          41    0.450851    0.439514  0.00214374
          42    0.434688    0.439399  0.00209522
          43    0.422078    0.438996  0.00208519
          44    0.422375    0.438618  0.00207198
          45    0.458673    0.439064  0.00207386
          46     0.44393     0.43917  0.00203103
          47    0.412323    0.438599  0.00206781
          48    0.450485    0.438846  0.00203936
          49    0.453758    0.439151  0.00202036
          50    0.427994    0.438927  0.00199208
          51     0.42549    0.438664  0.00197032
          52    0.436329    0.438619  0.00193258
          53    0.454418    0.438917  0.00191906
          54    0.445694    0.439043  0.00188736
          55    0.439008    0.439042  0.00185273
          56    0.441767    0.439091  0.00181999
          57    0.406694    0.438522  0.00187595
          58    0.432323    0.438415  0.00184642
          59    0.414905    0.438017  0.00185809
          60    0.425217    0.437804  0.00183927
          61    0.428704    0.437654  0.00181501
          62    0.447647    0.437816  0.00179275
          63    0.444159    0.437916  0.00176694
          64    0.417125    0.437591  0.00176919
          65    0.442164    0.437662  0.00174318
          66    0.434291    0.437611  0.00171733
          67    0.469368    0.438085  0.00175666
          68    0.472952    0.438597  0.00180499
          69     0.43053    0.438481  0.00178248
          70    0.445608    0.438582  0.00175978
          71    0.442112    0.438632  0.00173553
          72    0.404446    0.438157   0.0017759
          73    0.459857    0.438455  0.00177645
          74    0.429665    0.438336   0.0017563
          75    0.431726    0.438248  0.00173497
          76    0.439914     0.43827  0.00171213
          77    0.401809    0.437796  0.00175484
          78    0.444454    0.437881   0.0017343
          79    0.427558    0.437751  0.00171718
          80    0.451415    0.437922  0.00170416
          81     0.43015    0.437826  0.00168573
          82    0.420631    0.437616  0.00167819
          83    0.444716    0.437701  0.00166006
          84    0.418291     0.43747  0.00165637
          85    0.431419    0.437399  0.00163832
          86    0.445615    0.437495  0.00162197
          87    0.444617    0.437577  0.00160531
          88    0.447141    0.437685  0.00159068
          89    0.442245    0.437736  0.00157354
          90     0.44095    0.437772  0.00155637
          91    0.449611    0.437902  0.00154466
          92     0.42378    0.437749  0.00153547
          93    0.443938    0.437815  0.00152032
          94    0.414661    0.437569   0.0015241
          95    0.457554    0.437779  0.00152257
          96     0.45845    0.437995  0.00152194
          97    0.437846    0.437993  0.00150617
          98    0.428173    0.437893  0.00149408
          99    0.415288    0.437665  0.00149644
         100    0.432513    0.437613  0.00148229
