           1   -0.822608   -0.822608           0
           2   -0.829688   -0.826148     0.00354
           3   -0.820744   -0.824347  0.00272434
           4   -0.827992   -0.825258  0.00213109
           5   -0.825304   -0.825267  0.00165076
           6   -0.827328   -0.825611  0.00139091
           7   -0.825688   -0.825622  0.00117559
           8   -0.826536   -0.825736  0.00102448
           9   -0.827192   -0.825898 0.000917878
          10    -0.82648   -0.825956 0.000823037
          11   -0.828632   -0.826199 0.000783205
          12   -0.824944   -0.826095 0.000722577
          13   -0.822696   -0.825833 0.000714241
          14    -0.82488   -0.825765 0.000664755
          15   -0.823176   -0.825593 0.000642474
          16     -0.8222   -0.825381 0.000637287
          17   -0.825272   -0.825374 0.000598661
          18   -0.827056   -0.825468 0.000572105
          19   -0.825768   -0.825483 0.000541388
          20   -0.824512   -0.825435 0.000515897
          21   -0.828768   -0.825594 0.000515747
          22   -0.829976   -0.825793 0.000530562
          23   -0.829104   -0.825937 0.000527015
          24   -0.827024   -0.825982 0.000506608
          25   -0.824016   -0.825903 0.000492244
          26   -0.821352   -0.825728  0.00050429
          27   -0.828528   -0.825832 0.000496209
          28   -0.826984   -0.825873 0.000479926
          29   -0.828032   -0.825948 0.000469026
          30   -0.827456   -0.825998 0.000455904
          31   -0.824632   -0.825954 0.000443148
          32     -0.8316    -0.82613 0.000463938
          33   -0.832912   -0.826336 0.000494396
          34   -0.828816   -0.826409  0.00048515
          35   -0.825656   -0.826387 0.000471575
          36     -0.8194   -0.826193 0.000497694
          37   -0.825752   -0.826181 0.000484202
          38   -0.826424   -0.826188 0.000471331
          39   -0.818984   -0.826003 0.000494851
          40   -0.822344   -0.825911 0.000490918
          41    -0.82336   -0.825849 0.000482822
          42    -0.82928   -0.825931 0.000478214
          43   -0.828936   -0.826001 0.000472161
          44   -0.826768   -0.826018 0.000461635
          45   -0.819856   -0.825881  0.00047158
          46   -0.823336   -0.825826 0.000464521
          47   -0.824272   -0.825793 0.000455731
          48    -0.82676   -0.825813 0.000446591
          49   -0.831384   -0.825927 0.000451917
          50   -0.825408   -0.825916 0.000442908
          51    -0.82868   -0.825971 0.000437506
          52   -0.822264   -0.825899 0.000434891
          53   -0.830232   -0.825981 0.000434368
          54   -0.821512   -0.825898 0.000434208
          55   -0.825248   -0.825886 0.000426405
          56   -0.824288   -0.825858 0.000419693
          57    -0.82552   -0.825852 0.000412307
          58   -0.829032   -0.825907 0.000408829
          59   -0.829112   -0.825961 0.000405495
          60    -0.82076   -0.825874 0.000407995
          61   -0.831176   -0.825961 0.000410555
          62    -0.82688   -0.825976 0.000404151
          63   -0.825168   -0.825963 0.000397891
          64   -0.829264   -0.826015 0.000395006
          65   -0.825784   -0.826011 0.000388898
          66   -0.822832   -0.825963 0.000385978
          67   -0.827464   -0.825986 0.000380833
          68    -0.82828   -0.826019 0.000376704
          69   -0.825088   -0.826006  0.00037145
          70     -0.8248   -0.825989  0.00036651
          71   -0.826168   -0.825991  0.00036132
          72   -0.826368   -0.825996 0.000356305
          73   -0.827496   -0.826017  0.00035199
          74   -0.826424   -0.826022 0.000347244
          75   -0.827856   -0.826047 0.000343455
          76   -0.826624   -0.826054  0.00033899
          77   -0.820952   -0.825988 0.000341058
          78   -0.825688   -0.825984 0.000336679
          79   -0.822888   -0.825945 0.000334693
          80   -0.823432   -0.825914 0.000331973
          81   -0.831272    -0.82598 0.000334456
          82   -0.825056   -0.825969 0.000330544
          83   -0.823008   -0.825933  0.00032848
          84   -0.826288   -0.825937 0.000324573
          85   -0.830624   -0.825992 0.000325437
          86   -0.818432   -0.825904 0.000333428
          87   -0.823288   -0.825874 0.000330943
          88    -0.82876   -0.825907   0.0003288
          89   -0.823144   -0.825876 0.000326564
          90   -0.827784   -0.825897  0.00032361
          91   -0.823112   -0.825867 0.000321494
          92    -0.82624   -0.825871 0.000318006
          93   -0.826104   -0.825873 0.000314578
          94    -0.82332   -0.825846 0.000312397
          95   -0.828344   -0.825872 0.000310207
          96     -0.8242   -0.825855 0.000307453
          97     -0.8316   -0.825914 0.000309978
          98   -0.830512   -0.825961 0.000310365
          99   -0.826528   -0.825967 0.000307267
         100   -0.828224   -0.825989 0.000305016
