           1     12.6589     12.6589           0
           2      12.497     12.5779   0.0809694
           3     10.6973     11.9511    0.628627
           4     11.5552     11.8521    0.455387
           5     13.6871     12.2191    0.509027
           6     12.1517     12.2079     0.41577
           7     11.7884      12.148    0.356463
           8     12.3591     12.1743    0.309832
           9     11.9822      12.153    0.274079
          10     12.1438     12.1521    0.245145
          11     12.9893     12.2282    0.234442
          12     12.2801     12.2325    0.214059
          13     10.5536     12.1034     0.23548
          14     11.6424     12.0704    0.220485
          15     13.2751     12.1508    0.220412
          16     12.7056     12.1854    0.209072
          17     11.5518     12.1482    0.199895
          18     13.1032     12.2012     0.19579
          19      10.907     12.1331    0.197328
          20     10.6888     12.0609    0.200647
          21     13.2861     12.1192    0.199572
          22     12.8691     12.1533    0.193313
          23     10.8884     12.0983     0.19273
          24     13.1929     12.1439    0.190078
          25     10.3384     12.0717      0.1961
          26     10.3966     12.0073    0.199119
          27     11.1378     11.9751     0.19429
          28     11.8264     11.9698    0.187297
          29     12.9823     12.0047    0.184065
          30     12.1899     12.0109    0.177931
          31     12.6915     12.0328    0.173491
          32     13.1176     12.0667    0.171368
          33     13.9453     12.1236    0.175578
          34     13.0184       12.15    0.172357
          35      12.213     12.1518     0.16737
          36     10.6133      12.109    0.168174
          37     13.5184     12.1471    0.167943
          38     12.1826     12.1481    0.163466
          39     9.95009     12.0917      0.1689
          40     10.9425      12.063    0.167111
          41     11.5824     12.0512    0.163405
          42     12.1729     12.0541    0.159493
          43     11.8364     12.0491    0.155822
          44     11.2331     12.0305    0.153365
          45     11.2985     12.0143    0.150798
          46     10.7042     11.9858    0.150208
          47     9.80027     11.9393    0.154158
          48     13.0789      11.963    0.152768
          49     13.5793      11.996    0.153211
          50     13.0876     12.0178    0.151695
          51     12.8938      12.035    0.149679
          52     11.8483     12.0314    0.146816
          53     13.1699     12.0529    0.145613
          54     10.1762     12.0182    0.147057
          55     12.4614     12.0262    0.144583
          56     11.8609     12.0233    0.142008
          57      10.867      12.003    0.140962
          58     13.2084     12.0238    0.140061
          59     12.9997     12.0403    0.138657
          60     10.8615     12.0207    0.137734
          61     12.6797     12.0315    0.135888
          62     12.0281     12.0314    0.133678
          63     12.5668     12.0399    0.131813
          64     12.5941     12.0486    0.130026
          65     12.5988      12.057     0.12829
          66     11.1707     12.0436    0.127043
          67     13.0275     12.0583    0.125991
          68     13.5225     12.0798    0.125978
          69      12.586     12.0872    0.124356
          70     13.1556     12.1024    0.123513
          71     11.7804     12.0979    0.121845
          72      10.368     12.0739     0.12252
          73     12.9889     12.0864    0.121478
          74     12.8802     12.0971    0.120305
          75     12.6016     12.1038     0.11888
          76     11.9842     12.1023    0.117316
          77     11.4395     12.0937    0.116102
          78     12.7698     12.1023    0.114931
          79     10.7619     12.0854    0.114729
          80     12.6571     12.0925    0.113511
          81      13.383     12.1084    0.113227
          82      12.511     12.1134    0.111946
          83     12.5342     12.1184    0.110705
          84     11.4783     12.1108    0.109644
          85     13.7169     12.1297    0.109982
          86      11.178     12.1186    0.109257
          87      12.981     12.1285    0.108448
          88     12.2894     12.1304    0.107224
          89     11.4439     12.1227    0.106293
          90     12.6525     12.1285     0.10527
          91     10.9102     12.1152    0.104964
          92     12.6854     12.1214    0.104002
          93     12.8003     12.1287    0.103136
          94     11.8757      12.126    0.102068
          95      14.102     12.1468    0.103108
          96     12.3873     12.1493    0.102059
          97     12.9076     12.1571    0.101304
          98     13.4276     12.1701    0.101099
          99     11.0779      12.159    0.100679
         100     12.1002     12.1584   0.0996689
