           1   -0.572944   -0.572944           0
           2   -0.569641   -0.571292   0.0016516
           3   -0.565031   -0.569205  0.00229458
           4   -0.575952   -0.570892  0.00234038
           5   -0.573875   -0.571489  0.00190851
           6   -0.568173   -0.570936  0.00165339
           7   -0.567862   -0.570497  0.00146473
           8   -0.573576   -0.570882   0.0013256
           9     -0.5732   -0.571139  0.00119711
          10    -0.57275     -0.5713  0.00108277
          11   -0.568957   -0.571087   0.0010023
          12   -0.568151   -0.570843 0.000947125
          13   -0.568652   -0.570674 0.000887375
          14   -0.566718   -0.570392 0.000868781
          15   -0.571661   -0.570476 0.000813205
          16   -0.567974    -0.57032 0.000776588
          17   -0.571706   -0.570401 0.000734023
          18   -0.568354   -0.570288 0.000701325
          19   -0.568585   -0.570198 0.000669414
          20   -0.565481   -0.569962 0.000677448
          21    -0.56559   -0.569754 0.000677176
          22   -0.568756   -0.569709 0.000647253
          23   -0.570554   -0.569745 0.000619564
          24   -0.569118   -0.569719 0.000593762
          25    -0.57056   -0.569753 0.000570509
          26   -0.572222   -0.569848  0.00055629
          27   -0.570838   -0.569885 0.000536546
          28   -0.570226   -0.569897 0.000517172
          29   -0.566771   -0.569789 0.000510526
          30   -0.568064   -0.569731 0.000496556
          31   -0.571455   -0.569787 0.000483479
          32   -0.569978   -0.569793 0.000468164
          33   -0.568362    -0.56975 0.000455825
          34   -0.567737    -0.56969  0.00044616
          35   -0.576022   -0.569871 0.000469482
          36   -0.568818   -0.569842 0.000457191
          37   -0.568302   -0.569801 0.000446606
          38   -0.570737   -0.569825 0.000435392
          39   -0.573529    -0.56992 0.000434584
          40   -0.565273   -0.569804 0.000439225
          41   -0.566984   -0.569735 0.000433865
          42   -0.569849   -0.569738 0.000423417
          43   -0.566307   -0.569658  0.00042108
          44   -0.563146    -0.56951 0.000437214
          45   -0.574371   -0.569618 0.000440829
          46   -0.569523   -0.569616 0.000431144
          47   -0.572026   -0.569667 0.000424975
          48   -0.566654   -0.569605 0.000420735
          49   -0.568638   -0.569585 0.000412531
          50   -0.567241   -0.569538 0.000406906
          51   -0.566763   -0.569484 0.000402541
          52   -0.569851   -0.569491 0.000394787
          53   -0.570454   -0.569509 0.000387693
          54   -0.569427   -0.569507 0.000380449
          55   -0.571368   -0.569541 0.000374997
          56   -0.569201   -0.569535 0.000368289
          57    -0.57067   -0.569555 0.000362318
          58   -0.569156   -0.569548 0.000356082
          59   -0.568937   -0.569538 0.000350148
          60   -0.571131   -0.569564 0.000345286
          61   -0.569161   -0.569558 0.000339643
          62    -0.56724    -0.56952 0.000336204
          63    -0.56859   -0.569505 0.000331154
          64   -0.571076    -0.56953 0.000326862
          65   -0.569236   -0.569525 0.000321825
          66   -0.569242   -0.569521 0.000316941
          67   -0.564928   -0.569453 0.000319614
          68   -0.572004    -0.56949 0.000317106
          69   -0.571994   -0.569526 0.000314576
          70   -0.572165   -0.569564 0.000312332
          71    -0.57125   -0.569588 0.000308816
          72   -0.572014   -0.569622 0.000306355
          73   -0.565441   -0.569564 0.000307509
          74   -0.569378   -0.569562 0.000303336
          75   -0.568333   -0.569545 0.000299712
          76   -0.571678   -0.569573 0.000297071
          77   -0.570305   -0.569583 0.000293341
          78   -0.572794   -0.569624 0.000292467
          79   -0.573742   -0.569676 0.000293409
          80   -0.572457   -0.569711 0.000291796
          81   -0.569359   -0.569707 0.000288204
          82   -0.574459   -0.569765 0.000290508
          83   -0.569847   -0.569766 0.000286988
          84   -0.567256   -0.569736  0.00028512
          85   -0.569753   -0.569736 0.000281746
          86    -0.56838    -0.56972 0.000278897
          87   -0.573984   -0.569769 0.000279995
          88    -0.56917   -0.569762 0.000276879
          89   -0.573646   -0.569806 0.000277207
          90   -0.571798   -0.569828 0.000275001
          91   -0.575266   -0.569888 0.000278449
          92   -0.568707   -0.569875 0.000275705
          93   -0.568528   -0.569861 0.000273108
          94   -0.575174   -0.569917 0.000276036
          95   -0.575254   -0.569973 0.000278834
          96   -0.572231   -0.569997 0.000276914
          97   -0.572322   -0.570021 0.000275091
          98   -0.569214   -0.570013 0.000272394
          99   -0.570051   -0.570013 0.000269628
         100   -0.569708    -0.57001 0.000266936
