           1    0.320477    0.320477           0
           2    0.317345    0.318911  0.00156598
           3     0.31211    0.316644  0.00244055
           4    0.313375    0.315827  0.00190949
           5    0.320461    0.316753  0.00174549
           6    0.306557    0.315054  0.00221794
           7    0.315107    0.315062  0.00187452
           8    0.308853    0.314285  0.00179936
           9    0.308697    0.313665  0.00170403
          10    0.315918     0.31389   0.0015407
          11     0.31595    0.314077  0.00140614
          12    0.312713    0.313964  0.00128864
          13    0.312153    0.313824  0.00119354
          14     0.30381    0.313109  0.00131632
          15    0.317812    0.313422   0.0012649
          16    0.314234    0.313473   0.0011843
          17    0.323377    0.314056  0.00125577
          18    0.314842    0.314099  0.00118476
          19    0.306176    0.313682  0.00119575
          20     0.31191    0.313594  0.00113785
          21    0.315012    0.313661  0.00108441
          22    0.304812    0.313259  0.00110943
          23    0.310842    0.313154  0.00106529
          24    0.310908     0.31306  0.00102422
          25    0.305506    0.312758  0.00102782
          26    0.308258    0.312585  0.00100255
          27    0.322773    0.312962  0.00103587
          28    0.315767    0.313063   0.0010032
          29    0.302992    0.312715   0.0010284
          30    0.320495    0.312975  0.00102682
          31    0.318766    0.313162  0.00101056
          32    0.306767    0.312962 0.000998665
          33    0.316257    0.313062 0.000973068
          34    0.318906    0.313233 0.000959537
          35    0.313011    0.313227  0.00093174
          36    0.309221    0.313116 0.000912301
          37    0.306785    0.312945 0.000903649
          38    0.321638    0.313174 0.000908811
          39    0.316658    0.313263 0.000889698
          40    0.316465    0.313343 0.000870857
          41    0.306606    0.313179 0.000865101
          42    0.308012    0.313056 0.000853167
          43    0.316427    0.313134 0.000836771
          44    0.309251    0.313046 0.000822282
          45    0.320464    0.313211 0.000820532
          46     0.31279    0.313201 0.000802549
          47    0.307179    0.313073 0.000795674
          48    0.311933     0.31305 0.000779283
          49      0.3174    0.313138 0.000768361
          50    0.309337    0.313062 0.000756666
          51    0.313767    0.313076  0.00074181
          52    0.308188    0.312982 0.000733453
          53    0.311327    0.312951 0.000720159
          54    0.313449     0.31296 0.000706757
          55     0.31522    0.313001 0.000695003
          56    0.320371    0.313133 0.000695051
          57     0.31593    0.313182 0.000684509
          58     0.32214    0.313336 0.000690108
          59    0.314865    0.313362 0.000678805
          60     0.32819    0.313609 0.000711681
          61    0.317102    0.313667 0.000702254
          62    0.313293    0.313661 0.000690861
          63    0.315476    0.313689 0.000680416
          64    0.306078     0.31357 0.000680178
          65    0.308506    0.313493  0.00067415
          66    0.309144    0.313427 0.000667119
          67    0.313249    0.313424 0.000657092
          68     0.31046     0.31338 0.000648823
          69    0.313534    0.313383 0.000639354
          70    0.303808    0.313246 0.000644829
          71    0.311086    0.313215  0.00063641
          72    0.322532    0.313345 0.000640711
          73    0.312684    0.313336 0.000631938
          74    0.323291     0.31347 0.000637693
          75    0.320143    0.313559 0.000635392
          76    0.304695    0.313443 0.000637731
          77    0.324583    0.313587 0.000645808
          78     0.31668    0.313627 0.000638706
          79    0.307648    0.313551 0.000635095
          80    0.334487    0.313813 0.000679522
          81    0.309377    0.313758 0.000673311
          82    0.319591    0.313829 0.000668842
          83    0.312821    0.313817 0.000660846
          84    0.319276    0.313882 0.000656158
          85    0.303967    0.313766 0.000658803
          86    0.312615    0.313752 0.000651235
          87    0.313331    0.313747 0.000643724
          88      0.3072    0.313673 0.000640702
          89    0.315283    0.313691 0.000633721
          90    0.311021    0.313661 0.000627342
          91    0.315933    0.313686 0.000620912
          92    0.318961    0.313744 0.000616796
          93    0.314246    0.313749 0.000610152
          94    0.326819    0.313888 0.000619432
          95    0.321517    0.313968 0.000618115
          96    0.318416    0.314015 0.000613394
          97    0.314287    0.314018 0.000607044
          98    0.309512    0.313972 0.000602575
          99    0.319411    0.314027 0.000598983
         100    0.322258    0.314109 0.000598648
