           1     1.29094     1.29094           0
           2     1.35323     1.32208    0.031146
           3     1.34767     1.33061   0.0199021
           4     1.27162     1.31586   0.0203853
           5      1.3476     1.32221   0.0170183
           6     1.31809     1.32152   0.0139123
           7     1.33973     1.32412   0.0120424
           8      1.2927      1.3202   0.0111444
           9     1.34083     1.32249   0.0100923
          10     1.32954     1.32319  0.00905431
          11     1.35494     1.32608  0.00868349
          12     1.31047     1.32478   0.0080329
          13     1.32583     1.32486  0.00738964
          14     1.36359     1.32763  0.00737971
          15      1.2963     1.32554  0.00718049
          16     1.27902     1.32263  0.00731911
          17     1.33345     1.32327  0.00690451
          18      1.3303     1.32366  0.00652135
          19     1.32289     1.32362  0.00616871
          20     1.36488     1.32568  0.00620521
          21     1.32532     1.32566  0.00590236
          22     1.34052     1.32634  0.00566807
          23     1.33923      1.3269  0.00544495
          24     1.33125     1.32708  0.00521629
          25     1.30566     1.32622  0.00507612
          26     1.26293     1.32379  0.00545084
          27     1.34419     1.32455  0.00529919
          28     1.31402     1.32417  0.00512025
          29      1.3158     1.32388  0.00494897
          30     1.36357      1.3252  0.00496084
          31     1.30055     1.32441  0.00486361
          32     1.34859     1.32516  0.00476944
          33      1.3241     1.32513  0.00462276
          34     1.32354     1.32509  0.00448498
          35     1.34437     1.32564  0.00438967
          36     1.32698     1.32567  0.00426616
          37     1.28976      1.3247  0.00426129
          38      1.3398      1.3251  0.00416662
          39     1.36138     1.32603  0.00416361
          40     1.34846     1.32659  0.00409674
          41     1.37783     1.32784  0.00418646
          42     1.29075     1.32696  0.00417993
          43     1.33299      1.3271  0.00408398
          44     1.39585     1.32866  0.00428512
          45     1.35048     1.32915  0.00421677
          46     1.34431     1.32947  0.00413724
          47      1.2592     1.32798  0.00431556
          48     1.37679       1.329  0.00434536
          49     1.32365     1.32889  0.00425716
          50     1.36717     1.32965  0.00424082
          51     1.31426     1.32935  0.00416779
          52     1.33481     1.32946   0.0040882
          53     1.30196     1.32894  0.00404374
          54     1.31379     1.32866  0.00397806
          55     1.33262     1.32873  0.00390572
          56     1.35294     1.32916  0.00385965
          57     1.34515     1.32944  0.00380169
          58     1.34288     1.32967  0.00374274
          59     1.33633     1.32979  0.00368049
          60     1.39774     1.33092   0.0037917
          61     1.35304     1.33128  0.00374662
          62     1.31044     1.33095  0.00370099
          63     1.29976     1.33045  0.00367527
          64     1.29783     1.32994  0.00365313
          65     1.37355     1.33061  0.00365853
          66     1.33201     1.33063  0.00360274
          67     1.25074     1.32944  0.00374354
          68     1.35513     1.32982  0.00370737
          69     1.38396      1.3306  0.00373657
          70     1.32602     1.33054  0.00368338
          71     1.27907     1.32981  0.00370277
          72     1.36068     1.33024  0.00367606
          73     1.31457     1.33003   0.0036317
          74     1.38508     1.33077  0.00365874
          75     1.33567     1.33084  0.00361021
          76     1.31346     1.33061  0.00356972
          77     1.37017     1.33112  0.00356034
          78     1.32003     1.33098  0.00351727
          79     1.29198     1.33048  0.00350738
          80     1.42961     1.33172  0.00367826
          81     1.28825     1.33119    0.003672
          82     1.33817     1.33127  0.00362794
          83      1.3262     1.33121  0.00358449
          84     1.37245      1.3317  0.00357541
          85     1.32256     1.33159  0.00353474
          86     1.30583     1.33129  0.00350622
          87      1.2998     1.33093  0.00348454
          88     1.31997     1.33081  0.00344697
          89     1.35152     1.33104  0.00341596
          90     1.37016     1.33148  0.00340565
          91     1.34573     1.33163  0.00337165
          92     1.33478     1.33167  0.00333498
          93     1.33394     1.33169  0.00329901
          94     1.39908     1.33241  0.00334154
          95     1.38546     1.33297    0.003353
          96     1.36124     1.33326  0.00333094
          97     1.33243     1.33325  0.00329643
          98     1.25774     1.33248  0.00335236
          99     1.33194     1.33248  0.00331833
         100     1.35333     1.33268   0.0032916
