           1     0.29688     0.29688           0
           2    0.285564    0.291222    0.005658
           3    0.280116     0.28752  0.00493718
           4      0.3052     0.29194  0.00563243
           5    0.301576    0.293867  0.00476956
           6    0.282144    0.291913  0.00435699
           7    0.287192    0.291239  0.00374359
           8     0.29624    0.291864  0.00330177
           9     0.29096    0.291764  0.00291362
          10    0.292868    0.291874  0.00260836
          11    0.284384    0.291193  0.00245564
          12    0.284796     0.29066   0.0023042
          13     0.28542    0.290257  0.00215754
          14    0.277392    0.289338  0.00219873
          15    0.297744    0.289898  0.00212223
          16    0.285512    0.289624    0.002004
          17    0.293172    0.289833  0.00189397
          18    0.289452    0.289812  0.00178577
          19    0.287684      0.2897  0.00169288
          20    0.284444    0.289437  0.00162737
          21    0.284352    0.289195  0.00156676
          22      0.2883    0.289154   0.0014944
          23    0.286292     0.28903  0.00143336
          24    0.281912    0.288733  0.00140402
          25     0.28444    0.288561  0.00135759
          26    0.295188    0.288816    0.001329
          27    0.295072    0.289048  0.00129965
          28    0.292528    0.289172  0.00125853
          29    0.286096    0.289066  0.00121898
          30     0.28536    0.288943  0.00118411
          31    0.293916    0.289103  0.00115645
          32    0.286372    0.289018  0.00112298
          33    0.288408    0.288999  0.00108858
          34    0.289004    0.288999  0.00105607
          35    0.300832    0.289337  0.00107975
          36    0.286932    0.289271  0.00105145
          37    0.284712    0.289147  0.00103003
          38    0.286724    0.289084  0.00100459
          39    0.291484    0.289145 0.000980424
          40    0.281684    0.288959 0.000973634
          41     0.27492    0.288616  0.00100944
          42    0.289964    0.288648 0.000985632
          43    0.275816     0.28835  0.00100764
          44    0.268408    0.287897  0.00108379
          45    0.302456     0.28822  0.00110774
          46    0.286056    0.288173  0.00108441
          47    0.295328    0.288325  0.00107195
          48    0.286672    0.288291  0.00104995
          49    0.294712    0.288422  0.00103661
          50    0.278564    0.288225  0.00103463
          51    0.280816     0.28808  0.00102449
          52    0.288376    0.288085  0.00100461
          53    0.294588    0.288208 0.000993081
          54    0.290256    0.288246 0.000975255
          55     0.29272    0.288327 0.000960808
          56    0.287804    0.288318 0.000943541
          57    0.282108    0.288209 0.000933221
          58      0.2865     0.28818 0.000917463
          59    0.291804    0.288241 0.000903869
          60    0.293936    0.288336 0.000893732
          61    0.279084    0.288184 0.000891948
          62     0.28648    0.288157 0.000877874
          63    0.293188    0.288237 0.000867511
          64     0.29326    0.288315 0.000857449
          65      0.2819    0.288216 0.000849904
          66    0.290808    0.288256 0.000837848
          67     0.28472    0.288203 0.000826934
          68      0.2861    0.288172 0.000815269
          69    0.289048    0.288185 0.000803467
          70    0.295064    0.288283  0.00079798
          71    0.294012    0.288364 0.000790789
          72    0.295108    0.288457 0.000785335
          73    0.281604    0.288363 0.000780171
          74    0.290328     0.28839 0.000770014
          75    0.281504    0.288298 0.000765205
          76    0.292632    0.288355  0.00075722
          77    0.288844    0.288362 0.000747348
          78    0.294328    0.288438  0.00074166
          79    0.299032    0.288572  0.00074439
          80    0.293644    0.288636 0.000737756
          81    0.290236    0.288655 0.000728859
          82    0.296616    0.288752 0.000726432
          83    0.284236    0.288698 0.000719686
          84     0.28212     0.28862 0.000715366
          85    0.290084    0.288637 0.000707109
          86     0.28626    0.288609 0.000699385
          87     0.30228    0.288766 0.000708933
          88    0.286572    0.288741 0.000701275
          89    0.295712     0.28882  0.00069776
          90    0.290788    0.288842  0.00069031
          91    0.297408    0.288936 0.000689142
          92    0.289136    0.288938 0.000681613
          93       0.291     0.28896 0.000674609
          94    0.293668     0.28901  0.00066927
          95    0.295032    0.289074 0.000665215
          96    0.290676     0.28909 0.000658461
          97    0.292848    0.289129 0.000652787
          98    0.291312    0.289151 0.000646476
          99    0.289056     0.28915 0.000639913
         100      0.2893    0.289152 0.000633484
