           1    0.460432    0.460432           0
           2    0.420814    0.440623   0.0198087
           3    0.440404     0.44055   0.0114368
           4    0.484304    0.451488   0.0136034
           5    0.456091    0.452409   0.0105773
           6    0.457636     0.45328  0.00868014
           7    0.459834    0.454216  0.00739557
           8    0.448791    0.453538  0.00644056
           9    0.473716     0.45578  0.00610647
          10     0.48416    0.458618  0.00615511
          11    0.457559    0.458522  0.00556834
          12    0.486966    0.460892  0.00560867
          13    0.444437    0.459627  0.00531223
          14     0.49556    0.462193  0.00554765
          15    0.437214    0.460528  0.00542642
          16    0.432124    0.458753  0.00537743
          17    0.455839    0.458581  0.00505412
          18    0.412018    0.455994  0.00542198
          19    0.456027    0.455996  0.00512868
          20    0.446236    0.455508   0.0048899
          21    0.465268    0.455973  0.00467438
          22    0.486427    0.457357  0.00466688
          23    0.482678    0.458458  0.00459323
          24    0.457064      0.4584  0.00439807
          25    0.398272    0.455995  0.00485593
          26    0.464869    0.456336   0.0046779
          27    0.435716    0.455572  0.00456564
          28    0.422763    0.454401  0.00455294
          29     0.47344    0.455057  0.00444192
          30    0.494918    0.456386   0.0044923
          31    0.429381    0.455515  0.00443143
          32     0.43058    0.454736   0.0043609
          33    0.451803    0.454647  0.00422762
          34    0.442884    0.454301  0.00411596
          35    0.464649    0.454596  0.00400755
          36    0.443142    0.454278  0.00390761
          37    0.473196     0.45479  0.00383477
          38    0.428351    0.454094  0.00379678
          39    0.450304    0.453997  0.00369943
          40    0.432672    0.453463  0.00364495
          41    0.470465    0.453878  0.00357904
          42    0.433684    0.453397  0.00352573
          43    0.426931    0.452782  0.00349734
          44    0.470535    0.453185  0.00344067
          45    0.464661     0.45344    0.003373
          46    0.435839    0.453058  0.00332098
          47     0.47044    0.453428  0.00327053
          48    0.417759    0.452684  0.00328677
          49    0.416601    0.451948  0.00330215
          50    0.464548      0.4522  0.00324523
          51     0.46309    0.452414  0.00318812
          52    0.463831    0.452633  0.00313391
          53     0.43576    0.452315  0.00309066
          54    0.432539    0.451949  0.00305491
          55    0.419699    0.451362  0.00305564
          56    0.435246    0.451074  0.00301435
          57    0.443572    0.450943  0.00296392
          58    0.437617    0.450713  0.00292142
          59    0.441003    0.450548  0.00287619
          60    0.438294    0.450344  0.00283521
          61    0.446871    0.450287  0.00278893
          62    0.491859    0.450958  0.00282432
          63    0.455746    0.451034  0.00278017
          64    0.448689    0.450997  0.00273663
          65    0.437494    0.450789  0.00270219
          66    0.466981    0.451035  0.00267222
          67     0.44476    0.450941   0.0026337
          68     0.47496    0.451294  0.00261861
          69    0.458126    0.451393  0.00258228
          70    0.451744    0.451398  0.00254513
          71    0.418288    0.450932    0.002552
          72     0.47519    0.451269  0.00253876
          73    0.450005    0.451252   0.0025038
          74     0.42998    0.450964  0.00248641
          75    0.453101    0.450993   0.0024532
          76    0.473018    0.451282  0.00243799
          77     0.47481    0.451588  0.00242544
          78     0.46702    0.451786   0.0024023
          79    0.450608    0.451771  0.00237175
          80    0.429643    0.451494  0.00235819
          81    0.424181    0.451157  0.00235318
          82      0.4293    0.450891  0.00233954
          83    0.470564    0.451128   0.0023233
          84    0.460301    0.451237  0.00229807
          85     0.47242    0.451486  0.00228451
          86    0.453047    0.451504  0.00225786
          87    0.467334    0.451686  0.00223917
          88     0.46853    0.451878  0.00222183
          89    0.463192    0.452005   0.0022004
          90    0.456337    0.452053  0.00217635
          91    0.468501    0.452234  0.00215988
          92     0.47653    0.452498  0.00215253
          93    0.431697    0.452274  0.00214098
          94    0.442439    0.452169  0.00212066
          95    0.454547    0.452194  0.00209837
          96    0.448668    0.452158  0.00207672
          97    0.431954    0.451949  0.00206573
          98    0.480571    0.452241  0.00206529
          99    0.433378    0.452051  0.00205319
         100     0.45613    0.452092  0.00203296
