           1    -1.12874    -1.12874           0
           2    -1.13301    -1.13087   0.0021336
           3     -1.1307    -1.13082  0.00123314
           4    -1.12636     -1.1297  0.00141421
           5    -1.13152    -1.13007  0.00115407
           6    -1.13106    -1.13023 0.000956637
           7     -1.1299    -1.13018 0.000809899
           8     -1.1301    -1.13017 0.000701475
           9    -1.12693    -1.12981 0.000715798
          10    -1.12872     -1.1297 0.000649552
          11    -1.13044    -1.12977 0.000591342
          12    -1.12759    -1.12959 0.000569467
          13    -1.13153    -1.12974 0.000544784
          14    -1.12949    -1.12972 0.000504674
          15    -1.12962    -1.12971 0.000469873
          16    -1.12793     -1.1296 0.000453479
          17    -1.13007    -1.12963 0.000426852
          18    -1.13246    -1.12979  0.00043213
          19    -1.13313    -1.12996 0.000445035
          20    -1.12998    -1.12996 0.000422198
          21    -1.12799    -1.12987 0.000412465
          22     -1.1277    -1.12977  0.00040543
          23    -1.12564    -1.12959 0.000427074
          24    -1.13043    -1.12963 0.000410376
          25    -1.13607    -1.12988  0.00047042
          26    -1.12653    -1.12975  0.00047006
          27    -1.13399    -1.12991 0.000478767
          28    -1.13152    -1.12997 0.000464928
          29    -1.12628    -1.12984 0.000466336
          30    -1.12511    -1.12968 0.000477376
          31    -1.13306    -1.12979 0.000474359
          32    -1.13083    -1.12983 0.000460429
          33    -1.13026    -1.12984 0.000446455
          34    -1.13175    -1.12989 0.000436757
          35    -1.13024     -1.1299 0.000424212
          36    -1.13105    -1.12994 0.000413482
          37    -1.12797    -1.12988 0.000405664
          38    -1.13004    -1.12989 0.000394865
          39    -1.13168    -1.12993 0.000387333
          40    -1.13219    -1.12999 0.000381714
          41    -1.12696    -1.12992 0.000379557
          42    -1.13442    -1.13002 0.000385598
          43    -1.13328     -1.1301  0.00038409
          44    -1.12906    -1.13007 0.000375999
          45    -1.12762    -1.13002 0.000371564
          46    -1.13101    -1.13004 0.000364037
          47    -1.13015    -1.13004 0.000356215
          48    -1.13365    -1.13012 0.000356712
          49    -1.13534    -1.13023 0.000365212
          50    -1.12844    -1.13019 0.000359617
          51    -1.13104    -1.13021 0.000352887
          52     -1.1307    -1.13022 0.000346161
          53    -1.13142    -1.13024 0.000340325
          54    -1.13144    -1.13026 0.000334703
          55    -1.13346    -1.13032 0.000333672
          56    -1.13287    -1.13036 0.000330803
          57    -1.12976    -1.13035  0.00032512
          58     -1.1361    -1.13045 0.000334472
          59    -1.12859    -1.13042 0.000330263
          60     -1.1319    -1.13045 0.000325651
          61    -1.12875    -1.13042 0.000321467
          62    -1.12535    -1.13034 0.000326619
          63     -1.1309    -1.13035 0.000321518
          64    -1.12822    -1.13031 0.000318198
          65    -1.13375    -1.13037 0.000317697
          66    -1.12805    -1.13033 0.000314801
          67    -1.13139    -1.13035  0.00031047
          68    -1.13039    -1.13035 0.000305871
          69    -1.13085    -1.13035 0.000301494
          70     -1.1297    -1.13035 0.000297303
          71    -1.13619    -1.13043 0.000304441
          72    -1.12996    -1.13042 0.000300254
          73    -1.13282    -1.13045 0.000297928
          74    -1.13083    -1.13046 0.000293919
          75     -1.1298    -1.13045 0.000290105
          76    -1.12892    -1.13043 0.000286974
          77     -1.1301    -1.13043 0.000283254
          78    -1.12876     -1.1304 0.000280409
          79    -1.13062    -1.13041  0.00027685
          80    -1.13372    -1.13045 0.000276484
          81     -1.1325    -1.13047 0.000274224
          82    -1.13251     -1.1305 0.000271997
          83    -1.12872    -1.13048 0.000269556
          84    -1.12946    -1.13047 0.000266604
          85    -1.12624    -1.13042 0.000268095
          86     -1.1318    -1.13043 0.000265451
          87    -1.12853    -1.13041 0.000263288
          88    -1.12839    -1.13039 0.000261293
          89    -1.13037    -1.13039 0.000258341
          90    -1.13184     -1.1304 0.000255962
          91    -1.12872    -1.13038 0.000253804
          92    -1.12807    -1.13036 0.000252291
          93    -1.13221    -1.13038 0.000250356
          94    -1.12973    -1.13037 0.000247774
          95    -1.13038    -1.13037 0.000245152
          96    -1.13086    -1.13038 0.000242638
          97    -1.13309    -1.13041 0.000241743
          98    -1.12551    -1.13036 0.000244415
          99    -1.12966    -1.13035 0.000242036
         100    -1.13096    -1.13035 0.000239681
