           1    0.926576    0.926576           0
           2    0.930352    0.928464    0.001888
           3    0.930192     0.92904  0.00123287
           4    0.919012    0.926533  0.00265425
           5    0.931592    0.927545  0.00229145
           6     0.92628    0.927334   0.0018828
           7    0.930652    0.927808  0.00166035
           8    0.928808    0.927933  0.00144333
           9     0.92206     0.92728  0.00143042
          10      0.9269    0.927242  0.00127997
          11    0.930476    0.927536  0.00119451
          12    0.924448    0.927279   0.0011204
          13    0.929948    0.927484  0.00105087
          14    0.926308      0.9274 0.000976534
          15    0.926864    0.927365 0.000909807
          16     0.92448    0.927184 0.000869932
          17    0.928384    0.927255 0.000820201
          18    0.932236    0.927532 0.000821317
          19    0.931896    0.927761 0.000810137
          20      0.9278    0.927763 0.000768566
          21     0.92278    0.927526   0.0007686
          22    0.924908    0.927407 0.000742429
          23    0.921944    0.927169 0.000748121
          24     0.92806    0.927206 0.000717232
          25    0.935612    0.927543  0.00076571
          26    0.921428    0.927308 0.000772348
          27     0.93432    0.927567 0.000787267
          28    0.930736     0.92768 0.000767024
          29      0.9227    0.927509 0.000759767
          30    0.916772    0.927151 0.000816608
          31     0.93364     0.92736 0.000817095
          32    0.929528    0.927428 0.000794044
          33    0.929388    0.927487 0.000771895
          34    0.930708    0.927582 0.000754816
          35      0.9275     0.92758 0.000732936
          36      0.9298    0.927641 0.000714951
          37    0.926468     0.92761 0.000696082
          38    0.927556    0.927608 0.000677518
          39     0.92918    0.927649 0.000661147
          40    0.932104     0.92776 0.000653962
          41    0.924472     0.92768 0.000642834
          42     0.93512    0.927857 0.000651874
          43    0.932344    0.927961 0.000645031
          44    0.925508    0.927905 0.000632662
          45    0.923156      0.9278 0.000627384
          46    0.929264    0.927832 0.000614419
          47    0.927372    0.927822 0.000601284
          48    0.934128    0.927953 0.000603106
          49    0.934916    0.928095 0.000607521
          50    0.923628    0.928006 0.000601915
          51    0.928232    0.928011 0.000590012
          52    0.928636    0.928023 0.000578679
          53    0.927936    0.928021 0.000567658
          54     0.92868    0.928033  0.00055718
          55    0.935264    0.928165 0.000562535
          56    0.934336    0.928275 0.000563284
          57    0.927212    0.928256 0.000553627
          58     0.93506    0.928373 0.000556503
          59    0.923524    0.928291  0.00055313
          60    0.931484    0.928344  0.00054643
          61    0.926092    0.928308 0.000538665
          62    0.918012    0.928141 0.000555315
          63    0.926668    0.928118  0.00054693
          64    0.927764    0.928113 0.000538345
          65    0.930992    0.928157 0.000531846
          66    0.925152    0.928111 0.000525701
          67    0.929076    0.928126 0.000517995
          68    0.929124     0.92814 0.000510532
          69     0.92694    0.928123 0.000503379
          70    0.929184    0.928138 0.000496367
          71    0.938688    0.928287 0.000511389
          72    0.927788     0.92828 0.000504284
          73    0.931372    0.928322 0.000499129
          74    0.927652    0.928313 0.000492421
          75      0.9257    0.928278 0.000487059
          76     0.92594    0.928248 0.000481591
          77     0.92708    0.928232 0.000475537
          78    0.925664    0.928199 0.000470555
          79    0.928464    0.928203 0.000464572
          80    0.931876    0.928249  0.00046102
          81    0.932628    0.928303 0.000458492
          82     0.93164    0.928343 0.000454691
          83    0.925544     0.92831 0.000450444
          84    0.927412    0.928299 0.000445178
          85    0.921364    0.928217 0.000447411
          86     0.93078    0.928247 0.000443181
          87    0.924188    0.928201 0.000440535
          88    0.926448    0.928181 0.000435955
          89    0.929456    0.928195 0.000431267
          90    0.930704    0.928223 0.000427359
          91    0.924424    0.928181 0.000424693
          92    0.924932    0.928146 0.000421534
          93    0.932252     0.92819 0.000419308
          94      0.9259    0.928166 0.000415538
          95    0.928392    0.928168 0.000411147
          96    0.929448    0.928181  0.00040706
          97    0.934436    0.928246  0.00040797
          98    0.923088    0.928193 0.000407201
          99    0.928136    0.928193 0.000403067
         100     0.92924    0.928203 0.000399154
