           1    0.632167    0.632167           0
           2    0.623193     0.62768  0.00448706
           3    0.594906    0.616755   0.0112275
           4     0.78399    0.658564   0.0425557
           5    0.604331    0.647717   0.0347022
           6    0.792372    0.671826   0.0372032
           7    0.592111    0.660438   0.0334411
           8    0.621375    0.655556   0.0293696
           9     0.73207    0.664057   0.0272611
          10    0.683628    0.666014   0.0244615
          11     0.60801    0.660741   0.0227459
          12    0.694704    0.663571   0.0209561
          13    0.641981    0.661911   0.0193482
          14    0.757499    0.668738   0.0191701
          15    0.664466    0.668454   0.0178487
          16    0.625417    0.665764   0.0169112
          17    0.634209    0.663908   0.0159934
          18    0.555758    0.657899   0.0162317
          19    0.637153    0.656807   0.0153924
          20    0.625579    0.655246   0.0146858
          21    0.772411    0.660825   0.0150419
          22    0.735308    0.664211   0.0147361
          23    0.737133    0.667381   0.0144334
          24    0.649684    0.666644   0.0138386
          25    0.528053      0.6611   0.0143846
          26    0.713188    0.663104   0.0139647
          27    0.561058    0.659324    0.013959
          28    0.582415    0.656578   0.0137288
          29    0.669058    0.657008   0.0132539
          30    0.909119    0.665412   0.0153159
          31    0.542054    0.661432   0.0153388
          32    0.585606    0.659063   0.0150395
          33     0.60947     0.65756   0.0146539
          34    0.638592    0.657002   0.0142274
          35    0.687769    0.657881   0.0138428
          36    0.602576    0.656345   0.0135402
          37    0.632353    0.655696   0.0131852
          38    0.625169    0.654893   0.0128586
          39      0.6522    0.654824   0.0125247
          40    0.580464    0.652965   0.0123483
          41    0.659341    0.653121   0.0120444
          42     0.58354    0.651464   0.0118703
          43    0.591037    0.650059   0.0116759
          44    0.696182    0.651107   0.0114555
          45    0.716901    0.652569   0.0112931
          46    0.597832    0.651379   0.0111087
          47     0.67397     0.65186   0.0108804
          48    0.530941    0.649341   0.0109452
          49    0.552833    0.647371   0.0108989
          50    0.755885    0.649541    0.010897
          51    0.684578    0.650228   0.0107033
          52    0.688253    0.650959   0.0105209
          53     0.67878    0.651484   0.0103338
          54    0.640462     0.65128   0.0101427
          55    0.512939    0.648765   0.0102694
          56    0.542922    0.646875   0.0102599
          57    0.642635    0.646801   0.0100786
          58    0.624767    0.646421  0.00991058
          59    0.684662    0.647069   0.0097627
          60    0.613353    0.646507  0.00961504
          61    0.629318    0.646225   0.0094603
          62    0.792775    0.648589  0.00960195
          63    0.762627    0.650399  0.00962014
          64    0.583833    0.649359  0.00952558
          65    0.657307    0.649481  0.00937869
          66    0.699465    0.650238  0.00926649
          67    0.645084    0.650162  0.00912746
          68     0.67003    0.650454  0.00899698
          69    0.705336    0.651249  0.00890124
          70    0.610587    0.650668  0.00879237
          71     0.49012    0.648407  0.00895775
          72    0.666465    0.648658  0.00883602
          73    0.662821    0.648852   0.0087163
          74    0.663163    0.649045  0.00859988
          75    0.681336    0.649476  0.00849536
          76    0.695214    0.650078  0.00840441
          77    0.690924    0.650608  0.00831149
          78    0.711073    0.651383  0.00824078
          79    0.672097    0.651645  0.00814002
          80    0.612494    0.651156  0.00805251
          81    0.541104    0.649797   0.0080677
          82    0.555606    0.648649  0.00805107
          83    0.704281    0.649319  0.00798167
          84    0.678773     0.64967  0.00789387
          85    0.736502    0.650691  0.00786706
          86    0.600289    0.650105   0.0077971
          87    0.713688    0.650836  0.00774153
          88    0.671135    0.651067  0.00765653
          89    0.635907    0.650896  0.00757193
          90    0.651707    0.650905  0.00748733
          91    0.734905    0.651828  0.00746191
          92    0.718522    0.652553  0.00741587
          93    0.549655    0.651447  0.00741867
          94     0.65831     0.65152  0.00733969
          95    0.649373    0.651497  0.00726205
          96    0.662006    0.651607  0.00718684
          97    0.538226    0.650438  0.00720777
          98    0.665961    0.650596   0.0071356
          99    0.581518    0.649899  0.00709754
         100    0.646121    0.649861  0.00702631
