           1     3.50288     3.50288           0
           2     3.59415     3.54851   0.0456338
           3     3.74468      3.6139    0.070498
           4      3.7013     3.63575   0.0544275
           5     3.61403     3.63141   0.0423826
           6     3.60733     3.62739   0.0348372
           7     3.57803     3.62034   0.0302755
           8     3.49362      3.6045   0.0306326
           9     3.66392      3.6111   0.0278104
          10     3.58438     3.60843   0.0250175
          11     3.65813     3.61295   0.0230758
          12     3.62143     3.61366   0.0210771
          13     3.70289     3.62052   0.0205672
          14     3.72182     3.62776   0.0203699
          15     3.66503     3.63024   0.0191254
          16     3.73767     3.63695   0.0191087
          17     3.50703     3.62931   0.0195088
          18     3.56038     3.62548   0.0187875
          19     3.68058     3.62838   0.0180062
          20     3.23315     3.60862   0.0261213
          21     3.31911     3.59484   0.0284147
          22     3.50399     3.59071   0.0274052
          23     3.72145     3.59639   0.0267965
          24     3.51785     3.59312   0.0258636
          25     3.45428     3.58756   0.0254215
          26      3.3879     3.57988    0.025603
          27     3.79871     3.58799   0.0259353
          28      3.3762     3.58043   0.0261114
          29     3.53439     3.57884   0.0252449
          30     3.77283      3.5853   0.0252316
          31     3.51087      3.5829   0.0245219
          32     3.78808     3.58932   0.0245938
          33     3.74039     3.59389   0.0242725
          34     3.68036     3.59644   0.0236847
          35     3.56035     3.59541   0.0230212
          36     3.74761     3.59963   0.0227685
          37     3.37338     3.59352   0.0229734
          38     3.59026     3.59343   0.0223608
          39     3.39909     3.58845   0.0223427
          40     3.44199     3.58479   0.0220826
          41     3.60226     3.58521   0.0215415
          42     3.47213     3.58252   0.0211941
          43     3.65708     3.58426   0.0207678
          44     3.71154     3.58715   0.0204955
          45       3.804     3.59197   0.0206063
          46     3.43769     3.58861   0.0204305
          47     3.20692     3.58049   0.0215777
          48     3.46844     3.57816    0.021252
          49     3.67691     3.58017   0.0209111
          50     3.30809     3.57473   0.0211989
          51     3.80014     3.57915   0.0212439
          52     3.68461     3.58118   0.0209298
          53     3.76845     3.58471    0.020833
          54     3.39313     3.58117   0.0207491
          55      3.7626     3.58446   0.0206338
          56     3.55113     3.58387   0.0202707
          57     3.40705     3.58077   0.0201521
          58     3.42454     3.57807    0.019984
          59     3.47131     3.57626   0.0197255
          60     3.64775     3.57745   0.0194305
          61     3.47012      3.5757   0.0191902
          62     3.77031     3.57883   0.0191373
          63     3.65119     3.57998   0.0188661
          64     3.58964     3.58013   0.0185696
          65      3.4663     3.57838   0.0183653
          66     3.37689     3.57533   0.0183408
          67     3.60142     3.57572   0.0180692
          68     3.45226      3.5739   0.0178938
          69     3.78362     3.57694   0.0178926
          70     3.72941     3.57912   0.0177692
          71      3.7322     3.58128   0.0176493
          72     3.76277      3.5838   0.0175841
          73      3.3279     3.58029   0.0176923
          74     3.69646     3.58186    0.017522
          75     3.44067     3.57998    0.017389
          76     3.52422     3.57925   0.0171744
          77     3.59497     3.57945   0.0169511
          78     3.56611     3.57928   0.0167332
          79      3.6396     3.58004   0.0165377
          80     3.55793     3.57977    0.016332
          81     3.50209     3.57881   0.0161576
          82     3.49958     3.57784   0.0159886
          83     3.60745      3.5782   0.0157988
          84     3.49534     3.57721   0.0156407
          85     3.72217     3.57892   0.0155494
          86     3.56066      3.5787    0.015369
          87     3.89807     3.58238   0.0156285
          88     3.52677     3.58174   0.0154628
          89     3.73529     3.58347   0.0153851
          90     3.37862     3.58119   0.0153826
          91     3.43863     3.57963    0.015293
          92     3.58497     3.57968    0.015126
          93     3.51294     3.57897   0.0149797
          94     3.55495     3.57871   0.0148217
          95     3.50721     3.57796   0.0146841
          96     3.46661      3.5768   0.0145766
          97     3.63204     3.57737   0.0144368
          98     3.53608     3.57695   0.0142949
          99     3.80663     3.57927   0.0143387
         100     4.01215      3.5836     0.01484
