           1    0.336236    0.336236           0
           2    0.351328    0.343782  0.00754603
           3    0.346352    0.344639  0.00444016
           4    0.347603     0.34538  0.00322595
           5    0.350015    0.346307  0.00266521
           6    0.333457    0.344165   0.0030532
           7    0.347782    0.344682  0.00263166
           8    0.337128    0.343738  0.00246692
           9    0.341773    0.343519  0.00218655
          10    0.340261    0.343194  0.00198266
          11    0.350779    0.343883   0.0019214
          12    0.345805    0.344043  0.00176128
          13    0.342043    0.343889  0.00162744
          14    0.322056     0.34233  0.00216848
          15    0.338708    0.342088  0.00203314
          16    0.364545    0.343492  0.00236365
          17    0.344381    0.343544  0.00222088
          18     0.34353    0.343543  0.00209386
          19    0.337408     0.34322  0.00200675
          20     0.33771    0.342945   0.0019236
          21    0.338739    0.342745  0.00184064
          22    0.344751    0.342836  0.00175735
          23    0.334106    0.342456  0.00172157
          24    0.333624    0.342088  0.00168887
          25    0.339779    0.341996  0.00162253
          26    0.343506    0.342054  0.00155996
          27    0.351938     0.34242  0.00154507
          28    0.340069    0.342336  0.00149123
          29    0.350491    0.342617  0.00146611
          30    0.347562    0.342782  0.00142595
          31    0.349901    0.343012  0.00139817
          32    0.338731    0.342878  0.00136037
          33    0.341605    0.342839  0.00131906
          34    0.346839    0.342957  0.00128508
          35    0.337352    0.342797  0.00125805
          36    0.339043    0.342693  0.00122705
          37    0.346798    0.342804  0.00119857
          38    0.350506    0.343006  0.00118408
          39      0.3327    0.342742  0.00118321
          40    0.338021    0.342624  0.00115927
          41    0.344062    0.342659  0.00113119
          42    0.349926    0.342832   0.0011174
          43    0.334537    0.342639  0.00110803
          44    0.349726      0.3428  0.00109447
          45    0.351938    0.343003  0.00108897
          46    0.342685    0.342996  0.00106506
          47    0.338383    0.342898  0.00104676
          48    0.335117    0.342736  0.00103746
          49    0.359333    0.343075  0.00107104
          50    0.361033    0.343434  0.00110916
          51    0.347629    0.343516   0.0010903
          52    0.344851    0.343542  0.00106944
          53    0.340199    0.343479  0.00105096
          54    0.340578    0.343425  0.00103271
          55    0.338819    0.343341  0.00101721
          56    0.344314    0.343359 0.000999035
          57    0.337876    0.343263 0.000986055
          58    0.331014    0.343051 0.000991651
          59    0.345049    0.343085 0.000975286
          60    0.341455    0.343058 0.000959279
          61     0.33682    0.342956 0.000948948
          62     0.35126     0.34309 0.000943077
          63    0.344608    0.343114   0.0009283
          64    0.343452    0.343119 0.000913695
          65    0.344695    0.343143 0.000899855
          66    0.344036    0.343157  0.00088622
          67    0.344137    0.343172 0.000873015
          68    0.345283    0.343203 0.000860641
          69    0.337857    0.343125 0.000851607
          70     0.33903    0.343067  0.00084139
          71    0.347158    0.343124 0.000831454
          72    0.342329    0.343113 0.000819899
          73     0.33773    0.343039 0.000811944
          74    0.342237    0.343029 0.000800971
          75    0.350588    0.343129 0.000796622
          76    0.339949    0.343088 0.000787183
          77    0.345414    0.343118  0.00077748
          78    0.353539    0.343251 0.000778991
          79    0.340788     0.34322 0.000769699
          80    0.352403    0.343335 0.000768636
          81    0.329961     0.34317 0.000776836
          82    0.349691    0.343249 0.000771415
          83    0.346431    0.343288 0.000763028
          84    0.344477    0.343302 0.000754022
          85    0.342476    0.343292 0.000745162
          86    0.351499    0.343388 0.000742603
          87    0.344327    0.343398 0.000734097
          88    0.346479    0.343433 0.000726551
          89    0.351794    0.343527 0.000724457
          90    0.338453    0.343471 0.000718578
          91    0.347006     0.34351 0.000711698
          92    0.338594    0.343456 0.000705945
          93    0.357807    0.343611 0.000715159
          94    0.340202    0.343574 0.000708439
          95    0.336257    0.343497 0.000705161
          96    0.342363    0.343486 0.000697877
          97    0.342421    0.343475 0.000690732
          98    0.337979    0.343419 0.000685943
          99    0.351674    0.343502 0.000684081
         100    0.339107    0.343458  0.00067863
