           1   -0.646016   -0.646016           0
           2   -0.649976   -0.647996     0.00198
           3   -0.645672   -0.647221  0.00138091
           4   -0.646208   -0.646968  0.00100878
           5   -0.646032   -0.646781 0.000803507
           6   -0.650592   -0.647416 0.000913178
           7   -0.647008   -0.647358 0.000773974
           8   -0.648056   -0.647445 0.000675941
           9   -0.650496   -0.647784 0.000685773
          10    -0.64688   -0.647694     0.00062
          11    -0.64856   -0.647772 0.000566315
          12   -0.644608   -0.647509 0.000580342
          13   -0.649728   -0.647679  0.00056047
          14   -0.647896   -0.647695 0.000519125
          15     -0.6448   -0.647502 0.000520388
          16   -0.648216   -0.647547  0.00048882
          17   -0.644824   -0.647386 0.000486293
          18   -0.641848   -0.647079 0.000552156
          19    -0.64736   -0.647093 0.000522497
          20   -0.643064   -0.646892 0.000535065
          21   -0.650624    -0.64707 0.000539083
          22    -0.64308   -0.646888  0.00054505
          23   -0.647112   -0.646898 0.000520904
          24   -0.650072    -0.64703 0.000515964
          25   -0.647976   -0.647068 0.000496339
          26   -0.647944   -0.647102 0.000478055
          27   -0.646848   -0.647092 0.000460105
          28   -0.641616   -0.646897 0.000484592
          29   -0.643728   -0.646788 0.000480182
          30   -0.646616   -0.646782 0.000463935
          31   -0.647456   -0.646804 0.000449246
          32   -0.649424   -0.646885 0.000442622
          33   -0.648944   -0.646948 0.000433511
          34   -0.647528   -0.646965 0.000420913
          35   -0.648064   -0.646996 0.000409915
          36   -0.647432   -0.647008 0.000398549
          37   -0.647536   -0.647023  0.00038789
          38   -0.649696   -0.647093 0.000384043
          39   -0.645728   -0.647058   0.0003757
          40      -0.642   -0.646932 0.000387405
          41   -0.648952   -0.646981 0.000381038
          42   -0.646672   -0.646974 0.000371928
          43   -0.648168   -0.647001 0.000364236
          44   -0.644088   -0.646935 0.000361969
          45   -0.649304   -0.646988 0.000357729
          46   -0.647064   -0.646989 0.000349869
          47    -0.64828   -0.647017 0.000343444
          48   -0.642728   -0.646927 0.000347883
          49   -0.646536    -0.64692 0.000340803
          50   -0.644728   -0.646876 0.000336782
          51   -0.648648    -0.64691 0.000331936
          52     -0.6474    -0.64692 0.000325626
          53   -0.647032   -0.646922  0.00031943
          54   -0.643856   -0.646865  0.00031856
          55   -0.650736   -0.646936 0.000320536
          56   -0.643568   -0.646875 0.000320453
          57   -0.646296   -0.646865 0.000314945
          58   -0.647432   -0.646875 0.000309621
          59    -0.64772   -0.646889 0.000304665
          60   -0.647544     -0.6469 0.000299743
          61   -0.645752   -0.646881 0.000295389
          62     -0.6482   -0.646903 0.000291362
          63   -0.646008   -0.646889 0.000287052
          64   -0.644896   -0.646857 0.000284241
          65   -0.647056    -0.64686 0.000279851
          66   -0.640616   -0.646766 0.000291367
          67   -0.644176   -0.646727 0.000289577
          68   -0.642856    -0.64667 0.000290911
          69   -0.646832   -0.646673 0.000286674
          70   -0.645712   -0.646659 0.000282882
          71   -0.646584   -0.646658 0.000278871
          72   -0.647008   -0.646663 0.000275014
          73    -0.64628   -0.646657 0.000271271
          74    -0.64972   -0.646699 0.000270761
          75   -0.646016    -0.64669 0.000267282
          76   -0.647264   -0.646697  0.00026385
          77   -0.647912   -0.646713 0.000260878
          78   -0.648264   -0.646733 0.000258278
          79   -0.645664   -0.646719 0.000255347
          80   -0.648264   -0.646739 0.000252873
          81   -0.644376    -0.64671 0.000251429
          82   -0.641584   -0.646647  0.00025609
          83    -0.64376   -0.646612 0.000255365
          84    -0.64584   -0.646603 0.000252474
          85   -0.646248   -0.646599 0.000249521
          86   -0.647776   -0.646613 0.000246983
          87   -0.647472   -0.646622 0.000244327
          88     -0.6474   -0.646631 0.000241696
          89   -0.649496   -0.646663 0.000241123
          90   -0.644488   -0.646639 0.000239651
          91   -0.646184   -0.646634 0.000237056
          92   -0.644664   -0.646613 0.000235441
          93    -0.64844   -0.646633 0.000233723
          94   -0.647024   -0.646637  0.00023126
          95    -0.64748   -0.646646 0.000228985
          96   -0.643832   -0.646616 0.000228475
          97   -0.649256   -0.646643 0.000227739
          98   -0.647176   -0.646649 0.000225469
          99   -0.645136   -0.646634 0.000223702
         100   -0.649696   -0.646664 0.000223561
