           1   -0.906656   -0.906656           0
           2   -0.915152   -0.910904    0.004248
           3   -0.919856   -0.913888  0.00386257
           4   -0.911808   -0.913368  0.00278031
           5   -0.912456   -0.913186  0.00216133
           6   -0.916416   -0.913724  0.00184502
           7   -0.910872   -0.913317  0.00161168
           8    -0.91452   -0.913467  0.00140383
           9   -0.903256   -0.912332  0.00167929
          10   -0.910432   -0.912142  0.00151398
          11   -0.912808   -0.912203  0.00137078
          12   -0.921768      -0.913  0.00148365
          13   -0.915136   -0.913164  0.00137462
          14   -0.908184   -0.912809  0.00132143
          15   -0.906768   -0.912406  0.00129442
          16   -0.911992    -0.91238   0.0012111
          17    -0.91072   -0.912282  0.00114181
          18   -0.923664   -0.912915  0.00124848
          19   -0.912912   -0.912915  0.00118094
          20   -0.923496   -0.913444  0.00123898
          21   -0.912448   -0.913396  0.00117946
          22   -0.912088   -0.913337  0.00112614
          23   -0.918816   -0.913575  0.00110212
          24   -0.908144   -0.913349  0.00107919
          25   -0.919088   -0.913578  0.00106028
          26   -0.917064   -0.913712  0.00102747
          27   -0.903032   -0.913317  0.00106488
          28   -0.907248     -0.9131  0.00104878
          29    -0.91768   -0.913258  0.00102422
          30   -0.920176   -0.913489  0.00101601
          31    -0.91724    -0.91361 0.000990108
          32   -0.916568   -0.913702 0.000963115
          33   -0.911672    -0.91364 0.000935499
          34   -0.917728   -0.913761 0.000915495
          35     -0.9048   -0.913505 0.000925086
          36   -0.911968   -0.913462 0.000900035
          37    -0.90732   -0.913296 0.000890972
          38   -0.916784   -0.913388 0.000872053
          39   -0.922944   -0.913633 0.000884035
          40   -0.906048   -0.913443 0.000882268
          41   -0.912496    -0.91342 0.000860791
          42     -0.9198   -0.913572 0.000853669
          43   -0.905904   -0.913394 0.000852441
          44   -0.917536   -0.913488 0.000838146
          45   -0.907664   -0.913358 0.000829467
          46   -0.920064   -0.913504 0.000824228
          47   -0.906952   -0.913365 0.000818461
          48   -0.914216   -0.913382 0.000801425
          49    -0.91408   -0.913397 0.000785028
          50   -0.914736   -0.913424 0.000769633
          51   -0.920848   -0.913569 0.000768309
          52   -0.911496   -0.913529 0.000754443
          53   -0.918128   -0.913616 0.000745141
          54    -0.91704   -0.913679 0.000733956
          55   -0.911328   -0.913637 0.000721755
          56   -0.910328   -0.913578 0.000711208
          57   -0.909656   -0.913509 0.000701999
          58    -0.91804   -0.913587 0.000694199
          59   -0.919224   -0.913682 0.000688988
          60    -0.92432    -0.91386 0.000700224
          61   -0.904112     -0.9137 0.000706947
          62   -0.923056   -0.913851 0.000711635
          63   -0.911328   -0.913811 0.000701392
          64   -0.913096     -0.9138 0.000690436
          65    -0.92392   -0.913955 0.000697335
          66   -0.911424   -0.913917 0.000687758
          67   -0.913152   -0.913906 0.000677512
          68   -0.911952   -0.913877 0.000668092
          69   -0.909376   -0.913812 0.000661562
          70   -0.921304   -0.913919 0.000660769
          71   -0.920456   -0.914011 0.000657871
          72   -0.908096   -0.913929 0.000653851
          73   -0.907568   -0.913841 0.000650692
          74   -0.920152   -0.913927 0.000647479
          75   -0.912624   -0.913909 0.000639024
          76   -0.912128   -0.913886 0.000630995
          77   -0.902136   -0.913733  0.00064117
          78   -0.908496   -0.913666 0.000636448
          79   -0.914992   -0.913683 0.000628564
          80    -0.91116   -0.913651 0.000621458
          81   -0.910128   -0.913608 0.000615277
          82   -0.922656   -0.913718 0.000617664
          83   -0.921736   -0.913815 0.000617776
          84   -0.910592   -0.913776 0.000611582
          85   -0.914768   -0.913788 0.000604456
          86    -0.90636   -0.913702 0.000603598
          87   -0.912256   -0.913685 0.000596851
          88   -0.902608   -0.913559 0.000603308
          89    -0.90852   -0.913503 0.000599172
          90    -0.91716   -0.913543 0.000593869
          91   -0.913072   -0.913538  0.00058733
          92    -0.92076   -0.913617  0.00058619
          93   -0.920592   -0.913692 0.000584684
          94   -0.910952   -0.913662 0.000579164
          95   -0.921704   -0.913747 0.000579253
          96   -0.911048   -0.913719 0.000573877
          97   -0.912832    -0.91371 0.000568003
          98   -0.908792    -0.91366 0.000564413
          99   -0.915296   -0.913676 0.000558927
         100    -0.91044   -0.913644 0.000554255
