           1     30.6669     30.6669           0
           2     32.3155     31.4912    0.824271
           3     38.0633     33.6819     2.24181
           4     31.3774     33.1058     1.68665
           5     32.3174     32.9481     1.31595
           6     33.8875     33.1047     1.08582
           7     30.5957     32.7463    0.985196
           8     33.0471     32.7839    0.854033
           9     28.1086     32.2644    0.914957
          10     32.6688     32.3048    0.819362
          11     33.2793     32.3934    0.746416
          12     37.8725       32.85    0.820218
          13     32.8191     32.8476    0.754494
          14      26.863     32.4202    0.818947
          15     28.8594     32.1828      0.7985
          16      33.032     32.2358    0.748812
          17     33.9798     32.3384    0.710827
          18     39.9324     32.7603     0.79191
          19     29.7805     32.6035    0.765313
          20     36.8666     32.8166    0.756683
          21     30.4804     32.7054    0.728296
          22     33.0516     32.7211    0.694582
          23     36.5623     32.8881    0.684386
          24     27.6113     32.6683    0.691154
          25     37.9844     32.8809    0.696201
          26     36.8928     33.0352    0.686455
          27     26.1559     32.7804    0.707979
          28     26.9752     32.5731    0.713034
          29      37.135     32.7304    0.705762
          30     37.7475     32.8976     0.70204
          31     33.6554     32.9221    0.679456
          32     34.4831     32.9709    0.659687
          33     32.1698     32.9466    0.639844
          34      37.703     33.0865    0.636309
          35     26.5056     32.8985    0.645837
          36     29.6451     32.8081    0.634113
          37     27.2823     32.6587    0.634562
          38     35.1158     32.7234    0.621012
          39     37.0426     32.8342    0.614934
          40     29.0801     32.7403    0.606667
          41     29.5273     32.6619    0.596853
          42     38.3649     32.7977    0.598086
          43     26.8326      32.659    0.600261
          44      35.573     32.7252    0.590188
          45     28.9534     32.6414    0.582981
          46     38.7862      32.775    0.585606
          47      28.967      32.694     0.57871
          48     34.4031     32.7296    0.567643
          49      33.385     32.7429    0.556099
          50     34.7109     32.7823    0.546283
          51     37.6382     32.8775    0.543864
          52     31.2225     32.8457    0.534251
          53     34.4197     32.8754    0.524915
          54     34.2081     32.9001    0.515693
          55     28.1816     32.8143    0.513448
          56     29.3589     32.7526    0.507958
          57     27.3859     32.6584    0.507772
          58      36.382     32.7226    0.503054
          59     36.3529     32.7842    0.498267
          60     39.3083     32.8929    0.501815
          61     25.8634     32.7777    0.506796
          62     38.6744     32.8728    0.507545
          63     29.9638     32.8266    0.501554
          64     34.0777     32.8461    0.494042
          65     41.5764     32.9804    0.504586
          66     33.3823     32.9865    0.496919
          67     32.0299     32.9723    0.489654
          68     32.2958     32.9623    0.482502
          69     30.7223     32.9298    0.476565
          70      38.666     33.0118    0.476802
          71     35.9855     33.0537    0.471901
          72     29.3686     33.0025    0.468107
          73      31.957     32.9882    0.461872
          74      35.903     33.0276    0.457288
          75     29.5688     32.9814      0.4535
          76     30.9777     32.9551    0.448269
          77     24.6173     32.8468    0.455468
          78      31.655     32.8315     0.44985
          79     33.1413     32.8354    0.444137
          80     28.5603      32.782    0.441794
          81      29.062     32.7361    0.438716
          82     39.5402      32.819    0.441206
          83     39.7474     32.9025    0.443779
          84     30.6483     32.8757    0.439285
          85     32.1312     32.8669    0.434174
          86     29.4017     32.8266    0.430984
          87      30.784     32.8032    0.426647
          88     22.1481     32.6821    0.438807
          89     28.1517     32.6312    0.436824
          90     37.8965     32.6897    0.435888
          91     32.0714     32.6829    0.431124
          92     41.6808     32.7807    0.437485
          93     36.2447     32.8179    0.434355
          94     33.5375     32.8256    0.429778
          95     39.1047     32.8917    0.430336
          96     32.9436     32.8922     0.42583
          97     35.2888     32.9169    0.422141
          98     31.9469      32.907    0.417928
          99      37.198     32.9504     0.41595
         100     28.9883     32.9108    0.413671
