           1    0.473507    0.473507           0
           2    0.414241    0.443874   0.0296332
           3    0.440499    0.442749   0.0171457
           4    0.457403    0.446413   0.0126652
           5    0.394155    0.435961   0.0143345
           6    0.446404    0.437702   0.0118328
           7    0.393756    0.431424   0.0118078
           8    0.430661    0.431328   0.0102263
           9    0.416033    0.429629  0.00917745
          10    0.459964    0.432662  0.00875114
          11    0.429457    0.432371  0.00792106
          12    0.422787    0.431572  0.00727488
          13    0.427098    0.431228  0.00670076
          14    0.389669     0.42826  0.00687735
          15    0.373732    0.424625  0.00736249
          16    0.443138    0.425782   0.0069835
          17    0.448791    0.427135  0.00669803
          18    0.449971    0.428404  0.00644114
          19    0.388204    0.426288  0.00644962
          20    0.405351    0.425241  0.00620756
          21    0.424209    0.425192  0.00590477
          22    0.447257    0.426195  0.00571861
          23    0.428975    0.426316  0.00546566
          24    0.399176    0.425185  0.00535376
          25    0.438586    0.425721  0.00516305
          26    0.445465     0.42648  0.00501829
          27    0.409232    0.425842  0.00487092
          28    0.383236     0.42432  0.00493422
          29    0.451832    0.425269  0.00485463
          30    0.416413    0.424973   0.0046993
          31    0.393475    0.423957  0.00465737
          32    0.448424    0.424722  0.00457384
          33    0.431915     0.42494  0.00443843
          34    0.434589    0.425224  0.00431525
          35    0.380289     0.42394  0.00438242
          36    0.389847    0.422993  0.00436296
          37    0.419429    0.422896   0.0042445
          38    0.454577     0.42373  0.00421457
          39    0.420693    0.423652  0.00410582
          40     0.44155      0.4241   0.0040268
          41    0.382335    0.423081  0.00405731
          42    0.448147    0.423678  0.00400426
          43     0.41214     0.42341  0.00391922
          44     0.43539    0.423682  0.00383878
          45    0.439458    0.424032  0.00376885
          46    0.446712    0.424525  0.00371883
          47    0.388619    0.423762  0.00371818
          48    0.462824    0.424575  0.00372976
          49    0.439687    0.424884  0.00366585
          50    0.423135    0.424849  0.00359195
          51    0.423754    0.424827  0.00352088
          52    0.386121    0.424083  0.00353184
          53    0.404944    0.423722  0.00348333
          54    0.405534    0.423385  0.00343477
          55    0.382674    0.422645  0.00345203
          56    0.405119    0.422332  0.00340424
          57    0.360052    0.421239  0.00351796
          58    0.454513    0.421813  0.00350406
          59    0.419451    0.421773  0.00344439
          60     0.45026    0.422248  0.00341962
          61    0.388361    0.421692  0.00340866
          62    0.446971      0.4221  0.00337793
          63    0.391308    0.421611  0.00335962
          64    0.450993     0.42207  0.00333843
          65    0.441107    0.422363  0.00329969
          66    0.474364    0.423151  0.00334347
          67    0.422228    0.423137  0.00329322
          68    0.408297    0.422919  0.00325176
          69    0.447746    0.423279  0.00322442
          70    0.418412    0.423209  0.00317878
          71    0.468728     0.42385   0.0031986
          72    0.411462    0.423678  0.00315855
          73    0.438571    0.423882  0.00312166
          74    0.430426    0.423971  0.00308046
          75    0.401041    0.423665  0.00305444
          76    0.405599    0.423427  0.00302335
          77    0.393723    0.423041  0.00300866
          78    0.451955    0.423412  0.00299288
          79    0.408147    0.423219  0.00296106
          80    0.407547    0.423023  0.00293037
          81    0.397309    0.422706  0.00291133
          82    0.430881    0.422805  0.00287733
          83    0.491572    0.423634  0.00296074
          84    0.387764    0.423207  0.00295628
          85    0.419085    0.423158   0.0029217
          86    0.423862    0.423166  0.00288754
          87    0.424468    0.423181  0.00285419
          88    0.375621    0.422641  0.00287287
          89    0.360299    0.421941   0.0029255
          90    0.483552    0.422625  0.00297271
          91     0.42543    0.422656  0.00294002
          92    0.509432    0.423599  0.00305704
          93    0.450609     0.42389  0.00303791
          94    0.479363     0.42448   0.0030628
          95    0.439931    0.424642  0.00303475
          96    0.466085    0.425074  0.00303385
          97    0.476078      0.4256   0.0030481
          98    0.404201    0.425381  0.00302473
          99    0.445306    0.425583  0.00300078
         100     0.39583    0.425285  0.00298548
