           1     1.76713     1.76713           0
           2     1.74561     1.75637   0.0107625
           3      1.7228     1.74518   0.0128008
           4     1.70854     1.73602   0.0128775
           5     1.72947     1.73471   0.0100605
           6     1.73262     1.73436  0.00822172
           7     1.72686     1.73329   0.0070307
           8      1.7573     1.73629  0.00678845
           9     1.77027     1.74007  0.00707758
          10     1.79406     1.74547  0.00832048
          11     1.78824     1.74936  0.00847133
          12     1.80015     1.75359  0.00881591
          13     1.73093     1.75185  0.00829468
          14     1.72284     1.74977  0.00795387
          15     1.71201     1.74726  0.00782084
          16     1.72209     1.74568  0.00748295
          17     1.75263     1.74609  0.00704087
          18     1.77484     1.74769   0.0068276
          19     1.81262     1.75111  0.00730679
          20     1.79622     1.75336  0.00728966
          21     1.83716     1.75735  0.00800013
          22     1.83762       1.761  0.00845545
          23     1.83695      1.7643   0.0087282
          24     1.82224     1.76672  0.00869827
          25     1.80991     1.76844  0.00852007
          26     1.80153     1.76972  0.00828412
          27     1.76248     1.76945   0.0079759
          28     1.73211     1.76812  0.00780061
          29     1.73379     1.76693   0.0076193
          30     1.75414     1.76651  0.00737328
          31     1.78619     1.76714  0.00715967
          32     1.77292     1.76732  0.00693468
          33     1.76013      1.7671  0.00672478
          34     1.76126     1.76693  0.00652626
          35     1.76097     1.76676  0.00633935
          36      1.8038     1.76779  0.00624604
          37     1.83289     1.76955  0.00632458
          38     1.85345     1.77176  0.00653992
          39     1.87126     1.77431    0.006862
          40     1.85899     1.77643  0.00701534
          41     1.85429     1.77832   0.0071008
          42     1.83386     1.77965  0.00705468
          43     1.82128     1.78062  0.00695637
          44     1.80078     1.78107  0.00681187
          45     1.81264     1.78178  0.00669563
          46     1.82727     1.78276  0.00662274
          47     1.83406     1.78386  0.00657157
          48     1.84296     1.78509  0.00654998
          49     1.85689     1.78655  0.00658015
          50     1.82612     1.78734  0.00649558
          51      1.8294     1.78817  0.00642014
          52     1.79889     1.78837  0.00629884
          53     1.78879     1.78838  0.00617885
          54     1.76999     1.78804  0.00607291
          55     1.78308     1.78795  0.00596215
          56     1.77544     1.78773  0.00585898
          57     1.78958     1.78776  0.00575536
          58     1.79138     1.78782  0.00565561
          59      1.7898     1.78786  0.00555902
          60     1.83319     1.78861  0.00551757
          61     1.82261     1.78917  0.00545491
          62     1.80673     1.78945  0.00537367
          63     1.80861     1.78976  0.00529642
          64     1.81629     1.79017  0.00522946
          65     1.83548     1.79087  0.00519536
          66      1.8623     1.79195  0.00522925
          67     1.87716     1.79322   0.0053053
          68     1.87458     1.79442   0.0053619
          69     1.82464     1.79486  0.00530174
          70     1.83104     1.79537  0.00525095
          71     1.81545     1.79566  0.00518418
          72     1.80916     1.79584  0.00511511
          73     1.80714       1.796  0.00504693
          74      1.8672     1.79696   0.0050704
          75     1.87082     1.79795  0.00509834
          76     1.87846     1.79901  0.00514114
          77     1.84682     1.79963  0.00511179
          78     1.85187      1.8003  0.00509008
          79     1.83819     1.80078  0.00504808
          80     1.83014     1.80114  0.00499808
          81      1.8175     1.80134  0.00494012
          82     1.79811     1.80131  0.00487966
          83     1.78608     1.80112    0.004824
          84     1.76373     1.80068  0.00478696
          85     1.76578     1.80027   0.0047481
          86     1.77012     1.79992  0.00470563
          87      1.7776     1.79966   0.0046583
          88     1.77666      1.7994  0.00461247
          89     1.79325     1.79933  0.00456087
          90     1.81617     1.79952  0.00451379
          91     1.82425     1.79979  0.00447218
          92     1.82643     1.80008  0.00443277
          93     1.83119     1.80041  0.00439759
          94     1.83904     1.80082  0.00436992
          95     1.82713      1.8011  0.00433254
          96     1.80526     1.80114  0.00428739
          97     1.80273     1.80116  0.00424299
          98     1.80648     1.80121  0.00419982
          99     1.82317     1.80144   0.0041631
         100     1.83698     1.80179  0.00413656
