           1   0.0477037   0.0477037           0
           2   0.0420472   0.0448754  0.00282824
           3   0.0393116   0.0430208    0.002471
           4     0.04283   0.0429731  0.00174791
           5   0.0428088   0.0429402  0.00135433
           6   0.0508116   0.0442521  0.00171577
           7    0.048969    0.044926    0.001599
           8   0.0432662   0.0447185  0.00140023
           9    0.047168   0.0449907  0.00126452
          10   0.0481024   0.0453018  0.00117305
          11   0.0646675   0.0470624  0.00205555
          12   0.0498764   0.0472969  0.00189105
          13   0.0574564   0.0480784    0.001907
          14   0.0463683   0.0479562  0.00176976
          15   0.0441509   0.0477025  0.00166697
          16    0.048778   0.0477697  0.00156076
          17   0.0458262   0.0476554  0.00147053
          18   0.0499378   0.0477822  0.00139221
          19   0.0478899   0.0477879  0.00131691
          20   0.0612432   0.0484606  0.00141896
          21    0.047403   0.0484103  0.00135064
          22   0.0511592   0.0485352  0.00129383
          23   0.0543894   0.0487898  0.00126223
          24   0.0584686    0.049193  0.00127401
          25   0.0537348   0.0493747  0.00123541
          26   0.0494685   0.0493783  0.00118695
          27   0.0500642   0.0494037  0.00114243
          28   0.0443723    0.049224  0.00111544
          29   0.0429094   0.0490063   0.0010981
          30   0.0558626   0.0492348   0.0010852
          31    0.055901   0.0494499  0.00107141
          32   0.0568195   0.0496802  0.00106264
          33   0.0529874   0.0497804   0.0010348
          34   0.0396691    0.049483  0.00104703
          35    0.043949   0.0493249   0.0010289
          36   0.0414958   0.0491074  0.00102328
          37   0.0477003   0.0490694 0.000995969
          38   0.0531652   0.0491772 0.000975379
          39   0.0504781   0.0492105 0.000950626
          40   0.0498461   0.0492264 0.000926692
          41   0.0438929   0.0490963 0.000913121
          42   0.0529563   0.0491882 0.000895841
          43   0.0473399   0.0491452 0.000875815
          44   0.0435628   0.0490184 0.000865033
          45   0.0432887    0.048891 0.000855124
          46   0.0489974   0.0488934 0.000836331
          47   0.0460263   0.0488324 0.000820614
          48    0.043921     0.04873 0.000809826
          49   0.0444334   0.0486423 0.000797959
          50    0.056226    0.048794 0.000796413
          51   0.0453302   0.0487261  0.00078359
          52    0.050175    0.048754 0.000768878
          53   0.0482086   0.0487437 0.000754302
          54   0.0468518   0.0487086  0.00074103
          55   0.0425875   0.0485973 0.000735896
          56   0.0549812   0.0487113 0.000731572
          57   0.0496427   0.0487277 0.000718809
          58   0.0512196   0.0487706 0.000707612
          59   0.0567177   0.0489053 0.000708438
          60   0.0434142   0.0488138 0.000702517
          61   0.0517622   0.0488622 0.000692593
          62   0.0534782   0.0489366 0.000685387
          63   0.0422726   0.0488308 0.000682665
          64   0.0383248   0.0486667 0.000691676
          65   0.0494232   0.0486783 0.000681051
          66   0.0582686   0.0488236 0.000686213
          67    0.058707   0.0489711 0.000691804
          68   0.0539345   0.0490441 0.000685452
          69   0.0507001   0.0490681 0.000675871
          70   0.0432643   0.0489852 0.000671286
          71   0.0507145   0.0490096 0.000662211
          72   0.0442415   0.0489433 0.000656299
          73   0.0483274   0.0489349 0.000647301
          74   0.0490575   0.0489366 0.000638496
          75   0.0612597   0.0491009 0.000651002
          76    0.052021   0.0491393 0.000643527
          77   0.0513228   0.0491677 0.000635747
          78   0.0460623   0.0491278 0.000628805
          79   0.0528755   0.0491753 0.000622604
          80   0.0560371   0.0492611 0.000620727
          81   0.0469441   0.0492324 0.000613683
          82   0.0489222   0.0492287 0.000606165
          83   0.0533899   0.0492788 0.000600912
          84   0.0511173   0.0493007 0.000594118
          85   0.0408827   0.0492017 0.000595382
          86   0.0428813   0.0491282  0.00059299
          87   0.0459162   0.0490912 0.000587296
          88   0.0513391   0.0491168 0.000581145
          89   0.0469326   0.0490922 0.000575102
          90   0.0468402   0.0490672 0.000569227
          91   0.0512882   0.0490916 0.000563465
          92   0.0466857   0.0490655  0.00055792
          93   0.0564954   0.0491454 0.000557641
          94   0.0541761   0.0491989 0.000554267
          95   0.0495642   0.0492027 0.000548415
          96   0.0516771   0.0492285 0.000543284
          97   0.0480282   0.0492161 0.000537796
          98   0.0471201   0.0491947  0.00053271
          99   0.0531816    0.049235 0.000528837
         100   0.0529233   0.0492719  0.00052482
