           1   -0.379613   -0.379613           0
           2   -0.358029   -0.368821   0.0107921
           3   -0.335215   -0.357619   0.0128181
           4   -0.320921   -0.348445   0.0128966
           5   -0.341855   -0.347127   0.0100762
           6   -0.344984   -0.346769  0.00823496
           7   -0.339243   -0.345694  0.00704237
           8   -0.369708   -0.348696  0.00679753
           9   -0.382684   -0.352472  0.00708518
          10   -0.406502   -0.357875  0.00832775
          11   -0.400672   -0.361766  0.00847813
          12   -0.412586   -0.366001  0.00882238
          13   -0.343365    -0.36426  0.00830011
          14   -0.335242   -0.362187  0.00795905
          15   -0.324407   -0.359668  0.00782585
          16   -0.334491   -0.358095  0.00748763
          17   -0.364995   -0.358501   0.0070451
          18   -0.387197   -0.360095  0.00683083
          19   -0.424976    -0.36351  0.00730817
          20   -0.408553   -0.365762  0.00728977
          21   -0.449491   -0.369749  0.00799854
          22   -0.449923   -0.373393  0.00845229
          23   -0.449264   -0.376692  0.00872413
          24   -0.434589   -0.379104  0.00869411
          25   -0.422226   -0.380829  0.00851561
          26   -0.413814   -0.382098  0.00827931
          27    -0.37481   -0.381828  0.00797134
          28   -0.344413   -0.380492  0.00779674
          29   -0.346102   -0.379306  0.00761597
          30   -0.366415   -0.378876  0.00737026
          31   -0.398441   -0.379507  0.00715643
          32    -0.38518   -0.379685  0.00693145
          33   -0.372402   -0.379464  0.00672175
          34   -0.373554    -0.37929  0.00652337
          35   -0.373277   -0.379118  0.00633657
          36   -0.416124   -0.380146  0.00624325
          37   -0.445272   -0.381906  0.00632214
          38    -0.46584   -0.384115  0.00653793
          39   -0.483641   -0.386667  0.00686038
          40   -0.471309   -0.388783  0.00701351
          41   -0.466629   -0.390682  0.00709893
          42   -0.446197   -0.392004  0.00705281
          43   -0.433638   -0.392972  0.00695457
          44   -0.413154    -0.39343  0.00681014
          45   -0.425028   -0.394133  0.00669401
          46   -0.439646   -0.395122  0.00662121
          47   -0.446439   -0.396214  0.00657016
          48   -0.455315   -0.397445  0.00654862
          49   -0.469234    -0.39891  0.00657879
          50   -0.438483   -0.399702  0.00649428
          51   -0.441759   -0.400526  0.00641886
          52   -0.411234   -0.400732  0.00629758
          53   -0.401154    -0.40074  0.00617762
          54   -0.382351     -0.4004   0.0060717
          55   -0.395431   -0.400309  0.00596097
          56   -0.387761   -0.400085  0.00585784
          57   -0.401907   -0.400117  0.00575424
          58   -0.403704   -0.400179   0.0056545
          59   -0.402131   -0.400212  0.00555793
          60   -0.445549   -0.400968  0.00551651
          61   -0.435005   -0.401526  0.00545394
          62   -0.419126    -0.40181  0.00537276
          63   -0.421017   -0.402115  0.00529557
          64    -0.42871    -0.40253  0.00522871
          65   -0.447882   -0.403228  0.00519471
          66   -0.474695   -0.404311  0.00522875
          67   -0.489551   -0.405583  0.00530493
          68   -0.487007    -0.40678  0.00536175
          69   -0.437058   -0.407219  0.00530167
          70   -0.443473   -0.407737  0.00525098
          71   -0.427932   -0.408021   0.0051843
          72   -0.421649   -0.408211   0.0051153
          73   -0.419643   -0.408367  0.00504717
          74   -0.479657   -0.409331  0.00507085
          75   -0.483246   -0.410316  0.00509893
          76   -0.490879   -0.411376  0.00514185
          77   -0.459222   -0.411998  0.00511253
          78   -0.464246   -0.412667  0.00509082
          79    -0.45057   -0.413147  0.00504881
          80    -0.44253   -0.413515  0.00499882
          81   -0.429892   -0.413717  0.00494086
          82     -0.4105   -0.413678  0.00488039
          83   -0.398487   -0.413494   0.0048247
          84   -0.376138    -0.41305  0.00478762
          85   -0.378135   -0.412639  0.00474876
          86   -0.382467   -0.412288  0.00470631
          87   -0.389974   -0.412032  0.00465896
          88    -0.38904    -0.41177  0.00461312
          89   -0.405682   -0.411702  0.00456151
          90   -0.428605    -0.41189  0.00451445
          91   -0.436728   -0.412163   0.0044729
          92   -0.438918   -0.412454  0.00443356
          93   -0.443691   -0.412789  0.00439847
          94   -0.451555   -0.413202  0.00437093
          95   -0.439671    -0.41348  0.00433364
          96   -0.417851   -0.413526   0.0042885
          97   -0.415328   -0.413545   0.0042441
          98   -0.419088   -0.413601  0.00420095
          99   -0.435805   -0.413825  0.00416434
         100     -0.4496   -0.414183  0.00413798
