           1     1.17809     1.17809           0
           2     1.16374     1.17091    0.007175
           3     1.14853     1.16345  0.00853384
           4     1.13903     1.15735  0.00858498
           5     1.15298     1.15647  0.00670698
           6     1.15508     1.15624  0.00548115
           7     1.15124     1.15553  0.00468713
           8     1.17154     1.15753  0.00452564
           9     1.18018     1.16004  0.00471839
          10     1.19604     1.16364  0.00554699
          11     1.19216     1.16624  0.00564755
          12      1.2001     1.16906  0.00587727
          13     1.15395      1.1679  0.00552979
          14     1.14856     1.16652  0.00530258
          15     1.14134     1.16484  0.00521389
          16     1.14806     1.16379  0.00498863
          17     1.16842     1.16406  0.00469391
          18     1.18323     1.16513  0.00455174
          19     1.20842      1.1674  0.00487119
          20     1.19748     1.16891  0.00485977
          21     1.22477     1.17157  0.00533342
          22     1.22508       1.174  0.00563697
          23     1.22463      1.1762   0.0058188
          24     1.21482     1.17781  0.00579885
          25      1.2066     1.17896  0.00568005
          26     1.20102     1.17981  0.00552274
          27     1.17499     1.17963  0.00531727
          28     1.15474     1.17874  0.00520041
          29     1.15586     1.17795  0.00507953
          30     1.16943     1.17767  0.00491552
          31     1.19079     1.17809  0.00477311
          32     1.18195     1.17821  0.00462312
          33     1.17342     1.17807  0.00448319
          34     1.17417     1.17795  0.00435084
          35     1.17398     1.17784  0.00422623
          36     1.20253     1.17853  0.00416403
          37     1.22193      1.1797  0.00421639
          38     1.23564     1.18117  0.00435994
          39     1.24751     1.18287  0.00457466
          40     1.23933     1.18428  0.00467689
          41      1.2362     1.18555  0.00473387
          42     1.22257     1.18643  0.00470312
          43     1.21419     1.18708  0.00463758
          44     1.20052     1.18738  0.00454125
          45     1.20843     1.18785  0.00446375
          46     1.21818     1.18851  0.00441516
          47     1.22271     1.18924  0.00438105
          48     1.22864     1.19006  0.00436665
          49     1.23793     1.19103  0.00438677
          50     1.21741     1.19156  0.00433039
          51      1.2196     1.19211  0.00428009
          52     1.19926     1.19225  0.00419923
          53     1.19253     1.19225  0.00411924
          54     1.17999     1.19203  0.00404861
          55     1.18872     1.19197  0.00397477
          56     1.18363     1.19182  0.00390599
          57     1.19306     1.19184  0.00383691
          58     1.19426     1.19188   0.0037704
          59      1.1932      1.1919  0.00370602
          60     1.22213     1.19241  0.00367838
          61     1.21507     1.19278  0.00363661
          62     1.20449     1.19297  0.00358245
          63     1.20574     1.19317  0.00353095
          64     1.21086     1.19345  0.00348631
          65     1.22365     1.19391  0.00346357
          66     1.24153     1.19463  0.00348617
          67     1.25144     1.19548  0.00353687
          68     1.24972     1.19628   0.0035746
          69     1.21643     1.19657  0.00353449
          70     1.22069     1.19692  0.00350063
          71      1.2103      1.1971  0.00345612
          72      1.2061     1.19723  0.00341008
          73     1.20476     1.19733  0.00336462
          74      1.2448     1.19797  0.00338027
          75     1.24721     1.19863   0.0033989
          76      1.2523     1.19934  0.00342742
          77     1.23121     1.19975  0.00340786
          78     1.23458      1.2002  0.00339339
          79     1.22546     1.20052  0.00336539
          80      1.2201     1.20076  0.00333205
          81     1.21167      1.2009  0.00329341
          82     1.19874     1.20087  0.00325311
          83     1.19072     1.20075    0.003216
          84     1.17582     1.20045  0.00319131
          85     1.17719     1.20018   0.0031654
          86     1.18008     1.19994  0.00313709
          87     1.18507     1.19977  0.00310553
          88     1.18444      1.1996  0.00307498
          89      1.1955     1.19955  0.00304058
          90     1.21078     1.19968  0.00300919
          91     1.21617     1.19986  0.00298145
          92     1.21762     1.20005  0.00295518
          93     1.22079     1.20027  0.00293173
          94     1.22603     1.20055  0.00291328
          95     1.21809     1.20073  0.00288836
          96     1.20351     1.20076  0.00285826
          97     1.20182     1.20077  0.00282866
          98     1.20432     1.20081  0.00279988
          99     1.21545     1.20096   0.0027754
         100     1.22466     1.20119   0.0027577
