           1     1.38752     1.38752           0
           2     1.38758     1.38755 2.96407e-05
           3     1.38758     1.38756 2.00073e-05
           4     1.38762     1.38758 2.04592e-05
           5     1.38762     1.38758 1.77983e-05
           6     1.38764     1.38759 1.70389e-05
           7     1.38762      1.3876 1.49593e-05
           8      1.3876      1.3876 1.29552e-05
           9     1.38758     1.38759   1.153e-05
          10     1.38756     1.38759 1.08075e-05
          11     1.38757     1.38759 1.00001e-05
          12     1.38756     1.38759 9.37383e-06
          13     1.38756     1.38759 8.81774e-06
          14      1.3876     1.38759 8.25464e-06
          15     1.38761     1.38759 7.80873e-06
          16      1.3876     1.38759 7.31825e-06
          17     1.38763     1.38759 7.35667e-06
          18     1.38764     1.38759  7.4806e-06
          19     1.38765      1.3876 7.60974e-06
          20     1.38767      1.3876 8.10626e-06
          21     1.38767      1.3876  8.4197e-06
          22      1.3877     1.38761 9.03778e-06
          23     1.38769     1.38761  9.2718e-06
          24     1.38765     1.38761 9.00378e-06
          25     1.38768     1.38762 9.05276e-06
          26     1.38771     1.38762 9.45537e-06
          27     1.38767     1.38762 9.28654e-06
          28      1.3877     1.38762 9.33335e-06
          29     1.38769     1.38763 9.29671e-06
          30     1.38773     1.38763 9.57313e-06
          31     1.38775     1.38763 9.98371e-06
          32     1.38774     1.38764 1.02434e-05
          33     1.38773     1.38764 1.02907e-05
          34     1.38771     1.38764 1.01698e-05
          35     1.38769     1.38764 9.96914e-06
          36     1.38767     1.38764 9.72358e-06
          37     1.38762     1.38764 9.47558e-06
          38     1.38761     1.38764 9.25249e-06
          39     1.38762     1.38764 9.02563e-06
          40     1.38769     1.38764 8.86612e-06
          41     1.38767     1.38764 8.66555e-06
          42     1.38766     1.38764 8.46681e-06
          43     1.38764     1.38764 8.26771e-06
          44     1.38763     1.38764 8.08652e-06
          45     1.38762     1.38764 7.92895e-06
          46     1.38763     1.38764 7.76019e-06
          47     1.38762     1.38764 7.60354e-06
          48     1.38764     1.38764  7.4436e-06
          49     1.38766     1.38764 7.29536e-06
          50     1.38763     1.38764 7.15044e-06
          51     1.38765     1.38764 7.00925e-06
          52     1.38766     1.38764 6.88077e-06
          53     1.38764     1.38764 6.75068e-06
          54     1.38764     1.38764 6.62456e-06
          55     1.38765     1.38764 6.50394e-06
          56     1.38768     1.38764 6.42518e-06
          57     1.38768     1.38764 6.34087e-06
          58     1.38768     1.38764 6.26098e-06
          59     1.38767     1.38764 6.17096e-06
          60     1.38764     1.38764 6.06753e-06
          61     1.38761     1.38764 5.99936e-06
          62      1.3876     1.38764 5.93826e-06
          63     1.38759     1.38764 5.90592e-06
          64     1.38758     1.38764 5.90338e-06
          65      1.3876     1.38764 5.84655e-06
          66      1.3876     1.38764 5.78689e-06
          67     1.38761     1.38764 5.71917e-06
          68     1.38758     1.38764 5.71318e-06
          69     1.38758     1.38764 5.69443e-06
          70     1.38757     1.38764 5.70677e-06
          71     1.38752     1.38764 5.85818e-06
          72     1.38751     1.38763 6.03949e-06
          73      1.3875     1.38763 6.23433e-06
          74     1.38755     1.38763 6.25286e-06
          75     1.38757     1.38763  6.2213e-06
          76     1.38758     1.38763 6.17838e-06
          77      1.3876     1.38763 6.11076e-06
          78     1.38762     1.38763 6.03258e-06
          79     1.38762     1.38763 5.95606e-06
          80     1.38761     1.38763 5.88412e-06
          81     1.38761     1.38763  5.8155e-06
          82     1.38761     1.38763 5.75073e-06
          83     1.38759     1.38763 5.69495e-06
          84      1.3876     1.38763 5.63912e-06
          85     1.38764     1.38763 5.57617e-06
          86     1.38766     1.38763 5.52175e-06
          87     1.38763     1.38763 5.45792e-06
          88     1.38762     1.38763 5.39596e-06
          89     1.38757     1.38763 5.37176e-06
          90     1.38757     1.38763 5.35543e-06
          91     1.38753     1.38763 5.40801e-06
          92     1.38751     1.38762  5.4965e-06
          93      1.3875     1.38762 5.60301e-06
          94     1.38749     1.38762 5.72207e-06
          95     1.38746     1.38762 5.91322e-06
          96     1.38741     1.38762 6.25364e-06
          97      1.3874     1.38761  6.5699e-06
          98     1.38739     1.38761 6.88805e-06
          99     1.38737     1.38761 7.26234e-06
         100     1.38738     1.38761 7.53752e-06
