         0.5    0.998922 3.60149e-05
        0.55    0.997401  6.1084e-05
         0.6    0.994406 9.34957e-05
        0.65    0.989281 0.000143059
         0.7     0.98101 0.000194701
        0.75    0.968418 0.000277762
         0.8    0.950743 0.000317728
        0.85    0.928203 0.000399154
         0.9    0.899564 0.000528273
        0.95    0.866526 0.000675411
           1    0.830271 0.000754159
        1.05    0.790217 0.000761216
         1.1    0.748163 0.000861831
        1.15    0.705264 0.000889526
         1.2    0.663421 0.000878338
        1.25    0.622505 0.000902408
         1.3     0.58382 0.000859206
        1.35    0.547367 0.000840716
         1.4    0.513234  0.00086531
        1.45    0.481397 0.000859622
         1.5    0.452167 0.000808481
        1.55    0.425323 0.000784065
         1.6    0.400444 0.000795522
        1.65    0.377751 0.000779683
         1.7     0.35676 0.000732611
        1.75     0.33789 0.000715965
         1.8    0.320076 0.000684654
        1.85    0.303934 0.000653343
         1.9    0.289152 0.000633484
        1.95    0.275417 0.000624906
           2    0.262836 0.000609974
