         0.5   0.0261276 0.000641848
        0.55   0.0503843 0.000892072
         0.6   0.0881444  0.00116229
        0.65     0.13855  0.00141864
         0.7    0.203552  0.00161484
        0.75    0.281463   0.0019211
         0.8     0.36858  0.00187356
        0.85    0.452092  0.00203296
         0.9    0.531933   0.0020823
        0.95    0.597803  0.00228294
           1    0.645394   0.0020699
        1.05    0.679406  0.00210542
         1.1    0.694761  0.00204396
        1.15    0.694357  0.00166484
         1.2    0.681098   0.0015769
        1.25    0.658321  0.00165846
         1.3    0.628849  0.00143497
        1.35    0.598104  0.00145853
         1.4    0.566992  0.00135055
        1.45    0.534456  0.00112522
         1.5    0.502841  0.00117144
        1.55    0.472393   0.0010465
         1.6    0.444997 0.000996466
        1.65    0.418752 0.000951176
         1.7    0.395057 0.000851667
        1.75    0.372377 0.000805849
         1.8    0.351325 0.000736999
        1.85     0.33229 0.000657494
         1.9    0.314109 0.000598648
        1.95    0.297448 0.000562544
           2    0.282091 0.000530061
