         0.5   0.0120991 0.000804603
        0.55    0.028028  0.00120966
         0.6   0.0583486  0.00172027
        0.65    0.108056   0.0024783
         0.7    0.187636  0.00330546
        0.75    0.306846   0.0053601
         0.8    0.464905  0.00563506
        0.85    0.649861  0.00702631
         0.9    0.869402   0.0079247
        0.95     1.09084  0.00982427
           1     1.29828  0.00985333
        1.05     1.49612  0.00849152
         1.1     1.66369  0.00945334
        1.15     1.79158  0.00903005
         1.2     1.88027  0.00855907
        1.25     1.92846  0.00914333
         1.3     1.93514  0.00757511
        1.35     1.92447   0.0079397
         1.4     1.90312  0.00770834
        1.45     1.85987  0.00643298
         1.5     1.80426  0.00561316
        1.55     1.74717  0.00507781
         1.6     1.68829  0.00487318
        1.65     1.62616  0.00458463
         1.7      1.5675  0.00427385
        1.75      1.5061  0.00409798
         1.8      1.4461   0.0038944
        1.85     1.38774  0.00348486
         1.9     1.33268   0.0032916
        1.95     1.27874  0.00353391
           2     1.22887   0.0033357
