         0.5    -1.19864 3.04538e-05
        0.55    -1.19685  5.0503e-05
         0.6    -1.19349 7.50197e-05
        0.65    -1.18798 0.000107414
         0.7    -1.17953 0.000142619
        0.75    -1.16731 0.000191257
         0.8    -1.15082 0.000209666
        0.85    -1.13035 0.000239681
         0.9    -1.10551 0.000308958
        0.95    -1.07723 0.000374979
           1    -1.04663 0.000418226
        1.05    -1.01327  0.00043433
         1.1   -0.978666 0.000461193
        1.15   -0.943614 0.000446903
         1.2   -0.909389 0.000423956
        1.25   -0.875805 0.000436409
         1.3   -0.843539 0.000412073
        1.35   -0.812895  0.00039072
         1.4   -0.783689  0.00040939
        1.45   -0.756053 0.000400098
         1.5   -0.729967 0.000372825
        1.55   -0.705604 0.000357528
         1.6   -0.682528 0.000351868
        1.65   -0.660922 0.000334402
         1.7   -0.640361  0.00031815
        1.75    -0.62132 0.000302334
         1.8   -0.603087  0.00029741
        1.85   -0.586054 0.000270625
         1.9    -0.57001 0.000266936
        1.95   -0.554752 0.000263586
           2   -0.540386 0.000257453
