           1    0.995744    0.995744           0
           2    0.993748    0.994746    0.000998
           3    0.994608      0.9947 0.000578029
           4    0.993696    0.994449 0.000479645
           5     0.99388    0.994335 0.000388569
           6     0.99258    0.994043 0.000431547
           7    0.992676    0.993847 0.000413693
           8    0.994156    0.993886 0.000360339
           9    0.994804    0.993988 0.000333757
          10    0.994092    0.993998 0.000298702
          11    0.994812    0.994072 0.000280127
          12    0.995276    0.994173 0.000274688
          13    0.992804    0.994067 0.000273733
          14     0.99272    0.993971 0.000271086
          15    0.993288    0.993926 0.000256444
          16    0.994644     0.99397 0.000244048
          17    0.993644    0.993951 0.000230046
          18    0.993888    0.993948 0.000216918
          19    0.994016    0.993951 0.000205215
          20    0.995396    0.994024 0.000207652
          21    0.993604    0.994004 0.000198524
          22    0.993584    0.993985 0.000190244
          23    0.993372    0.993958 0.000183725
          24     0.99442    0.993977 0.000176954
          25     0.99376    0.993968  0.00016995
          26      0.9955    0.994027 0.000173583
          27    0.994236    0.994035 0.000167209
          28    0.994264    0.994043 0.000161334
          29     0.99398    0.994041 0.000155687
          30    0.995068    0.994075 0.000154253
          31    0.995744    0.994129 0.000158608
          32     0.99392    0.994123 0.000153711
          33    0.993828    0.994114 0.000149247
          34    0.994392    0.994122 0.000145022
          35      0.9939    0.994116  0.00014096
          36    0.993816    0.994107 0.000137241
          37    0.994692    0.994123 0.000134413
          38    0.994464    0.994132 0.000131135
          39     0.99388    0.994126 0.000127892
          40    0.995148    0.994151 0.000127248
          41    0.994016    0.994148 0.000124149
          42     0.99508     0.99417 0.000123173
          43    0.995792    0.994208 0.000126051
          44    0.995004    0.994226 0.000124475
          45    0.994076    0.994222 0.000121723
          46    0.993596    0.994209 0.000119824
          47      0.9953    0.994232 0.000119523
          48    0.996004    0.994269 0.000122692
          49    0.995472    0.994294 0.000122644
          50    0.993476    0.994277 0.000121274
          51    0.994532    0.994282 0.000118977
          52     0.99536    0.994303 0.000118493
          53    0.994472    0.994306  0.00011628
          54    0.993756    0.994296  0.00011456
          55    0.992928    0.994271 0.000115175
          56    0.995236    0.994288 0.000114405
          57     0.99256    0.994258 0.000116399
          58    0.994616    0.994264 0.000114541
          59     0.99482    0.994274 0.000112976
          60    0.995456    0.994293 0.000112812
          61    0.994536    0.994297 0.000111018
          62    0.993948    0.994292 0.000109358
          63      0.9947    0.994298 0.000107803
          64    0.994936    0.994308 0.000106573
          65    0.993632    0.994298 0.000105435
          66    0.992652    0.994273 0.000106777
          67     0.99496    0.994283  0.00010567
          68    0.994816    0.994291 0.000104399
          69    0.995676    0.994311 0.000104816
          70    0.993376    0.994298 0.000104167
          71      0.9951    0.994309  0.00010331
          72    0.994584    0.994313 0.000101936
          73    0.995252    0.994326  0.00010135
          74    0.994512    0.994328 0.000100003
          75    0.995124    0.994339   9.923e-05
          76    0.995752    0.994357 9.96659e-05
          77    0.994404    0.994358 9.83649e-05
          78    0.994776    0.994363 9.72435e-05
          79    0.994884     0.99437 9.62307e-05
          80    0.994936    0.994377 9.52834e-05
          81    0.993652    0.994368 9.45243e-05
          82    0.993068    0.994352 9.47008e-05
          83    0.994544    0.994354 9.35815e-05
          84    0.995432    0.994367 9.33464e-05
          85    0.993584    0.994358 9.27008e-05
          86    0.994352    0.994358 9.16165e-05
          87    0.994664    0.994361 9.06257e-05
          88    0.995108     0.99437 8.99906e-05
          89    0.994648    0.994373 8.90286e-05
          90    0.994512    0.994375 8.80474e-05
          91     0.99454    0.994376 8.70934e-05
          92     0.99552    0.994389 8.70337e-05
          93    0.995724    0.994403 8.72816e-05
          94    0.994524    0.994405 8.63576e-05
          95     0.99606    0.994422 8.72027e-05
          96    0.994388    0.994422 8.62902e-05
          97     0.99386    0.994416  8.5592e-05
          98    0.993792    0.994409  8.4953e-05
          99    0.994532    0.994411 8.40996e-05
         100    0.994768    0.994414  8.3331e-05
