           1   0.0699772   0.0699772           0
           2   0.0946086   0.0822929   0.0123157
           3   0.0808607   0.0818155   0.0071265
           4   0.0969035   0.0855875  0.00629455
           5   0.0982379   0.0881176   0.0054931
           6    0.113526   0.0923523  0.00616841
           7     0.10903   0.0947349   0.0057319
           8     0.09372    0.094608  0.00496559
           9   0.0881587   0.0938915  0.00443748
          10   0.0920467    0.093707  0.00397329
          11   0.0855124    0.092962  0.00367037
          12   0.0770742    0.091638  0.00360268
          13    0.111325   0.0931524  0.00364359
          14    0.102501   0.0938202  0.00343877
          15   0.0986935   0.0941451  0.00321776
          16   0.0872441   0.0937137  0.00304069
          17    0.101686   0.0941827  0.00289447
          18   0.0920182   0.0940624  0.00273158
          19   0.0897693   0.0938365  0.00259368
          20   0.0753828   0.0929138  0.00262789
          21   0.0956696    0.093045  0.00250306
          22   0.0959546   0.0931773  0.00239024
          23    0.100364   0.0934898  0.00230523
          24   0.0882842   0.0932729  0.00221772
          25   0.0992384   0.0935115   0.0021405
          26   0.0715451   0.0926666  0.00222331
          27   0.0922506   0.0926512  0.00213944
          28   0.0885659   0.0925053  0.00206677
          29   0.0912207    0.092461  0.00199472
          30   0.0764623   0.0919277  0.00199951
          31    0.069379   0.0912003   0.0020662
          32   0.0939868   0.0912874  0.00200248
          33    0.094159   0.0913744   0.0019428
          34   0.0889367   0.0913027  0.00188616
          35   0.0947182   0.0914003  0.00183407
          36   0.0975725   0.0915718  0.00179063
          37   0.0853582   0.0914038  0.00174964
          38   0.0867978   0.0912826  0.00170728
          39   0.0938578   0.0913487  0.00166424
          40   0.0750825    0.090942   0.0016723
          41   0.0912071   0.0909485  0.00163101
          42   0.0835317   0.0907719  0.00160147
          43   0.0721219   0.0903382  0.00162281
          44   0.0841034   0.0901965  0.00159182
          45   0.0954574   0.0903134  0.00156043
          46    0.097479   0.0904691  0.00153406
          47   0.0789897   0.0902249  0.00152081
          48   0.0695602   0.0897944  0.00154979
          49   0.0725445   0.0894423  0.00155812
          50    0.093388   0.0895213  0.00152868
          51    0.084578   0.0894243  0.00150153
          52   0.0758574   0.0891634  0.00149531
          53   0.0894456   0.0891688  0.00146684
          54   0.0941607   0.0892612  0.00144238
          55    0.102242   0.0894972  0.00143545
          56    0.079612   0.0893207  0.00142059
          57    0.104068   0.0895794  0.00141923
          58   0.0851239   0.0895026  0.00139666
          59   0.0770358   0.0892913  0.00138895
          60   0.0745862   0.0890462  0.00138742
          61   0.0823347   0.0889362  0.00136892
          62   0.0898608   0.0889511  0.00134674
          63   0.0823319    0.088846  0.00132935
          64   0.0834615   0.0887619  0.00131111
          65    0.100038   0.0889354  0.00130239
          66   0.0993129   0.0890926  0.00129211
          67   0.0893564   0.0890965  0.00127268
          68   0.0876832   0.0890758    0.001254
          69   0.0739583   0.0888567  0.00125497
          70     0.10587   0.0890997  0.00126056
          71   0.0790511   0.0889582  0.00125071
          72   0.0864645   0.0889235  0.00123371
          73    0.082611   0.0888371  0.00121976
          74   0.0844036   0.0887772  0.00120465
          75   0.0793734   0.0886518  0.00119508
          76   0.0740988   0.0884603  0.00119469
          77   0.0916883   0.0885022  0.00117982
          78   0.0856173   0.0884652  0.00116518
          79   0.0857657   0.0884311  0.00115085
          80   0.0880212   0.0884259  0.00113638
          81   0.0952871   0.0885106  0.00112546
          82    0.105194   0.0887141  0.00113011
          83   0.0840127   0.0886575  0.00111785
          84   0.0748679   0.0884933   0.0011166
          85   0.0994015   0.0886216  0.00111082
          86   0.0837932   0.0885655  0.00109926
          87   0.0832447   0.0885043  0.00108827
          88   0.0788274   0.0883944  0.00108144
          89    0.086507   0.0883732  0.00106943
          90   0.0911042   0.0884035  0.00105792
          91   0.0814847   0.0883275  0.00104898
          92   0.0766179   0.0882002   0.0010453
          93   0.0684639    0.087988  0.00105555
          94   0.0899115   0.0880084  0.00104446
          95   0.0664979    0.087782  0.00105792
          96   0.0876046   0.0877802  0.00104685
          97   0.0916338   0.0878199  0.00103676
          98     0.09101   0.0878524  0.00102664
          99   0.0837357   0.0878109  0.00101707
         100   0.0857302     0.08779  0.00100706
