           1   0.0348639   0.0348639           0
           2   0.0723827   0.0536233   0.0187594
           3   0.0551239   0.0541235   0.0108423
           4   0.0614616    0.055958   0.0078831
           5   0.0827188   0.0613102  0.00811982
           6   0.0901986   0.0661249  0.00819366
           7    0.104397   0.0715923  0.00882307
           8    0.058314   0.0699325   0.0078192
           9   0.0502968   0.0677508  0.00723279
          10   0.0644113   0.0674168  0.00647782
          11   0.0486771   0.0657132  0.00610204
          12   0.0400737   0.0635766   0.0059661
          13   0.0786581   0.0647367  0.00560929
          14   0.0918501   0.0666734  0.00554256
          15   0.0736324   0.0671373  0.00518066
          16   0.0619428   0.0668126  0.00485692
          17    0.109393   0.0693174  0.00520464
          18    0.069447   0.0693246  0.00490698
          19   0.0608026   0.0688761  0.00466316
          20   0.0417669   0.0675206  0.00462686
          21   0.0706309   0.0676687  0.00440351
          22   0.0851829   0.0684648  0.00427339
          23   0.0733125   0.0686756   0.0040888
          24   0.0566986   0.0681766  0.00394641
          25   0.0637685   0.0680002  0.00378937
          26   0.0441658   0.0670835  0.00375435
          27   0.0581247   0.0667517  0.00362783
          28   0.0620582   0.0665841  0.00349988
          29   0.0601933   0.0663637  0.00338422
          30   0.0531329   0.0659227  0.00329908
          31   0.0440372   0.0652167  0.00326805
          32   0.0712395   0.0654049  0.00316987
          33   0.0723589   0.0656156  0.00307953
          34   0.0527925   0.0652385  0.00301129
          35   0.0606992   0.0651088  0.00292686
          36   0.0654265   0.0651176  0.00284441
          37   0.0533454   0.0647995  0.00278471
          38   0.0589127   0.0646445  0.00271486
          39   0.0725055   0.0648461    0.002652
          40   0.0467448   0.0643936  0.00262416
          41    0.077896   0.0647229  0.00258046
          42   0.0488361   0.0643446  0.00254652
          43   0.0336177   0.0636301  0.00258723
          44      0.0454   0.0632157  0.00256148
          45   0.0564489   0.0630654  0.00250842
          46   0.0627557   0.0630586  0.00245329
          47   0.0403058   0.0625745  0.00244886
          48   0.0336693   0.0619723  0.00247177
          49   0.0410114   0.0615446  0.00245831
          50   0.0680665    0.061675  0.00241217
          51   0.0499484   0.0614451  0.00237555
          52   0.0455925   0.0611402  0.00234928
          53   0.0518801   0.0609655  0.00231115
          54   0.0604977   0.0609568  0.00226796
          55   0.0811122   0.0613233   0.0022563
          56   0.0439087   0.0610123  0.00223736
          57    0.125521    0.062144  0.00247203
          58   0.0525444   0.0619785  0.00243467
          59   0.0530573   0.0618273  0.00239782
          60    0.041426   0.0614873  0.00238191
          61   0.0592987   0.0614514  0.00234281
          62   0.0647478   0.0615046  0.00230533
          63   0.0534858   0.0613773  0.00227201
          64    0.043783   0.0611024  0.00225306
          65   0.0656874   0.0611729  0.00221925
          66    0.101887   0.0617898  0.00227076
          67   0.0458032   0.0615512  0.00224931
          68   0.0469872    0.061337  0.00222631
          69   0.0387486   0.0610097   0.0022181
          70   0.0690902   0.0611251  0.00218923
          71   0.0569992    0.061067  0.00215895
          72   0.0487022   0.0608953  0.00213567
          73   0.0403214   0.0606134  0.00212499
          74   0.0568235   0.0605622   0.0020967
          75   0.0472054   0.0603841  0.00207621
          76   0.0349229   0.0600491  0.00207592
          77   0.0538571   0.0599687  0.00205036
          78   0.0509258   0.0598528  0.00202722
          79   0.0460989   0.0596787  0.00200895
          80    0.046743    0.059517  0.00199026
          81   0.0768419   0.0597308  0.00197714
          82   0.0721689   0.0598825  0.00195876
          83    0.050026   0.0597638  0.00193866
          84   0.0422078   0.0595548  0.00192681
          85   0.0761162   0.0597496  0.00191395
          86    0.063715   0.0597957  0.00189212
          87   0.0571206    0.059765   0.0018705
          88    0.043219    0.059577  0.00185866
          89    0.054973   0.0595252  0.00183838
          90   0.0502635   0.0594223  0.00182075
          91    0.056009   0.0593848  0.00180102
          92   0.0354741   0.0591249   0.0018002
          93    0.038783   0.0589062  0.00179412
          94   0.0499145   0.0588105  0.00177751
          95   0.0369064     0.05858  0.00177375
          96   0.0626688   0.0586225  0.00175569
          97    0.072365   0.0587642  0.00174326
          98   0.0689484   0.0588681  0.00172851
          99   0.0602684   0.0588823  0.00171102
         100   0.0465188   0.0587587  0.00169833
