           1    -1.19442    -1.19442           0
           2    -1.19317    -1.19379   0.0006276
           3    -1.19381     -1.1938 0.000362386
           4    -1.19267    -1.19352 0.000381675
           5    -1.19343     -1.1935 0.000296119
           6    -1.19212    -1.19327 0.000334052
           7    -1.19239    -1.19314 0.000308895
           8    -1.19316    -1.19315 0.000267518
           9    -1.19361     -1.1932 0.000241487
          10    -1.19314    -1.19319 0.000216071
          11    -1.19372    -1.19324 0.000201328
          12    -1.19402     -1.1933 0.000194832
          13    -1.19182    -1.19319 0.000212283
          14    -1.19241    -1.19313 0.000204321
          15    -1.19271    -1.19311 0.000192347
          16    -1.19389    -1.19315 0.000186463
          17    -1.19334    -1.19317 0.000175508
          18    -1.19309    -1.19316 0.000165525
          19    -1.19324    -1.19317  0.00015663
          20    -1.19429    -1.19322 0.000158818
          21    -1.19297    -1.19321 0.000151546
          22    -1.19316    -1.19321 0.000144514
          23    -1.19267    -1.19318 0.000140077
          24    -1.19333    -1.19319 0.000134256
          25    -1.19273    -1.19317 0.000130093
          26    -1.19456    -1.19322 0.000135858
          27    -1.19325    -1.19323 0.000130732
          28    -1.19342    -1.19323 0.000126169
          29    -1.19304    -1.19323  0.00012193
          30    -1.19433    -1.19326 0.000123447
          31    -1.19492    -1.19332 0.000130883
          32    -1.19313    -1.19331 0.000126863
          33    -1.19321    -1.19331 0.000122994
          34    -1.19333    -1.19331 0.000119324
          35    -1.19279    -1.19329 0.000116815
          36    -1.19296    -1.19328 0.000113894
          37    -1.19371     -1.1933 0.000111359
          38    -1.19363     -1.1933 0.000108742
          39    -1.19319     -1.1933 0.000105957
          40    -1.19426    -1.19333 0.000106026
          41    -1.19365    -1.19333 0.000103712
          42    -1.19393    -1.19335 0.000102197
          43    -1.19441    -1.19337 0.000102829
          44     -1.1938    -1.19338 0.000100936
          45    -1.19295    -1.19337 9.91309e-05
          46    -1.19249    -1.19335 9.88444e-05
          47    -1.19397    -1.19337 9.76099e-05
          48    -1.19478     -1.1934 0.000100018
          49    -1.19446    -1.19342 0.000100344
          50     -1.1929    -1.19341 9.88539e-05
          51    -1.19345    -1.19341 9.68998e-05
          52    -1.19417    -1.19342 9.61343e-05
          53    -1.19337    -1.19342  9.4309e-05
          54    -1.19275    -1.19341  9.3376e-05
          55    -1.19234    -1.19339 9.37117e-05
          56    -1.19401     -1.1934 9.26806e-05
          57    -1.19296    -1.19339 9.13684e-05
          58    -1.19361     -1.1934 8.98578e-05
          59    -1.19416    -1.19341  8.9273e-05
          60    -1.19428    -1.19342 8.89706e-05
          61    -1.19385    -1.19343 8.77788e-05
          62    -1.19325    -1.19343 8.63992e-05
          63    -1.19392    -1.19344 8.53677e-05
          64    -1.19364    -1.19344 8.40806e-05
          65    -1.19269    -1.19343 8.35841e-05
          66    -1.19271    -1.19342  8.3031e-05
          67    -1.19358    -1.19342 8.18167e-05
          68    -1.19347    -1.19342 8.06076e-05
          69    -1.19453    -1.19344 8.10349e-05
          70    -1.19251    -1.19342  8.0964e-05
          71    -1.19418    -1.19343 8.05246e-05
          72    -1.19342    -1.19343 7.93986e-05
          73    -1.19388    -1.19344 7.85445e-05
          74    -1.19377    -1.19344 7.76079e-05
          75    -1.19405    -1.19345 7.69895e-05
          76    -1.19438    -1.19346 7.69494e-05
          77    -1.19315    -1.19346 7.60512e-05
          78    -1.19368    -1.19346 7.51204e-05
          79    -1.19363    -1.19347 7.41945e-05
          80    -1.19366    -1.19347 7.33013e-05
          81    -1.19308    -1.19346 7.25468e-05
          82    -1.19215    -1.19345 7.34247e-05
          83    -1.19351    -1.19345 7.25385e-05
          84    -1.19433    -1.19346 7.24292e-05
          85    -1.19292    -1.19345 7.18548e-05
          86    -1.19387    -1.19346  7.1181e-05
          87    -1.19393    -1.19346 7.05707e-05
          88    -1.19393    -1.19347 6.99696e-05
          89    -1.19353    -1.19347 6.91825e-05
          90    -1.19329    -1.19347 6.84367e-05
          91    -1.19384    -1.19347 6.78023e-05
          92    -1.19407    -1.19348 6.73795e-05
          93     -1.1947    -1.19349 6.79464e-05
          94    -1.19334    -1.19349 6.72374e-05
          95    -1.19512    -1.19351 6.87174e-05
          96    -1.19342     -1.1935 6.80035e-05
          97    -1.19325     -1.1935 6.73492e-05
          98    -1.19308     -1.1935 6.67986e-05
          99    -1.19384     -1.1935 6.62119e-05
         100    -1.19343     -1.1935 6.55508e-05
