4.82978
8.9565
6.71166
7.88551
3.22626
5.74322
4.53944
3.93407
4.73294
15.1703
4.73063
6.80974
4.18094
3.68493
11.1634
4.60464
3.99656
4.31572
5.45631
4.67616
5.738
5.15278
1.84728
5.16215
5.48295
1.24142
7.58038
8.5617
2.32411
3.72738
7.0776
3.15517
4.22784
0.439377
3.10358
8.37273
2.52988
4.84576
4.16194
2.48376
7.46921
4.28537
2.28032
6.28011
9.33189
4.78664
2.84758
4.63422
4.11269
4.68821
3.75454
3.04825
3.61173
3.69695
7.53897
4.94113
3.09168
2.43106
3.3114
4.20091
6.54028
6.49418
2.34444
7.55253
4.5471
4.18437
4.25524
6.51021
3.01406
5.49524
10.7095
5.54936
4.44347
5.69589
6.45927
6.19787
8.08639
3.49867
2.00277
6.24305
9.2351
4.5666
5.21676
6.78393
2.92883
1.96967
3.61408
2.12517
4.18845
6.40454
1.7967
4.48515
2.40388
5.03428
3.50099
4.4265
2.86707
3.8164
2.78196
2.71222
8.64596
3.38522
2.80831
7.41109
6.8706
8.30191
5.62887
3.42161
4.64909
9.59977
3.83761
7.47915
2.31798
2.88297
3.80809
5.70086
6.16155
2.54842
2.47482
6.19063
2.26867
3.70008
5.18207
3.71027
6.50774
9.60109
2.58201
4.02148
2.27974
3.74646
7.9358
7.60091
7.41046
1.14205
7.63884
8.83456
1.25316
6.19058
4.01842
6.16502
2.985
3.50289
3.84698
6.34565
5.39491
3.14231
4.9114
8.44481
2.94085
4.00143
7.1667
10.721
6.84584
9.17832
6.29072
3.36017
5.14038
5.85572
2.14223
5.59114
3.58462
6.6677
2.05842
3.68295
4.79351
2.97233
4.17844
5.19985
10.0967
4.78199
7.59502
5.43148
7.47426
5.1208
1.53467
3.54861
3.8668
3.19709
3.05827
4.43597
3.51572
3.96556
4.11122
3.74147
5.34466
5.0636
9.13639
4.10876
5.10561
4.8167
6.62243
5.96438
3.17179
5.86919
7.38137
2.43841
3.49299
3.96666
6.28046
2.60703
5.34763
5.65756
2.83291
6.22083
2.58137
2.84232
5.55796
7.62025
5.20964
5.68557
6.6015
5.97586
3.77431
2.88695
2.52474
3.74559
1.53257
4.204
4.51003
7.73209
2.94199
9.43004
2.46654
5.79551
1.75489
7.6292
12.1962
1.9863
3.66218
4.43204
5.94648
3.02393
5.8915
2.59513
2.65318
4.57753
4.24124
6.30538
1.81884
10.1141
3.1452
2.68692
5.89566
3.15191
4.84013
5.54779
1.89825
6.96199
7.08284
4.92245
4.41191
9.13675
2.16614
6.64249
4.15313
5.58056
5.80215
4.32812
7.40719
3.57614
4.67332
3.8308
7.80584
3.3411
12.3541
9.28061
10.1188
7.31244
4.09736
2.58474
11.472
10.1369
6.15851
3.75085
5.64584
6.09048
2.92826
5.79419
3.56482
4.00663
4.05921
5.1586
5.47465
2.07933
3.31437
2.78487
8.43769
6.46622
7.7316
6.34029
1.84274
3.29405
3.91613
2.4582
5.95344
5.97536
4.45738
7.54237
4.07358
3.36916
5.77503
2.14494
9.46897
3.33537
5.20519
6.64621
1.64413
8.2173
4.1709
3.63196
4.50992
8.94285
3.06361
5.37318
2.72929
8.79749
5.68017
1.39182
11.6969
3.50614
3.26368
4.28798
5.86076
3.39164
4.79563
3.48059
3.83329
1.74575
3.68298
3.10087
5.87613
3.33222
3.60502
3.98472
4.89107
6.86832
2.84632
2.0803
5.6733
3.5139
9.72809
2.63784
5.61783
2.94498
3.80003
5.16258
10.355
4.04033
6.11856
2.39031
6.93816
8.44959
4.21676
7.50243
9.21274
3.89487
3.64346
5.38439
3.75487
5.3028
6.00195
3.96094
2.33856
6.28888
3.06342
4.35877
7.3016
5.71539
4.68068
1.43052
5.52546
3.71078
1.89868
1.38779
7.99673
5.96461
4.53265
6.54129
5.15301
3.20687
4.65241
1.25146
2.93374
11.2195
9.06331
3.1281
3.03788
7.59155
6.4617
5.37763
1.56026
5.53974
3.79315
4.87792
4.42754
3.47215
3.10363
4.21025
9.05557
4.9266
5.62444
3.7274
8.28021
2.1383
3.31121
4.29246
11.3222
1.75122
3.88856
2.99833
6.78376
2.39377
4.28044
4.28005
4.84454
2.91069
5.94364
3.45002
3.70233
3.8725
1.14279
2.483
7.27027
1.99949
7.08902
4.97518
2.80218
3.13354
5.25547
4.11683
7.97899
3.67574
6.67141
3.75155
2.23479
2.30451
7.82692
2.77157
5.4722
5.21997
8.20605
5.9873
6.12061
3.77865
5.32127
4.93414
3.90999
5.3403
9.26349
5.65685
3.44749
3.94721
4.66725
2.46937
5.54907
7.24689
2.81321
4.28396
6.29245
6.13314
6.02014
7.46367
2.03466
3.4919
4.67049
5.25112
5.63251
2.54266
9.68398
4.34558
9.39667
4.16246
4.49398
3.05904
2.85844
2.84761
4.35816
11.1406
8.28496
2.92833
2.30702
10.3118
5.10288
5.49484
5.13351
2.38079
3.79759
8.66773
2.43968
3.057
3.59784
2.16254
4.22647
6.46189
3.60768
7.95265
4.59663
3.09983
5.82532
2.94773
2.01241
3.7487
5.50509
7.16695
9.57064
4.53772
9.57342
5.08986
6.0123
6.06129
5.1884
6.26463
5.39987
1.07731
3.9341
2.51977
5.81282
3.27667
5.09549
4.4374
3.58307
2.38024
6.70778
2.79559
3.52593
8.7288
9.03787
4.06215
6.26884
3.78979
5.92275
6.32857
2.9172
1.59464
5.46264
4.35972
5.40028
7.83719
3.005
5.97234
4.82001
4.28519
3.52051
6.25784
8.45013
3.40396
3.22831
4.34422
5.781
2.2469
1.62493
2.92994
6.17355
3.58608
3.88189
4.53638
3.00107
7.12619
9.49134
2.13072
5.00812
4.57622
6.77434
10.4011
2.1214
4.81421
4.44004
2.61299
2.64932
6.59372
3.53201
6.35778
2.33137
4.75139
4.24165
5.9574
4.84936
1.58867
2.17896
5.75126
2.74811
5.37926
3.51519
5.98958
7.50659
7.59357
4.12362
5.20513
6.72753
5.16716
3.5673
3.70881
3.40257
5.73088
5.87079
4.80065
3.75996
3.66727
3.8518
4.66585
3.98006
6.02524
4.22153
5.81882
4.63709
4.15545
6.09899
2.02988
4.46579
4.39064
3.19714
3.50598
3.07204
7.95843
7.75022
6.18293
3.62631
5.0689
5.36037
4.18792
8.39037
5.57034
3.60212
3.28224
3.73631
6.91235
5.44215
3.56751
3.80453
3.67526
2.2489
3.09347
4.0688
4.36887
6.22203
1.09714
3.91082
2.18339
2.73618
9.68495
0.979692
6.93756
5.68582
3.98523
1.76569
2.89594
6.2959
4.21162
5.13031
10.1275
2.11361
4.13995
3.99605
7.4486
3.9776
7.42945
5.36519
3.273
10.2929
7.16837
7.42364
8.47619
7.57399
3.10755
5.82297
4.23912
9.63102
3.69345
4.16558
6.25495
4.47106
6.39402
5.33742
4.96766
4.79283
6.23815
6.61107
6.51309
3.89664
7.78151
3.55221
4.04571
3.11795
2.42811
4.26747
4.24363
3.24492
2.22873
2.86503
4.86541
2.30899
6.89258
2.61874
3.73004
4.94085
5.4083
4.04837
5.38753
3.51944
5.25972
5.17219
2.41431
8.44321
5.21051
5.71666
3.00743
1.61508
1.66218
6.20463
7.95473
7.76382
4.56692
6.10201
4.33119
18.7723
9.98949
2.86011
2.42308
2.73213
5.91024
3.40512
1.22302
5.28191
8.79469
12.4011
9.23997
4.55115
2.5318
3.99374
2.8168
2.06456
4.21969
2.00268
1.83561
4.37922
9.74219
6.88842
9.66254
3.43194
4.41975
5.27793
4.84781
6.62968
6.51226
2.15248
4.44388
1.87813
3.83159
2.8141
2.96271
6.2341
5.39958
6.13457
3.12497
2.89138
4.45392
6.81676
2.10693
5.90281
3.72205
3.32019
6.46975
7.9287
3.47415
5.46394
12.1505
6.07181
5.50452
4.16786
4.37758
7.90772
3.40743
7.01669
4.85324
5.22063
7.46074
3.64922
3.63416
2.71672
3.09941
6.78151
2.54361
6.9626
5.19869
7.50876
4.38243
7.24265
5.31036
1.97265
4.61762
6.07869
4.70567
6.50084
1.65591
5.08545
3.4115
3.54932
5.08689
3.63392
5.0692
3.03016
4.23126
7.99046
4.27197
3.41023
8.07852
5.40538
2.18273
5.77135
7.69476
5.94146
4.47905
9.62451
3.5418
4.46134
3.33231
6.53548
2.87761
2.47406
4.81719
4.20091
2.66635
4.78618
11.6355
4.76971
5.9539
3.04703
7.18564
7.92976
7.48466
3.39143
4.13292
3.13915
7.80018
1.67246
6.30457
7.27777
2.35259
4.84663
3.43059
3.15989
1.32473
7.8448
5.84325
6.31243
3.03165
6.4511
3.90553
1.67871
3.38549
3.98974
3.98611
7.26655
5.19829
3.56937
3.75482
6.19921
2.19092
10.5529
2.95665
7.04723
3.0679
3.39241
3.21183
9.79926
3.1019
5.41008
5.26637
7.23598
8.5486
2.8506
6.77403
2.79334
6.96165
6.47272
4.89437
6.3508
6.79923
2.27588
4.14608
4.48148
6.13026
4.13969
7.95505
2.90513
7.29678
4.07919
4.99605
7.15202
4.10409
3.1684
3.09738
3.74953
5.75617
5.40402
5.70096
4.3411
5.49676
7.59802
3.71821
8.95841
5.32936
5.08642
2.84043
7.19483
6.49512
4.10025
3.6169
3.44483
3.30419
5.94704
6.61256
8.76572
6.96159
3.44991
8.05875
9.00369
7.52109
6.25603
6.62843
4.51167
2.54596
5.5325
9.12633
9.34348
4.95855
5.74687
7.53166
2.46593
1.65471
4.91764
8.23487
4.12769
2.44277
2.46415
3.05589
6.932
6.57374
3.68065
2.82865
11.2801
3.87338
3.2319
3.10307
2.29565
2.62477
9.64124
5.69743
2.95916
1.65813
6.58464
1.88941
3.52918
2.12084
5.94234
7.23923
7.81578
2.2946
6.5836
4.35114
7.88084
4.73274
4.21685
4.81267
5.42404
3.57162
3.16748
3.41327
9.86507
2.05594
4.06721
3.33478
3.74361
6.20793
1.3968
4.44567
8.35219
5.77918
3.49753
3.90099
10.2339
3.03707
11.4731
2.42311
4.96829
7.46166
6.12047
3.68468
5.55791
4.36292
7.2981
6.24279
6.03502
5.87377
2.63203
2.87817
6.20805
3.02307
2.39749
5.97988
11.0842
8.05186
5.12111
4.44917
7.74006
6.57494
3.55505
2.93104
8.19944
7.74118
2.84712
4.21093
4.16419
5.49199
5.61317
5.02405
3.37713
3.04326
1.21403
7.28435
3.47325
2.65625
3.86491
5.9367
3.3883
2.67264
7.53333
3.15433
9.03124
6.69722
6.11168
7.03761
4.61454
4.32175
2.55206
5.1658
10.3606
5.21316
6.23706
3.52874
4.59241
8.03165
4.48012
2.30945
3.47498
3.6423
7.86451
4.76647
4.45038
5.90135
4.85435
3.63291
2.88631
2.48951
6.15856
2.01786
8.69172
5.50845
1.25962
3.30263
7.99293
4.31154
11.4124
6.7341
2.28345
3.71262
5.95349
2.56027
6.45376
6.43716
7.76202
4.76344
5.75145
4.93463
5.94338
4.52617
6.20888
5.81389
6.34976
7.59965
4.35545
3.20545
5.65339
4.52489
3.19717
3.1323
7.42765
3.36417
2.28555
7.12256
2.13115
4.49817
10.4641
4.08666
3.9593
2.44719
10.534
4.67201
3.16318
3.35826
6.07015
1.60333
4.95998
2.96301
4.36627
5.20535
4.32873
2.91821
7.71062
4.91181
5.94048
5.1619
7.96692
3.53748
3.82193
3.1054
2.93204
5.51616
10.556
2.6633
4.19532
12.2657
6.00016
3.99077
6.79375
6.09771
3.34859
5.03633
2.71228
5.41067
7.18539
5.90929
5.75122
4.61939
6.41756
5.49844
3.32648
7.61533
4.17908
5.57876
9.26244
5.46145
3.18556
4.13075
4.14702
5.77308
2.22974
4.90841
2.93951
2.90707
7.51205
7.93224
4.20882
9.22799
2.80086
4.48142
3.43771
7.86056
3.69558
5.16205
4.07389
6.37458
6.55375
8.11999
3.20676
4.22794
7.11126
5.9136
3.37687
3.31404
3.29764
6.83416
3.35784
6.61025
5.21408
1.74248
5.27697
5.84948
3.84764
9.54841
4.50735
7.00863
5.59993
6.63079
8.38613
2.58179
8.27997
6.52657
10.5343
5.27382
7.62288
6.3263
2.25259
4.29334
5.02657
4.45669
2.84676
2.73557
3.34456
4.21079
1.66295
5.65137
4.68939
3.5365
3.82358
5.79307
10.7509
6.7299
5.78241
2.98605
3.45613
4.70013
8.4211
4.22456
8.39307
3.51516
2.37012
2.75543
4.84961
4.04117
2.87022
5.8705
6.0078
7.98416
5.08175
9.93552
6.55715
4.49519
4.17247
2.11932
7.67896
4.99336
7.05172
5.23917
3.50601
4.76561
7.00683
5.92289
5.29434
6.38792
3.30904
4.98811
2.15514
4.29205
5.7831
2.80746
4.82663
3.2848
4.95036
4.13922
4.54362
6.68624
5.15829
8.83003
4.72947
8.7218
8.27537
4.19474
1.90583
9.48218
3.58133
6.00031
4.64917
3.54388
9.24371
3.4021
3.0007
11.327
3.80721
7.07934
2.67429
4.40984
7.14961
7.0282
7.76594
2.69914
5.64649
4.01176
3.52416
6.69832
4.44374
7.69711
3.45391
2.27916
4.94281
3.05978
1.88614
6.13731
8.38777
2.84824
7.90002
7.40541
7.37638
11.4742
1.87386
3.30635
7.20408
3.74328
4.81854
5.22627
6.14178
4.42901
4.38395
4.57114
4.89089
4.06394
6.12014
8.18814
2.15508
3.08262
8.06352
6.68394
1.64692
12.268
5.37242
5.02484
3.83504
5.19873
7.78443
5.46657
2.21292
5.66121
6.44826
4.91177
4.39631
3.28073
1.71685
3.95441
9.70682
5.17334
7.1676
6.33744
5.29575
7.18721
4.80599
3.31298
4.78425
4.27611
4.62845
5.11256
5.50123
3.95413
4.55438
5.77817
5.21163
5.98022
2.63657
6.75623
3.38902
8.71414
4.25146
4.80613
4.47246
5.4597
3.19602
5.02371
2.7207
4.66974
4.47738
7.31792
3.92995
4.53439
2.3922
4.2879
5.82318
5.42009
11.6423
5.45758
8.67813
3.96846
4.74988
3.29443
2.66706
3.14308
6.20917
13.11
6.91245
5.75723
6.95308
10.2209
2.9148
5.2573
1.77782
7.19028
8.94947
7.3007
6.31018
0.996429
2.71171
3.84812
5.71208
3.56392
5.51585
4.60914
4.38015
6.98719
2.03571
9.28768
2.89032
5.08865
4.44495
2.44771
2.7055
7.65986
7.44354
9.39062
9.04993
3.19685
5.01274
3.14921
4.89593
3.83388
3.57262
4.80381
1.91339
2.42177
3.03217
1.11116
1.34006
2.18751
7.26705
2.38251
7.15395
6.64409
5.63184
4.83357
7.77239
5.93242
5.02299
4.13711
4.20703
3.6898
6.76832
4.47489
8.2004
4.1537
4.41666
5.93401
4.2273
6.12409
4.91689
3.51929
6.70855
7.62659
4.72123
3.8272
8.03459
4.98522
5.49834
3.76946
4.75373
4.13989
4.92806
4.02551
2.72671
3.80893
2.73069
3.71519
8.93088
6.88268
4.59131
3.19606
5.73974
4.56605
6.12621
6.48667
2.81154
2.53963
6.47507
4.67721
5.76888
3.24419
2.40916
4.87043
4.14289
4.37419
5.59227
4.43451
3.8039
6.55393
10.9049
4.71977
6.96977
2.8424
5.93085
3.40792
5.85932
3.71091
2.88549
6.73764
2.27897
9.80332
5.89742
7.14586
2.49841
5.71942
5.26131
7.75862
13.0782
7.66903
4.44636
2.4513
6.14964
4.99764
5.60041
3.90776
5.93707
4.94419
3.33658
11.9252
5.28724
1.68815
4.1177
1.5001
5.09495
7.89855
7.00331
3.48171
3.29885
5.40697
7.62855
4.32907
9.12564
5.91924
2.29176
4.33247
5.13005
5.66338
1.99119
2.7987
3.33025
2.42376
6.11197
8.79559
1.61281
6.66381
4.0816
3.43082
3.27954
3.92681
6.65237
8.0219
3.7882
3.63777
3.44515
1.40565
4.95809
2.99972
8.34079
4.4113
5.2743
3.35905
2.21977
6.64117
5.47801
5.2372
5.16778
6.56494
5.00991
5.23059
4.90414
4.47978
6.47038
2.73298
8.94342
2.32241
5.26931
4.58702
6.90447
7.71083
7.3733
2.32253
5.82332
5.66337
1.75826
4.17462
3.46825
4.93434
1.91198
5.97863
4.00397
3.45038
5.8719
6.18682
10.1865
7.6047
3.10822
1.65106
3.36663
6.62632
2.79342
3.96253
7.28873
5.25938
2.38923
3.60562
5.35812
7.19963
5.66882
9.6247
4.78819
7.49009
2.31862
4.52627
6.79807
7.90666
6.05794
4.76804
5.9482
8.18052
5.28837
3.51285
6.83114
3.90105
6.39603
2.60096
5.40593
9.42831
6.39676
9.96846
3.69708
4.28034
5.93307
0.653311
1.72191
7.78118
3.61419
7.96541
7.49696
4.34265
5.36194
8.62877
0.906106
6.09473
7.16928
2.37428
5.0182
2.61403
2.34118
2.81712
6.622
3.89328
6.13167
5.27995
2.66593
6.54711
7.33552
2.77725
6.29769
3.57014
5.98908
3.17306
4.44658
3.85812
8.17533
11.5856
8.43311
3.72518
5.7563
5.63971
5.02175
7.84683
3.39144
2.0431
4.69382
4.54736
2.72223
7.20116
9.51102
4.13205
6.17875
9.4507
4.04776
6.43235
5.52659
6.16005
7.85462
3.55185
6.11684
2.97202
7.35916
5.81453
5.87668
2.7707
3.02881
5.77402
2.42759
3.90513
2.14121
3.32809
6.83947
6.79996
4.21278
5.22348
4.42484
5.61258
10.1576
3.98465
4.60338
4.2771
10.4877
5.88099
5.29143
4.78679
10.4095
4.71523
9.54951
3.05109
4.99722
3.86857
4.87868
4.75462
3.7855
2.48133
4.56712
9.42205
2.91164
6.34268
4.64008
10.0684
8.25523
7.98673
4.8563
4.04107
3.23721
2.17084
1.23661
3.59344
2.53587
8.08332
3.58228
3.99253
6.48075
1.53048
5.81411
8.98414
7.19401
4.01032
6.88268
7.5136
4.60571
5.64446
7.58086
5.22334
5.61895
8.89173
7.58514
4.75208
7.24564
4.81194
3.53361
4.94714
6.72455
2.49321
2.86412
6.88683
8.93178
7.57144
6.29819
9.91352
4.66487
3.46451
2.39198
9.56234
6.5895
2.01649
1.42661
6.34363
4.56553
2.20804
2.6847
6.71102
4.16022
3.55243
7.84748
7.83319
3.17403
12.9955
4.60027
2.09937
10.3153
2.14121
3.13788
2.61662
6.33667
4.12028
6.24267
2.8981
3.31682
3.7522
7.03081
3.48305
7.92992
3.73635
6.04656
6.95237
8.16186
3.35448
4.94692
3.946
4.93878
4.42825
5.7538
6.46203
6.60929
4.5803
2.95103
5.28314
2.60441
2.63037
4.60581
6.11205
3.67993
5.44924
15.146
1.78988
3.68
4.04784
5.0235
4.16114
1.79641
6.34413
3.50931
6.53331
4.88239
2.53321
6.65436
5.88753
2.19981
6.43917
7.23516
3.5875
7.33952
6.39738
7.27695
2.85356
3.6595
3.84166
3.20736
4.63325
3.12444
1.90421
2.06863
9.01875
6.89617
5.88023
3.06769
2.29707
5.30294
4.68768
2.43692
5.5247
5.2614
6.5993
8.65174
4.81917
10.8591
6.20833
5.29791
5.57095
7.71179
4.98455
2.89927
4.38148
1.13121
6.14624
3.74534
5.89699
2.92368
4.12099
3.93797
4.32454
1.47765
3.43518
5.12277
3.3805
2.50763
5.27939
5.94449
9.06191
2.62744
2.42812
3.218
2.7687
3.78857
4.20769
3.70113
4.76167
5.52236
4.05656
4.81456
7.24009
5.36732
2.15134
4.87953
12.4175
3.53736
2.69717
5.71044
5.1905
4.29216
2.11912
9.58841
3.66049
3.24823
1.02253
4.68369
2.85832
5.08513
4.47053
2.06411
5.6555
3.5803
4.76649
6.79835
0.865244
3.03076
3.0135
4.32148
1.11524
4.09717
7.10772
3.70762
3.36607
3.11775
2.64589
9.55383
10.0109
4.14659
2.16063
10.6138
6.24103
6.337
2.94509
4.23133
5.63984
5.61316
13.0813
7.62944
4.2863
6.07393
5.37817
7.1
7.3789
7.10357
5.49989
4.56442
7.51225
10.7905
3.08786
9.17218
2.44353
3.09609
6.73524
4.16553
2.98809
7.24678
3.53779
1.48903
5.49581
7.05665
8.94246
8.16958
3.39261
3.04088
3.88926
3.53254
1.61917
6.95568
4.76084
5.33647
5.1752
7.52627
4.4641
6.39856
7.40279
3.82942
1.70684
10.4706
2.64243
2.1302
5.77634
7.27306
8.59393
5.65128
1.36374
4.10635
4.81059
2.04424
3.7196
3.18692
1.95353
5.436
6.7276
3.54008
3.68946
6.1196
2.32142
4.83257
3.4732
4.73187
4.08363
3.73487
2.30156
4.55328
5.13535
2.18786
1.75651
3.58948
3.52393
8.6101
6.76167
4.23253
2.99168
2.51047
4.76328
5.96094
1.03816
7.2556
6.43404
6.4096
8.31234
8.12014
6.30807
6.68097
4.49822
10.8055
4.06196
4.9619
4.4128
7.06992
6.90514
2.73894
4.04233
3.50805
2.53958
3.60138
0.910347
3.10941
4.64391
2.26331
8.21743
8.28983
3.66102
9.20885
2.31776
9.8512
4.35903
4.22954
3.14091
4.70993
5.57607
4.29953
3.88999
2.89119
2.32402
3.21015
3.20132
1.81938
14.9592
4.26215
3.98999
6.3287
4.72363
2.7025
5.42744
2.0537
3.42069
8.55458
2.67747
8.34398
6.26104
5.55961
7.41604
4.78672
2.81171
9.10786
5.44215
4.50289
7.26973
5.50527
4.31687
7.26196
3.68089
3.85531
2.91149
1.86452
3.19109
8.11606
5.41353
8.15352
4.594
3.31723
2.61679
3.35339
3.79507
4.0646
3.23591
4.63015
5.82438
4.73241
3.9922
2.45509
4.6014
3.75465
3.6021
5.07831
7.57672
5.07341
7.36575
5.90638
4.84076
3.34989
5.72805
4.78353
4.6049
2.3607
6.46767
5.17277
4.34837
4.63508
1.90369
5.60706
9.88545
6.25331
2.38074
0.860984
3.1574
5.10531
3.92053
2.48728
5.09985
1.71818
4.8929
5.12029
3.22138
9.72
4.28999
3.80911
4.70555
4.12611
2.90406
1.56001
3.38188
4.2887
2.99773
8.24059
9.59045
7.45716
2.7689
3.28584
5.8827
6.30054
6.84343
3.52765
3.25386
7.42876
3.92939
1.57629
1.13793
3.64562
5.21494
4.09657
4.32552
2.75358
7.76977
3.85852
5.20997
8.73797
8.03247
1.73113
6.72231
7.04748
7.87493
3.05508
4.95125
4.93033
5.61453
4.5223
4.20252
2.69364
5.61478
1.03637
5.31312
8.61138
2.75748
4.25105
1.60483
6.07593
3.96636
3.88626
7.37894
3.42164
5.72042
2.08822
3.55645
1.97627
7.7106
6.81759
7.58505
3.57727
7.41424
11.781
3.61653
2.33161
13.1444
6.38882
4.90616
11.8724
6.62729
4.80508
7.36925
4.82427
8.16437
4.94749
3.46447
8.67631
8.80508
3.26202
4.99894
7.28168
1.72942
5.5637
11.2726
2.34226
2.35944
10.0502
8.13547
6.09318
2.36343
5.3687
3.77438
6.24165
5.74812
3.01127
7.99451
4.03147
4.9811
7.22332
5.88988
4.00151
2.29448
7.69485
7.00992
7.17328
5.13888
4.02491
2.61103
4.67834
5.818
4.62869
7.32583
5.72931
5.50848
4.82269
3.64366
3.05562
6.33942
3.21012
4.74548
1.52702
7.3226
9.60631
2.61462
6.97162
4.09066
2.72281
4.46451
5.39428
1.77958
7.10822
7.28007
2.61051
7.3246
3.28786
6.65535
5.42784
4.20518
1.72241
4.99011
3.14026
5.99594
3.6398
3.85506
3.85848
5.3153
3.95423
2.64495
5.82675
2.24116
6.1445
6.84367
6.15374
4.13917
6.63234
9.12895
6.99011
4.39949
8.00303
4.40631
7.84729
1.89186
4.33148
4.65863
6.26514
5.24543
5.675
3.84306
8.77412
3.13406
2.83893
5.37923
2.64674
3.8274
1.56836
6.85203
4.33529
3.71087
4.68332
5.24256
8.6787
3.0185
5.73495
4.51262
3.32037
3.00984
4.46945
1.4007
8.14731
3.32306
2.16853
4.74623
3.95356
2.07179
2.69619
6.28976
4.31613
8.64699
3.86882
2.7582
1.80126
9.75388
5.00966
8.20998
3.96798
2.17849
9.65104
6.99159
7.44748
5.72282
2.88388
4.56716
2.67192
4.43864
6.81027
2.07873
2.63269
2.39598
1.54173
4.18825
8.97266
4.24085
5.76478
6.05278
3.08773
5.07208
3.1199
2.56757
11.7255
4.02138
11.5838
6.7273
4.45078
3.94554
4.30113
7.22453
1.91956
1.78439
3.38053
6.22156
7.72929
4.94118
7.46375
8.70004
8.04721
7.48235
2.81724
4.2989
2.92327
5.30045
2.92388
4.97707
2.30942
4.06074
5.72367
7.32429
3.31937
4.05047
5.14776
2.82806
6.70949
3.25479
7.59415
4.27744
3.25503
9.06587
3.91516
5.60785
2.68501
3.21765
5.87207
5.797
4.59063
6.1413
3.10464
3.3
3.43575
7.22176
5.03349
6.45408
4.69205
5.21002
11.8779
3.9449
4.13562
2.03268
5.31404
6.64917
3.08083
3.00361
4.62218
4.85334
3.77657
3.49835
2.04134
6.77621
3.36232
3.18882
5.91037
5.37826
5.76491
5.18661
2.95883
1.90937
5.99621
3.76371
5.59497
5.92272
3.46664
5.01058
3.93805
3.89832
3.54253
10.5615
6.20526
5.11994
6.55103
5.86293
7.31899
5.23296
5.18727
2.94136
3.81335
7.9394
3.00375
1.7619
4.83377
9.15555
9.09323
4.05887
2.77962
0.657672
8.82859
7.76049
4.50059
3.03573
6.7914
2.91625
6.00917
6.00968
4.14277
1.66058
6.96493
4.29078
1.66463
2.73915
5.15993
5.09753
8.14628
11.7049
7.31042
2.56177
5.60349
5.55768
4.91867
5.47255
3.7514
4.64728
8.71295
5.83464
4.99416
8.29649
6.11302
6.31264
8.46716
2.95385
5.75739
2.26549
6.43011
1.80889
7.6042
1.78566
1.13958
4.40311
6.76883
2.09163
2.54596
2.59278
3.20402
1.84473
3.44789
4.29417
9.10977
4.59679
5.17632
2.4599
6.21573
4.54543
2.58664
2.57975
3.22359
3.81489
4.14141
4.16556
3.10281
2.69454
2.71665
6.10761
2.52448
5.78983
4.37091
5.05821
6.07576
4.56946
4.75388
11.1269
4.54081
8.1233
3.04894
2.56729
4.09106
4.35238
3.60932
3.03611
2.19477
4.16544
6.11017
2.38202
3.55907
2.28077
5.81037
4.98737
5.78138
7.16748
9.19197
6.9285
6.44783
3.53928
2.8562
2.11971
5.31566
3.62914
5.09496
3.42528
1.3586
6.4259
8.09254
3.48689
4.19208
4.32485
2.68121
8.24444
6.162
1.63394
11.459
3.96242
8.07245
3.45382
5.51631
4.73161
6.9894
2.80689
7.15484
4.6109
3.79708
4.47826
8.92043
2.50214
1.65246
5.52818
10.1189
2.54806
6.627
2.51111
3.80802
3.64672
6.91803
7.46583
5.55045
3.06115
5.32931
6.63049
3.54609
6.21532
3.26321
7.13502
4.36545
6.1638
3.59371
5.08298
4.48573
2.97543
5.18556
4.86501
2.73912
10.033
3.71479
3.67709
4.12512
9.6472
5.24912
4.07532
6.23919
5.12665
7.19053
1.89461
2.2565
4.63877
6.11142
4.85063
7.63257
7.10084
2.94168
1.32919
9.71743
6.82381
2.26937
4.49153
2.1757
5.45535
3.65031
5.81395
7.13938
4.60472
4.40632
7.41522
6.74281
3.46483
5.48468
4.03095
5.06589
3.87058
4.32956
2.19355
2.70235
6.131
5.05971
2.81828
1.24837
9.89383
7.74466
5.55098
3.97507
3.77846
4.1769
3.28836
6.20946
4.97665
9.06148
4.59248
4.55207
4.17201
5.30231
5.13927
2.49172
3.28156
2.33053
1.83902
9.29905
7.24084
3.4091
6.68275
3.52276
2.86171
6.27905
4.65137
5.92401
8.97705
4.90109
4.90408
4.04232
3.05431
4.18356
6.68723
3.95282
4.87898
4.72309
4.56097
6.36939
6.68076
7.10817
4.0411
6.03703
4.78869
2.66297
7.46995
5.33056
5.85889
2.10807
4.21586
3.01421
5.29819
4.47858
7.0045
8.38651
4.32198
3.79705
6.74196
4.61863
1.59624
9.20059
6.12817
4.49539
2.11187
2.9092
3.37345
3.36078
13.1266
6.73878
3.84204
2.64913
4.34528
5.09272
4.59622
8.17764
6.15504
5.24594
3.38017
5.2518
7.50427
5.42157
5.9057
6.97968
2.23735
10.7725
3.25695
7.28462
2.78943
3.66562
3.24161
4.54093
2.54522
3.40164
4.94183
3.12534
5.79876
5.47706
4.78874
3.13549
4.94486
6.22123
5.3865
3.60451
3.55042
2.46891
6.87598
3.81984
8.69231
3.77948
3.74576
3.23511
8.71601
1.80264
4.28589
4.64008
3.80427
6.10405
7.57416
2.80844
7.2836
3.52266
3.04225
9.65282
4.9359
6.70271
3.87061
3.12985
5.82737
7.2319
8.69715
4.81275
5.48537
4.99815
2.40545
2.67583
4.99307
2.15213
7.28055
7.857
3.03873
3.75353
4.06665
2.23182
5.06369
3.07853
6.9963
4.33968
6.97521
3.13456
3.1492
4.1104
5.48206
3.97093
3.85353
7.55868
8.31652
4.49183
4.43718
1.787
4.70502
3.03482
8.62598
4.19724
3.58847
3.74459
2.77665
4.89895
2.66962
4.1293
2.55855
6.57402
2.71734
4.71124
8.82371
3.18277
6.26879
6.22883
1.31599
2.25812
3.68676
3.88995
2.89704
1.9476
6.43363
5.15847
4.08223
4.3206
7.046
1.10233
3.3993
7.12714
3.45313
3.57232
5.71573
10.2516
5.41569
5.57262
2.61308
3.18552
3.82088
5.78568
5.6031
3.69785
9.45368
7.58557
2.7835
3.03879
3.48712
4.43749
3.94789
4.02734
2.76416
3.78702
6.65732
5.28803
6.12005
3.6178
6.96336
4.45731
4.91827
2.82529
5.00624
8.40668
5.20392
2.7369
1.44009
2.89866
1.77458
2.96599
4.1233
2.16143
2.62557
1.39817
2.2791
5.57859
4.979
5.62134
4.53403
2.56678
4.25341
5.59869
4.69648
8.65851
4.7841
3.77925
4.28873
3.92968
6.38516
5.16141
3.04186
3.67655
2.89634
3.06783
8.74418
3.84984
4.85597
3.47129
5.00494
3.42375
2.42052
3.26014
4.87916
2.72918
3.04714
2.62678
2.84149
6.79899
3.53519
4.5975
9.91748
4.12069
3.01357
8.57074
3.18283
5.40934
4.86196
6.07171
4.32031
6.07231
3.51263
6.46472
7.68176
5.24478
8.99277
14.5393
4.38599
2.09584
8.03108
3.5185
5.83901
8.67728
4.125
5.94807
2.75743
4.9417
7.6922
5.48226
11.3315
4.41631
1.31835
5.25354
4.9946
3.71059
2.49311
2.7553
5.26388
1.24211
3.20615
5.3828
6.7208
2.66257
4.56569
2.09765
2.82893
5.8833
3.35186
2.53963
4.14437
5.92205
7.27903
6.4329
2.94664
5.38463
4.42873
6.10916
3.1556
11.096
10.8159
2.97196
4.87494
4.23221
3.96769
2.47168
3.80808
3.96185
3.69856
5.35811
7.06515
6.85433
6.02033
4.96599
5.49424
5.32545
5.42343
2.42501
4.99299
3.43216
3.28671
2.47718
4.46411
7.24529
3.35624
5.1925
9.43242
3.24409
4.53927
3.53475
3.93069
9.1696
10.3847
4.74831
3.47881
2.68612
4.50897
3.59925
4.24047
1.98913
2.77794
3.83868
3.59914
7.17965
10.1688
5.61086
5.09369
5.68994
8.44345
4.23848
4.31307
5.6442
4.2582
6.08137
4.98313
7.57358
9.46708
5.18896
7.74441
3.26799
3.87356
6.77935
5.92154
6.78875
7.9926
4.07805
4.07288
2.78936
5.8354
4.85416
7.54886
6.65353
3.88481
5.57947
5.5045
5.22918
3.59924
3.74441
4.63893
4.21919
3.05103
5.97616
3.31674
3.85785
4.20656
2.71834
3.16713
9.17507
10.0065
4.21667
7.51519
6.81063
2.27832
2.90004
3.35616
5.78673
2.02508
3.73513
5.63114
3.64851
4.94715
3.43472
4.13863
9.64455
2.59947
4.62065
2.17926
7.6565
6.26681
4.65649
5.08258
7.06366
4.75072
3.40317
3.9074
5.36
8.13943
5.33832
2.62509
4.48566
4.71539
2.37787
12.8268
8.68717
6.99343
7.70152
5.12864
5.80002
6.41845
5.96314
2.95664
2.15797
5.60159
2.93279
3.56389
3.38059
8.08932
2.36482
8.59502
3.19043
7.82549
3.4039
4.53746
5.65432
5.2632
6.29847
7.95292
2.28539
5.39066
3.29562
4.04118
1.92505
5.27314
3.96982
5.92951
11.1321
4.22616
3.27298
4.25672
5.80889
3.02521
6.91893
4.8218
2.92819
9.33233
8.71123
6.40463
8.42443
7.07764
4.5133
5.29328
5.90468
6.82248
5.65903
3.68689
3.91858
5.31346
3.8835
2.46028
6.71382
8.56443
3.91684
3.44256
4.48984
5.80391
4.09087
12.7582
4.81024
4.82983
9.03454
3.6331
11.229
2.47344
4.39119
9.48328
10.434
7.31216
6.31251
4.6315
3.91242
3.52117
4.67339
3.67057
6.73692
2.57497
5.44524
4.59261
3.5923
3.39327
0.538624
2.91834
5.80122
3.5781
14.272
1.64492
8.29568
6.57643
1.61974
7.76972
8.4362
4.81264
8.46753
8.19865
3.90041
3.50674
3.84073
4.83319
7.31488
4.60301
13.1812
4.10307
2.96228
4.29093
5.87428
3.93125
2.30323
3.54879
8.87695
3.27176
4.1696
9.39658
5.77232
3.79646
4.4699
8.48532
6.65482
6.76167
4.11844
6.00742
2.40699
5.29732
4.50061
6.94518
5.98357
6.13756
2.76795
7.01575
3.52174
4.94531
2.98838
5.07468
4.54601
9.70381
2.81481
6.41155
3.69746
4.27593
11.9848
8.81475
5.97493
8.0239
5.33423
4.97067
4.61743
2.38065
2.83942
10.9547
4.18773
7.09145
4.29337
3.52706
6.52983
7.2075
9.6609
2.72951
4.66744
7.85768
2.6957
4.84705
3.82826
8.73255
4.00546
4.21602
3.3
5.11741
6.05038
3.76487
5.33602
1.76726
9.84766
6.94187
9.80198
4.60903
5.70444
3.39306
7.65742
6.32805
9.06188
6.49801
3.6259
4.9555
5.95777
6.86283
4.66681
4.12359
7.75138
3.58183
8.0059
4.42918
3.4155
4.59757
2.13998
4.63554
8.39485
3.04537
8.73488
3.01201
5.71744
4.9977
5.07454
3.47387
2.52669
5.51585
2.47047
2.64005
1.71795
2.38624
4.57267
3.73621
6.52309
3.15595
5.76165
4.84922
6.07553
2.92385
9.09786
5.97964
2.62168
3.7882
5.90764
4.29438
5.20152
6.78863
6.26071
5.3859
4.2575
3.56435
4.6174
4.87978
2.47968
2.14697
6.97783
2.4357
4.65073
3.10057
4.89785
2.90929
10.3701
7.28725
3.56469
3.59975
6.3167
3.38197
8.76099
2.61816
6.48554
8.54747
2.58823
6.46793
4.10923
1.90842
8.42264
9.39393
6.81622
2.40792
5.89188
5.34561
4.10454
5.14659
4.52096
5.19108
6.64914
8.46739
3.97527
2.76316
10.4913
1.56945
7.48272
6.28782
3.7604
3.42632
7.96297
7.17055
8.97193
7.35454
4.16031
8.63573
3.03591
6.57636
3.62565
3.25218
8.50654
4.81186
5.14709
2.44251
3.24104
6.70137
3.25141
3.19341
4.73574
3.74429
2.76153
4.64906
2.58976
5.41181
2.49951
4.88338
4.39509
5.51604
1.59942
4.82438
4.35149
3.68679
3.30012
3.57982
5.35112
2.3124
2.56622
3.24771
6.12415
6.11228
13.7039
1.42105
4.94214
3.94852
8.1381
6.94876
7.70737
6.66948
4.22861
4.27167
4.59846
4.55611
7.68383
5.5553
4.90603
3.25387
7.35128
10.0527
3.78911
2.23258
4.076
3.59373
4.00959
8.75539
3.89339
3.44726
5.35391
7.90348
1.54887
3.53455
6.00765
8.47242
1.43016
4.04582
2.91071
4.74658
7.2261
2.03143
6.84287
4.40986
3.3491
4.44064
13.3293
3.99699
2.2901
3.18295
4.44451
2.99387
4.49547
6.87432
6.30944
4.97446
4.09907
3.91669
1.57087
2.30251
4.12481
5.56801
12.8951
3.72514
3.131
5.27376
3.137
2.5708
9.46086
6.73505
7.93616
1.82959
5.49826
5.35401
7.40655
5.85691
4.39188
2.09424
5.91439
3.02305
3.49123
2.35643
8.03822
1.52856
3.85638
6.26042
11.0732
5.49589
5.61591
5.81216
5.22145
9.77106
2.41738
2.05117
3.21164
5.38475
6.31088
8.01061
7.05221
3.61617
3.02894
1.1799
3.4822
2.71674
3.97778
3.21785
11.7691
3.90271
7.30255
5.65791
6.27095
5.30379
8.70994
9.06537
4.9057
6.68659
8.22734
2.03295
4.77796
3.10467
7.45974
5.22895
6.17384
7.58944
5.56602
2.23303
8.94854
6.05666
4.81151
6.19182
2.71235
8.07429
4.41872
7.16182
4.64659
5.22631
5.99145
3.34006
3.95801
2.53191
2.36219
6.14484
11.9245
4.28073
2.90871
5.62322
2.20558
3.42907
3.06842
4.66323
3.63598
1.9474
4.90908
6.0157
3.65149
2.49064
4.63382
4.92401
5.92483
2.97825
5.66172
2.34516
6.13854
6.01327
6.10189
4.28516
6.30299
3.83485
5.26672
3.7682
4.34998
2.6886
3.66895
4.73059
6.04759
6.24673
6.55555
4.57626
7.05301
2.73705
8.29071
6.36816
4.10916
6.05717
4.84119
6.1081
6.72998
5.25139
7.07975
4.55439
3.22139
6.62222
4.62753
6.31796
9.24439
3.09514
1.04835
4.80859
5.49533
3.58108
7.26215
10.9664
2.06515
5.51402
5.69736
3.77357
3.84797
5.7586
3.70052
3.76032
1.6783
3.88971
3.77864
8.46832
5.42175
4.5404
7.51822
9.48362
7.59489
4.94437
1.70803
5.72275
5.18111
2.66147
3.73094
3.78136
1.63187
3.93993
7.98857
2.16288
3.30502
6.85042
3.90368
4.24368
5.09939
5.8706
8.57393
3.59265
1.98903
8.00439
5.52279
2.54561
10.5188
7.45842
5.75688
5.26099
5.48973
3.32598
4.24748
5.29428
8.28839
7.60267
1.89222
4.65576
1.10526
3.83891
2.35408
2.74986
3.98869
5.50622
3.01143
3.24433
5.3451
5.78772
12.8093
5.31968
5.3323
2.90169
8.02744
4.52256
7.65349
6.3611
1.85214
1.26146
4.44014
2.73534
6.39412
5.65037
7.78984
4.25919
3.59681
6.13715
3.84835
8.8072
12.6259
4.54431
5.84675
5.98483
3.10885
3.60706
4.54695
3.15234
6.32043
2.41016
7.54503
2.23701
3.48113
5.44196
3.7119
5.33602
11.2188
3.85534
4.51198
5.31561
2.33725
3.31794
6.54387
4.95182
8.11264
3.53209
4.92414
3.45435
3.47399
6.02899
3.17983
5.29017
2.47975
6.72905
3.7432
5.48092
4.35392
6.30658
7.81563
6.00561
5.27146
3.27742
3.32556
4.50109
5.04894
4.55017
3.9373
2.18087
4.44398
7.12365
2.5111
12.2958
4.79439
7.89595
2.59864
5.83804
5.59865
3.2429
10.0805
10.2948
3.75761
4.91504
4.9631
3.78761
3.31701
8.38871
5.91713
4.77983
4.98066
6.12668
2.28134
7.08221
2.58362
5.33696
6.84209
9.35117
4.33241
4.64135
3.77184
2.06946
3.00522
2.17617
5.76297
3.62527
5.42813
3.28586
2.43986
2.58276
5.45888
3.08279
2.93807
4.42652
4.33601
7.26883
9.63763
4.10191
5.18654
4.39328
7.0914
7.00709
3.967
4.43453
5.45379
3.67396
4.2658
3.79748
7.79348
3.77754
4.28402
8.84971
4.37732
1.77898
3.47864
5.15234
2.28469
3.79459
2.90522
7.99386
3.88414
2.74431
4.96821
8.95203
6.56189
2.63634
2.71463
4.86746
2.46743
7.51631
3.64489
5.56545
7.27299
6.34945
4.47938
3.35071
7.10852
3.85431
7.0634
6.00902
3.64651
4.5756
4.69633
7.06079
3.9585
8.36081
7.96401
8.8884
13.9889
7.83713
4.38959
5.26008
3.3954
1.39745
3.03245
2.22756
1.95894
6.02751
4.43776
1.72114
4.53311
5.15312
3.1594
4.58161
2.13269
2.87206
4.28881
3.39804
6.58018
2.19893
1.68269
2.0225
7.86727
4.71603
3.64872
4.44727
3.47196
11.4457
3.51729
4.3904
4.61476
4.08211
2.60396
6.35453
3.77466
2.50752
4.04426
4.76887
3.77649
4.8237
7.06186
9.72908
1.20418
2.4949
4.6844
5.3814
4.32791
3.26916
2.14098
1.82693
5.6006
5.11266
2.81503
5.74899
9.03639
4.57518
7.73313
3.22994
3.95438
6.93092
3.9832
7.69766
3.16122
6.03131
3.37533
4.8868
2.92622
7.56601
5.12457
8.45848
5.27204
8.76795
3.47483
5.18783
2.29017
5.50371
6.88677
2.71289
3.18412
4.95292
5.78116
7.51552
4.04089
3.70753
12.2438
3.53282
3.50986
4.65332
3.71251
2.24419
3.25318
3.67668
9.03699
2.17601
4.78703
4.31776
5.66134
1.42739
3.59698
4.03169
5.70588
6.25798
3.44843
1.39772
4.50569
4.98792
6.93627
5.64276
4.97393
3.67249
3.70262
6.99327
4.24181
3.36055
3.052
5.06674
3.19146
4.40903
7.34913
3.81561
2.0328
2.37278
5.97525
4.26776
4.8255
4.02018
8.75266
3.14407
2.29531
4.23917
7.93095
5.24141
2.10064
1.7299
11.9036
5.52412
5.60471
5.86875
6.62865
9.09427
5.22453
7.48571
7.36254
5.53725
6.33605
6.39323
4.62431
0.971615
3.819
1.873
4.57985
4.40347
2.06938
3.9805
5.80444
4.63458
8.55495
8.61541
5.29996
6.21184
3.07652
9.93154
5.8221
1.59781
4.49648
6.90374
4.6917
5.29334
3.93063
6.15242
3.91778
1.67237
2.97759
3.20332
4.31652
5.26084
6.35132
5.98808
6.43453
6.08738
3.18078
2.07077
4.79599
3.44467
6.0297
4.19653
5.6257
3.17907
7.83566
4.30755
9.40769
6.71749
7.93479
2.7307
4.17782
5.63825
7.07733
2.48274
5.2982
5.72019
5.90077
8.4547
1.98873
4.66918
3.27345
3.38548
3.68005
6.37807
7.9204
3.42687
5.83611
8.33179
6.35979
8.98113
6.83296
2.55523
8.08466
2.60927
9.11405
4.40626
4.46747
2.49773
4.23546
4.34093
5.87672
4.10634
5.83131
3.34502
7.50443
5.32969
2.9112
6.33011
5.51649
2.2235
4.23951
2.99725
5.59992
8.92906
6.65087
7.07808
6.86837
4.19569
6.39838
3.05818
1.77849
4.14563
3.98408
15.2649
3.77698
3.19736
4.84901
4.46616
8.41204
3.52475
2.33512
5.73121
2.13845
4.62049
4.44046
3.0078
12.2734
7.9894
6.0915
4.40921
5.66422
4.50896
8.03172
4.0612
5.83663
2.67677
5.32781
5.10705
8.34556
7.13808
6.01887
5.60005
3.83573
4.82375
2.07163
6.40417
5.16471
2.62852
2.91759
2.34161
8.1683
9.42288
11.6997
8.40351
7.79085
5.85647
4.01763
4.10836
2.35551
6.87829
7.41318
6.38919
6.51645
6.80945
6.18383
4.79151
8.84512
3.9102
3.61511
4.70182
4.18356
6.82659
3.61886
6.89209
1.94721
4.42417
5.67032
5.64859
1.82173
6.22441
8.96805
7.49793
5.74242
3.65807
1.51257
2.86005
6.44035
6.84449
1.01898
5.88999
6.58662
2.68348
3.23556
6.87993
4.91268
2.99151
2.39083
3.45886
4.64513
5.46044
10.9343
4.1193
2.90582
4.99429
2.57629
6.62675
6.3055
3.15814
4.57813
3.92895
3.09101
6.75446
9.39144
4.21343
2.99371
3.22827
8.43623
7.84099
2.65602
9.44635
4.95432
5.5273
6.3789
3.74845
5.12962
4.15898
3.49696
6.70289
8.21016
3.99477
11.2903
2.27561
2.48932
4.88092
9.85591
8.74208
6.30365
1.36311
3.39535
3.94417
6.46424
7.02855
4.72151
4.98067
2.48958
2.72869
5.11354
5.19594
6.26507
6.11841
8.47157
7.01535
5.06575
8.71264
5.4885
5.7669
2.22611
2.31081
2.89359
5.27097
4.62144
6.72063
3.87682
3.66735
6.0344
4.36436
3.4306
4.82475
3.53642
5.83668
2.02501
5.56018
6.36273
6.17238
2.45537
3.30614
1.99224
9.32915
4.02015
2.81624
4.26352
5.4202
12.682
3.85489
4.79948
3.6782
4.20306
3.90461
6.67861
4.50564
7.98698
4.21742
4.55842
3.04086
5.1961
2.50524
3.07176
3.90501
5.68325
3.74735
1.64366
8.75422
3.98264
7.05462
8.43055
4.61671
3.43247
2.10231
4.89476
9.97426
8.72466
7.67014
2.30533
2.58922
3.57041
7.41903
4.41437
4.07222
3.43203
4.75671
2.39329
4.5513
7.6099
5.25789
7.36547
3.6423
3.33362
8.91159
8.38824
6.38577
10.71
3.64844
3.41502
5.44969
7.55016
2.95327
4.75248
3.54659
5.75271
9.96732
4.88066
1.86286
3.88209
5.19671
4.37036
1.05783
9.9696
2.403
2.51593
7.29041
4.77621
3.41564
1.9136
3.60585
4.84459
2.96952
3.511
10.2364
3.11174
5.73274
8.26328
10.425
3.38626
8.94265
4.35142
7.86531
3.06678
2.33244
6.18747
5.1848
5.688
3.61485
5.45517
3.76364
5.11059
8.92096
4.40189
4.69286
3.99458
6.06441
4.5851
5.95747
13.6337
7.43534
2.26037
3.34164
5.30972
5.38769
8.63686
6.08985
1.69787
3.94646
9.33147
1.85294
4.99472
5.7502
3.98156
3.48063
2.65644
1.51465
3.84285
3.98372
4.94351
2.96542
4.07347
4.42674
2.53624
0.814543
3.56795
8.26894
5.96785
4.11812
3.5047
2.61039
4.85186
9.92037
10.8431
3.49553
4.13227
3.8396
4.4509
5.15785
6.51848
4.89189
5.84547
6.71809
3.7659
1.30265
2.86418
3.92454
8.01927
4.6209
5.09232
2.8649
4.8282
5.30876
3.32884
8.39259
1.79888
10.2059
7.83034
3.91106
4.25407
4.67509
2.50991
6.23393
5.77462
4.00465
3.4034
8.83762
3.47313
3.55068
2.76489
2.82378
4.55089
5.36145
3.46153
2.36723
6.16084
7.61319
10.2576
1.84413
4.91598
4.01596
3.55248
5.67495
3.5788
5.14445
3.73047
10.6195
4.8782
7.25635
9.92073
3.90307
3.85241
3.98438
3.22652
5.21869
3.87486
4.93372
10.6885
8.0975
2.96145
4.43598
5.7858
4.88361
3.74617
6.97387
3.31868
2.86438
7.71821
7.69815
3.905
3.54001
3.82529
2.06582
3.39982
4.7862
3.05053
2.29658
6.45405
7.93784
3.00402
6.27983
2.05937
4.99386
2.98674
6.22388
3.88489
7.4829
6.16034
4.90477
4.60921
4.58492
3.71111
8.52141
5.58709
3.69027
4.30658
6.17312
2.698
3.15649
4.64099
3.84802
6.02328
3.18592
0.518599
8.93299
9.1336
2.80826
5.2746
4.45167
7.0797
7.78234
4.24206
6.43529
5.69295
8.45572
4.51088
6.9485
3.7214
2.11515
6.16226
9.1409
5.37597
5.78097
4.52017
9.72675
1.26488
1.77289
1.92289
2.68759
5.07569
3.51983
9.14745
1.22589
5.07922
6.86823
3.8462
4.01464
9.2716
5.58775
4.49236
2.81051
6.31478
4.25587
2.8891
6.33863
19.1988
4.10377
14.1311
5.72174
2.04025
1.95241
2.28723
4.88631
10.0988
4.09419
4.8476
6.02521
6.52055
3.15344
4.7701
7.85467
6.82682
4.5311
9.20895
10.2365
4.65297
4.41747
8.15037
5.78044
4.49097
4.27129
2.93284
3.87649
5.35608
2.4837
6.09977
2.90112
4.76831
7.35568
6.37192
4.5503
5.22534
6.53515
3.45768
8.17488
4.82063
5.35443
4.28546
6.4944
5.16136
2.97277
2.21883
7.30395
3.19555
5.4353
1.40021
5.43798
6.94008
8.2208
6.98842
7.31696
2.41501
5.99523
6.4553
6.20433
5.27494
6.00269
1.52699
2.05003
5.36692
1.47384
3.89481
0.789289
7.02524
6.39803
5.15766
5.38875
2.6698
6.10797
2.33377
7.51738
8.78842
3.22031
2.03955
5.63214
5.23746
3.83738
3.41696
4.26943
3.38838
11.0375
4.77144
1.02959
4.10329
5.21207
4.57995
6.60562
9.83679
9.11765
5.10807
4.71468
3.21332
5.53963
5.6951
5.93281
3.55905
3.70684
9.4943
13.5438
7.93096
3.81361
2.34695
3.42217
2.07167
2.9338
3.83742
4.30885
5.67927
11.2891
3.86198
6.0843
6.39838
5.0749
4.66231
2.88795
3.05527
5.02524
5.79264
4.51007
4.58705
8.65229
4.3473
1.79773
3.57522
4.00547
5.12294
2.65659
11.1808
2.6872
5.61608
4.03709
2.10743
4.7525
4.29178
4.96986
4.91441
7.22107
7.06427
7.29684
5.88333
4.99979
2.82818
6.23655
8.48737
3.12886
4.11018
0.950619
3.95634
1.31393
4.64433
3.62078
5.84322
5.7048
3.14956
3.87577
3.45531
5.46123
3.38092
5.2353
5.60343
5.22612
3.97852
1.41635
4.68681
6.81384
2.1169
2.83572
3.23151
2.99061
7.61616
2.96807
5.53161
2.44993
4.81178
1.49426
0.942978
3.80445
6.49329
7.94031
5.72455
3.84554
3.41034
4.88025
3.67817
2.46603
1.10196
3.88264
6.00818
6.81857
6.78749
5.53302
5.18656
6.23012
8.3752
3.20485
5.71453
4.85376
1.10093
3.50872
4.72211
4.2386
3.42223
6.34822
3.4862
6.72936
3.15074
4.18946
6.22632
5.90342
3.46822
4.68228
8.47814
5.34217
6.96298
2.7553
2.34924
4.51086
6.95319
7.65023
3.13811
5.20212
5.40209
3.85572
5.12481
4.51683
3.51866
8.37645
4.02482
4.29051
7.86441
5.02824
3.43964
5.89838
2.02479
3.40196
6.11693
4.12183
11.277
5.80714
5.84329
1.99146
5.31427
4.74663
4.06314
6.07351
6.03437
1.55929
6.64029
3.25661
3.36176
9.8634
3.9526
5.89724
3.52043
3.65692
6.46121
5.88906
1.14512
7.06452
3.68449
2.24446
2.85837
7.12483
4.47489
4.24224
1.29562
2.69479
2.16024
5.39262
6.37342
5.54759
5.55442
7.16787
5.92684
3.086
4.47585
5.32848
6.50911
6.6949
2.7244
3.56892
7.91956
0.496558
3.94495
4.72018
2.27913
10.7904
2.81108
3.93315
3.70686
6.5963
4.73465
6.4237
5.82571
6.46902
2.94201
5.76993
5.52715
8.49222
5.65586
7.60892
3.66105
6.46554
5.00745
4.59458
1.67697
4.62777
3.35633
1.90414
8.14232
5.10198
7.69657
3.45527
2.96688
2.61204
5.80902
2.30864
4.6298
3.37867
10.2098
8.57644
5.67936
6.77999
8.47974
1.29465
5.34865
5.43177
7.80426
4.93956
5.4704
2.09037
4.2701
9.6059
4.99019
4.6548
7.77852
7.27486
5.94135
3.03918
4.12531
6.26226
3.81068
2.16081
1.56831
3.94047
2.01749
1.94026
3.51962
2.03259
6.06116
6.09874
4.51902
5.49437
3.38214
5.28865
12.3558
6.41627
2.82251
2.02325
2.86252
6.66048
4.03659
1.68668
6.66667
4.63743
5.42205
4.20054
4.2718
4.3389
1.86847
2.62072
4.9753
7.51845
7.69057
5.56703
5.14152
7.88018
7.11749
4.07524
7.68211
2.66471
8.43106
1.78996
3.4687
1.87942
8.10032
8.74536
5.57901
3.82027
4.45782
3.06024
3.21774
7.20227
4.26294
4.6751
4.35444
3.72522
6.62353
6.61935
4.15886
6.39598
4.88631
7.07536
5.69316
6.28735
3.795
6.71023
14.5038
7.97443
2.55591
7.00363
5.85296
3.73919
6.17558
1.91827
4.94735
2.85337
2.68379
7.63709
3.73804
2.45275
8.07265
4.98827
7.46775
8.01255
4.25231
4.12807
6.71593
5.85816
6.16319
3.40316
2.90884
7.56433
4.10129
4.33575
6.922
2.57459
7.02048
3.69929
3.93649
2.50905
2.6779
5.5106
4.14342
5.92849
7.39762
3.56943
4.64094
5.70362
1.85133
2.78505
2.4294
3.87536
1.60992
1.0417
3.42768
9.66976
12.3938
4.61072
4.96895
10.3343
7.01573
8.51831
2.44128
3.91986
1.72269
7.92649
11.2992
9.07304
7.18678
3.84896
1.84401
4.34635
7.04627
6.12116
6.83692
4.20542
2.78299
7.8739
10.1703
5.45706
2.01545
6.02986
7.50943
4.56166
1.95161
6.63864
6.39939
4.01215
6.07007
10.0202
4.3389
3.08288
9.3198
2.64529
3.76931
5.57532
6.22801
7.9275
2.20122
7.16903
4.39688
5.31919
3.4402
4.52466
3.24996
5.28039
4.84752
9.1977
10.7693
4.89888
3.22674
5.11864
5.7707
6.82342
6.08581
2.95582
3.38903
5.25305
2.81598
3.858
6.47972
4.52678
4.17818
5.14108
7.42618
6.5006
6.5011
3.20429
5.40471
10.4628
3.46932
4.16481
2.97054
4.87342
4.55162
6.11703
3.27578
5.43353
2.52503
2.05303
3.7405
2.23553
10.5777
2.32484
2.21001
3.00741
5.61838
4.02852
5.21506
0.549045
13.342
1.88715
5.56558
1.87538
2.18538
1.98848
6.2959
5.7226
6.54006
3.68732
11.7352
1.77228
5.84944
4.7526
6.41214
3.23808
6.2501
4.30034
2.80143
2.89673
3.32101
4.33369
2.41182
2.1159
5.05311
4.68794
9.56845
4.53967
4.82956
6.07876
3.21027
4.05045
2.20117
4.62334
4.91179
4.97555
6.03138
4.95389
4.27471
4.48603
4.42364
2.76417
5.80862
8.21054
3.08187
2.81686
6.93944
5.44011
5.29001
3.81656
5.03759
7.18185
3.56222
4.52741
4.44642
6.47321
3.93602
4.07187
2.61269
6.17153
4.92005
3.26033
2.67753
2.55493
3.27292
4.34587
5.36546
6.42504
3.34544
1.8085
9.13689
3.40104
9.449
3.11361
1.82221
9.33192
3.22396
4.57594
3.89804
8.27458
3.60493
6.80208
5.88102
11.437
7.85977
2.72036
6.72242
2.77175
5.49471
9.35832
1.82303
4.83882
5.83353
8.56286
5.64981
3.74359
5.68978
2.34861
7.08038
9.51566
3.99322
5.0713
5.63059
6.42568
3.02756
4.91716
9.8986
1.67297
7.44863
9.59421
4.22683
3.85014
2.89034
3.83704
4.02406
3.41109
2.46268
2.2899
3.60998
3.33648
2.68502
2.89266
8.1017
1.9861
6.67634
4.51309
2.29342
4.92082
7.30079
8.83458
10.9276
2.61985
4.73093
2.90173
4.67966
6.46905
4.05548
10.3336
3.71941
4.1681
2.61457
6.14342
3.1469
3.50033
4.75299
7.57071
2.17109
5.36625
2.30224
3.38398
9.70908
6.28914
2.02982
3.32377
4.88422
4.18827
3.47462
5.06041
3.81043
7.40757
6.5256
1.50638
5.08981
4.34788
4.08519
1.94593
6.78638
3.02707
10.5186
9.36284
10.7333
3.26908
5.10817
4.37882
11.7665
4.42152
5.51808
6.64435
2.13244
5.18994
2.56116
11.7594
4.77146
5.77468
6.57627
7.06791
8.30902
7.5188
7.55133
4.71519
9.96124
4.67161
7.35239
5.19724
4.95029
5.06667
6.09621
4.3666
6.12198
5.32783
6.01746
2.61868
6.85487
5.80583
5.87674
5.34587
7.35967
10.9488
1.75741
3.67173
5.65752
5.28553
8.0365
7.08158
5.58442
3.42952
2.7346
4.93042
1.98954
7.37056
3.28432
3.67752
10.8977
4.61081
3.08668
3.32032
3.96446
4.69633
3.38807
2.33356
3.54759
7.30393
2.54923
1.23113
5.18466
2.00112
4.62777
3.10154
5.17615
2.74296
4.11603
4.21752
4.01909
8.53484
5.11097
6.58768
5.1261
6.0354
4.0497
3.19842
4.6164
2.79162
3.16764
4.20548
3.013
4.75818
5.5345
3.55983
2.15943
4.12938
6.66557
5.04982
5.17453
2.65848
5.45237
5.91428
7.0566
3.59944
8.45845
6.03682
5.44456
1.62092
4.01744
8.82821
5.65824
4.96069
1.6521
2.49431
2.78106
2.29932
4.5647
3.26367
4.26182
5.74528
6.26483
2.13613
4.85286
3.84032
4.7498
2.1887
1.43509
6.16008
4.31154
2.18145
2.7373
5.41057
3.77326
4.00608
4.98739
5.68945
6.68839
3.13825
3.12446
3.30573
3.28564
3.50893
3.90067
5.28592
3.04343
5.17731
4.48012
5.92685
6.06881
4.78589
2.25926
2.16135
5.19286
2.86991
2.81939
1.92387
5.14799
5.36811
3.54934
3.54152
2.0195
3.61384
6.97716
8.94208
4.65359
3.68301
5.79329
10.7394
5.84679
5.14915
2.10937
3.21283
9.48862
6.10562
3.30862
7.11764
1.8242
3.50462
3.6191
4.23408
2.62418
4.24011
4.9135
12.4695
3.52693
6.06784
2.32528
4.9031
8.82062
2.00435
6.29564
2.21796
4.84183
5.96319
2.77571
3.95977
6.31192
5.83567
2.99021
2.69298
3.14572
4.87169
7.30476
6.54858
3.47926
9.03525
1.39273
6.10215
1.43489
6.57744
8.3087
2.99933
3.70814
3.20678
3.34497
7.12167
5.78703
5.07411
8.00343
4.882
2.53306
3.72265
5.88667
5.26652
4.11267
6.9356
3.17719
6.90323
7.2207
3.9537
3.75847
2.61057
1.99125
3.98723
5.7135
2.24877
6.33774
8.01089
5.37498
9.19844
8.25157
3.94793
3.32977
5.3228
3.93896
1.41826
2.36335
6.21885
1.64426
3.32214
5.07989
3.59715
4.62108
1.44008
6.33402
8.269
4.39553
4.41357
4.09602
4.83167
2.6589
6.40512
7.90693
2.15357
6.11638
7.80331
7.4764
4.65032
3.3249
6.5388
5.95663
3.8702
6.37972
3.59113
2.6244
4.10945
3.11572
4.73008
2.57175
8.11106
3.79677
8.95392
3.41217
4.21585
7.40956
2.97794
3.79301
2.42373
1.07503
4.05746
7.69313
5.60321
3.92656
4.45652
3.9644
5.11865
4.86529
3.59778
2.31553
5.03224
1.60923
5.66383
5.61859
6.04447
2.8137
7.19659
4.60735
1.16082
2.54622
4.98858
4.43771
5.9701
4.75874
3.70058
1.71118
1.31723
3.50384
5.06498
3.05416
4.85031
5.54559
3.43805
3.15456
5.38674
3.53288
4.05419
6.81618
10.4323
8.40225
2.87231
5.96111
4.49818
4.44258
5.42928
5.11358
5.25352
7.98175
5.79112
1.89301
8.12082
4.13373
4.22701
4.99638
9.62115
3.3381
4.30884
1.45837
4.70436
5.00762
8.06317
5.13436
5.77114
8.17041
1.92612
7.38551
7.31602
4.31797
3.83936
1.13626
6.486
6.10165
7.15566
6.96559
4.86536
5.12004
5.23083
7.05454
7.47559
7.9408
4.72038
5.98307
2.74609
6.98023
3.50316
2.57627
5.84814
3.75443
4.18434
4.05246
4.77341
3.72045
7.37355
1.8417
1.60245
5.17937
4.45122
2.46537
3.97931
10.2659
3.64126
10.5403
7.06496
1.93674
2.96367
7.43582
10.1979
6.98052
0.911769
5.12963
3.24794
6.07567
1.37397
4.30727
5.50103
2.79531
3.51014
5.31738
3.62027
3.24309
4.04599
6.92398
7.91085
4.52058
2.94351
7.89532
4.06419
6.29692
10.4055
2.63559
3.66657
2.96225
6.34803
5.65402
2.27184
7.41251
4.83435
3.38398
3.31997
8.47226
9.25692
4.09954
3.92287
8.20618
6.32288
4.67067
4.52226
5.37998
5.32382
5.00177
4.01491
4.24783
1.39927
4.9454
6.39741
3.66808
5.77897
5.45118
2.61996
3.80888
6.4987
3.99958
3.11645
6.49103
3.36758
3.82241
5.14059
7.30083
3.1732
8.02831
4.02034
4.74373
3.24732
5.2356
4.75873
4.77804
10.3341
8.97316
14.0258
5.1177
7.0724
1.3797
8.2469
7.39263
4.5189
3.66287
3.56527
5.59249
9.24638
3.53066
5.62107
6.13284
5.13367
1.83983
5.24581
1.68844
7.47019
9.09805
7.03339
4.49147
4.69718
6.71068
9.02419
10.5807
4.38242
3.05795
7.42348
3.51347
6.38292
5.67354
4.39544
5.59922
8.03899
3.68444
6.15773
7.43534
5.91258
3.81095
5.10954
5.50192
9.78095
3.55603
4.04983
3.71192
2.86603
6.1075
4.85474
2.42356
4.66208
3.81425
5.89363
4.49996
5.40353
2.54042
2.92549
7.2936
5.0102
8.09208
3.35403
1.99018
7.96589
6.53761
3.71559
7.56567
4.31775
6.45124
4.48314
6.56863
3.15426
5.13029
6.26337
5.18481
4.34483
1.92525
4.74082
4.71101
3.65485
3.0558
4.61734
4.36209
4.7025
5.67135
3.12352
2.6701
9.54073
5.9739
4.16539
4.46887
5.56173
5.2789
4.05444
3.04187
6.19052
4.61309
4.71795
3.21305
7.0914
3.25625
1.97897
9.14762
4.6877
2.60458
2.99503
4.09973
3.77664
6.46582
8.20948
7.72694
5.52358
3.65819
3.75831
4.76584
2.45105
4.35675
4.87183
4.66667
1.42546
2.82157
5.03065
11.2166
6.53628
3.68037
4.29298
6.82413
5.76554
2.08644
3.6811
2.58637
3.83492
3.11836
1.89845
6.96574
6.91255
1.63151
5.90462
2.17269
7.12022
4.08832
6.97573
6.20243
3.99982
3.77479
3.07308
2.97776
4.16825
7.76026
4.86261
1.67068
3.13214
5.04001
3.8892
8.88304
2.64796
5.7562
10.6651
4.79381
6.64266
4.10473
8.83883
3.27786
7.90436
2.44431
2.74024
3.97008
3.79317
5.59038
2.74779
3.88344
5.56045
8.83734
9.20117
5.94876
1.95209
3.23704
7.08802
5.77955
4.91383
4.27718
4.32647
3.12184
3.97067
4.54231
2.4201
3.00217
5.34627
2.35356
6.28515
5.78512
3.01862
4.10794
2.44597
4.6065
3.9005
4.22067
7.31313
5.03865
5.13457
6.01861
6.71376
3.94738
5.68489
7.14711
3.06977
3.10597
2.48722
4.0817
3.83446
1.43
4.60352
5.63102
1.93485
8.03494
6.64253
6.89234
8.81968
4.72482
2.02622
4.15493
5.43497
5.09903
3.84957
3.96348
9.03318
5.24126
5.13
5.59258
3.44801
4.14377
4.56107
4.19541
9.38432
5.51227
4.4166
5.94173
2.40428
4.66256
4.94905
6.32826
2.66424
3.88336
4.45482
3.42481
7.65285
4.54617
3.96344
2.90449
2.77954
4.94662
5.71459
6.70543
7.01203
1.71358
5.24711
11.828
6.89103
10.5675
4.41883
5.66483
4.73312
10.6105
6.13026
6.38183
2.45417
2.13431
1.83242
4.53288
4.14961
2.60647
4.33004
8.41323
4.35971
10.2885
5.27997
5.55023
9.39236
1.09463
6.07224
8.28269
7.81059
2.48127
5.5072
4.04686
2.15284
4.89249
6.02914
4.32266
4.60568
1.91867
5.29198
3.56856
8.97546
6.11484
7.47039
4.85457
4.79338
7.90245
4.84621
5.38878
6.9815
4.97745
5.05988
4.53125
4.55807
3.82305
11.0605
4.66827
2.24321
7.11305
5.39811
2.95511
6.94028
4.71586
1.36368
4.10081
3.80905
5.15064
3.68408
5.02757
4.77856
4.96047
2.65932
3.74922
3.68851
3.87477
2.77059
4.24446
6.96324
5.43905
3.65242
8.66801
4.3068
8.18768
3.35219
4.8844
4.01048
4.96443
11.5977
4.37921
3.74087
6.74617
3.36276
8.80642
7.40915
6.84353
1.53047
4.5219
8.31669
6.10819
10.4417
9.68461
5.89586
4.41654
6.80642
9.1567
4.55313
7.15602
6.66835
7.14428
4.00375
10.011
9.37792
4.12698
2.71282
6.14723
9.3261
8.42597
2.57056
6.67297
7.16024
6.75476
4.58479
3.0495
5.3642
2.8455
4.42858
4.07104
2.58222
2.69677
2.32129
3.04971
4.04578
3.49404
6.1479
4.14571
4.08173
0.867308
3.88637
2.56288
4.55849
3.02668
5.20861
3.1706
2.77865
3.1218
5.86484
2.09729
8.13466
5.60467
6.68813
12.4944
2.28748
3.53765
7.01408
4.03656
3.70912
4.15243
3.55118
3.77272
2.03691
9.78562
4.49703
3.01688
2.35734
1.55296
4.75791
3.09859
3.89418
4.54316
5.43505
12.3132
10.5268
6.88329
11.9045
6.52267
3.42583
4.4744
6.08133
4.38795
4.51432
6.45387
3.90742
1.13057
3.84911
3.646
5.65703
3.99651
4.45611
4.9752
8.68012
4.02057
2.11495
3.24089
2.51081
3.01801
2.21913
2.64398
8.41154
3.3785
8.00307
3.14443
7.11277
2.67685
8.24019
4.95548
2.02559
9.72248
6.92208
4.64093
5.13212
5.60953
5.12511
2.15201
6.15516
5.79714
1.7616
1.4489
3.92712
5.98817
3.18679
4.02159
5.7304
3.53934
2.78515
5.01823
4.60494
5.07604
4.05743
4.92217
3.89272
2.48525
5.57751
3.43536
8.30077
7.28163
3.78841
4.3645
4.41606
5.68491
2.49042
3.7262
3.50334
6.51211
4.62469
3.47976
4.75194
7.24953
3.41338
2.8195
3.07312
8.29278
3.31038
5.53854
2.58569
3.97549
4.13754
4.40328
4.79361
5.90592
10.5513
3.24066
4.26742
3.7398
4.51401
4.7886
6.33395
6.32301
2.6169
2.8008
7.33845
2.78983
2.41628
10.2716
6.33211
3.64437
4.46939
3.69463
5.44512
9.19617
7.43446
5.09896
9.11875
5.03452
7.39206
5.4145
6.68319
1.69469
6.76547
6.27596
4.03246
5.13007
5.29321
4.7577
5.16669
7.40592
3.59458
4.37945
5.31148
5.05878
4.50705
2.91208
3.87919
2.93567
4.25107
4.92852
7.90719
4.30543
6.65352
9.35382
5.05982
6.69867
4.96256
2.96766
8.34681
3.36367
3.80247
4.75936
8.82238
6.45873
3.96727
6.1126
6.78109
6.47487
6.91789
3.79644
5.01009
4.3029
5.65199
4.44329
11.942
2.60086
3.37162
2.75337
5.25431
2.77128
2.02148
5.61449
5.3268
4.22347
3.77598
7.25417
7.35476
4.50487
7.44359
5.55728
4.77064
2.36493
2.85858
3.65011
1.79671
4.37581
6.40663
4.49963
3.38133
7.37526
10.6018
6.35386
2.74792
6.07333
3.02624
7.3474
5.61952
2.96991
2.47255
3.03614
4.456
5.60039
2.89516
5.5645
4.0516
4.69698
3.49454
4.78476
1.48352
4.61747
3.30365
7.74614
3.44033
8.10946
4.30033
5.46424
9.5008
3.48018
3.95096
4.08184
6.80997
4.27519
8.77263
5.30651
8.12241
5.27808
5.61014
7.63025
5.65562
9.0213
1.78446
4.80118
7.72675
2.49948
6.52966
1.73202
3.86607
1.41436
6.31632
8.73077
5.52806
5.25591
4.14231
3.76042
2.30993
3.901
8.63802
2.31658
2.70808
2.30302
1.19837
10.4063
2.43549
6.37475
4.96814
5.18744
3.19841
3.77155
5.51221
5.42563
4.70489
2.35771
3.74066
3.8441
5.00929
4.66544
1.68094
2.65948
4.44214
2.9987
5.6075
4.14917
4.63523
5.30401
3.6708
3.62965
3.87934
7.43279
5.95262
5.48465
4.15618
6.12091
5.28149
3.42049
5.04076
1.15446
2.48253
4.36485
3.53537
5.53613
5.14304
4.94995
4.25798
1.63869
5.07634
3.43083
9.06872
2.80488
5.73014
4.87208
2.80344
8.341
3.62248
12.3864
4.94806
5.14455
6.39504
4.338
5.31937
5.69292
11.2712
5.06589
5.13693
7.26753
7.12989
10.0289
9.08305
5.42308
3.98376
5.44349
5.52493
5.9702
3.54805
2.27406
4.08138
3.76766
6.73134
1.68158
3.28975
2.76392
4.01633
14.64
2.90827
3.12643
7.25118
3.3217
5.48352
4.46541
4.0373
3.96638
3.59217
3.43334
4.48604
3.20186
4.24542
9.22269
4.75873
5.73071
2.89423
4.38453
6.99894
7.32393
7.50456
2.22352
5.83497
4.04282
5.47184
3.0928
4.56943
1.4587
6.7504
6.02211
12.877
2.5145
4.04605
6.35018
5.55985
4.16108
2.56414
8.19642
3.33686
8.41597
5.34704
4.5288
6.5735
2.03459
5.86391
6.02976
9.19605
3.3661
5.21249
6.1189
5.01619
5.17134
5.95746
6.61783
3.56789
4.01392
4.37501
3.87342
2.23141
3.57427
5.33199
3.61113
1.84936
4.07389
3.41432
3.46617
5.09387
10.3586
2.4089
1.93701
9.00689
3.25484
4.57653
4.39487
3.74943
4.77942
5.00812
3.17668
4.74603
6.09714
5.48235
8.22805
3.49692
5.01408
3.69875
1.87553
8.56773
4.35552
4.09609
5.58941
3.3894
5.83319
9.35641
7.2686
1.91689
10.109
2.95057
7.51631
7.12592
3.81234
10.4582
5.4983
5.4058
5.14259
4.29299
8.37987
4.41403
4.65155
3.45548
4.59339
3.30694
7.4233
3.2438
1.20474
2.44755
3.88288
5.5032
6.69967
4.39641
2.95661
10.2586
1.90613
3.95925
7.38526
4.90808
2.63217
6.92142
1.78974
4.18659
2.26933
2.34683
1.22512
4.038
3.52809
5.13972
5.79157
3.24052
5.10931
3.2158
4.51411
7.41432
3.25435
3.29294
8.17263
5.624
3.53136
9.17013
6.22263
2.22919
12.2769
7.27008
3.37375
3.74798
5.22425
3.82554
2.55465
2.53868
6.76469
6.57568
6.16412
5.47079
2.12104
3.97948
4.9089
2.0532
2.71732
5.80367
6.00654
3.86648
6.89859
5.44174
3.63718
5.62885
5.41517
9.82101
6.48306
4.86344
6.27764
4.27801
6.0264
3.35097
4.92545
7.10882
3.7271
4.33719
6.89803
3.67662
5.39628
3.29157
8.29173
7.40235
2.47768
1.71599
6.63895
4.45783
5.18101
1.35733
7.52279
4.95462
3.53477
3.80325
9.95582
6.33768
5.91799
1.65177
2.6602
4.67122
4.51894
2.21126
3.44833
9.23987
2.72503
5.37895
8.34599
5.07233
7.22838
3.09868
7.28261
5.58733
1.79969
4.5623
6.34793
4.68643
6.81264
5.27589
5.70907
4.8537
2.2341
3.69226
6.1603
4.93242
4.69916
2.44667
2.98567
7.56591
4.52971
3.37429
10.3554
3.23837
4.93407
4.34662
7.31212
2.71045
3.83756
4.52006
2.59405
4.40924
6.10184
5.69214
3.85525
9.59982
1.26483
3.99546
4.3802
4.06014
2.55482
9.84869
5.13065
4.02895
7.51848
3.96653
3.4579
5.38207
5.94151
3.92266
3.42873
6.82767
4.34585
8.62861
4.45395
8.19631
7.09543
3.60536
4.11147
8.67491
0.996557
4.11114
5.10742
5.6219
9.2801
7.23153
5.0029
6.04472
7.75239
6.12746
3.76378
5.58756
5.51742
5.01147
3.15458
4.12528
2.3737
2.63604
4.0604
9.48516
4.01415
2.84602
4.0065
7.24199
5.02119
6.23308
6.71824
3.44176
3.24682
4.66925
6.60908
3.91053
5.446
4.18546
5.24289
5.22228
1.95887
3.10243
7.07505
3.47057
1.90235
8.24295
12.0238
7.84932
2.73779
8.2923
9.07804
5.81926
6.60968
4.62408
4.98799
8.44588
9.63824
2.86249
3.52348
4.02068
3.42446
6.18838
3.32094
9.63221
5.89252
3.91796
5.24494
4.54273
4.41566
5.45731
5.98772
6.52353
8.15397
3.88744
4.49683
2.49958
5.57167
3.50271
4.98963
3.5809
3.21883
5.06238
3.57904
6.16007
2.57855
2.50694
2.70077
5.94494
8.2837
3.77742
7.17041
6.21095
2.66761
4.17382
7.65425
2.73523
9.41233
5.57708
4.93044
10.4393
9.60147
8.00234
3.51879
3.8626
4.32966
9.90279
3.66891
12.5518
5.97387
11.632
3.90082
4.7009
6.27528
6.07301
5.40758
4.14605
4.42232
3.42199
4.4128
3.46518
6.4711
2.4806
4.56151
8.20403
2.63787
3.69906
4.57943
3.03088
4.54932
3.39996
3.64045
7.16468
5.19504
5.04565
2.80953
5.56823
6.65422
6.50712
6.79523
5.10973
2.82237
8.08091
2.55872
2.27841
7.0882
8.88811
9.56334
5.40468
5.30059
2.93698
1.92934
4.43541
4.79343
3.98842
11.0593
3.20043
4.03598
0.904556
2.68671
6.15569
5.72436
4.00213
7.39692
2.19607
2.92128
7.64398
4.82307
7.96691
4.12796
7.29835
6.87168
2.91218
4.3315
3.09996
4.59816
6.87289
3.31357
5.40398
9.61978
3.09828
6.77223
4.28335
4.02082
3.73938
2.69445
5.04266
2.6228
4.51541
8.32036
5.96606
6.0191
10.2863
5.36732
7.63686
9.0735
9.83106
5.46136
2.32672
4.89147
2.70172
7.08936
4.79789
7.75897
4.23145
5.52541
5.4292
1.79963
7.79663
6.28586
4.8014
4.08553
4.3154
3.68484
3.36465
1.37783
2.08107
5.05082
4.97478
5.13522
3.11208
2.61698
3.95446
3.46824
8.76492
1.69845
4.68835
11.9993
2.95549
3.87228
6.3238
4.43561
8.04895
2.83697
5.82525
2.80525
9.74462
3.21354
4.59996
1.77527
5.31915
8.80108
1.67171
5.13423
5.46268
5.21857
2.73633
4.1434
5.30598
7.17729
2.38772
4.0848
5.85815
2.5059
2.75703
3.82776
6.29081
4.45536
6.38525
1.54731
7.71631
1.63497
3.00968
3.00624
5.16549
4.46216
2.91082
4.59293
7.13501
4.30844
5.30703
1.40361
3.38184
6.31962
8.17416
5.97387
3.6615
3.54155
5.79167
7.61589
5.31155
2.69808
4.03187
8.18846
9.65204
10.2603
9.17623
6.36678
4.01186
6.28521
5.98188
8.91962
3.29146
6.0785
3.33166
5.63771
3.64853
4.85144
8.30061
4.95786
3.9663
7.45572
4.6827
6.05956
6.25498
1.60056
4.77913
11.8005
3.00148
3.19565
3.07013
5.12472
8.72022
4.76744
1.19233
2.81541
2.47696
9.04189
3.27454
4.78884
6.65723
4.69308
3.65228
2.44218
6.06169
3.73165
4.33886
1.92528
2.34985
3.03587
5.7563
2.30575
1.77781
7.98628
6.51865
4.0439
5.20472
5.55167
5.24661
2.6809
4.21209
1.91695
4.9038
3.79353
2.11684
4.58294
6.93627
5.58074
4.41847
8.30159
5.58896
3.60896
3.60389
1.36734
5.52327
3.41456
2.96933
12.5893
4.45812
3.50241
2.67234
4.17956
4.38111
2.61077
8.03589
3.58889
5.88852
4.53331
6.75958
4.66456
4.85153
10.9603
1.41555
4.62557
3.69723
3.02445
1.05345
1.14203
2.92869
6.54446
5.27382
6.57118
4.80806
6.14161
4.06467
5.68645
3.81485
6.33196
6.05265
6.07677
4.29635
3.11016
3.99518
5.72008
3.59257
4.96907
2.45123
3.86078
5.53257
3.51165
3.6574
7.03935
4.11674
6.02186
4.74337
7.03838
2.87506
3.92525
5.99821
3.54631
5.42992
3.37527
5.92121
3.6623
5.42439
2.60881
3.9659
3.44685
5.39028
5.86869
2.07557
3.26713
3.53445
4.85495
4.69581
5.03724
4.52991
5.84458
4.56356
3.99248
4.73485
2.24852
6.79522
9.57265
4.64345
3.06204
5.6969
5.71472
4.7114
2.13525
7.41376
4.96214
7.25282
6.27626
3.71662
6.01091
2.69149
3.5954
3.61403
3.13478
3.95963
4.26042
6.93037
7.43725
8.19417
3.22022
3.51957
3.10944
3.63632
10.4807
5.43956
2.86615
6.82249
5.39029
2.8303
7.76783
5.52922
2.80047
3.31173
2.81306
1.60958
7.67891
3.91736
5.38487
6.45321
3.74136
7.67463
5.61487
2.12992
4.68322
6.01221
2.37787
6.88757
3.27479
4.59213
3.95846
5.62121
2.74194
3.35591
2.64151
4.11456
5.05042
4.71482
1.54846
3.34589
2.65981
8.39657
2.44889
4.63925
3.49376
7.87704
3.18471
3.92716
2.54648
6.3197
2.43198
3.96608
7.32531
1.8404
5.9588
3.63456
7.23827
1.98796
3.60064
8.03889
10.8717
6.49002
5.99303
5.13084
2.59204
3.0319
3.62245
6.81115
3.97774
3.10739
5.37663
5.02043
3.94302
3.78209
4.36737
3.88877
2.38721
5.95435
4.66695
7.31838
3.75584
5.83033
3.34951
5.42549
2.8972
3.53784
7.7962
5.98722
4.62523
7.84902
2.10673
7.07966
1.92171
6.78853
3.3354
2.90567
2.50231
7.99638
6.83553
7.98156
2.95492
3.50159
5.23035
2.0203
4.97671
7.3717
8.10497
5.93033
1.64019
3.98081
4.27325
6.8987
5.50202
4.15429
2.54983
7.53756
4.21227
5.00773
3.63956
7.93227
5.96931
4.39076
4.90054
4.90918
6.31293
3.6647
3.56293
5.00312
10.1407
4.11512
2.20202
4.40015
1.90046
7.56689
2.41312
3.23951
6.05054
3.813
6.85455
3.31859
7.01498
5.31604
7.7135
2.45591
7.21101
4.54234
3.71532
5.47339
3.82815
7.75331
5.40132
3.34627
3.60586
3.44761
2.26585
3.676
4.70739
5.51521
4.22243
4.90017
3.75734
5.86156
7.52699
5.9226
2.90706
4.72974
3.71485
2.80021
5.59225
2.55456
6.49325
3.45024
5.76784
5.32003
4.59892
3.86951
7.3575
5.14333
3.43729
4.49081
5.85492
5.14188
3.12711
2.66829
8.45377
4.82892
6.96469
4.42957
2.18438
6.58206
1.69019
2.9339
3.33535
3.60734
3.27594
5.19299
2.5752
3.04723
4.22166
4.05998
3.5714
5.02718
3.41353
3.7
3.01617
3.50646
3.23446
5.1426
7.46019
3.56207
8.7043
3.28649
1.92847
3.00309
3.20031
7.02562
2.89826
2.45042
3.07125
5.78812
8.32375
1.44988
5.31908
1.97664
1.57453
3.58922
6.80963
6.24778
2.74954
8.20396
5.56843
6.49279
8.77794
5.96212
5.25597
4.47597
4.99159
2.49259
2.76671
4.28898
4.93313
4.73655
5.48232
5.11526
4.2735
10.5686
4.26756
3.99849
2.90525
3.75672
3.31222
6.49653
4.9556
7.5509
3.3982
8.65805
3.45536
4.18592
3.46219
2.73012
5.98746
6.37669
5.78839
5.10986
5.23955
5.71272
7.19284
8.02167
5.04628
2.89197
7.65424
5.25707
2.27664
4.60139
12.7836
4.92237
3.15835
7.29059
4.91422
10.4073
2.11919
5.59471
4.18721
7.205
3.28195
4.92484
4.03125
2.1767
1.84184
1.17428
2.05395
4.67618
2.87427
4.92685
5.67209
11.317
4.52189
7.19764
1.62179
3.43799
3.46842
1.52012
4.15015
3.72485
7.07868
5.01174
2.37523
6.25324
2.75058
3.57354
4.96629
2.84472
3.87569
4.48037
2.37757
6.55038
6.45762
4.92836
3.85545
6.54556
6.19311
5.11605
5.38764
4.39474
7.25994
8.20563
4.9631
4.86703
6.05065
4.56346
5.17208
5.22977
4.93411
6.16876
4.35879
5.29967
5.57629
1.96146
9.90356
7.60238
7.68142
4.11049
2.45403
11.6645
3.51471
5.94279
1.60746
2.84595
1.82066
6.28855
1.92134
1.45837
3.72261
6.1348
3.99212
3.69833
4.99957
4.77235
3.59409
5.0015
4.02147
4.10089
4.65228
3.53203
2.46842
2.52403
6.88003
3.33247
4.96647
7.16662
10.5763
8.70146
3.49305
5.73368
6.36316
4.03264
2.61617
8.36293
5.73269
2.23317
5.92606
7.44317
4.07546
7.02064
1.35812
1.8793
6.89079
9.34168
6.20363
4.79994
10.1651
3.07488
1.53526
3.55897
2.45332
4.12399
4.53961
1.72386
7.45518
11.3738
3.00103
4.02836
3.87856
2.8317
5.59033
2.13939
3.92803
4.8284
7.67417
4.31912
3.71546
5.41079
11.2431
5.13386
9.34612
2.44942
2.40702
4.46038
4.19078
2.01245
3.87808
6.31205
2.13684
4.85973
3.48124
4.33256
3.1514
2.60477
4.33027
6.18807
3.05373
6.05703
4.39987
7.87614
5.15706
2.82684
4.13371
8.19153
4.13086
9.36119
7.0532
4.01706
8.80371
2.09714
4.08364
8.35447
6.19755
2.15395
2.94729
3.72917
4.29492
3.16742
5.95337
7.80006
2.42162
4.09381
5.60068
8.19362
3.26162
3.69733
6.27487
6.15632
2.64604
11.829
4.36876
6.94762
6.27558
3.16026
6.71206
1.53183
3.06127
2.82342
5.08026
4.84604
2.87237
5.05659
2.00584
1.71546
8.23017
3.17117
5.23711
8.82466
3.86078
3.41983
4.84897
9.72999
5.49887
5.50493
3.79137
8.75025
3.71553
5.96131
1.38636
2.78196
3.98258
2.12291
9.63794
5.09757
3.85841
2.53297
5.83289
7.8506
3.56034
6.90571
5.11406
2.66576
3.01067
3.04814
2.52857
6.49185
2.56849
3.58575
5.17828
1.84908
7.16038
3.02294
2.82219
3.29553
5.86647
6.51202
5.45001
3.08314
4.00298
4.13587
3.19678
7.45246
7.58118
3.02477
5.1083
4.20908
9.78375
4.35321
2.78224
4.64027
3.47835
3.72995
4.29657
2.23789
5.94033
9.29881
5.73704
5.41156
4.64248
2.67848
2.5588
6.42922
5.81141
3.35539
4.49499
5.54123
4.44538
8.10101
5.93483
3.89655
6.72031
4.47462
3.41284
14.891
3.20578
2.65876
4.36415
3.91003
4.44436
3.76616
2.82829
5.10584
1.13331
3.51972
6.70764
4.93995
2.91151
3.85452
6.71824
6.52548
1.08848
6.84642
10.2275
4.7315
5.91548
4.64132
3.40402
4.18948
5.10197
3.79064
6.92622
2.68184
5.75446
1.56599
7.10046
2.26808
1.61624
9.05009
6.02244
7.98127
4.32941
4.24598
6.85465
4.31749
2.85087
8.26261
4.39871
4.62618
4.85614
3.00911
3.11834
5.81499
6.4137
4.25989
2.64078
3.14818
4.68471
10.612
1.22586
4.71662
4.36684
8.21032
2.45204
3.26449
5.81175
6.60406
7.1849
5.27468
3.90138
4.21295
5.26405
6.23069
5.92831
3.72169
5.04552
2.77438
4.71511
10.0313
2.59262
5.06322
3.52869
3.09104
4.27323
5.78462
3.11016
2.04174
5.3743
2.6137
7.56137
4.84469
4.57708
7.18761
6.5926
7.14791
3.21924
4.57257
4.20448
7.11827
8.4803
5.48429
3.88838
2.89732
4.31756
2.58475
6.19436
8.64612
6.13884
6.41046
5.12534
7.12366
1.00135
4.67281
5.14941
4.72282
5.78534
4.45898
6.96154
4.99867
4.34496
4.9205
2.90918
4.60599
6.48736
2.28791
5.76372
5.77655
10.5802
3.88862
6.33369
5.33248
8.00417
1.72906
5.86935
2.11362
3.92052
5.35511
9.04809
3.20108
4.76235
2.1073
2.72047
4.05964
2.23196
8.54285
6.0058
4.30461
6.10132
4.01225
6.20706
5.68331
6.24111
5.42064
6.02512
8.54623
4.0618
3.99437
6.72472
3.35032
2.40253
1.7377
3.13719
8.25758
5.41519
4.3299
1.4726
9.746
9.51295
6.62334
3.23089
12.474
3.7872
3.8138
12.3541
4.1482
1.60658
2.28999
5.3674
3.82465
6.60424
4.17043
4.90993
1.58955
7.11093
4.31044
3.22416
3.8428
6.03414
4.67713
2.74283
5.3651
5.80454
9.62825
3.39622
6.58907
5.51238
5.30936
3.62776
4.45987
7.94154
2.11644
6.98913
6.55368
5.27914
6.19934
7.78031
6.38953
5.72558
4.61795
4.83701
4.1299
3.74796
5.28113
6.2349
6.83983
5.82951
3.78387
3.83408
4.7461
4.24507
7.28674
3.08271
5.85258
7.52251
3.65299
2.73759
5.31196
4.60782
6.84015
3.73028
8.76563
4.25347
0.576572
2.45163
2.0249
7.73015
1.91272
3.78244
3.78478
3.07135
4.84315
6.54806
4.5755
4.08972
8.1391
1.66578
2.67068
4.17297
2.60597
1.9291
4.10984
5.87762
6.53852
6.99304
3.3499
5.91307
0.553538
5.58433
4.37188
5.42877
2.97711
4.46177
4.93355
3.41254
3.24235
4.06896
8.70773
6.52995
4.65518
4.34665
4.32557
5.94403
4.59662
2.56768
9.05326
8.22166
3.42153
3.83867
3.91867
3.12552
3.0787
1.89058
2.97653
3.36237
5.23845
5.11852
7.99382
5.03625
4.66806
7.60587
7.59191
6.05247
5.26577
3.34689
6.61463
4.23528
4.06853
5.44469
6.46303
5.40724
4.41418
2.64012
3.56281
3.7266
6.30079
3.87401
2.25676
3.73671
3.25573
3.61957
5.03881
8.00338
2.87264
4.8896
5.5385
5.61691
6.2221
4.61564
8.05504
2.69565
4.74448
2.72546
6.01711
2.89704
3.70925
3.54129
3.39772
7.9319
3.53413
5.0251
5.93109
9.53594
4.68746
5.9638
4.01466
0.653398
8.31519
8.58172
4.06059
5.35578
6.28985
4.70913
2.25979
4.01538
1.22172
6.31564
5.52913
2.71263
3.74648
4.89335
2.99366
7.75712
3.81926
5.32066
3.39668
7.25108
9.51687
5.77634
6.27404
3.53713
6.664
4.51917
7.4572
3.83665
5.52869
4.32982
5.01478
6.48319
3.52025
11.2967
2.85816
6.44112
6.02111
7.85111
4.53981
3.73987
3.19536
2.09273
6.6471
2.41324
4.51387
5.42753
2.77875
8.48462
4.78762
2.9536
9.8709
3.11761
4.8713
1.9117
3.76736
5.45057
4.84977
6.55594
3.19033
3.08355
5.97867
2.81476
4.92905
5.38147
8.37692
4.90818
7.82206
2.69568
2.91293
6.37114
4.09076
2.72508
7.09149
4.67207
7.95806
8.68837
5.42817
4.79077
1.87753
5.81895
5.19238
5.8212
3.97925
2.18297
5.093
2.13699
3.03188
4.04248
6.73808
6.48375
4.91018
5.07662
6.90212
8.41439
8.70052
6.03496
3.91926
3.88254
7.40374
6.78537
3.96005
3.24224
5.78342
4.87696
3.65648
6.72646
6.86344
2.19226
9.42266
5.25277
5.01518
5.77368
3.82717
3.85468
4.66437
15.5335
2.83804
2.38084
2.5151
10.0446
6.52703
2.87585
4.98704
6.72536
8.97094
6.37496
4.27266
6.03007
3.03955
6.55514
4.14812
4.11347
4.84309
6.82346
4.12865
2.33232
3.08288
5.89452
4.48894
7.36425
3.24217
10.2957
3.57531
3.63252
5.00292
5.20981
4.23515
5.99
4.1917
3.31907
7.15872
7.77718
10.4809
4.12075
2.9031
4.82442
6.1845
6.20329
2.27982
6.72127
3.63681
3.99642
0.853124
3.03495
6.37344
4.82921
5.11778
4.97093
8.3034
10.2294
4.80949
6.64022
4.7607
3.90948
5.82378
2.18518
3.34585
4.26909
4.5471
2.00711
5.74633
5.40106
8.09838
1.97493
5.29488
4.31689
3.33493
6.88494
6.31496
4.34151
4.99508
5.56108
5.29642
3.15465
8.40293
4.24932
5.52202
4.96892
7.13771
3.5793
5.87613
3.29868
5.50608
5.48354
4.84386
1.99591
3.01353
5.93696
5.25961
4.65309
2.53616
4.60062
5.46661
4.7987
4.92528
7.38255
4.68425
3.01334
2.98477
6.30356
5.25293
2.54124
12.7378
3.53497
9.66481
5.37635
4.73231
6.93885
4.97707
2.72882
6.65046
10.1666
2.98186
3.99314
9.21565
2.11725
2.30905
3.85837
6.68024
2.81257
3.47947
4.81354
2.42802
3.38074
5.44723
3.91767
8.06199
6.87036
9.48594
4.08954
6.69143
6.86498
4.08653
3.75476
6.80226
3.09776
4.71549
3.14376
3.91136
5.75474
3.45118
3.65437
6.73199
9.22425
8.98601
6.61171
8.43501
8.09135
4.78081
1.44621
5.33586
2.33747
2.51727
7.9827
4.52039
8.12862
3.87726
6.56321
4.71098
6.41498
5.16082
3.71933
4.81284
7.32626
6.09408
5.70789
3.82531
5.75134
5.00818
6.58818
4.26613
4.4227
4.49573
4.33571
0.946966
3.03703
5.33149
2.71994
4.73727
2.72958
2.77996
3.71324
6.56423
4.64445
3.46286
5.19154
5.66876
5.71388
2.52684
1.83348
4.12526
4.12204
4.98177
6.56224
5.40884
3.40579
6.60511
8.64381
5.90812
3.95646
6.29273
4.7148
3.15618
8.48761
6.09892
5.86896
2.40438
3.97926
1.2557
3.39953
8.41856
6.67973
9.96208
6.78153
6.00717
4.9789
6.97985
7.00616
1.46201
4.41524
6.44455
4.35236
8.0469
6.54352
4.07146
1.85032
7.18136
8.50111
3.92019
4.58327
3.88127
6.64695
6.29179
3.42587
4.33346
6.34818
1.82459
10.8011
3.34976
2.15996
6.40498
7.06268
2.42395
2.64583
4.97095
4.49012
2.26383
3.8141
3.13324
5.52681
3.75023
6.28242
5.98985
2.42518
5.4246
4.35252
6.37419
3.59304
5.00952
4.54576
8.13001
6.07673
6.36622
5.68934
6.35217
5.64627
4.47298
4.56972
4.78061
4.13126
3.17429
3.96424
5.0959
4.77728
4.81422
3.75471
8.56412
3.82059
2.52084
3.97792
5.70764
3.9903
3.24689
3.02792
5.25033
7.85559
3.65281
4.07101
8.98666
2.06157
1.94864
4.30761
3.16882
3.75264
4.87093
4.86027
6.62478
6.13158
5.30489
1.47954
5.52703
3.80559
1.53418
7.81862
4.50804
5.38268
4.78334
2.98199
2.70826
10.1192
6.52504
4.25871
4.54701
6.03052
7.65607
1.76536
3.29616
8.27683
3.77493
8.02913
1.96106
4.70416
4.0665
5.47289
4.89278
2.96275
6.42714
5.76856
2.59732
1.25367
5.34933
7.56496
3.70321
3.6483
6.34997
5.02829
1.82617
4.05305
5.25037
2.69808
3.73563
5.95095
1.97931
1.87422
6.26561
4.63589
5.98256
5.65156
5.99438
7.14048
3.78516
4.65533
2.87362
6.81953
2.30069
6.878
6.11348
8.00061
6.98409
9.22185
4.976
3.85091
2.05557
7.0629
4.88611
3.11711
1.8325
4.19682
0.76348
5.30569
2.70648
2.03675
4.27136
2.18021
6.37324
7.04265
4.15454
5.36784
7.55382
2.13529
4.92108
5.48504
3.86812
4.94976
6.34752
2.03089
5.01951
3.14152
4.65393
2.566
3.1013
7.32159
5.75347
5.29292
7.22088
6.99607
5.66405
3.26419
2.70608
1.34704
3.66174
8.04026
3.22152
5.26883
7.42052
6.97991
2.67135
2.13343
4.98329
5.74931
8.78172
3.75056
4.96032
5.21762
4.24042
4.68646
8.22813
9.44266
8.49704
5.57514
4.64744
8.93146
4.7699
1.32447
7.63397
5.10234
3.14259
4.40022
5.56319
3.59518
5.7707
5.87761
1.77461
6.47976
5.75147
1.81915
8.41204
3.22853
3.3761
9.7318
5.59428
5.93894
3.88681
1.64828
4.81402
2.87533
7.11708
5.50985
4.7072
3.40586
5.73728
2.23006
6.11549
4.21063
4.06443
2.92364
5.66219
4.59899
2.32657
4.29663
2.74428
3.49809
2.78552
4.36897
4.3961
8.49944
2.7429
10.3922
8.86551
2.10727
3.89469
2.63992
1.65362
5.34818
3.66329
4.59087
9.12065
4.91048
2.89622
2.17828
10.8994
6.11022
3.49178
6.11606
7.5326
6.11779
7.32904
5.80161
4.348
3.5367
8.00877
4.44644
5.63805
3.53292
5.12796
3.66303
2.55831
2.10443
4.33908
4.67047
4.50941
7.43099
4.5684
5.61572
5.79623
6.40177
4.28088
7.55206
3.83603
8.4911
2.54181
3.84927
7.93429
3.30002
7.64311
4.25582
4.2863
4.93218
2.46241
5.76889
4.54297
6.84052
4.24782
4.56579
4.3164
3.4329
5.02663
3.7878
5.66312
4.46767
5.60212
3.61959
5.966
6.72507
1.68168
6.39944
4.00557
6.03989
5.05513
5.17102
2.87491
4.47952
4.22158
4.06727
5.34073
4.6393
7.17049
7.54799
4.19588
2.59941
7.42224
6.59955
3.42688
3.17184
2.58707
5.36296
3.56158
2.84955
2.76234
3.54214
3.61983
2.13433
3.10189
5.09337
3.51106
5.70338
4.77503
7.26962
3.5406
4.68159
6.35586
3.58234
5.78383
4.61691
7.01452
4.35431
6.86351
5.02985
5.52502
7.6166
4.52568
2.81899
4.22917
2.33455
3.75175
5.08373
6.07659
3.42151
8.95832
6.39291
4.25885
5.83217
3.54848
7.27361
7.70715
5.00954
2.43839
8.90242
5.18288
5.11685
3.76952
3.50768
5.95046
5.04154
4.2602
3.8486
3.48199
4.78907
6.54472
8.97945
3.28615
1.99083
1.19365
3.6724
4.1875
3.36861
4.62596
3.83595
3.25958
2.99732
2.85042
3.3085
4.55238
4.87154
1.9733
3.35628
5.14967
7.02241
6.79806
6.85115
5.16762
4.92221
7.6063
5.23608
5.81081
5.41104
8.34613
4.18905
8.47337
2.71335
3.18472
5.57749
4.12975
5.46149
3.31262
8.43413
3.09156
6.63245
5.7639
4.4151
1.7828
4.21086
2.72263
8.04155
5.27846
2.68686
5.82075
2.55114
3.90935
8.94476
6.05789
4.27263
3.44365
5.13986
2.37621
3.3156
4.65098
4.59055
1.62684
7.41085
10.9608
5.67107
4.85836
4.2843
2.11469
5.46202
9.46435
4.86477
4.64712
2.2905
6.96748
1.26029
4.08633
3.98301
2.38907
3.05028
3.85645
6.56348
4.34916
9.58968
2.20361
5.40133
1.868
3.3796
4.64075
2.79684
4.05598
7.3085
6.89766
4.05252
5.33382
6.30335
4.96725
2.7038
4.41378
3.58707
1.95109
7.69412
8.26501
3.96667
8.90786
5.13377
3.05922
3.71194
5.73678
4.70339
2.56602
4.18578
4.54267
4.13452
5.78448
7.01442
4.58386
2.85138
10.2318
2.39113
4.00645
5.6566
4.80564
3.81726
5.75296
4.00949
2.04153
5.35612
0.706308
2.82356
2.04957
4.54216
6.14683
3.89266
3.74612
3.77706
2.55404
4.82851
4.81886
10.4851
2.21227
9.06003
3.00146
4.49742
6.06641
5.73793
8.14463
3.42092
9.76431
7.19148
3.21159
3.38665
3.95818
3.4355
3.23173
6.41951
1.76298
7.15411
2.63178
7.92405
3.42427
7.55259
4.62079
6.27136
2.54049
3.94573
1.28793
6.3607
3.12879
6.70098
6.08154
10.0414
1.62614
1.64909
3.94177
3.19292
4.39628
5.59407
3.16892
4.84075
4.22341
2.01079
1.40881
9.17298
2.66193
5.3971
3.79051
4.37956
6.32733
6.11718
3.28163
5.20072
5.79412
5.9784
6.78934
5.99928
7.3894
4.13102
4.03258
3.97363
4.02643
4.98656
3.19808
3.1228
5.18995
3.84903
3.39909
4.20015
3.92153
4.73746
4.91951
3.46717
8.5363
6.50883
4.73034
3.90066
1.97951
5.40975
3.44729
2.58708
4.70662
6.29246
2.30149
4.46645
5.57222
1.82276
11.1797
4.22699
3.86834
6.46826
2.75879
9.16614
4.92825
7.24435
4.38909
2.90439
1.82183
4.82836
3.19451
4.60673
2.30093
3.26898
8.49213
2.66941
4.63545
6.60785
4.70997
5.56733
6.87287
5.71998
4.09858
2.21143
5.6619
7.09298
7.93461
9.96216
5.33994
4.8509
5.5034
6.16557
7.66906
3.49472
3.83131
2.50526
4.00976
5.43039
5.56061
6.24965
4.58752
2.38661
9.0093
4.82745
4.76266
3.03766
10.0467
6.72457
3.89225
2.10928
3.48822
4.28633
3.79253
6.07116
3.94803
6.36934
5.74794
7.61088
4.92952
3.82537
3.49055
3.01682
5.50679
7.49012
5.65389
3.27456
4.25413
1.59776
6.13397
3.9933
3.31502
9.89296
2.27324
7.44513
4.77538
4.83878
1.81024
5.58098
5.46408
6.5781
2.17277
7.01191
4.05935
8.91019
12.3548
5.8545
3.17273
3.19703
6.73422
11.9968
6.46174
4.48169
6.17759
6.0959
7.53841
4.34957
3.84582
5.64638
6.26205
5.33291
2.13098
4.79865
7.10793
5.6267
2.86604
2.31547
1.81983
3.01236
4.8966
3.731
5.45445
3.4511
5.27905
2.15098
6.84079
5.03469
3.61943
6.39765
7.15614
8.91684
5.23283
4.67965
5.57666
3.39128
8.41028
3.90372
3.91563
7.17376
3.63718
4.97417
4.74001
3.56522
3.50368
4.71954
6.82876
2.72387
5.59047
2.84414
4.42853
2.93975
5.09421
6.15704
6.54284
9.72384
6.85528
2.79945
5.10815
5.72663
4.49814
5.79183
5.00367
3.73463
8.14744
7.12095
8.89686
4.38236
4.24065
8.67608
4.63217
4.40741
3.18943
4.98368
4.87067
3.36981
2.2306
3.19009
5.17219
6.65838
3.52326
5.18696
5.47374
4.62964
4.41954
6.05742
4.43721
5.53378
2.45749
5.50695
2.39906
13.8223
4.46556
2.90514
10.1121
8.0648
2.90117
1.68907
7.9231
5.75261
8.20249
4.56759
7.63891
1.71724
5.44268
11.7968
7.45502
4.32759
6.24981
4.34798
5.88141
4.8825
4.10891
3.4779
2.53654
6.79155
2.17983
5.36892
7.41503
9.83154
4.92158
3.87051
1.78639
7.74759
5.64585
5.66322
4.19117
4.83799
8.69954
7.01202
3.99776
3.97135
5.19518
5.32286
4.26234
4.2557
4.94061
4.74921
7.17578
4.85681
2.83317
8.52735
5.86889
2.62146
2.26649
3.27742
3.5389
6.95576
2.43588
2.65854
6.93386
4.61464
5.01222
2.77793
5.65226
8.08363
1.66031
2.21985
3.21802
5.92974
4.11015
3.01191
5.5787
6.23284
7.57538
6.66893
6.6117
7.09204
3.78527
6.09174
5.90134
3.1063
1.53693
4.19302
3.79913
4.52958
4.58626
7.80623
6.54015
2.60499
3.35905
3.32541
6.77849
3.97773
6.49752
8.35659
2.88732
1.7852
6.97377
2.96672
4.98144
2.39328
6.13216
2.42657
3.73664
3.28756
9.21146
8.98289
8.28373
2.78993
5.51311
1.75517
4.95012
2.20738
4.28238
5.42317
1.61047
4.09295
3.28592
4.28018
4.77032
4.09317
7.49576
6.15375
4.57801
4.54318
5.66008
4.8897
4.01649
7.61978
3.45462
10.3292
8.84195
5.96195
9.96673
4.38499
4.6678
2.70671
5.1875
4.06483
4.27584
4.40002
5.2175
2.36131
5.09179
3.86471
5.46825
3.14881
3.06045
3.83851
5.33026
6.72067
3.7321
6.08907
5.45268
3.42124
5.86575
5.0637
1.39707
3.71704
5.8646
3.90319
6.29687
6.86199
5.46877
5.41251
5.64566
2.85148
4.45078
3.2409
3.32646
5.05524
6.4582
7.73879
3.82284
6.40883
5.26472
4.24453
5.47099
2.89621
5.27804
5.40542
5.76087
6.62949
3.64109
5.8427
2.20558
1.47845
3.46923
5.02125
4.93077
2.67818
3.44976
3.61482
3.52497
3.48962
3.83573
4.9118
3.01255
4.20018
3.35484
3.18257
7.44891
4.21496
2.66892
6.23076
6.13647
8.46735
3.4827
1.80779
5.54623
3.52497
4.92285
3.45252
2.5902
2.78618
2.23361
8.03326
8.14605
5.45138
5.91082
8.4002
3.45464
4.36074
8.2158
9.78639
7.56697
2.54455
4.59805
6.52752
6.61478
2.62598
6.16461
3.28795
1.98708
3.61606
9.18708
6.74965
11.3028
5.1086
2.68442
4.00483
4.92365
3.2396
5.45693
8.19283
5.87041
2.52722
2.88431
1.32822
7.81315
3.08881
2.63554
3.82617
3.50062
4.47379
3.22912
4.83385
5.84171
5.98342
3.8304
3.78925
9.23595
2.05094
4.21854
9.53617
4.14695
5.75579
8.00445
1.3996
3.92977
16.5703
4.12458
6.75316
4.40105
6.49452
10.0759
2.10382
3.5868
4.65209
5.07849
5.25586
9.87053
7.85269
3.20103
4.34621
7.45631
4.93241
5.16051
4.81121
2.01228
4.52132
2.69022
4.93025
1.06316
5.82167
3.72393
4.9824
6.63357
4.56774
3.3211
7.99164
8.14654
2.60056
5.6624
2.12944
4.38032
4.99139
3.07982
4.62896
1.36242
2.80433
5.35586
3.42052
9.40282
3.46667
3.00164
7.18066
2.79539
4.33969
3.9356
6.52528
3.59524
5.7404
3.88926
3.34656
4.63321
6.53389
5.52285
7.40783
7.4825
6.2045
1.9944
1.56849
6.54647
2.49839
5.21997
3.33308
4.35942
6.31774
2.97659
2.46514
5.26517
6.06885
5.26042
3.87439
1.79395
2.25782
6.18716
7.11007
4.09893
12.5911
4.27718
7.78933
3.51959
4.92058
2.65851
5.60708
2.81601
5.83995
3.0964
5.09072
8.57195
1.92935
5.9909
4.68021
6.03431
8.78618
6.61904
3.55175
9.33951
2.21998
7.165
9.08413
5.38569
2.89885
4.1934
5.68031
4.00235
4.94241
6.47979
3.32565
5.66364
1.61947
8.53344
7.01043
3.12127
4.38829
5.65088
4.48224
4.21875
3.74099
2.10447
2.22109
4.90765
11.8761
4.80678
8.06971
8.62865
3.86651
3.53279
8.01347
4.41956
4.9058
6.86148
4.238
5.49604
11.0113
4.12912
4.00454
3.55525
3.99221
1.69193
3.42298
7.77723
3.09011
4.00822
4.32736
5.43326
2.17126
3.06016
4.81524
2.19489
5.85378
5.37273
5.92183
4.43276
3.04338
5.60761
5.28813
5.5556
2.89161
7.05466
14.4177
9.10846
6.46364
5.70689
5.68094
1.10673
6.01361
4.58267
6.45217
3.89045
6.12278
2.736
6.75156
4.01495
3.93644
3.06501
3.32801
5.59259
3.45201
4.95388
11.3429
3.61901
2.61776
3.05887
3.70121
5.95196
5.65968
4.60998
5.62403
4.21717
4.40209
3.25729
2.11393
5.63358
2.51989
8.50217
5.39212
6.07294
5.52703
7.85636
7.7285
2.32636
3.57516
2.02837
5.10245
4.02948
5.71891
4.30407
3.90443
6.42943
2.66505
2.64298
2.51859
2.96777
4.00281
5.43731
2.0267
2.12221
4.19839
7.21416
5.27623
7.08913
8.08364
2.38564
6.91301
6.49479
5.57417
8.15296
6.68117
4.8573
10.8829
6.59178
8.09698
4.87966
7.8545
3.91275
4.70932
2.57906
3.60723
2.78433
3.84625
3.17479
1.72802
7.54028
4.73598
5.84837
3.1724
5.9855
5.6153
5.21706
1.96649
5.12824
3.12947
6.92554
8.37415
5.47161
4.59522
7.9322
5.15604
6.52603
4.22637
6.83206
3.64397
4.7715
5.57471
3.17403
3.34732
2.94485
9.58598
3.47619
6.58967
5.26761
9.30651
5.74942
6.84908
7.49765
4.95393
5.60898
5.63778
6.68228
6.58781
5.14414
4.37359
5.1575
5.80516
8.294
3.71896
3.10018
7.06707
8.23543
4.95606
6.16088
9.34328
3.61242
2.15953
4.29414
8.98956
1.9387
3.87998
7.01201
2.48253
7.33224
4.17754
4.09013
6.42302
2.90235
2.99296
4.83306
3.87567
3.15532
4.19026
12.6865
3.55434
3.61287
4.05385
3.61748
4.47465
4.71943
3.36406
5.84174
4.61214
2.89774
8.14101
10.7937
8.17399
2.58358
3.97197
1.61519
2.45435
1.87816
1.03272
5.11002
3.99276
5.25143
3.20266
3.12765
2.83962
4.98177
3.59954
2.98914
3.81465
6.08007
5.17753
4.2586
3.89509
6.52496
4.21588
4.36394
3.02816
4.0533
5.5582
7.79825
6.23312
4.40811
8.74716
7.5226
5.7092
3.52461
6.89424
5.33136
2.79774
4.78946
7.52388
4.78918
4.25272
4.67718
0.898581
3.90294
5.38934
5.40532
4.52635
6.72056
1.52325
3.79843
4.65482
6.40756
3.87462
7.71535
1.78931
3.69555
7.92594
3.53163
3.30513
3.61485
3.2289
3.31277
4.44893
8.10867
3.56139
6.4852
3.65443
3.41927
6.47978
12.1053
7.53144
4.14375
3.70452
6.45679
4.68732
2.52459
6.27124
4.50682
5.1201
6.72678
4.31057
5.05543
3.62456
3.43931
4.70104
5.72696
4.84933
5.77945
5.62404
8.14102
5.68781
3.3895
1.85133
4.0815
5.9331
8.01585
3.59354
3.02147
5.8724
2.98389
4.77539
8.23358
4.29585
5.65076
4.81158
2.90897
3.85416
3.08849
4.1177
10.6853
2.73879
6.46205
3.87102
4.83934
3.1115
5.14567
4.24997
4.32819
5.29001
3.74108
5.3017
9.28106
10.561
8.04629
4.38034
9.29999
2.6175
3.1164
9.47247
2.27947
4.63431
3.99455
3.33382
4.46018
4.36442
2.06828
3.05146
3.81606
3.29027
4.27597
10.6381
2.28735
7.25423
4.70463
4.98163
9.55747
7.68148
5.21809
3.59872
6.57155
6.11442
5.22287
4.6072
4.73292
