8.79904
3.5684
8.53873
1.82429
4.03071
9.27309
2.33578
3.92047
9.01999
3.8216
4.69665
5.20305
5.50692
4.20986
8.95794
4.21313
5.53334
6.57625
5.53974
4.49509
4.32994
4.1849
7.95718
5.38916
10.9454
7.14963
5.39896
6.27377
1.82056
2.362
4.84318
3.73071
5.63644
11.0652
6.19222
5.76301
4.71973
3.66177
9.5538
2.01026
3.73731
5.10529
7.17023
6.49193
3.71057
2.63052
2.39289
11.4526
3.86121
6.47062
6.39967
10.6642
4.98532
7.25846
9.42864
10.9052
4.77192
7.33687
2.56942
3.01807
5.24587
2.81228
4.68805
3.14682
2.0664
3.7589
3.82309
3.72634
6.47341
5.81583
3.27866
3.26584
4.66591
3.59622
6.38947
3.78021
4.63514
6.95062
1.95276
10.8827
3.55358
8.61998
7.10577
8.07263
4.70806
4.44744
3.3705
3.82804
6.98072
4.50198
2.36101
3.49662
5.57922
4.14538
7.33074
10.264
3.65976
5.55255
12.9603
3.90658
4.03321
3.08121
3.1932
2.68514
3.04119
5.02949
4.61235
4.74364
3.27677
3.8277
4.45345
3.66509
3.47591
3.98804
4.66247
4.21018
3.19251
9.9275
3.53909
3.57162
2.35387
5.71171
9.28229
4.21431
3.87553
1.87173
6.9328
1.77996
3.44546
7.131
12.2509
2.96603
3.79058
3.27232
2.30559
1.70457
3.01841
5.30829
5.58187
3.62867
7.97707
2.35278
3.41976
7.81755
6.39597
7.37968
4.79656
4.50518
4.98612
2.90113
3.04985
10.705
3.47966
2.79779
5.39259
4.34537
1.96502
5.06325
6.77992
3.36442
5.28232
4.14036
5.43264
6.32601
1.78521
3.23055
3.91181
4.92129
3.41872
2.25272
3.33854
3.75043
3.07468
1.23109
3.1917
5.88404
4.75283
9.84554
5.3236
6.21625
1.70221
2.38046
4.17938
5.97779
3.26486
2.70644
1.94659
4.2523
2.69691
3.32003
2.16936
3.00401
4.0465
2.31432
3.88429
5.36075
6.31901
6.75332
2.15712
5.93937
1.79649
4.07398
3.72083
5.85411
7.12333
4.40808
3.48749
2.77616
2.30283
4.1653
1.71211
4.78939
7.22113
3.4334
1.87504
3.90264
2.76876
5.10821
2.77489
4.1263
4.86555
1.95652
4.2413
3.54406
5.336
5.45103
3.44096
3.77822
5.95733
1.73947
3.43144
4.67456
3.46267
5.09188
5.52907
4.47415
2.51119
3.38106
9.03662
5.9395
3.31274
3.34262
3.76623
1.70346
3.96574
4.44304
8.23449
5.85106
8.48671
5.48668
2.87603
4.53688
4.55596
4.80427
6.04399
2.37667
4.47066
2.03498
5.34513
4.97843
6.79188
5.60702
4.94303
4.63864
9.96724
5.16032
11.2243
7.11748
3.09859
8.77609
8.70173
8.64253
1.72094
7.03878
4.00396
6.02695
8.25564
3.47708
8.22914
10.7282
2.92912
5.19113
8.39752
6.52345
9.79537
2.33933
3.62405
6.81107
3.10962
8.31463
3.18834
8.77775
5.0864
2.00272
3.72998
0.586717
6.95094
6.45776
5.775
3.20633
6.61438
8.10291
5.73167
3.14116
4.06382
5.62319
4.81205
2.92761
4.69073
1.51952
4.34015
5.57696
3.65856
5.84109
4.12089
5.17403
3.68625
10.627
5.74817
3.43969
4.55718
4.21958
2.5728
7.05402
1.01966
5.93999
2.35955
4.83124
6.55748
4.63649
4.61019
6.80585
6.82434
6.54603
5.96336
4.09326
2.85673
4.37918
7.74949
6.06994
13.974
2.49151
8.18146
2.4566
4.27803
1.63706
3.16639
3.6078
6.84797
4.73218
6.72099
4.7002
2.59419
7.36114
2.2435
6.6719
6.16802
13.2615
5.9088
7.34236
5.70293
2.5977
2.91911
2.66728
6.44054
8.34532
3.38366
4.12839
6.38429
2.65841
7.35109
5.0232
5.83782
2.38552
4.42499
10.1767
4.43949
8.29499
3.7093
4.65515
4.76686
6.76873
6.27645
4.21363
3.25256
4.60668
2.0043
4.63822
3.59982
4.46796
6.99925
5.382
6.41257
10.6265
7.79629
4.79557
4.04896
2.25334
6.56246
7.22653
8.83917
5.5624
16.271
3.74774
5.34326
7.80193
9.39172
3.70988
2.88666
5.28333
6.49539
5.84063
4.7939
3.68446
4.54111
3.82188
6.72342
3.21636
3.47913
7.6488
4.26963
3.72081
4.10917
1.66268
7.30108
8.07615
5.98272
8.54482
4.94461
5.24585
2.96115
4.07926
1.80231
4.46392
2.81243
5.40766
2.36148
3.66203
12.0627
3.0585
11.1831
2.95097
3.45768
3.59378
2.87808
2.97124
2.39786
2.90493
4.27594
6.9425
8.11501
4.97014
3.81575
5.03967
8.56763
11.9234
2.4018
1.53559
4.11356
6.47651
4.8705
5.20903
6.82148
2.58164
6.28499
10.0898
1.71872
6.72239
1.82959
11.0571
6.31444
4.35747
5.3733
4.95534
5.46112
2.68461
6.76817
6.47103
1.88408
5.51157
3.24191
3.83599
6.81076
5.64744
3.78902
3.98778
3.24384
1.18887
4.56498
7.08494
7.2505
3.49286
4.22877
5.18595
2.66099
5.68764
4.26119
2.9941
8.38416
3.62985
5.87379
1.8637
6.68477
9.27386
9.49152
3.82249
8.39424
1.66628
6.38874
7.20528
5.1357
4.14874
7.37413
1.31069
7.27542
3.90086
3.77335
3.01456
1.60167
6.3437
4.90861
1.61463
1.61498
3.64798
6.97173
5.97055
7.07428
6.27951
2.18431
5.74402
3.27841
5.54013
3.09294
3.54733
4.26946
5.71658
3.99668
3.75671
3.9326
6.30668
6.41395
7.39049
1.83167
1.8473
9.3415
4.91394
5.23472
3.31077
1.41015
5.40666
2.8164
6.42482
6.79399
4.03622
2.7254
4.0961
4.80641
11.7233
6.03099
5.14048
2.57749
3.39053
4.50974
7.50157
7.34595
4.69171
4.34422
3.1447
4.0656
2.82155
3.11437
9.49121
8.67046
4.83928
5.8011
6.00313
1.93091
4.76555
2.93524
4.24818
6.72539
2.61865
3.86456
6.20021
4.18562
5.81126
7.68671
4.54177
7.44659
2.3492
6.03014
5.79429
4.94161
3.99991
2.39628
3.73695
4.67546
4.33886
9.54259
1.25871
6.39708
10.6463
6.00006
3.29434
3.3482
9.23449
4.26358
4.77122
5.3595
3.6869
3.35655
5.95268
6.73916
7.85287
8.48
1.23126
3.23678
5.75282
7.35872
4.28975
8.21204
2.12204
4.69856
2.98479
4.90969
2.12572
3.04937
3.31074
2.65291
8.44192
7.67277
2.99429
1.98195
5.39099
4.3532
3.78142
2.76385
3.30073
4.17421
4.12063
5.45145
4.15402
5.61958
1.52692
2.6115
7.02583
6.18249
5.46992
1.56799
4.57925
4.85058
4.67763
6.12185
4.67937
4.87701
1.92275
3.55851
4.71578
4.49548
3.91976
4.54654
9.41124
6.70098
4.86131
7.00261
2.43476
2.90519
3.90307
2.78099
5.97004
7.10466
3.52157
2.94608
1.91246
7.32299
4.93163
9.45291
10.236
7.90811
5.42871
3.71073
4.65611
5.44017
2.39223
5.78349
6.16198
2.31742
6.34509
2.2638
8.22261
7.44421
6.25443
4.68866
2.6948
6.67999
5.58493
3.62502
8.10093
4.34731
2.30585
0.881193
2.44644
2.8812
4.55169
7.47942
5.4406
4.49751
3.67916
7.82074
5.88064
6.32143
5.72662
7.64879
9.186
2.68137
8.925
1.70665
5.38589
5.4972
10.6708
3.74022
2.98434
10.1523
4.11424
4.46205
5.18299
1.51927
6.54425
3.85672
6.79455
1.26404
8.94515
7.76201
2.29492
8.37758
2.4681
8.84435
4.15091
4.67287
6.16796
3.07182
5.62576
2.30229
4.60169
5.00189
5.45166
5.85866
2.89333
5.19885
1.76548
3.37453
1.60528
7.33624
4.02232
4.03754
4.90607
6.8103
9.28654
3.82023
2.78426
5.58795
5.30023
3.62077
7.43675
6.32706
6.60449
4.19587
6.36092
7.00247
7.48668
9.8357
3.3392
2.2253
5.89681
3.15364
3.55311
2.86126
9.6475
3.42302
3.51956
2.77249
5.97725
4.83874
4.11748
3.49955
3.84527
6.25095
5.01155
8.97894
3.54035
3.51112
4.18894
3.81905
6.03393
5.403
3.90785
2.61301
3.54673
4.21189
1.97137
3.26691
6.61667
4.59419
6.80764
3.18069
6.05435
3.53734
4.81153
2.67532
1.09274
8.15241
5.78843
5.70591
3.92153
5.43286
2.59376
2.14129
6.51205
4.14223
4.16444
2.66907
6.50857
3.13003
2.83582
6.98083
3.73788
12.8018
3.22211
1.37362
2.77578
6.20228
2.37658
2.64325
2.25272
4.85269
4.9929
3.75973
6.82493
4.62247
7.53478
1.96121
6.94033
6.38325
5.42174
10.5812
2.44445
2.68147
4.97511
4.60378
3.16597
5.72458
7.01968
7.27144
4.61815
4.11999
4.43982
3.85127
5.18632
2.30254
5.46664
2.46089
3.31522
2.98163
5.146
8.25364
3.012
7.04632
4.55859
5.08733
1.91374
13.1685
7.62802
2.91652
2.89752
6.69908
5.4044
3.82125
3.69126
6.60938
1.77485
5.88117
3.81644
3.07392
1.69375
3.3565
7.74962
4.87361
3.88905
9.64825
8.94845
8.6499
5.76542
3.30396
5.54172
4.20511
4.10495
2.48107
6.63878
7.27311
8.65268
3.57734
4.7681
6.49605
3.97378
4.52356
5.10298
5.31512
5.38065
4.72112
1.59061
4.65651
4.26416
4.02067
2.52656
6.95782
8.56814
3.98848
5.50961
3.16892
6.86744
6.15257
6.24287
6.34534
5.78476
6.43926
4.21756
2.50049
2.20311
6.15031
1.9509
9.47613
2.01353
4.48543
3.50682
8.66372
8.03707
8.15249
2.37402
7.06539
5.70577
3.55298
8.05934
4.05628
3.41459
4.49565
3.85875
4.41752
5.54388
5.76276
4.9421
1.70425
6.97088
6.38338
4.30909
3.31173
1.8318
3.18143
6.77487
6.28317
1.86297
3.32128
5.7518
7.09405
6.73767
5.77099
8.20304
4.14179
2.95049
3.53682
4.56172
1.88884
3.86584
2.89276
2.20252
4.51634
7.80074
4.591
6.84407
6.07824
4.99425
9.09948
5.27035
3.13664
3.20622
2.59645
10.7596
5.01443
3.11923
6.35349
9.8717
3.79116
3.6582
4.77191
7.49934
5.58123
2.02181
3.19068
5.08939
3.42642
2.9191
3.71018
12.2864
10.8835
3.99611
2.46259
1.96258
5.69373
1.65252
4.07348
6.75322
4.05338
5.8081
6.09668
2.84113
5.18375
7.2047
3.62549
3.2865
1.52887
3.93686
4.88052
5.02538
1.5721
4.38499
4.95565
7.49806
3.92634
3.19938
3.47327
5.14735
10.9399
3.95151
4.66195
6.68019
4.42222
6.16073
3.27868
10.8768
3.66966
2.64402
3.39505
5.96775
3.59067
3.14313
5.8236
4.91391
6.93306
2.11816
3.98762
6.42093
7.8057
5.1236
5.23323
4.22439
3.2296
5.66987
5.07709
2.70224
6.29536
5.63843
7.33238
7.76292
8.50795
2.02944
5.07344
6.20032
7.89993
3.52892
8.18628
2.68354
10.9852
10.2422
6.90507
5.55319
5.52408
5.8957
4.95259
4.79947
6.3992
4.31211
3.10216
3.69456
2.72175
5.83431
3.47112
4.62224
2.62122
3.18465
4.69932
8.47276
3.5637
3.0989
4.71641
5.95733
2.25575
2.76605
1.94635
4.37838
5.68215
4.89102
1.95959
6.5999
4.85989
5.09892
4.54991
6.0045
3.16442
5.89576
5.35469
2.07118
5.35729
2.93183
6.45502
9.29676
5.82568
2.05006
3.87307
7.22723
3.58102
6.74846
3.89066
3.46466
4.78469
3.43873
3.42649
10.2438
6.98541
5.76894
4.00221
5.05443
5.53946
6.3954
2.04627
4.15919
5.81583
6.05331
1.97925
2.68284
5.70136
2.04543
4.38254
5.5665
5.3795
4.80305
5.68914
2.53008
1.61965
4.20737
3.62171
6.48015
9.72671
1.62814
5.46144
3.87253
5.86967
4.43626
5.07499
8.60164
2.33835
1.25386
7.98244
2.36113
7.19721
4.9961
2.8728
4.89468
8.05154
10.0805
6.80836
5.0238
3.14267
6.18063
1.99433
3.50774
3.86955
8.21762
7.24729
7.36495
2.29986
2.53467
4.05516
5.80247
6.36334
6.92477
2.74778
4.93064
5.4675
3.47087
5.18337
7.58421
8.75868
2.57267
1.79432
8.83371
7.80436
4.04743
5.9142
8.54276
3.76352
6.72467
2.32552
9.18146
6.22248
5.59254
6.06072
5.12363
8.15917
7.34323
3.50331
5.16558
2.30024
4.24216
3.03755
5.16476
2.9346
2.43597
4.40059
5.78112
10.9142
2.24684
7.39105
3.28176
4.98362
9.64825
3.0996
4.28192
2.28883
6.25053
6.80324
7.47201
3.50108
3.66178
3.70289
6.02367
2.07218
3.10889
2.5484
11.2064
4.81214
8.51901
2.86504
2.71799
3.63399
3.32803
3.03056
4.54225
7.59374
5.90882
12.9652
11.7024
7.91975
3.90401
9.0025
3.71033
2.57494
7.01076
7.76699
4.00504
4.55721
5.22385
3.73732
6.28148
5.49415
6.96865
2.02369
3.16202
5.28716
4.39901
4.6227
4.04122
3.58781
6.99977
5.15138
2.93569
5.30948
4.29229
2.0729
2.68482
3.65696
9.38743
9.23763
2.51453
1.38962
7.9946
10.5267
2.46651
4.80367
2.0767
0.891688
4.15259
4.07653
4.15973
5.16485
5.30578
4.17589
2.60757
5.28381
4.24171
4.76843
5.10725
3.15417
6.0663
2.24662
7.14513
3.80925
8.16856
4.61667
3.85662
6.32888
3.85521
5.14766
4.88749
12.8237
7.9847
4.05557
5.5881
1.77579
4.27752
3.16833
4.91638
1.67193
7.45116
3.16693
6.32457
9.02152
4.46923
3.80979
3.60049
2.81489
5.83648
4.71337
1.45636
3.15727
4.6841
8.95638
5.13957
5.09872
5.40235
5.00572
0.922938
4.82391
3.88148
3.69251
6.53611
4.2472
4.89259
7.3277
4.54573
2.88642
2.90694
6.94404
3.69453
5.08542
6.72967
4.9782
9.08163
3.45103
1.76458
4.42652
2.90463
7.996
5.73411
3.79026
6.14555
5.06345
2.40869
3.99023
4.69962
5.6341
4.15759
4.88551
3.57926
8.42025
6.79458
4.40529
8.14984
5.3533
11.5263
5.0195
2.68797
8.83483
5.59953
5.81972
6.89645
2.53823
10.7601
4.4904
6.45746
2.78825
8.77096
3.57045
1.72711
7.59234
5.43861
2.30109
5.61758
4.56244
1.83164
2.39922
9.03807
4.29731
13.9005
5.03153
4.51075
3.07187
3.60989
11.0185
6.73217
7.26849
5.26215
3.87495
1.82318
6.89963
4.54773
2.05088
2.17497
4.27305
1.89488
2.04634
8.14543
6.55062
5.00366
8.48913
1.70693
3.33408
5.83388
4.12008
1.54763
6.30335
3.89816
3.39566
3.41052
4.85951
4.43459
4.47412
3.66213
4.93637
4.95075
7.90998
4.92688
4.82086
2.89443
1.96809
3.25672
6.6354
5.55255
1.56944
4.10402
5.69497
6.67412
5.73962
2.62223
2.50574
3.2917
4.34837
2.95808
8.52758
1.79266
6.01959
6.18727
3.51854
2.97321
2.03305
4.58126
7.0619
3.76559
1.94172
6.67265
4.20423
2.41866
3.4297
13.3683
5.52914
2.23452
2.41659
4.36654
6.06833
3.58996
5.68728
3.39977
5.45531
7.48966
3.97715
4.6243
7.66761
5.14233
6.22478
5.05581
5.76927
5.58509
4.28968
2.15532
6.08798
5.03108
6.29006
5.79315
4.90622
6.45855
3.97159
7.49247
4.8963
8.10777
1.37498
4.30075
4.19603
6.40153
2.85929
1.25869
3.78187
4.65878
4.47969
4.30205
3.30235
7.09854
5.52077
3.91759
2.1329
5.38406
3.36027
5.56782
10.162
7.83468
2.49382
3.76198
4.79249
3.77714
3.21359
4.40749
3.11552
5.46006
2.43573
5.6333
7.36168
9.92791
2.93155
2.96392
3.07129
2.12185
3.87859
5.5936
3.52093
5.99564
4.10327
3.38761
6.82758
4.80304
4.84186
4.76795
10.6552
3.04373
7.00827
3.42951
7.98555
4.1201
5.98592
4.80374
10.5691
4.93624
4.43494
3.51281
3.22556
7.60279
4.16217
8.49919
3.19708
3.00395
8.59956
7.73531
10.2425
7.74211
6.60909
4.22239
6.1743
7.1381
5.00251
6.88927
4.87883
5.37541
5.50608
8.82866
3.45056
4.95146
4.83122
5.23035
2.32822
4.51309
3.11097
2.12494
2.70684
7.17263
3.65472
5.22295
1.85618
3.98199
14.3812
3.39274
1.81942
6.45976
5.852
8.94448
2.54543
2.74778
2.47952
6.43056
4.99384
4.03459
3.87257
5.49133
9.43682
5.71357
5.16635
7.98864
3.28627
2.86081
4.27883
2.02771
3.11097
6.04614
4.19805
2.67378
6.59027
2.34476
5.21102
5.55514
5.59509
2.44288
4.06451
10.0934
1.65372
9.86505
2.9869
5.96702
5.55505
2.73588
8.73724
2.66177
4.14953
11.1205
3.75341
7.39511
1.82353
3.61212
1.55639
3.28388
3.98988
5.32114
5.20408
3.81575
5.10211
4.66351
5.77411
4.37306
6.27216
6.96486
5.38426
7.92206
5.6903
3.30224
6.65919
9.32023
5.59443
6.56792
3.53035
2.90508
3.5989
4.2712
2.88697
2.75733
4.9048
5.41274
5.02507
4.11588
6.06085
1.59161
4.46776
1.46283
6.12696
6.96107
4.22877
8.82562
10.7814
4.97115
7.03856
3.16761
3.90251
7.3713
3.6966
3.24834
5.1405
2.02986
1.16375
4.08297
2.91492
4.10247
2.79971
11.1026
4.30209
3.47508
6.17764
4.47941
4.39981
1.18354
8.159
5.22902
7.25924
7.16589
3.09983
6.31721
7.79723
1.77341
4.99036
4.99612
5.8089
2.20594
5.35098
5.37849
3.9511
7.02247
5.39226
8.77026
5.47745
3.2973
6.3664
1.95338
11.3124
5.21695
2.78679
6.11949
5.25726
5.61138
6.97672
7.05554
4.59616
4.879
1.8143
2.75172
6.76599
2.79215
4.77857
2.17752
5.40824
2.67984
3.58947
4.37545
6.88324
3.82645
4.57258
2.97202
7.95741
4.95896
11.6169
4.19937
7.20715
3.57698
6.8117
3.93079
5.22332
2.11137
7.20009
2.40804
2.72909
4.20543
4.81304
2.36463
2.74168
10.3634
4.63959
2.27991
6.75806
8.62413
1.60053
3.68182
4.11423
6.36761
3.81667
2.18692
4.01868
1.99028
3.31812
4.7937
9.43342
2.42103
8.99537
4.14403
5.62597
3.7193
6.00213
2.56259
6.50025
4.07311
9.17507
6.36043
5.5875
4.93769
3.35134
2.1381
4.03947
3.56773
3.3356
9.67498
5.02692
4.56817
5.33822
3.72026
5.89581
4.85822
6.34001
6.96599
7.99318
6.23358
2.99387
4.95208
6.06144
3.79852
2.96365
4.08477
2.89279
4.75155
3.44188
6.24763
2.8228
9.70643
6.56231
4.49855
5.27561
1.49338
6.07361
8.32951
4.44677
4.79267
6.61381
7.01323
3.64449
2.99109
9.22317
5.96152
3.73273
3.72344
2.34342
7.72756
6.47997
5.36436
3.24407
7.74877
6.97647
6.95259
7.80539
3.08499
7.8313
5.52149
5.21215
5.34264
4.13584
4.97639
4.82595
0.948292
4.06384
4.78124
8.31269
5.80059
4.38079
4.16456
10.8341
1.59145
8.60364
5.19501
1.87312
3.60623
5.04388
10.8034
2.69917
3.7292
3.02884
5.88062
7.02401
3.31648
2.01482
7.55914
9.50343
1.71113
4.54954
3.80485
3.77548
3.64222
5.67235
2.82811
5.06442
4.29919
2.68236
6.90482
7.02798
3.83524
9.79458
2.94018
3.24232
3.93919
1.72864
4.85857
5.7921
3.93448
5.55675
6.09838
6.40723
3.1549
3.34835
3.98863
2.5997
2.96456
3.425
5.31113
4.91205
7.53679
2.67146
5.99423
3.27722
3.42872
4.11805
7.09969
8.22978
2.83261
6.79681
2.86211
5.46353
6.16931
3.48585
2.48222
2.79482
2.7138
2.33996
10.11
3.91215
4.25828
4.96295
6.42329
3.65957
5.27658
2.98634
7.79167
4.84601
4.71995
3.05565
6.96274
6.45922
7.60586
8.71182
7.9254
6.4611
1.58852
3.5758
1.79244
3.51433
2.8904
7.01236
2.95644
8.41032
2.50257
4.67115
3.03245
4.63451
5.64569
3.88767
6.21883
6.44752
5.38648
1.77221
2.91531
5.17412
3.32859
1.35961
7.5548
3.77787
2.65213
6.18193
3.45056
8.83177
10.73
6.94449
5.9018
2.15022
7.23795
4.00655
4.2884
2.74681
2.74089
4.51673
6.85005
3.47484
9.96429
4.59535
6.5297
4.31138
4.90705
5.2445
6.11752
1.89606
3.90774
1.91476
4.95351
9.26882
6.8974
4.51485
15.2217
5.15444
3.54152
5.01642
4.71424
6.1636
3.00108
4.25476
2.73291
3.56499
4.40924
2.56767
3.6959
5.01626
8.34606
3.34867
3.10235
4.96353
3.71288
5.5626
3.36823
2.03917
6.48284
2.30348
3.60143
5.73059
4.90827
4.26949
5.78328
6.52263
3.65494
4.93855
5.44552
5.60604
7.17942
5.12589
3.30255
11.6757
5.80041
4.52784
5.16686
5.06155
4.11384
2.47735
7.01486
9.69889
2.19105
7.14279
8.45894
1.59477
6.28058
4.95895
4.07133
7.53514
3.65506
2.22946
4.2328
4.89953
7.64422
7.48525
4.95429
9.60944
6.24711
5.78849
6.8437
4.91347
3.98334
2.89846
4.286
9.79697
5.75673
2.00612
7.01376
1.27757
5.86163
7.9352
2.6219
4.68128
8.97191
4.74928
3.60303
1.657
3.02609
9.11938
1.56666
6.0602
7.4397
2.01087
5.4617
3.84626
10.5813
2.78476
3.79452
7.9898
2.26674
5.02594
3.43994
3.39134
5.25112
5.94579
9.96647
5.46058
4.71388
2.32882
2.83408
7.36309
4.17649
5.25403
4.61888
2.71211
2.77428
4.27532
4.55903
5.71158
2.92586
4.9073
6.5253
5.79638
6.64585
5.07845
2.84823
4.35778
4.65424
5.79178
9.68989
12.0375
3.09375
3.58089
11.1903
4.0467
5.4421
9.84345
3.30033
3.921
4.35506
5.50395
3.32404
5.44035
7.40272
8.863
7.95027
3.09267
4.25453
2.77089
4.10278
4.7496
9.06246
6.93188
4.79291
6.90111
4.0077
4.43553
1.57342
11.1177
4.98233
5.64403
3.68256
7.33363
4.79175
4.60703
3.74964
5.19059
2.05115
4.90585
6.91237
4.80401
3.72485
6.56401
1.30325
6.18738
7.97314
4.13512
2.9337
3.12249
6.42462
2.56961
2.68048
4.22465
4.62422
1.91895
3.02796
12.9177
1.52225
6.04731
7.69144
4.95397
2.74349
5.93154
6.25692
4.08247
8.42542
2.57532
3.59256
5.60086
6.95954
4.34919
5.38484
2.63918
6.94497
4.79632
4.90343
5.47868
3.48874
5.40097
4.58833
6.27268
4.81165
5.43422
4.63386
4.43819
8.47387
2.64037
7.73973
5.31991
3.14346
8.2198
3.69343
6.34929
5.81526
2.38449
3.65166
5.2381
5.67984
4.02531
3.78515
2.23502
5.68048
4.15709
7.59832
1.54811
3.17176
7.78552
4.33614
5.83482
10.9355
10.9764
2.51919
3.75394
6.52676
3.20146
3.39775
6.43828
8.31938
4.31013
5.82959
5.65461
5.77652
3.53441
5.00212
8.77453
6.95653
4.2697
5.45958
5.50325
6.14551
6.79231
2.87491
4.95918
3.46983
6.77323
5.65721
9.1001
3.62414
4.41772
4.36302
4.32897
3.84141
5.6851
4.33928
4.93863
8.46809
6.5218
6.69845
4.75237
4.21742
3.53698
4.69992
5.12046
4.0733
7.262
2.11662
4.99695
3.06258
4.89786
5.32355
1.67282
2.12185
6.56801
4.54236
4.63082
5.05767
2.30366
4.40907
5.92687
6.64012
3.15192
4.14699
3.66407
2.45198
4.68037
8.87927
7.04781
6.82368
4.42395
5.50979
4.3981
3.48516
7.47175
2.58298
4.68802
10.3897
2.54685
7.88895
7.64417
3.58188
4.65854
3.23934
5.17731
5.32361
1.90798
2.76329
1.95695
7.09066
4.36413
6.05719
4.44363
2.14715
2.69416
6.6319
4.68081
4.62813
5.87804
2.99353
3.74095
7.5078
4.8746
8.74691
4.60874
5.63026
3.36521
3.56094
2.53796
3.27674
8.84873
1.70673
5.46235
2.31563
5.56751
2.03445
5.19662
3.36773
5.55115
1.81987
4.56651
4.45635
6.05897
7.68799
5.12558
6.60144
2.49191
7.82054
6.58094
3.28975
3.99054
5.38581
4.6327
5.55982
6.69735
8.0533
6.69843
6.1666
6.59485
7.00886
7.04947
3.8496
2.44844
14.7504
3.86618
5.52478
8.47027
5.13968
3.8184
1.99346
6.95387
8.15368
10.8833
4.37151
7.15998
4.6509
4.81848
3.20504
3.81532
3.79597
5.98779
5.88737
7.07656
3.62415
7.49882
10.2747
3.85778
3.17779
10.5102
4.74644
3.76486
5.83821
3.38838
2.08822
3.00942
4.44362
1.48611
6.69644
6.18066
1.91757
6.91449
3.23446
3.31198
2.94412
4.4617
3.45685
3.8778
1.80858
3.75081
2.75725
7.91392
4.65677
3.07134
5.42432
4.38819
1.18639
6.0057
3.09664
4.90523
2.49359
4.90738
2.72859
4.61107
8.91155
4.69373
2.87779
2.83409
5.68678
7.27214
3.52461
7.00283
4.59262
3.29562
5.15751
3.32563
4.16666
6.37984
3.38617
3.51934
4.88459
4.69992
4.91799
6.54122
2.49549
3.36378
4.63547
4.25898
8.89996
5.85229
7.50316
3.81004
3.65004
3.89875
2.69055
6.01577
5.6491
4.25108
2.48621
5.36198
3.14244
7.70211
4.3846
4.29189
3.51455
8.01463
2.43781
8.4488
5.64795
6.70554
3.54468
8.52719
6.33073
7.98641
3.47872
7.36603
3.76049
3.22241
5.82291
4.96459
4.2871
7.15829
3.31783
4.35349
3.56904
5.38555
3.04876
3.35957
5.18346
4.79044
6.5338
5.65206
4.68095
3.32489
2.55489
4.0287
3.29716
3.57748
4.99995
8.26753
3.89517
5.60316
7.73898
6.49476
3.35736
14.1095
3.46523
6.51658
5.66554
11.6339
10.34
5.20811
4.42024
10.0323
1.8649
4.71219
10.0237
2.23874
6.52275
4.80076
5.31153
1.74259
5.22671
3.8831
3.17655
6.09899
6.95563
5.21236
3.31644
4.20721
7.13744
1.45169
3.72523
5.02553
3.63231
4.4666
5.45986
7.15139
3.37191
5.4715
9.50079
2.89823
3.36471
4.73462
3.86468
4.77596
3.6393
4.51106
2.82193
2.58869
1.59517
2.75052
3.84539
3.51049
3.07394
4.08178
8.20863
4.34119
2.49781
8.69494
5.64029
5.93851
6.04122
4.51886
8.25979
7.45601
4.36839
7.86459
9.02393
5.47218
1.94604
5.63957
3.28099
4.37076
5.07481
1.93696
4.08044
5.60927
7.67891
11.4076
5.22916
3.17001
3.75341
4.52644
3.03143
2.65635
2.66529
5.54343
6.6414
2.9699
7.78021
5.62759
6.46516
3.344
1.8933
2.08182
9.01565
6.43685
5.28103
7.51802
4.9361
7.37356
3.96355
7.60369
8.14308
6.84497
4.66963
1.87751
8.29435
2.59419
3.08063
9.24063
2.45039
6.82967
4.11145
3.53179
4.35689
9.33753
2.70947
2.53494
3.79734
5.06047
4.38729
5.23288
6.28042
3.73399
9.35345
5.73807
2.27403
5.41008
2.42148
1.25793
4.75171
4.42579
3.85055
4.8097
8.03319
5.08853
4.42768
5.67712
2.77989
5.11856
5.40216
5.39338
3.95534
8.68188
4.85256
5.92253
3.22968
4.47771
3.57901
4.72368
7.40177
5.69766
3.80536
1.97706
5.2274
2.25163
2.64071
3.99151
4.91666
3.06122
5.9434
3.46935
2.87902
4.75481
10.4598
2.17666
6.98209
3.25147
3.75671
3.45502
4.07684
3.27747
3.27583
7.28593
5.33189
8.14875
5.02671
9.77383
4.04257
6.87774
5.0325
2.94196
5.01702
2.69131
3.01062
7.24989
4.10154
6.25085
2.39997
7.77933
1.27618
4.68874
2.69538
6.09788
6.32873
7.12896
5.65731
5.28543
9.17045
3.55907
2.3471
3.78756
3.89546
2.25011
3.84919
5.49163
10.4085
6.07056
7.80694
3.72862
2.44672
5.59941
7.21115
5.36464
6.67488
2.87009
1.12919
4.09892
3.02738
7.18321
5.00448
8.52404
3.94629
7.36575
4.78394
5.31413
4.83258
9.20273
5.2251
1.86241
6.1625
3.9148
3.40488
2.25999
2.54643
4.82942
3.08731
3.50496
2.94713
3.95114
6.2639
6.37249
1.84965
4.89359
4.78812
1.51005
4.83787
4.02508
8.80614
2.8946
5.75313
5.69693
4.75227
5.19351
6.08943
2.6493
2.84875
5.04478
3.57647
6.40854
11.1716
5.19117
4.31222
1.80159
4.67195
4.96526
5.89324
5.48077
3.79445
5.31936
4.44615
7.50609
10.0147
3.40998
2.69386
4.02158
2.25646
2.87653
2.74414
5.13508
8.38017
1.75319
3.64585
5.72022
3.16175
4.0329
2.66889
2.4183
5.90451
8.75032
2.8424
4.20331
8.41622
5.12145
8.36542
3.78742
7.55854
5.48942
3.64069
2.99187
3.08402
6.37585
4.86857
6.9071
5.96341
2.74079
4.23443
2.75638
4.11286
4.42062
9.55434
8.32606
3.93521
4.20098
5.67327
6.46877
2.29226
4.30923
4.57543
2.45018
4.02126
3.84648
2.49169
12.4236
5.72793
1.97427
4.04434
1.3702
5.13589
4.63371
5.06038
4.95544
3.28167
2.37024
5.20271
4.54687
6.2336
7.40774
5.2008
5.18504
11.4142
5.97276
2.48014
4.44233
4.88819
4.74453
3.16978
1.32623
6.71359
7.77387
2.50913
2.85431
6.00215
4.11328
3.38323
2.34156
2.03715
5.86181
5.32136
6.54953
4.9751
3.51683
5.22538
3.71272
6.46926
2.84449
3.5217
8.73379
6.56652
7.5614
4.45166
8.47793
6.48559
3.75287
8.46803
3.17031
7.4897
3.26217
3.67834
3.07934
5.30971
2.76352
4.06871
2.88699
4.25803
6.63173
7.59772
4.95833
3.46679
1.42864
4.55072
5.47997
3.33494
10.4092
3.33916
4.00009
4.13266
6.94157
8.94945
1.71622
1.74128
2.31081
2.31582
4.04239
2.50299
3.1912
5.31938
1.80463
8.7501
7.95364
2.74123
5.04232
2.95565
8.48662
2.8241
11.191
4.17502
6.07862
5.33711
4.87044
7.54442
11.1726
11.1419
5.59607
2.74697
5.99155
4.2011
5.83014
7.67065
5.17644
2.30003
6.69475
8.72199
2.43851
2.48273
5.92817
9.32077
2.55169
4.98823
4.12394
4.57112
3.11126
3.40521
8.60702
6.83627
7.26967
3.87762
3.91721
5.31657
13.352
4.35199
8.19112
6.53013
8.48311
6.30054
4.67477
5.17905
10.1105
5.58744
5.44384
1.72731
5.41966
2.60397
3.45135
4.18358
9.15867
2.06222
5.69082
2.7415
9.79473
4.21071
2.91533
5.21905
4.36531
6.99662
1.69341
6.58573
6.71892
1.90167
2.91965
4.43299
2.56229
5.12431
5.45705
3.29018
3.43627
3.59703
2.80384
2.59346
3.31917
2.97178
6.87117
9.35879
3.34671
3.57752
3.97759
4.37484
3.37693
4.3457
4.31313
8.64347
8.14832
5.39977
3.37796
9.44781
9.13984
4.26313
8.81367
2.56179
4.9973
3.8608
7.43993
5.06004
4.8883
4.692
8.8805
4.75875
5.5705
2.26867
3.80988
3.34886
8.12342
2.63012
3.47715
10.6991
4.09632
5.00244
6.6693
3.47696
4.23324
10.9257
7.53209
7.4492
3.95935
4.03494
4.14006
4.89404
4.25881
3.7312
6.28428
1.8194
4.70616
3.97712
2.70539
3.54555
3.39476
4.44725
5.06033
4.31139
4.73365
4.7463
6.44807
7.12607
7.15249
2.75417
5.59495
2.59255
7.01732
5.70037
4.06311
3.61398
5.2501
2.5972
2.4651
4.79162
7.11203
6.3108
10.9378
2.48445
9.09385
9.19879
4.7474
5.32155
3.46751
2.49883
9.83539
3.05574
3.18843
1.90541
4.89948
2.17819
6.25674
4.10607
2.76145
5.91293
3.53975
6.38017
4.63954
6.33181
5.72658
4.30809
3.16082
2.54814
4.58402
4.8844
5.50035
4.34953
5.49741
5.03444
7.71024
4.77981
4.09608
7.82167
6.45924
4.40633
5.60812
5.65771
4.45711
3.78938
3.10252
8.87117
2.66714
5.46363
2.97614
6.32743
5.50119
8.40789
5.52991
7.61513
5.07414
4.48977
4.9823
6.92981
5.22876
2.48063
1.62833
2.58186
5.01066
7.50769
7.90568
5.62498
6.88472
6.8648
6.12524
3.36334
4.61316
4.96549
5.8755
2.08636
6.01218
7.30382
3.64311
5.24519
7.55832
7.15005
4.11541
5.35545
4.17229
4.42419
4.61358
3.52685
3.71906
3.15112
6.01977
4.38489
4.99623
4.23989
3.62566
4.16173
7.74608
2.35866
8.47985
7.84753
3.36576
5.21121
5.15604
9.07615
2.29286
4.05037
3.36649
7.00926
4.30358
5.41384
6.98833
5.93699
3.72019
4.11582
6.31187
6.74303
1.9578
9.03496
2.3865
7.50621
7.03515
4.19207
6.31296
3.96415
4.04169
3.52653
6.81852
5.19727
5.73304
3.90321
3.33728
2.81614
6.3223
9.00789
5.96706
3.03723
5.82194
2.56606
4.32497
3.87205
6.03225
3.25122
5.48066
9.64552
3.68613
6.45724
3.87852
9.15529
4.60508
4.35299
4.01725
1.63857
3.9835
3.33384
3.97816
8.32853
4.47844
5.23823
4.69713
5.81274
4.62505
4.88959
4.25432
4.21009
5.84715
4.96713
5.66069
6.56923
2.22876
3.01465
5.26
5.5164
3.78127
3.15022
3.99665
3.32792
6.25769
4.99375
4.71816
2.36521
4.14772
7.37944
4.25538
8.28436
4.69333
4.17037
2.39779
2.63174
2.38555
1.58722
6.73603
3.4149
4.18281
4.88669
3.00316
5.2101
5.87462
4.16306
5.84909
4.53374
3.36531
3.11696
4.45651
6.07831
4.65723
3.92933
6.15264
4.54505
3.2016
4.18036
2.68709
5.35442
6.85548
11.4802
1.26096
6.06848
10.2915
5.84875
2.15108
5.81093
6.54313
3.0369
4.87292
9.63411
2.27402
5.86998
3.64273
4.72263
9.15846
6.7336
3.91238
0.899844
7.28056
8.36607
6.25252
6.30572
5.72114
9.48025
3.41315
8.17894
4.41735
7.70475
4.38914
4.74455
4.19217
6.09914
4.07286
4.61057
4.54323
10.6472
4.37266
4.12464
7.56889
2.63389
2.7165
3.34248
3.13226
5.72036
3.55143
3.72718
3.10796
2.75575
5.23886
7.85806
2.68793
4.28349
3.16276
11.032
5.01989
5.80815
6.12508
3.35624
3.1402
7.13301
8.172
3.85432
4.96448
5.92213
4.54572
3.23045
6.00546
6.94177
5.994
5.03832
7.68916
6.14323
6.00332
5.19777
1.71509
2.77003
1.96746
2.86889
1.73271
6.63133
6.02589
3.01132
3.16689
6.40271
8.19664
5.00842
9.9802
1.36674
6.99659
1.67257
3.8933
1.05981
5.81656
4.3414
1.99968
4.55857
3.4455
6.45332
4.23074
4.77443
6.5095
9.11692
4.21477
3.75426
2.86991
6.07461
8.10037
7.21023
4.09381
2.61867
3.49723
5.84891
2.09862
2.44686
2.00887
3.00175
1.4885
4.43458
7.48662
4.31962
6.54837
3.74858
1.751
3.52854
3.25084
6.84331
4.52933
1.70488
2.18733
6.61647
4.03784
4.70239
5.0422
6.26799
6.35004
3.39904
4.59528
4.34964
2.54993
3.83588
4.86792
2.26419
1.88379
4.38593
10.9563
3.31288
5.08333
5.47989
2.98555
10.3153
5.82729
6.40508
4.1477
7.74406
1.72915
3.02796
2.64869
4.85576
4.47004
5.45555
1.58849
6.7596
3.26248
3.09137
3.86116
10.0654
5.5205
5.23785
4.70114
2.2843
6.05429
6.28737
10.9676
3.91986
3.95833
4.63569
5.44281
6.17019
2.53812
3.89677
2.6732
5.35192
1.1845
3.12747
4.07369
2.47507
4.622
1.4785
2.43939
9.50855
2.91497
7.12044
5.00185
9.99131
4.81424
7.14536
5.85574
7.75711
5.48019
3.66542
3.37685
2.87919
8.34915
4.43617
5.13293
4.83644
7.55013
7.99702
7.9337
6.00362
7.62133
7.25646
4.30852
4.50474
5.21396
3.57044
1.8013
4.02077
3.47623
7.7967
8.51624
4.05659
6.23296
4.18329
7.56544
3.4423
4.39462
4.5849
2.40414
3.66497
9.15817
2.37592
1.90624
4.22206
5.47119
3.39723
4.893
5.99309
3.49889
6.48957
6.48226
2.08732
3.79385
2.44129
6.83529
3.7093
7.16428
2.80226
4.98546
2.35371
1.69338
2.33836
2.61677
4.71493
6.78903
6.15104
11.8151
3.57495
7.42305
4.02794
8.87036
5.65331
7.21082
3.6383
3.29487
8.31623
4.54191
3.97713
2.89156
3.30369
4.85252
3.55251
7.7885
4.18373
6.21906
7.86148
7.47669
4.89108
3.9086
5.40831
6.85752
2.85342
3.58208
2.98985
4.6982
6.61651
3.652
5.92541
11.7273
4.93468
5.54061
2.50173
13.2088
8.24122
4.67272
5.83105
5.09906
6.06958
7.71937
3.78661
5.10804
3.01069
8.34852
6.28829
5.67901
5.60289
3.2089
5.25201
3.32984
7.96959
5.83939
4.00063
4.85702
4.61257
6.3487
1.75719
2.20772
9.55051
4.58542
3.5943
5.24137
8.07982
5.0686
7.5544
9.22093
2.29066
2.31789
8.9635
7.6329
4.49645
5.08333
5.78387
6.32531
6.93708
2.01755
2.04289
3.91126
4.74183
4.03396
7.68805
3.85604
4.7882
7.31341
8.50439
5.52664
2.20036
4.67676
3.72766
2.61379
7.1228
2.71326
4.33567
4.21612
4.34729
8.59355
8.46969
4.68549
8.18981
6.42609
7.43316
3.66297
4.59824
2.74168
4.55882
5.97665
7.24294
12.0177
4.04154
2.96412
5.15174
5.35941
7.1286
8.66098
5.72727
4.77374
4.86806
6.38077
2.90188
8.35624
4.09555
4.41593
2.80695
7.33286
10.614
4.32513
6.13218
3.55353
5.43181
10.882
4.1258
4.51012
10.4678
8.34629
7.88672
7.92641
4.67893
9.23927
6.70746
5.14329
2.09464
2.28059
6.81248
5.69829
4.46007
4.37642
5.0434
14.2308
5.7499
4.49027
7.193
3.96237
6.0595
7.36072
4.78288
3.50817
3.73801
3.64095
6.76017
6.94611
9.10101
2.70636
2.94554
5.19626
4.12551
7.18146
4.92884
3.21173
2.97291
3.04613
4.43208
1.43139
3.88574
3.23017
6.08905
5.24797
5.0903
1.84824
4.66248
5.62416
7.72056
6.9588
10.8625
2.53368
3.69659
4.73346
8.45541
1.64566
3.96534
2.96347
3.96598
3.00185
4.71238
5.18168
3.53266
3.04838
3.35427
6.22742
5.64675
6.37247
5.83698
9.07169
9.78889
6.60589
1.89429
5.149
5.7202
3.41489
6.28144
5.44633
6.24389
7.18318
3.70507
2.49141
1.95224
1.63147
1.73312
6.90483
3.57932
2.88104
3.79175
6.95896
9.97017
1.89229
2.10941
5.52706
3.06431
1.31008
6.6534
6.28093
6.53209
3.91089
5.16179
8.31818
7.62853
2.45138
6.69552
4.78631
5.138
4.59962
4.65092
5.23714
4.21307
3.31833
14.6391
3.84282
5.6109
7.26853
9.37405
5.36385
7.75748
6.34116
4.959
6.15369
4.32862
2.7687
2.38514
4.97166
9.6938
3.31901
8.82388
4.83944
6.91765
4.01848
5.15624
4.2127
3.75174
5.98601
6.18859
4.9682
6.34712
7.88989
4.65953
6.01745
7.16708
3.02802
9.12396
3.01458
5.78915
3.22262
2.03157
3.46394
8.38107
4.21134
4.43985
7.25683
3.44752
3.13724
4.00937
4.83802
6.5028
4.94359
5.76895
5.71757
3.76352
4.14703
3.14539
8.29997
1.74372
3.91946
9.94447
2.17322
2.2475
8.62824
4.12281
2.84395
4.1874
4.5953
4.00493
3.62645
4.20341
1.13203
2.84262
7.42411
3.22151
5.26796
4.04628
7.06862
5.18644
6.06307
2.40098
4.09839
4.59401
5.2077
2.90367
2.16367
6.56951
3.07758
4.4735
4.03195
8.04821
3.13979
6.35486
3.18422
3.18749
6.70251
6.7328
1.15183
2.61052
3.82976
4.75952
6.02822
2.51294
7.43761
2.4922
6.22984
5.70075
3.27192
6.70331
2.16754
2.48876
5.65095
4.7382
6.90564
1.92847
9.6672
4.68117
3.20985
3.04479
10.0995
5.16708
4.04284
2.59061
2.67478
10.1765
6.87497
5.18803
7.80008
3.56345
7.39846
6.8606
4.4291
7.15415
6.7618
8.37445
7.14737
8.39667
5.52758
4.51699
2.49649
5.33177
2.70292
4.05686
4.81505
10.2646
5.08454
7.93812
6.59061
6.20187
5.19202
2.88887
4.20005
14.1326
5.97565
4.33393
8.87632
2.58792
4.28701
4.60242
5.80875
5.95239
3.61739
3.79631
2.93315
5.15425
2.76473
5.16921
2.75506
2.71257
4.28706
11.3454
10.1847
6.23692
5.37192
4.5978
2.3165
5.86315
4.35131
6.04766
3.04414
7.13013
3.49254
3.15741
5.51748
3.0531
5.85346
4.51749
3.67629
3.35641
6.57036
5.42506
3.14171
10.8495
4.79608
3.26284
3.61908
4.4365
3.49815
2.66604
2.86845
3.56547
5.45835
7.18567
4.77891
7.57114
4.63256
5.84167
2.18012
3.43883
3.87209
3.3056
1.26013
3.39222
9.95722
4.25302
3.11259
8.57219
6.6246
5.99303
7.09272
3.25541
2.54963
3.70776
5.58833
2.43332
3.70648
7.54948
3.3261
6.22717
2.6184
8.9381
6.22074
8.75761
3.69663
8.44786
2.45042
7.6766
8.3953
2.70939
3.59489
6.08725
6.8775
3.29846
1.54019
2.23107
8.23971
5.72535
7.10242
4.44544
7.29358
4.85513
3.42757
5.89951
6.31905
3.05322
4.17154
6.61831
4.2019
4.09305
3.4222
5.51884
3.71721
2.50222
2.04111
4.10709
3.46357
3.49719
2.74522
1.92601
6.12157
4.10873
7.13055
9.52088
2.8556
9.42056
1.53967
3.25328
5.22338
4.66312
6.08348
2.58893
10.2479
7.20757
3.20596
2.80363
12.2393
2.87393
9.6229
1.93365
9.08931
2.97376
4.17861
6.45861
5.61004
5.90742
2.70605
3.30952
9.34409
9.97072
5.67615
2.42959
5.23523
13.1942
9.75055
2.34498
10.6627
9.19462
3.75574
8.1222
1.51489
2.51043
2.03208
6.27211
4.11574
10.3906
5.53594
8.20189
6.59263
3.86768
3.61109
2.47906
5.17277
2.51567
1.37088
8.07999
4.56266
2.25573
6.75986
2.85647
10.4745
3.4887
5.98807
5.32362
5.34153
7.39353
0.767869
3.41537
3.84879
7.20477
9.41858
9.26564
4.29437
2.74923
3.49518
1.96486
3.55434
3.24305
6.28732
2.00345
3.98308
5.8837
3.5432
8.52425
2.40686
4.53432
4.19934
8.47236
4.80711
4.78929
3.53602
5.45898
3.00383
3.36829
7.29306
5.83977
5.78675
5.72257
10.9141
3.54681
4.44161
4.47539
3.58306
1.8965
3.22048
7.35821
3.12196
6.43222
5.9678
8.0738
5.09961
6.55124
4.35654
1.56214
7.30104
11.2006
8.94163
2.86084
7.22947
8.526
2.38657
7.30541
10.0828
6.99426
7.56561
6.51904
7.7706
4.51827
6.19968
4.33919
4.68744
3.13343
4.48002
8.02974
4.65748
2.27416
5.85432
4.97848
2.99889
6.23935
8.77463
5.39584
2.73532
3.64766
7.21405
3.70532
5.34441
6.17385
8.70183
5.31131
2.18846
1.54467
3.62219
6.29357
6.32707
7.76948
7.89851
3.42239
7.91853
3.12771
4.50759
6.04048
5.34009
5.93861
2.22688
1.96755
4.18553
2.13561
6.21527
6.45284
4.90118
4.80424
3.51801
6.7907
2.31656
3.09299
8.23193
3.17752
4.61342
3.1
3.34416
4.35707
2.43565
5.97088
4.53066
2.71444
3.52605
4.17794
4.20437
5.31038
3.96835
5.48323
5.80536
8.79749
9.30775
2.07241
3.25128
4.79263
2.55152
4.74186
4.71414
3.37318
6.25253
5.08229
8.13077
3.88164
5.84135
7.99812
2.35241
5.2411
4.43342
3.65065
8.27822
5.37954
3.53586
3.68411
3.82279
4.89299
1.98517
2.81545
5.91052
2.30363
2.26581
4.19973
6.54003
4.65877
11.0004
3.7241
2.83766
3.11438
4.82547
6.55031
4.15219
5.57915
1.88635
4.97296
6.97989
2.38029
3.86238
3.75503
1.52727
3.85236
10.2237
2.46435
5.11421
2.07002
9.99779
5.38857
1.46953
4.1532
3.45134
5.84085
6.88395
3.58169
5.8586
6.62838
2.86033
7.42305
2.04905
2.75745
3.32033
3.48686
6.13966
9.03165
3.7093
2.91168
5.85562
6.67157
3.69087
8.34058
5.37681
6.05136
5.78575
2.78898
4.85537
3.45143
5.39252
2.48671
6.45891
2.34513
1.61915
5.6504
5.98773
3.14798
3.85003
3.41461
4.79206
3.2869
6.0442
2.66811
7.20293
3.23846
5.46378
7.13582
3.29338
5.43028
5.19033
3.45394
9.28146
6.29659
1.75294
2.3476
3.1608
2.0874
10.8431
5.87269
1.89697
8.56955
5.95259
5.80468
6.16711
8.78769
2.8028
7.77307
5.08481
4.83223
3.99893
3.03848
4.05261
2.98364
4.24547
5.74164
5.09983
4.98058
9.56478
2.88721
8.24856
3.97311
5.65788
5.56659
6.73739
3.76303
5.23705
5.46983
2.40979
6.59196
4.32547
4.45655
6.63285
12.0232
5.23482
5.80935
6.11732
6.91854
5.36151
4.24708
7.94141
7.70437
4.41057
2.92842
6.93923
4.89598
2.84319
2.22958
3.2858
4.81809
4.77028
2.75297
5.36409
4.24523
3.55415
6.49008
6.32585
5.0522
6.87053
4.31502
10.2087
4.75116
2.71536
3.22485
4.13999
4.23638
4.76441
4.40805
3.38098
2.7988
4.18206
7.18781
5.59627
5.35476
8.08904
5.94731
2.60288
3.86433
6.41188
5.79204
2.54407
5.06627
4.37446
3.25054
1.81845
4.39965
2.7456
4.96729
3.37773
6.33876
4.51373
6.71923
4.88589
3.49522
10.2076
3.28768
4.01328
4.92948
1.54193
3.66789
9.38582
3.73362
2.34882
4.71964
4.87203
5.29186
2.89434
3.52896
1.91656
1.93168
4.69999
5.82733
3.80676
5.56903
7.35009
7.67188
2.88297
5.96463
4.41905
3.24056
2.7991
5.27991
5.83174
3.27976
6.55599
1.49543
5.91234
8.53591
3.36881
3.10051
8.36022
3.02623
9.58661
3.90135
4.14355
2.97921
4.19375
3.27097
4.27781
8.01452
3.47832
4.45212
5.13644
3.91584
4.64029
5.18259
4.18235
3.60511
4.62738
4.04221
2.81664
1.60094
8.93634
2.83737
4.88792
4.96172
3.10288
12.7031
4.90038
2.76224
7.3967
4.98474
4.55011
3.2673
3.71728
3.99338
4.21726
5.46805
3.0666
7.47602
5.12526
9.48124
10.07
7.37689
3.3676
1.59812
3.83014
2.95262
4.43015
1.96146
3.68794
3.88482
4.41723
12.3833
5.23965
2.8943
3.39757
3.6968
5.92428
1.76727
5.81176
4.86041
3.13492
5.31187
3.14027
2.91373
5.88801
8.12187
4.55996
1.92958
2.81688
3.13764
2.66507
3.94051
4.38525
3.70871
6.71385
5.50745
4.63436
3.93103
4.97045
3.01841
4.25669
2.17004
6.93562
5.07327
2.76847
0.884602
5.60831
4.56567
7.98844
3.67606
3.64068
4.64462
5.80218
1.65197
7.29931
7.56151
2.25647
7.31087
5.14361
3.13031
4.13571
1.64641
4.96757
3.49441
4.40006
3.11067
2.83869
2.81684
2.09469
8.61048
5.59435
2.96989
6.0047
3.28917
8.80305
4.96639
3.38948
12.1628
5.92267
10.8489
7.55506
7.50091
3.05332
3.19565
6.85075
5.2826
7.18232
5.91865
4.49022
1.48105
1.62321
5.81512
3.68952
4.22261
2.82135
4.11111
5.35665
4.14953
4.83988
2.91432
2.14453
6.47594
7.13348
3.6286
6.09455
4.55351
6.21935
4.31435
3.27803
8.10973
2.89387
5.63274
7.11199
5.50414
8.35881
5.45141
3.033
9.05477
4.90502
4.15647
2.69898
7.46861
4.33828
4.30442
5.35114
5.53602
4.03145
2.68737
3.03594
8.04877
3.92143
5.44155
5.47708
4.86407
2.62804
11.623
5.84664
4.29748
4.26459
5.54279
6.9506
2.81185
3.15742
4.29839
2.1569
10.4629
5.38832
3.49612
3.30378
2.90291
2.88162
2.96398
3.88626
3.81621
3.78242
3.75364
6.5087
1.77001
2.95799
3.80602
11.1874
5.23642
9.1839
5.54865
3.87204
5.92842
4.6038
4.0075
4.70442
2.9362
2.08103
2.59328
3.81038
2.64612
7.2703
7.05387
4.17117
3.35072
3.57942
4.31409
2.99142
6.58474
2.93814
3.63052
3.26262
3.38457
2.38982
4.05158
3.7732
5.29509
6.03061
3.98504
5.73332
3.58749
7.59232
2.13199
4.46729
6.86137
5.24533
7.49437
2.65331
4.38369
4.90841
3.17
2.8008
1.18475
5.71219
6.34644
2.61776
4.32302
5.31588
1.70442
6.53585
4.43267
4.03574
5.6723
2.74369
3.70308
2.83591
3.53495
3.37012
4.32326
4.40249
3.92213
2.4944
3.71202
1.74482
6.9813
6.80921
3.79466
1.44528
1.38763
3.2142
2.94204
6.45293
2.96647
6.11216
9.81566
5.78781
2.84661
6.02427
2.57703
6.14226
9.22894
6.49859
1.19979
1.09034
2.38272
4.98574
2.12196
9.51971
3.4589
4.83969
8.62088
8.03387
3.81055
5.00483
3.51571
6.19644
3.51535
2.58904
3.08029
12.4557
4.00716
2.60036
5.72958
8.69949
8.03766
3.98195
3.71224
5.73916
7.0829
2.25719
1.57257
6.67154
3.32718
1.26316
2.33777
6.55137
5.77836
2.42089
2.68521
7.23268
2.08572
3.27296
4.17222
5.32313
5.10149
3.7804
3.20263
8.24844
1.47801
3.72266
3.52924
1.61829
6.427
4.11588
4.1823
3.68842
3.51069
5.98641
4.98375
3.31476
3.33118
2.2576
3.45251
2.47395
4.07148
4.83728
6.88871
2.04762
6.89804
5.80773
1.98927
4.07665
3.28045
4.62521
3.97716
2.80716
4.28893
2.17405
8.91143
3.14691
6.30706
4.98284
1.64115
2.63865
3.86327
2.14266
4.84696
8.23143
2.27654
4.63721
6.06229
9.46821
4.29537
3.84549
4.39116
4.24477
3.616
0.818163
5.63849
4.17793
3.90283
5.28023
4.62726
5.92293
5.45599
4.07402
4.0644
1.77935
2.36843
9.02596
1.69964
2.86796
6.63443
4.15748
5.35101
2.26734
5.82457
4.29622
6.50119
6.63257
4.09375
8.81927
5.09188
2.91286
6.72301
7.92318
7.52804
3.17305
7.48806
3.09668
2.10505
5.87064
4.874
4.37798
2.55903
5.32354
2.89305
4.41628
3.44747
3.76415
9.14561
9.64005
7.62905
9.11976
3.50494
3.92744
5.61372
5.00474
5.08138
8.60049
3.28034
2.74445
4.6395
4.67978
2.24715
2.96619
9.00021
10.7449
4.43128
9.33208
4.49126
4.78227
12.3378
5.73672
6.45352
4.71736
9.07037
6.52698
3.96803
5.0211
1.0318
3.16198
4.521
3.85893
2.51504
6.90861
2.99138
5.48593
3.62384
3.19935
7.94521
6.13865
4.12055
5.06242
9.68299
6.45397
3.28807
5.90908
2.46401
2.91184
5.26003
3.77728
5.30647
3.11302
3.69389
3.91781
4.51561
4.19983
4.95249
7.19475
2.22796
7.52441
1.8907
2.15554
3.98435
6.58777
8.3754
7.18298
3.33691
10.413
3.33018
1.71831
5.37827
7.83144
5.12308
3.33287
2.06045
2.73396
5.75851
9.22806
4.83025
3.29591
5.66653
4.59614
1.46035
3.5215
3.5418
5.30036
5.86754
15.7896
6.8355
1.09551
3.69552
7.3087
4.8714
5.13511
4.29318
7.07643
1.72888
4.47655
3.39652
1.22007
5.84658
5.20655
9.42962
5.80905
2.36985
10.139
4.18096
3.62635
1.03524
4.30311
7.33243
9.50535
7.75094
5.8435
1.49937
3.60887
4.34018
2.93937
2.00702
1.68045
3.01481
4.77657
2.37664
4.9266
3.3704
2.30281
5.58136
4.73159
2.2401
9.61944
4.49269
3.14317
2.16224
2.91536
5.37525
5.11927
8.50053
4.70168
5.73504
5.46098
6.85074
6.3132
5.82964
6.40717
5.02375
8.7185
2.37413
3.04517
5.67598
4.93656
4.37276
3.01298
3.397
4.09915
3.84269
2.01936
3.85796
3.29561
5.4317
2.66249
5.23774
7.51391
4.12038
4.00719
3.67237
4.57199
4.35599
2.51259
6.48369
6.12069
4.99576
8.88424
4.82179
4.20672
2.721
5.0927
5.10407
3.35005
3.44035
4.54224
3.81807
5.6545
3.78101
3.57812
5.94074
8.66873
6.63887
4.9744
4.09052
3.36588
6.35176
7.04699
4.02693
2.53947
6.17426
5.93623
3.55434
1.51797
3.28453
3.38515
1.27863
3.33467
3.98993
3.63805
8.76705
5.22333
3.13776
3.09107
9.32954
3.88472
3.06529
3.3594
7.74341
6.94185
5.1262
8.70214
6.59792
3.06653
3.89684
5.47823
2.44684
3.23465
8.2808
4.63052
3.32581
5.68709
3.01917
1.31473
6.38642
3.83893
4.33052
3.49509
5.9495
3.8385
5.61545
3.58725
2.43501
5.35718
1.70535
2.79503
5.50402
4.74831
5.81496
5.48158
6.88135
5.6989
9.46809
3.5188
7.32039
4.60788
2.3298
1.57042
7.32415
4.76863
7.26403
5.34714
1.65144
4.51074
3.29985
1.07136
5.62195
3.13127
2.81817
1.88407
3.19899
6.85357
2.94693
5.89035
3.78069
2.62486
3.34718
2.98258
4.4665
5.41718
8.50474
8.57489
4.65279
1.77858
5.28032
2.08204
8.5087
4.34097
4.62057
11.4327
7.69651
2.55973
5.58123
1.30808
2.66284
6.7899
4.35972
4.91013
6.40813
3.6587
3.93461
2.86423
6.84837
3.07425
1.28802
6.07949
9.39813
2.22159
5.16469
3.23874
6.09421
4.80005
7.00447
4.87689
4.49465
10.2598
6.46504
3.00718
5.83394
8.7798
4.27563
8.85068
3.92809
6.12503
2.12136
2.84567
2.96327
8.50315
2.56912
8.87922
4.09841
5.78593
3.59841
3.92383
4.39157
2.38227
3.84222
4.44359
6.86786
3.31916
8.78885
6.16303
5.6791
4.43072
4.4047
6.39691
3.3272
4.72137
3.28376
6.79867
6.86019
3.94239
3.06363
4.2988
4.31418
3.82239
1.64928
4.02897
4.78931
2.09434
3.92487
5.10177
3.80765
6.19067
8.16613
2.53597
4.94227
2.33902
5.90718
3.72385
3.67982
6.85372
4.96482
8.34051
3.97621
2.67761
4.54747
6.35015
3.12589
3.97873
4.77092
4.31347
6.42366
7.49019
4.50137
3.70579
3.55447
6.52545
3.73112
7.28566
4.69298
1.73741
2.95164
8.03837
4.80721
3.19554
7.56891
2.67404
4.2425
10.5175
4.98344
2.02443
10.759
1.85077
6.28944
6.74848
4.16785
5.62244
4.44656
6.41787
4.10428
2.19972
5.78216
5.43235
8.69991
1.76578
5.19068
3.86443
9.52125
5.6598
6.25367
3.79105
6.36632
2.90731
2.56377
3.82516
5.26032
2.22032
5.75124
7.97175
14.1138
8.82059
3.18344
2.83704
3.62868
7.52459
3.31232
2.93659
3.85703
3.20084
4.8758
7.90451
4.23309
3.61194
6.7305
6.31919
10.0924
3.32319
5.38005
4.14761
4.34204
5.98382
3.08315
3.92776
3.41906
7.40744
3.15454
8.70843
6.84743
3.67868
1.7009
5.38939
6.44312
2.10086
3.81173
5.13172
5.08585
5.83831
3.288
5.63382
3.50285
4.12106
11.4088
2.20912
2.60155
3.92526
4.14235
7.63518
7.71207
3.51221
2.00728
4.44797
8.73862
5.23772
4.72108
5.43515
4.92043
2.39167
3.68235
4.5682
8.05869
6.10867
2.83193
5.375
1.84444
6.9072
2.57338
4.58596
4.63054
3.61048
5.66216
4.13896
5.08889
3.21407
5.11187
3.91594
2.54581
5.99686
5.9003
3.54616
3.12547
5.80844
6.85777
3.01292
3.95428
4.0933
4.68344
4.95198
5.97012
5.00271
2.80975
2.4002
4.7355
6.33619
15.3366
7.81646
4.03085
7.59906
3.47168
8.16023
5.92267
7.34061
1.94266
4.77666
3.81424
2.75115
5.62894
8.46871
3.29998
4.07067
6.51958
5.59274
7.10549
2.71398
6.68873
1.80758
5.62677
5.2013
4.59617
5.89027
1.95969
6.22519
9.33721
7.29018
4.60366
5.24368
6.25917
8.25183
4.44568
6.05042
7.04254
2.71662
4.68649
3.06488
8.58317
9.30165
5.29197
3.56761
3.82947
4.49268
9.43034
4.72265
7.05795
6.38093
3.54976
2.68456
5.28965
2.32448
7.42205
8.03178
4.99603
9.58841
3.76432
5.95743
5.09452
7.85218
4.1086
3.92146
4.00614
7.85665
3.10318
3.81935
5.87956
2.6802
5.21675
5.53335
3.49702
6.79027
4.30189
7.516
5.77182
1.34328
9.70515
1.27674
4.857
7.21835
1.51399
5.18499
2.91448
3.86086
5.22683
4.33133
5.68228
3.70972
6.68533
5.68867
1.93335
12.9196
5.55895
4.41596
5.16493
5.42854
5.82499
2.9036
5.72095
4.6718
8.82935
1.54303
5.38913
4.07069
4.02469
5.34583
5.5328
8.98195
6.55082
5.03681
6.08751
1.887
3.56135
7.40285
6.28046
3.123
4.80429
6.18226
4.05335
3.62792
2.89677
7.00952
4.54892
5.1815
7.40507
5.99072
4.20555
8.06588
2.69973
4.09776
4.49976
6.30303
9.02684
8.26064
5.74639
3.43356
5.46984
2.8049
6.77508
4.55552
6.55828
6.99213
5.62585
1.64059
4.43059
5.59597
5.80456
7.65861
2.82337
2.36128
7.91971
6.49275
4.93676
5.27262
13.5947
6.30117
2.83818
4.28944
8.007
7.07794
1.89946
6.90224
5.5934
7.00204
3.13583
4.92774
6.68393
7.35664
6.72808
3.08373
7.23976
9.20343
2.34594
5.309
4.52689
7.64397
3.48989
3.02141
3.84324
5.51997
4.99299
3.13794
3.50197
5.61504
4.91977
7.63829
8.46954
4.39151
6.10624
3.69772
3.97045
3.91853
9.06915
4.84913
3.14967
11.2156
2.93056
6.34295
5.55352
4.2641
4.06904
3.59978
8.0052
6.57514
10.0899
7.01256
7.84084
6.53297
5.37481
3.54455
10.0142
4.23454
4.70725
3.18799
3.47909
5.33905
5.22921
1.95575
7.80522
4.14395
10.3149
4.40204
5.25183
3.01488
6.80738
4.36021
8.19214
8.02591
6.92089
4.82359
2.75813
3.74367
1.66694
3.40575
8.36887
8.43434
4.6111
2.98074
12.3484
3.37854
2.54934
2.65765
5.44823
9.63265
2.78593
8.33225
2.16828
2.83186
3.95299
3.38952
5.60864
3.32789
4.41475
3.63638
5.56251
3.17196
4.10626
4.46174
2.45067
3.75403
5.70788
5.48712
7.56443
9.31169
6.51397
1.79077
6.05724
3.9819
4.73368
4.91111
6.67699
6.94054
1.77067
3.55952
3.04322
4.8759
4.26019
7.37766
5.08856
4.23019
7.24559
3.0608
3.3278
6.83632
4.73086
4.47421
5.20175
5.35323
3.99244
3.94192
6.87452
3.90995
3.5567
6.32557
2.83178
3.84143
2.27169
3.17869
9.60089
8.87049
5.93743
4.0103
5.13671
14.155
4.37625
4.71796
6.98498
3.02833
3.3798
4.60331
3.95437
7.72872
4.77569
6.43382
6.28375
5.07848
4.66287
7.29773
5.721
6.38488
12.3604
7.2372
3.17469
14.4692
9.50715
6.63582
6.79779
3.80198
1.38413
3.49989
6.8997
3.58802
3.16499
8.35406
8.62844
8.61603
4.88486
6.42801
1.97292
4.6474
7.35396
7.57068
4.27008
3.07316
9.04316
7.44724
3.55575
5.47447
3.87957
3.73121
7.04641
2.69712
5.28913
1.79213
3.76913
5.51922
5.05905
2.08255
6.39237
5.77972
4.22236
3.95423
7.99997
3.15989
5.06588
5.98221
5.22658
5.42817
5.15081
5.44311
7.82354
4.37699
7.94555
3.16428
6.90937
4.06382
1.88157
8.10449
8.06499
10.0011
6.14566
5.96895
4.14723
5.15094
5.72799
4.28733
1.5567
3.34991
8.32782
1.45858
2.65046
6.53971
6.00641
7.13847
7.98748
2.92445
3.8652
4.0842
3.64129
5.23924
5.27185
3.97266
2.42683
7.4506
3.61021
4.41661
10.4814
8.55758
9.87738
4.10036
3.69258
3.50194
3.71566
6.89975
2.71017
5.68119
4.58914
9.37124
7.42408
5.52208
2.58375
2.62561
8.04293
5.00485
5.60581
5.88432
2.12732
2.8673
6.99036
7.60927
5.39152
8.00715
6.30556
2.89233
2.72951
6.98924
6.64706
1.7067
6.70719
4.89111
1.82851
2.01311
8.0023
6.06498
3.05399
9.53235
8.34754
4.49363
4.60364
7.00261
2.43085
5.66604
5.37346
2.00678
6.29628
3.08611
2.44565
5.78035
8.00794
2.70695
6.28888
1.66684
3.18319
5.80959
4.36909
6.92235
6.0114
3.52199
7.11315
4.09676
2.29084
7.3597
6.14854
4.43816
8.31142
4.60274
2.90196
4.75835
9.24966
9.81502
8.91857
5.873
2.91945
10.5095
6.69332
4.89613
5.35579
5.79382
5.72144
1.86397
7.49875
3.87488
4.20871
9.09954
8.37668
6.23991
2.8991
3.21706
3.69083
4.7555
3.11652
4.6602
3.49332
6.45029
3.73818
6.43603
6.5054
4.19576
4.02665
5.69081
3.23222
1.2024
4.35301
2.72693
3.95727
3.27472
5.0178
2.49898
13.4353
7.59883
2.67982
5.41816
8.97494
2.08529
12.5252
3.49901
4.81054
1.98472
2.36594
2.15615
1.6318
2.52964
5.27992
5.90154
3.74943
5.13932
6.3523
2.66532
3.748
6.69565
5.22403
3.34264
4.83629
3.00332
7.2038
2.75101
4.27805
5.13587
3.05806
4.91282
3.68559
2.48826
2.34516
1.84209
8.88996
3.34109
5.92774
4.38591
6.71832
3.34429
8.79477
7.18947
3.89813
6.34596
1.22384
7.02564
2.63917
9.34582
4.588
2.59241
3.4138
5.48457
5.02138
5.95857
4.89874
3.18866
4.27675
2.92516
2.42252
4.02158
4.2961
8.17603
4.53488
5.5988
4.63932
4.74076
2.08685
5.2125
7.37664
5.88039
2.59225
2.68392
4.65601
4.91241
6.09337
4.56204
0.96654
3.24921
3.8388
4.24842
4.82065
6.93098
4.44407
7.79431
10.7343
3.91081
7.44027
6.09309
11.8551
9.10609
12.0971
5.52626
8.39735
4.43678
3.91357
2.79221
7.20066
4.55413
7.44706
3.27281
4.0115
4.07175
5.45403
8.76355
3.38643
6.07686
5.14763
2.67626
5.53869
1.92419
5.92632
4.21987
7.04193
1.48234
4.62963
4.60939
6.20948
2.00988
6.50926
2.90881
5.10077
4.50947
5.88205
2.60105
5.31516
5.61641
11.1085
6.5536
3.58748
4.92216
3.40663
9.52191
6.52884
5.86981
5.30576
10.4286
1.92695
9.0061
3.58359
5.61035
2.5468
2.51638
1.77709
5.88757
4.1971
2.85915
3.28893
2.31537
4.62848
4.73102
5.02408
2.30084
6.00261
3.83335
4.27685
3.832
3.46742
2.84544
5.09358
4.44735
2.61917
2.68975
3.05059
3.75957
4.84071
2.94058
3.89812
4.61892
14.1553
3.02631
5.06847
5.84445
1.52134
3.92051
6.86268
1.61992
3.17805
7.07847
3.12431
2.91348
3.98502
5.55009
5.62218
5.96835
4.90145
4.67653
5.88882
3.2765
3.87002
7.74899
12.7727
4.73551
4.44166
8.51145
5.65444
8.44824
4.99666
1.58688
2.46205
6.32568
4.6867
4.11217
6.35348
3.35179
2.00574
9.82033
2.05763
3.67082
8.16648
5.59357
4.57832
6.85741
3.10705
6.52148
6.22976
2.69274
5.05383
4.7956
2.39787
5.00417
6.79293
2.56039
4.06781
8.46759
3.35072
7.42227
6.73143
5.0785
2.87675
5.57722
2.58941
4.52523
1.03292
10.2629
7.96176
3.21424
4.21568
9.76578
4.74868
4.90345
4.27098
5.41899
3.72028
4.4447
5.12611
5.07707
3.6838
3.73782
6.40495
3.00112
2.19296
2.86935
8.15186
2.96235
3.33528
4.79986
7.44236
5.976
2.45636
6.51211
6.83319
2.96215
3.6875
5.0083
5.69228
4.62283
3.53021
6.69774
7.17252
4.05933
2.61841
4.50753
1.51042
8.52825
2.38146
4.89255
5.65079
2.64274
5.16967
6.12425
3.84224
6.34973
3.77004
5.93921
6.61969
3.45826
4.67823
4.07273
5.21074
5.80771
7.07862
4.84209
6.10092
4.9214
4.63939
3.91697
3.03438
6.15184
3.35415
5.87506
7.8268
4.60043
5.20311
4.029
4.28175
4.53685
8.75716
1.50219
5.86145
4.79913
3.78048
6.78327
7.07171
4.87497
5.11917
5.85967
11.2086
3.39624
8.53278
3.0928
4.95603
2.41776
5.25508
7.37849
5.64426
6.97789
7.43868
7.82725
2.46703
5.78576
7.54469
4.52076
4.4342
1.27124
4.40366
2.89189
4.26742
6.0869
3.59525
4.25636
3.98184
5.70474
1.25385
4.56126
6.67066
4.55996
1.90119
5.50001
0.953778
5.04689
3.0237
15.2906
5.40177
9.17892
2.26175
4.84478
4.56179
5.23211
3.40188
6.67239
6.14045
6.70327
6.12348
5.28818
3.88105
1.5292
3.76917
4.72216
2.24634
4.2862
5.14001
4.46472
11.3569
6.78049
5.71966
3.87848
5.36259
4.93383
4.70424
4.37747
5.48161
9.06848
3.05111
1.86721
5.17567
4.69978
1.96627
5.5085
6.66433
2.66286
4.79841
3.35865
6.07344
2.65224
4.92176
3.15534
4.07595
3.23659
2.61869
3.77714
5.81198
4.07137
3.24329
4.97637
5.03086
10.6445
2.58873
8.52735
8.07663
5.07578
4.40097
5.60979
3.82354
7.29695
3.28858
5.96604
5.65844
4.45507
8.55375
4.8072
2.7169
5.08146
2.97258
0.991976
3.80705
5.56326
9.8115
8.452
3.22689
4.26696
6.5294
4.9659
4.80418
12.2933
8.45949
1.56335
3.52956
6.1652
5.48438
3.1932
4.25877
3.08022
3.43323
4.41565
5.30674
6.96137
7.94188
2.55344
4.23683
3.65464
3.55769
2.43642
3.46438
3.92634
3.72565
3.52392
5.16136
3.8122
3.65267
7.47895
4.10391
4.62503
7.22428
4.04156
3.84773
4.34218
4.34744
5.30807
2.75181
8.53688
1.8181
2.2992
5.87022
1.98719
4.30685
6.46755
3.3028
3.87416
3.67398
4.66083
3.73568
2.72476
7.73779
4.07774
3.68735
8.71185
8.98963
6.19674
4.41638
11.5256
5.79728
5.02707
12.5494
4.1679
3.59503
4.44857
4.50468
3.54506
3.09417
2.9491
3.39453
1.99501
4.85624
11.7927
0.748526
1.69791
8.97617
2.21327
4.99203
7.34873
8.39555
2.62468
4.33301
5.81904
3.90701
6.44256
4.90803
2.93487
4.47686
3.83216
4.51537
4.80736
7.54842
2.74368
2.90291
11.0348
10.0758
3.50529
5.93016
4.18588
2.52805
10.1185
3.23826
6.76657
3.07487
4.71838
10.3173
4.93792
3.68301
5.05876
5.27033
3.80199
3.33659
2.97326
2.72536
4.22463
8.04362
5.28009
6.10598
2.27844
3.30154
2.46271
10.3454
5.11008
3.82487
5.13563
3.90232
2.95147
7.85935
5.67639
3.70657
11.5788
7.12172
7.74879
3.99628
3.92797
7.56819
1.71419
2.88831
9.97242
7.05274
2.60566
3.78865
7.00836
7.03837
7.98674
4.34152
4.79633
10.0058
4.8991
2.49214
3.1703
3.16385
5.89446
2.70774
8.87408
6.95429
6.3058
8.33624
3.94879
3.68358
6.39423
5.73035
7.09245
4.58888
5.39715
5.70417
4.7428
5.95889
3.87509
4.6301
3.66289
5.15646
6.3469
4.49668
3.70767
3.89401
4.06919
5.43364
6.60134
5.84521
2.43881
5.68062
2.93398
8.79094
3.00162
2.11491
4.55459
3.74386
3.89027
8.14518
3.16494
4.19184
5.82002
4.42595
12.9937
3.2671
6.83035
1.74508
6.13682
3.06026
4.82126
2.38432
2.57346
4.22049
3.75402
5.6383
4.27433
4.19447
8.7744
10.089
2.89887
3.4926
7.41786
4.40264
5.24757
7.87064
0.987609
2.74377
9.10143
3.27186
5.85258
9.73295
2.44005
5.00747
5.5077
9.54892
6.21369
5.29956
4.64227
6.16257
3.65425
3.26469
2.65318
5.63934
10.2879
4.25878
7.47191
4.23776
4.52234
3.39192
3.15045
6.4125
4.72318
5.80804
2.96354
2.44185
0.56372
6.75024
4.7376
4.74847
5.9219
3.51415
4.39554
3.83072
4.6847
5.2664
1.87493
5.76933
2.31625
3.00656
4.19337
8.47601
1.6953
2.69901
7.1142
7.16147
4.61231
6.58896
6.23881
4.91928
2.86582
4.25772
5.45057
8.45306
8.07087
1.74242
2.40285
3.4659
2.6503
12.6964
8.5139
5.41976
3.92361
4.84283
3.85148
9.02303
6.41474
3.32583
1.88934
6.82713
2.44744
1.9892
3.06168
8.79165
6.67679
4.08967
7.14975
2.75118
2.93415
5.61442
3.12318
3.3868
2.2291
3.85468
6.0191
2.90439
7.69424
6.0626
4.39241
1.94241
3.62382
5.52849
2.4949
7.93926
9.15343
4.63626
4.9132
2.72037
2.56785
2.09903
3.92357
3.86433
5.62215
2.69006
3.60441
3.43789
8.68186
8.84238
4.2026
6.17379
8.9734
2.24605
4.21259
6.97265
8.50358
4.54042
4.2504
6.39258
3.45041
6.03798
7.95473
3.01804
3.24037
2.0018
5.66808
3.16344
8.15444
6.37168
11.9568
2.28633
2.9198
2.57864
4.40572
8.89444
2.88042
3.6326
5.23245
4.79738
8.11015
7.88525
4.13522
3.1213
7.73685
6.6759
4.09598
3.66629
5.82306
5.25809
8.57455
4.56357
3.28873
3.66386
5.61304
2.66733
6.7744
8.58229
2.06667
6.27902
5.17568
4.49748
7.58421
5.98909
3.38447
5.09235
7.37331
5.53689
3.88427
5.54541
3.75068
7.2449
3.19236
3.04928
2.20275
2.2084
7.46929
3.00159
4.83458
3.32416
3.97728
2.48061
3.78215
4.49878
7.07774
2.53372
8.6704
2.87531
4.76596
4.5439
2.01811
5.19062
4.52668
2.65797
2.95812
7.76561
3.74537
4.1332
5.8564
1.95434
2.93055
11.0374
6.41139
5.88254
2.91427
3.63465
4.37733
6.07467
1.59935
7.98825
4.95244
4.08905
4.86819
2.4691
6.29001
8.65611
3.94877
2.84751
3.37398
2.51982
3.62639
4.82989
4.00245
1.85092
5.81471
2.13241
2.7406
3.15155
7.51115
2.35721
4.2082
3.89926
3.52753
4.71501
5.90759
3.47547
5.13114
4.51299
2.58983
0.353407
6.89746
4.28285
2.89643
6.60839
1.97616
5.00757
3.67582
8.21158
3.47986
1.53178
5.16215
6.0468
5.92098
1.48899
4.3248
2.47161
3.31135
3.83098
5.44053
5.9279
3.61483
6.64439
3.56613
1.95406
4.60312
6.04303
1.78605
3.40706
5.49889
2.3379
6.06613
5.09618
5.86562
3.7725
7.25044
10.356
2.93576
2.08121
3.36087
3.16505
4.01073
2.33956
2.4558
6.47359
5.54188
4.81968
5.32848
4.15376
4.83057
7.43877
6.61859
3.3629
5.42701
3.49568
6.38849
6.49748
3.88038
5.26082
3.88661
11.0764
2.16468
2.68239
4.20453
5.45445
3.98536
5.77234
7.52986
2.76451
5.22097
5.59024
5.15028
2.21006
7.90568
2.54037
2.84268
4.85566
4.96927
4.88082
5.47907
5.01114
5.12831
2.93644
4.59769
3.50157
3.69091
8.51384
4.88936
4.71537
3.36969
3.35179
5.34887
5.7562
8.98225
1.77279
3.13475
6.79471
3.06597
4.08476
3.87543
2.75169
3.79346
3.5366
1.81226
4.55703
4.22114
6.15625
4.53725
3.07337
2.02933
7.43645
5.06094
4.07328
8.68883
6.96081
2.80226
4.20676
8.38399
4.18422
3.48115
6.26933
2.15732
8.39208
6.09453
2.60353
7.12234
3.90918
4.82421
5.303
2.41612
6.45081
2.79511
6.4048
5.40315
5.98114
3.46774
3.10283
2.98765
3.47662
6.58429
2.29219
3.83027
7.38136
5.45611
3.93695
4.0176
4.90131
3.68013
3.45592
3.55029
3.54268
2.37963
5.74299
11.1919
7.6209
4.29127
4.84503
4.52983
2.81573
7.18507
8.92195
6.78037
7.3216
7.97012
4.44875
2.95056
3.2192
3.78467
4.16414
4.7071
2.22101
2.83121
4.79865
3.84299
2.66079
4.43737
3.46271
2.66219
5.86872
6.39828
6.42649
5.63917
4.25016
3.16642
5.59722
3.29278
7.91596
10.5321
4.43213
4.77188
4.36671
2.59584
5.70802
2.35204
2.65831
4.52418
3.42307
4.3395
1.38279
5.22776
4.34373
3.57137
5.82551
5.18534
6.4135
3.74681
5.91053
4.51207
3.37472
7.36494
3.03479
4.42246
10.1135
2.27185
6.12479
3.86975
4.78257
8.55711
10.9958
15.2857
5.59388
4.48669
7.34374
7.41804
6.60443
3.55498
8.45307
4.42639
2.92926
9.67874
2.25948
6.28591
2.92424
5.04693
2.56431
5.89588
3.66253
5.51124
3.03455
6.28543
2.59953
9.40785
2.47565
8.87948
6.03408
3.52784
5.03651
4.02352
7.23993
2.05349
5.54711
2.94718
5.97398
3.00383
7.27418
5.54817
4.42617
3.25459
8.40431
9.25935
8.63292
4.57174
3.5642
3.99359
2.2543
4.00267
3.95597
1.63483
5.29815
4.71289
10.8445
5.14769
3.43739
9.55873
5.69023
5.4236
1.98254
4.57722
9.59929
7.44368
5.33876
4.06604
7.98565
6.25307
8.3046
8.98546
2.30429
6.47719
6.42134
7.27458
4.10027
6.04026
3.29668
6.51398
10.3584
1.26447
5.93061
4.31854
5.42975
5.51306
4.33469
4.43612
3.46175
3.90283
6.697
6.00013
5.83259
4.37574
7.10094
4.98038
6.47253
3.37082
2.08301
7.3453
5.73509
5.02962
4.43783
3.28179
2.29293
2.28779
4.11632
4.12669
6.7714
7.59957
1.90989
2.60433
5.23396
4.98758
4.05846
7.6455
6.79041
4.14089
5.04329
6.34811
2.58183
4.0119
2.36753
8.02224
8.36238
2.01184
3.96097
4.83202
3.35247
4.21103
8.61131
3.90264
6.82342
4.40533
4.61706
3.18324
4.48857
3.4928
2.58815
4.91564
3.45753
3.21134
9.13992
6.52228
5.75044
9.1984
6.8123
6.06308
4.48362
4.56651
3.6951
6.58153
6.01014
3.59111
5.5492
9.30814
7.90898
4.85308
6.57439
5.91428
4.1714
2.17228
3.83438
3.27684
4.28395
3.55971
1.49778
4.29192
6.9014
5.95533
2.99033
7.30198
4.04684
6.05416
6.18454
3.14843
5.42568
5.2284
4.09123
7.8435
3.29623
2.88052
2.43421
1.87969
9.33734
4.09125
4.97721
11.6751
7.02254
6.07808
5.06846
4.09933
4.95271
2.05178
3.72996
5.04953
4.42309
4.95855
5.11811
5.13879
3.66932
9.77345
5.26514
2.8863
2.49023
3.72121
1.49653
7.8779
5.59999
3.70106
7.76936
4.81539
8.30309
3.84143
4.20168
3.07344
1.64873
5.30187
12.6481
2.80357
4.14601
3.99265
4.46968
1.54912
6.42612
1.75597
5.05227
4.82174
10.5692
7.24518
7.22765
5.80753
4.71535
5.81421
3.47097
6.1219
6.20076
2.6691
7.56527
6.34134
1.59455
5.81952
4.4166
7.80328
4.18645
4.00677
5.53679
6.26837
6.83512
2.79294
1.77316
7.53403
6.41635
6.72846
4.93715
3.44549
3.09196
2.85176
3.45543
3.59333
8.00556
4.35021
2.68521
8.86344
7.30162
5.06214
4.24841
6.00853
3.04441
6.03757
2.41921
4.25605
2.94371
4.40492
5.55627
7.87885
6.11612
2.40098
1.27866
4.04948
4.201
1.62441
5.60404
6.19106
3.6876
10.2197
3.4703
4.85417
4.23761
7.40431
8.1684
3.98553
2.6212
6.23326
6.0307
3.58193
9.00146
5.88851
5.72935
4.00629
6.83941
2.76397
7.90922
5.73181
4.54786
5.6428
5.35
4.33412
2.60566
5.15512
2.83113
5.81831
6.48611
4.39828
3.05152
1.53837
6.95517
3.8844
2.07044
7.30049
5.68131
5.64324
2.86852
4.67308
5.73985
4.72444
4.1864
4.12303
3.74533
5.79111
5.73213
2.18882
4.16914
5.42786
10.4528
3.29026
6.16317
5.03106
5.64459
3.22766
2.5012
6.86688
4.18475
2.23518
2.08755
5.83571
3.35195
6.46731
3.63068
6.21723
6.31345
4.63551
3.50013
5.37355
9.49437
5.82994
7.24618
7.4031
3.7941
4.75816
4.69191
5.25518
2.53787
8.15951
4.4962
2.79304
4.0122
10.0914
5.48754
5.46852
3.58852
5.05625
4.41276
8.86552
5.26
7.01795
3.16775
4.31264
2.51503
8.46564
4.20785
10.8964
4.00597
3.54521
4.93429
7.25192
4.6665
2.1804
3.19375
5.90916
2.12914
5.31904
5.96825
5.91847
5.67035
4.10219
2.65655
2.83814
3.89412
8.19823
4.18178
3.12561
7.93638
3.15805
2.40546
4.349
3.12688
9.96483
6.49692
5.1418
2.13744
2.49827
2.86972
7.09311
5.32956
8.40118
3.90168
3.42655
5.41059
4.27228
5.65899
4.75116
3.73588
6.41263
4.07361
4.47798
6.32709
7.91933
1.7528
3.32132
1.82912
5.07359
4.5223
3.75138
6.05494
6.42545
5.92032
2.21238
2.42033
6.9021
5.39697
5.9034
3.87411
3.45074
2.81821
3.57893
5.09505
6.31001
2.66848
5.70805
4.29603
7.16103
7.14784
3.1619
3.57117
4.31106
3.55442
10.8907
6.70939
5.21781
4.40978
3.64071
3.37631
12.9386
3.28821
5.75743
2.89879
5.01955
5.31797
6.11992
6.98818
4.86925
3.37592
6.11649
3.51264
3.00522
5.17174
2.65444
7.71953
8.70406
3.61685
8.34731
7.99677
4.65609
4.5184
6.81095
5.13776
3.54801
5.35076
4.67615
2.93769
4.42962
5.63665
4.203
2.8915
3.71409
3.56124
6.27312
6.56252
4.24294
5.25976
8.18208
4.76136
3.08197
2.65535
5.98278
10.0551
5.65864
6.71842
3.55437
3.37159
2.64451
3.68305
8.52221
3.03532
4.39481
2.9172
1.98375
5.41832
7.6751
5.50185
5.78139
2.12635
2.73115
5.29772
2.32297
6.66137
7.08385
2.90954
6.53478
2.34344
5.94593
1.4193
5.16312
1.16715
6.2169
3.91974
3.01198
8.03742
3.21199
3.2162
8.30945
8.07637
2.74054
5.1012
5.76754
3.25354
4.19214
7.61968
3.62841
3.21467
6.02293
5.52151
6.96704
8.23558
7.08784
6.50166
7.33421
5.94457
3.43253
3.20206
1.76534
4.87037
5.46472
1.9574
4.70563
3.03971
2.93025
1.99459
2.19557
5.66716
5.56806
4.34899
4.26325
1.74628
6.27527
5.59453
7.00533
4.35503
4.25399
4.77227
10.197
2.84279
5.5174
2.63706
6.43875
1.06722
5.09466
2.2181
3.76124
6.45016
2.31736
7.13645
8.94295
3.83863
4.80719
2.13466
7.61317
2.63633
3.58178
3.93751
9.47642
8.94965
11.5884
7.55836
5.36061
3.35937
2.3365
5.50983
6.15266
5.30108
5.26327
4.26635
2.63839
3.20272
5.74311
5.52108
7.48152
5.71803
4.39921
3.02697
3.08414
4.18002
2.47067
6.54282
2.66346
6.58365
1.59863
6.08673
7.59277
6.01884
7.20195
4.59896
7.97524
6.56469
4.16759
3.14702
12.0545
5.09312
4.78592
3.50957
6.50759
6.79941
8.21868
2.47988
3.40671
2.92923
3.52492
5.44157
7.45625
2.31855
1.30945
8.05435
1.4349
3.24269
6.23056
9.77119
3.29208
6.70993
7.97707
4.41769
3.00918
4.95357
3.30356
4.1683
3.61309
4.30891
6.30294
11.6724
1.66531
4.93892
7.6338
8.96013
3.38656
3.06284
7.73474
6.01428
9.3672
7.45476
2.13058
4.18367
2.37627
3.55712
6.21277
9.93987
5.01454
3.16133
7.03935
4.46792
13.1914
8.255
3.68169
7.08936
7.1585
2.80255
3.06497
3.12599
3.1022
4.40471
7.90882
12.56
2.91183
3.80284
6.83262
2.66114
7.15942
4.35651
3.42132
8.59933
5.92902
2.68835
4.94493
3.45895
3.54278
6.16537
3.50485
4.06252
9.09763
3.04652
6.69021
7.82905
4.42682
3.30692
4.8936
7.18118
4.8507
4.62967
2.83594
1.54755
4.52642
3.00323
3.73408
6.81194
7.32504
7.98118
5.85433
3.75099
4.34967
4.09024
7.01546
4.08127
9.36956
4.36097
3.23059
5.45405
7.87614
1.98511
2.27386
3.83897
8.83806
7.69058
4.76023
4.92881
4.35904
3.30739
9.3052
4.75504
3.37127
3.23539
3.22554
4.65141
2.5174
4.86771
4.44125
4.3238
4.89571
4.0672
5.12011
5.08267
3.78661
11.4299
4.70102
8.87857
6.36217
5.12794
5.14
2.14939
1.02196
4.32162
4.79364
5.24834
5.34376
7.48239
2.96068
8.65262
5.88352
6.64523
1.8506
3.31562
4.81283
6.45837
9.22712
4.63255
3.3144
3.54186
6.06337
5.97924
4.28392
9.13913
3.71073
5.33066
2.02636
3.89857
6.86629
4.78708
3.00185
3.83555
4.74039
5.26692
6.19684
6.85135
7.54806
4.59442
3.7902
2.70752
2.73137
5.06551
3.91982
5.2601
6.1385
6.54635
2.90681
5.8735
6.95155
3.69214
5.9147
5.42181
6.63562
6.08108
4.21648
5.04256
7.57408
4.56589
9.40469
3.69243
4.17385
7.39692
8.6867
7.98562
1.20306
4.18013
5.57856
2.21401
5.57958
2.09879
6.21021
5.34112
9.64143
4.28148
5.28393
8.58127
9.44386
6.37974
7.21249
3.60352
6.62462
3.92846
3.66393
6.6865
3.95232
4.50401
3.36019
4.86744
7.03925
1.81366
5.88638
4.56707
1.84424
2.6401
3.62825
8.2058
2.01811
8.17529
9.28818
5.91855
3.76627
5.51415
4.50842
4.60651
6.77308
4.01902
2.73505
12.6255
5.7749
4.72957
5.65374
6.23721
4.25603
3.08421
7.57957
8.39809
1.70495
7.89694
7.32356
7.14369
0.639883
3.40455
1.8232
2.64184
13.5739
2.98294
6.09569
5.24038
1.55653
5.5675
3.76015
1.27298
5.73833
3.00452
5.15839
4.22866
1.39239
3.77544
10.4562
2.05675
6.19384
4.72462
7.09459
4.42389
5.02688
4.39471
6.20652
4.79654
4.93131
2.72276
5.29037
6.92147
5.07201
1.13183
5.3113
2.09005
4.3313
6.97505
8.01469
6.21571
3.53315
3.10183
8.0444
2.45285
7.2411
2.6803
9.15796
4.68233
6.09475
2.31318
6.85025
3.68403
3.13934
6.17293
5.80717
2.89421
8.46052
2.94732
2.86487
2.89202
5.31642
5.86117
3.38461
4.946
4.5304
3.58807
2.18724
3.80072
6.39646
3.60386
7.17222
4.69956
3.19486
2.95952
3.54154
3.55456
5.48945
2.89946
5.66476
7.75872
2.89165
7.61933
4.93139
5.47792
9.21315
4.34404
10.4642
5.80316
8.04744
3.22611
6.50158
4.60612
5.02849
4.80135
4.0351
5.17026
4.73182
5.7938
2.64973
4.76032
8.47887
13.7252
3.65571
5.78261
5.35314
1.13196
7.78917
4.2616
6.17442
5.12216
6.72623
5.44611
2.92386
4.82216
4.46524
2.85174
3.8084
4.92285
5.39174
5.2109
4.79803
3.81771
5.71004
6.51
5.98357
4.50917
4.27564
3.6344
2.99732
2.94907
3.14363
4.78738
4.52541
11.0884
7.20913
7.75775
11.0737
9.30301
8.04858
5.96782
3.72989
2.39725
4.66516
5.23177
1.25546
5.71883
4.93469
4.71361
3.23949
3.84795
2.84915
3.91071
6.31852
3.57871
7.03144
5.33169
2.44811
5.06867
3.77922
8.24258
4.24321
3.78074
5.78258
0.713772
8.13944
5.88146
4.72303
5.88603
5.59529
3.9202
4.3668
8.79446
2.79382
10.0852
1.71747
5.75095
3.38371
2.53372
8.03172
8.75903
5.42355
6.01445
4.18803
8.0826
6.44275
4.02745
4.3622
7.64923
4.56002
3.37463
5.16702
6.81223
8.74609
1.58387
3.21712
2.90695
4.99126
4.73562
2.29779
8.59237
6.38786
5.12765
2.90416
5.69935
7.86048
3.57798
3.85018
4.24576
5.0627
2.73377
5.35776
5.50527
6.76205
3.17687
5.43104
3.24413
5.50036
3.10598
6.45589
8.0792
6.25039
5.99194
3.92001
2.07208
6.9193
8.06826
5.23488
3.64789
7.61291
8.45078
3.6801
1.56141
2.46825
3.68844
5.97224
3.28242
5.20525
4.35072
3.3382
7.25522
3.82566
5.63692
5.27252
3.82946
4.85151
3.92068
6.06927
3.35761
4.37759
2.97964
5.28879
4.27946
5.96858
10.1189
5.15255
3.36907
3.58103
4.47263
6.99619
2.40009
4.89884
6.20362
3.98309
9.57668
5.6747
3.41373
7.79569
4.74243
6.50017
5.2397
2.52774
3.27969
2.64407
3.39202
5.41099
3.08401
5.48524
3.83245
6.49295
5.47173
5.79992
2.56163
9.5278
2.76402
4.11733
5.12405
6.44611
1.22773
3.68554
3.63936
2.08115
4.01246
7.22788
3.76712
2.89711
3.22606
5.26175
6.47964
1.05333
6.20289
3.06125
6.3951
2.83549
7.56205
6.93726
4.53874
4.21734
9.86342
3.96987
5.51664
3.13263
7.87137
2.90499
1.35625
7.06245
2.80186
5.56771
2.67777
2.33071
3.01615
4.54964
4.54044
4.63534
4.33084
4.75532
2.77075
3.15013
3.67783
9.53382
10.5736
4.3579
2.72714
2.82869
1.38134
4.67186
4.79
2.53625
5.57391
2.92763
7.5342
3.32944
3.99654
4.22428
3.82367
3.9232
4.16825
6.66734
9.87319
5.73233
5.69866
4.42145
3.99822
3.86287
2.93491
9.4325
8.82411
7.97878
8.61551
6.24022
7.98051
2.03347
4.81184
3.00865
2.8231
4.56509
3.11654
5.47585
7.00961
5.73636
1.78621
6.03803
5.87246
4.67868
3.53231
9.66198
5.12271
3.46539
2.95179
7.9883
3.14321
5.23559
5.9033
5.25955
3.99351
6.70222
6.05054
2.67647
1.82139
6.29781
12.2565
4.26174
3.04649
4.59034
3.25562
7.954
4.85817
7.10762
2.26751
3.49784
5.64312
4.88763
7.00286
5.3277
5.8924
2.8571
2.49949
2.92785
2.79891
5.82928
10.6463
6.92062
5.52857
7.90363
5.14143
2.90766
3.7818
2.25144
4.30543
8.3312
4.95365
3.24421
4.06546
4.63075
7.69716
3.40739
2.56522
3.63884
5.83161
10.9257
10.143
5.59969
5.78198
3.11731
5.14889
5.15836
5.25442
5.85516
10.3845
1.99588
3.83933
3.28888
6.67303
3.11417
5.13257
6.15532
5.25622
8.22647
6.22014
5.77595
6.36786
6.63959
7.70365
5.3839
5.58574
2.87314
4.09365
4.10841
5.35986
3.43917
2.83437
8.28145
4.94989
6.22089
8.0288
4.99834
3.9562
1.68194
4.52323
2.75303
3.92488
4.76466
4.62042
3.87586
7.476
6.00662
2.17463
5.81793
3.61161
3.13089
4.86972
3.10449
2.27633
2.31069
4.75282
1.38572
2.82731
6.03989
5.57916
2.92743
6.23903
0.939711
12.2717
3.22113
3.32267
2.9248
6.31985
7.22857
4.64642
5.02226
11.6085
3.70437
2.62774
5.20825
4.58026
7.13331
5.35004
2.82805
1.91229
5.92943
3.92187
7.14594
7.26036
5.11732
2.35374
6.67156
4.6242
6.52842
6.34452
4.43578
6.00013
6.17851
2.49563
6.71609
6.07177
9.73435
6.7224
3.85049
4.19335
9.27576
6.70517
2.43882
3.81789
2.69
2.88727
8.7445
4.85078
3.68119
5.07708
3.42205
7.56774
2.69055
1.89467
6.58304
6.20207
3.74567
9.51742
6.41196
3.58867
3.09483
8.54671
4.69883
3.99871
4.19043
6.53629
6.48048
1.74525
2.5795
4.1521
3.65303
2.64045
5.28859
4.50139
9.03412
7.641
3.33337
4.50226
5.75172
7.70286
4.82166
4.87687
7.42169
7.0696
3.76237
4.16472
4.01128
3.82066
8.55546
4.42671
4.41044
8.60631
6.35923
4.45484
12.4251
8.18898
4.48141
3.5468
4.37982
7.49546
3.59179
5.51635
3.12231
3.27542
1.87841
6.13984
4.5572
2.15086
3.70894
5.20032
8.83371
5.94883
4.97415
3.85594
9.8285
2.30445
4.59278
5.56744
3.5696
2.51926
2.72963
2.33007
5.54653
3.398
4.44562
5.35783
4.59098
3.29331
8.73895
2.23872
4.06107
4.79653
3.38874
4.81754
9.49975
2.26154
3.05598
5.18638
3.19526
9.89633
5.10275
4.47281
3.45479
2.68701
10.2131
2.7199
6.12688
7.349
4.71787
7.04156
6.16649
3.52211
5.81901
9.31503
4.19076
6.67845
1.81654
4.77704
3.52613
1.73727
5.8832
6.00622
3.87941
4.22996
2.24286
4.59646
5.48818
8.02536
6.96757
6.9052
6.63338
2.70283
5.72761
4.93244
6.23193
6.03006
7.81604
2.95992
3.94254
9.05804
2.50909
3.43159
4.08914
2.90258
6.58841
3.97777
5.6943
5.97824
4.27419
6.10817
1.756
9.48273
6.92618
7.00186
2.67644
5.33018
13.3783
10.146
2.85268
5.07735
3.48858
4.08401
3.37279
5.61386
5.93392
5.16312
6.5922
4.27886
6.90909
4.66335
4.5927
8.95044
6.46865
5.5705
2.69526
3.81677
5.88438
3.49795
9.41749
4.59294
2.77724
5.83239
3.84447
11.0563
4.02025
11.3182
7.11868
5.91837
6.88322
4.4589
5.84957
3.94251
4.25874
4.89069
5.9279
2.11266
3.3123
4.96588
4.531
8.60849
5.43752
8.32307
4.40064
5.0018
2.52747
6.16645
10.1911
3.8656
7.15396
8.85078
2.36346
4.0408
4.50241
3.75413
6.29747
2.90449
3.75592
6.59632
6.36021
5.2287
3.935
4.78391
2.45585
8.32069
4.53019
2.70863
6.82163
4.35722
2.58947
3.36146
7.10207
4.69591
5.60112
7.56774
5.58927
3.49506
3.99935
5.76534
5.28785
2.3995
8.90718
2.31845
3.47141
4.87751
6.81521
3.60736
3.87582
2.70417
3.0031
7.41196
11.8243
4.25484
4.70896
3.26063
5.8548
4.23688
5.34358
5.89446
4.98603
4.54395
4.79496
8.88576
3.58934
11.6244
3.48396
4.24174
7.15019
5.04712
6.41291
3.57992
7.12315
4.31039
5.71215
3.35788
4.17942
2.25792
7.60682
5.31961
4.261
4.73092
8.98382
5.36996
4.37278
3.37588
5.45094
5.7348
2.77647
7.19279
5.8371
4.75406
1.4456
3.60174
5.06739
8.34978
10.5781
2.35735
5.44021
3.47317
5.39917
2.41015
3.5252
6.10561
6.05935
3.10071
7.01663
8.40309
5.32133
2.29632
6.55638
3.60729
3.15671
3.65698
5.63975
10.5122
4.26502
2.53673
8.00567
9.55572
2.99514
4.68301
7.42463
3.40878
7.93824
3.3088
2.64912
3.92994
3.08713
3.77827
6.71719
9.56855
6.7942
5.66219
4.38377
3.49132
10.4436
5.60988
9.8412
8.2402
9.15975
3.36225
1.90096
4.98125
7.0314
2.68688
1.9838
4.87304
2.10137
6.86889
4.74613
3.34323
4.6012
3.70183
4.03622
6.82113
5.86907
3.6254
4.49019
6.25321
5.61582
2.43601
7.066
3.38056
6.5996
4.09555
4.14154
3.95458
4.13724
4.15312
4.11977
3.51484
2.41545
2.77005
4.72528
5.33769
4.27945
7.03828
4.28792
4.45198
2.08026
6.58802
4.38697
4.59533
3.95587
7.95293
10.2635
4.66002
5.60455
2.14629
2.54399
4.85509
6.48834
2.79894
5.76992
4.0705
6.49675
6.22553
4.80688
2.83962
2.68035
3.79075
7.64555
3.20494
3.92022
6.67855
1.73202
3.84459
7.52418
6.01362
3.40265
9.0241
2.5336
4.85178
5.2359
5.6759
5.51028
2.47301
4.60741
9.01292
2.85681
4.0952
2.28017
10.6444
3.96852
8.396
6.38854
5.71827
11.1456
4.08515
3.84191
5.02045
6.76985
4.21101
2.93891
3.60139
2.12367
6.36498
6.16916
5.35664
7.81291
2.3874
6.3233
1.36975
4.3723
9.82328
1.64473
4.01992
7.9598
8.17455
7.52548
1.95687
5.80318
2.68936
9.19378
5.14529
5.02603
4.60552
3.13618
4.90434
11.227
9.17039
4.28205
3.78185
7.48113
3.2375
6.79662
4.75861
4.50075
5.97933
3.75113
5.96051
2.01152
5.50201
5.71474
4.66351
4.7786
2.44208
8.75937
3.04666
1.57582
7.01392
5.77859
3.93593
3.66656
8.41204
9.34089
2.42997
6.4032
4.43363
3.95663
6.40735
3.92171
2.14074
5.40141
8.4428
4.67091
2.78244
2.66935
5.89226
5.70046
6.47604
2.21316
9.20567
5.93608
3.88114
7.37152
1.8541
3.004
7.10315
11.0828
5.76139
8.95742
7.26993
7.02061
3.23475
5.57438
4.2119
5.50906
4.34359
1.02128
2.77093
4.86743
5.70237
4.75877
4.58546
0.900119
6.85469
6.65801
4.60554
5.66118
8.10828
5.3053
5.95459
3.99857
2.71912
2.44416
1.63176
2.64056
3.63383
5.55329
4.58539
3.40143
8.05477
7.84446
7.8516
5.30123
8.16544
5.76
3.2636
2.81155
1.95715
3.93987
2.8372
5.45473
8.54146
4.09752
4.4211
2.74575
6.1253
4.48931
4.9652
5.62611
3.50266
4.39695
3.2719
5.85526
7.34865
6.65966
6.51969
5.16747
3.17019
14.632
5.90317
6.92813
2.88251
7.69194
6.37955
1.95671
10.2464
2.73587
6.75147
3.1518
4.36153
2.35553
3.95942
3.6646
2.47567
6.31207
5.6799
7.54014
2.91113
4.69573
2.78635
5.37371
3.65033
7.74396
4.36296
3.00357
4.39959
3.45058
2.44295
5.11597
4.3714
2.32977
5.83602
4.83879
4.89853
5.5846
4.71528
8.74752
5.14097
7.72894
6.41655
6.16609
5.01016
3.70665
4.87053
5.94781
3.88944
7.48696
4.9861
6.16219
3.12997
4.35644
7.94148
5.8327
2.57092
2.37536
4.64548
7.2843
4.5906
5.9697
8.24906
6.6967
6.71215
2.81123
5.30781
2.54577
4.79555
3.98411
3.9026
4.68101
5.09266
3.5307
5.15588
5.03612
3.16849
13.294
4.92422
4.70075
5.67928
1.58712
4.43227
2.57578
5.17205
3.59342
6.75024
8.52151
5.87032
6.31469
2.3201
3.71863
4.28426
4.73152
2.00164
3.81857
3.18068
8.54277
6.68599
7.4863
5.60981
4.76286
5.31423
6.56268
5.73545
5.55958
1.8368
2.92092
4.68557
4.09012
4.24118
4.87063
2.95443
4.83326
1.77875
2.85682
6.64401
11.2817
4.75983
4.71775
3.77832
8.17648
5.70095
4.84883
5.00405
9.63454
10.1833
3.07426
5.89467
3.98628
4.22497
2.2002
6.88575
10.8777
9.48222
6.41634
7.28502
7.06269
2.19486
2.7088
4.71859
3.17475
3.11311
5.17494
1.09398
3.02333
3.83511
3.23512
5.95842
5.76326
4.03656
9.17807
8.79031
3.54879
4.98392
7.26858
6.79675
5.68416
5.70464
5.18967
7.67054
4.44353
4.60666
3.09057
4.10234
5.93598
6.39516
4.65969
4.46236
5.17104
4.32113
2.46376
6.95229
3.64092
3.9498
4.58748
5.29557
3.4795
2.9971
5.76663
7.57228
6.41696
1.75182
7.37595
5.73764
7.55118
2.42279
6.37618
8.70853
10.3016
6.82956
5.04327
5.37715
3.85714
4.2083
7.95815
3.71311
10.6381
8.70788
6.59779
2.12503
5.56897
5.42782
7.44574
2.14641
4.44146
6.25259
2.33847
6.47891
6.99507
2.52666
3.98595
4.50533
8.28914
6.44665
4.25724
1.48734
3.06524
6.17152
6.22377
5.40521
2.67422
8.82957
4.81683
8.45958
3.47052
5.12515
3.223
3.76275
3.86704
2.9358
3.92239
1.78377
8.22181
4.42683
2.51321
10.3763
3.63569
1.87536
3.23102
2.49023
5.08216
9.35975
4.98257
8.66417
5.86253
6.15348
2.69885
3.26247
4.66701
0.626277
5.52925
4.05439
3.12171
4.26852
5.56003
2.17589
4.79222
5.83815
8.64319
8.31826
5.95641
6.71923
2.3464
2.5644
6.99667
7.63952
6.59977
7.08752
2.38389
5.93657
3.53645
1.95566
8.50931
1.94584
5.33584
9.34331
3.50914
7.5253
1.76778
6.02853
4.19418
3.12205
5.28469
5.50041
5.66365
1.84084
4.43796
7.37883
3.10204
10.0328
3.15055
4.57841
6.47024
9.04378
7.62585
4.54333
5.49451
6.39382
2.69905
4.04398
4.14748
9.67776
8.39157
3.95052
9.46239
7.18067
5.50576
1.9755
2.24949
3.4039
2.17147
3.79998
5.40309
5.35341
2.04565
4.92313
3.38581
6.19365
3.5292
5.21434
11.7113
8.02409
11.6105
5.79021
5.84917
8.61052
7.95812
5.4155
6.88427
3.72214
3.98244
7.52
5.9387
3.65663
3.67915
7.02214
9.88119
6.98984
4.6418
5.87175
2.82065
9.23068
3.05417
6.86115
5.06932
3.17645
2.64109
4.63043
0.757295
4.7379
2.56426
5.32209
5.39262
2.49393
7.04186
6.79679
4.94532
5.9278
4.84852
2.20771
3.75554
2.41396
2.31132
4.54403
6.76617
7.91878
4.67441
9.21106
6.05947
4.22442
4.23483
4.69766
3.8029
5.11025
3.73031
2.90441
3.22651
4.4148
4.70805
3.46149
5.3114
1.84852
6.47524
3.81983
3.6627
5.7288
3.89723
3.33871
3.04293
3.99888
4.8492
3.7759
3.19317
3.2196
6.39983
3.31395
3.99442
3.34667
8.10401
3.64236
9.63227
6.44017
7.18792
4.0354
5.4955
0.894904
5.48925
4.74569
5.07714
3.65686
10.6504
2.992
1.94456
7.37769
6.51298
6.17372
1.14329
4.74764
7.3414
3.98788
4.92365
3.02765
7.25837
2.91126
3.89574
4.79317
3.67518
10.5282
6.14819
2.6775
5.48797
6.45944
8.18636
6.2389
3.00895
4.90533
5.2011
2.6763
6.6505
6.30394
5.17364
1.97253
5.27563
2.14656
4.71703
5.8983
4.16397
5.11441
3.77608
7.03736
3.96293
8.94543
2.6689
3.23085
3.82252
6.33458
3.6048
2.16079
5.97702
3.63823
1.19612
8.8991
4.49549
6.16242
3.94939
6.79421
4.2363
2.84193
3.36986
3.10714
6.04838
5.9645
4.22572
2.51048
5.24141
3.92778
4.26732
1.51241
4.48384
6.34898
3.54562
2.64521
7.90163
1.3192
3.21528
7.31455
4.11843
4.96881
6.9246
5.47298
6.78196
6.60934
1.50577
2.45794
2.94058
4.38196
10.8945
5.16317
5.48412
11.7372
6.92171
3.49064
3.90687
2.24097
4.70586
5.96453
5.22431
6.2387
4.79191
6.38363
4.18644
6.28148
1.7837
3.76409
9.63953
8.88186
2.15972
4.44717
5.18976
6.50296
4.1939
9.63601
2.83721
1.84638
9.51232
6.70886
3.83471
8.67899
5.66987
4.34444
6.50422
5.17695
2.53173
5.19007
4.98225
2.49983
5.26412
8.46252
8.55975
6.26783
6.79866
2.53696
2.06603
5.49447
4.69628
4.55533
6.64887
9.06336
5.74068
3.06126
2.15814
6.39797
5.72234
1.90804
3.58725
5.3232
4.823
4.63253
3.89438
3.80071
4.52975
3.97059
8.2307
4.54946
3.24965
6.16673
5.9662
3.37414
1.88253
7.5802
1.89765
2.4165
5.86335
6.19629
2.62339
5.46429
3.15718
7.33771
8.3276
6.15055
4.61515
2.68543
3.10835
9.36986
6.94846
2.63139
7.31505
3.29377
7.51181
6.42164
3.04521
6.60809
7.14404
2.37137
1.67968
3.26804
1.92082
5.42292
3.07823
4.53519
7.13396
3.17305
3.31768
2.21011
3.04726
2.73125
2.08666
4.79833
11.16
10.0532
9.58584
2.94482
3.70629
6.42583
5.36476
5.29321
5.48201
9.13777
4.47461
6.53499
1.41728
5.54574
3.13383
4.07324
3.30998
4.24609
6.15491
6.64416
10.066
3.36346
6.32863
3.36175
3.60381
2.37548
3.56995
2.35255
7.6707
3.2675
4.72307
4.20497
4.82764
1.8202
3.69102
6.40593
4.08223
4.75341
2.57283
3.90019
3.81053
5.87301
4.27878
5.31847
7.25374
5.54845
3.32949
3.49767
5.8445
6.61292
1.85548
3.17673
2.96676
4.55325
5.7892
4.46025
5.10215
4.69562
7.09946
4.44376
6.34319
2.3859
7.24955
3.21782
7.61569
2.51916
6.21052
6.27241
2.24243
8.03884
4.16016
13.4274
8.78008
4.45551
5.04728
4.07887
3.75676
5.96934
6.22347
8.27487
7.1185
4.02734
6.15091
4.67352
7.06932
9.51626
3.39124
3.64238
6.05468
4.06325
5.61439
2.37777
4.26435
0.749416
10.2623
6.95447
3.78973
3.03638
4.2421
10.8396
3.37438
5.71336
4.1742
2.54825
2.20788
4.71494
1.55265
3.62853
3.60019
3.22791
4.38478
3.01656
7.89174
2.59835
5.5029
4.88564
6.16221
2.63748
1.92125
5.36623
4.01395
3.50069
2.09713
2.4153
12.682
7.22402
4.41593
9.46698
3.53664
3.64912
11.261
6.48086
2.09992
5.64042
3.53353
6.3567
3.10325
9.59958
6.1454
3.49619
4.65803
7.09539
8.19179
2.31063
6.63963
4.42361
7.11691
1.61914
3.03387
5.41748
5.92027
1.41883
2.1567
4.29427
3.50101
1.83727
3.9152
6.67081
5.15299
6.03017
6.26898
5.67323
11.6404
4.33902
3.35012
9.01854
5.98051
4.31165
6.02093
5.54575
7.5782
5.80768
3.23512
2.69257
7.39635
5.26156
9.79353
2.2791
9.09561
4.53419
4.52891
5.65336
6.19994
3.41389
4.47861
3.07177
5.14439
4.26031
3.69606
4.02596
1.81421
2.98704
4.65978
2.91166
2.53003
2.64188
6.13522
8.88574
2.15293
6.55227
6.85573
1.43463
11.101
3.36163
5.74052
4.59843
3.48437
3.55531
5.39897
3.36679
8.79603
1.80809
3.98351
3.19238
3.0886
3.3584
2.7955
3.37406
3.24068
2.07012
3.65899
1.17134
5.64315
6.77831
2.39327
4.07388
1.4884
4.4236
8.57538
5.62039
7.68486
5.24248
3.07782
5.05212
3.44215
5.70256
4.03219
1.91667
5.62399
5.05157
4.20633
7.5688
6.48931
11.8071
8.38548
2.97597
4.60597
5.0511
6.52607
3.68088
3.40827
6.49235
3.02845
6.07037
8.95894
2.38918
3.09204
5.93074
3.95834
3.51322
2.25786
5.78704
2.98755
2.70027
6.60316
8.98348
7.56846
3.67078
2.26722
4.37462
2.23433
3.98929
3.54177
2.44602
6.92149
7.33568
4.37627
3.84219
2.0378
4.52779
3.61508
5.34953
6.96772
1.63421
7.02725
3.74055
4.19048
7.61388
5.97536
9.50405
5.54408
4.06129
3.55662
2.99439
3.05156
8.80217
5.76297
6.12986
9.29989
4.36957
5.11111
0.767642
3.65923
2.98268
2.91674
4.73385
3.68568
4.30321
4.79553
4.06042
3.6412
1.85548
7.15625
3.55035
3.08928
4.32997
1.99815
5.93998
5.6257
10.104
6.78481
3.17192
3.7886
4.33514
4.93175
4.44041
4.72989
5.88662
2.27445
6.52277
6.58695
1.5502
6.71352
9.25886
