0.668732
0.886146
1.43193
0.444472
1.0033
2.31447
2.79443
1.67381
2.40051
0.496214
3.84983
1.79068
1.39735
1.07499
1.49512
0.925353
2.22284
2.47629
1.8066
1.35369
1.06962
3.93948
1.45686
0.687042
1.46047
1.97811
1.76669
1.34763
0.979798
0.708866
1.13087
0.67391
0.595678
2.05281
1.04143
1.22259
2.03405
0.95419
2.01434
1.39479
1.41792
2.85526
1.31708
2.94181
2.1535
2.76384
1.89242
0.859354
1.69308
1.72109
2.1883
2.01372
2.13282
2.24792
2.94081
2.21821
0.792312
2.11612
3.12255
0.749956
1.52286
1.64775
0.536711
1.6192
0.780324
1.15708
1.62257
1.09973
1.51338
0.99958
0.517639
4.23378
1.98828
2.06375
1.86796
2.24193
1.71035
1.20549
1.39287
0.520581
1.3425
1.36367
2.70883
2.4642
0.400106
0.431694
1.48895
0.825417
0.650053
1.62398
1.73984
1.64368
1.40717
1.59983
1.79991
0.3431
2.72152
1.57338
0.888283
1.32124
0.748353
1.44635
4.28981
1.75216
1.81223
0.611781
0.775158
1.55226
1.30833
1.49044
1.35517
1.86118
1.42102
1.24204
3.97418
0.289458
0.772936
0.510746
0.751264
1.00848
2.12582
0.0701619
1.08903
0.445869
0.811177
1.0659
0.84874
2.63163
2.08567
3.10245
2.97219
0.405013
1.86609
2.04918
0.847095
1.5748
1.1726
2.45214
0.691062
0.762834
0.115037
0.615016
2.42586
1.08163
1.55406
1.11888
2.28199
1.0621
1.41895
0.881554
1.61264
0.893804
1.49579
1.38642
2.18463
1.72301
1.52414
0.72318
0.702799
1.47921
1.47553
1.67196
0.434326
0.854839
1.26414
1.01353
2.63836
1.12119
4.15703
0.934748
0.596417
0.820615
0.428016
0.824683
3.90006
0.755182
2.15397
1.22557
2.19928
1.54225
1.711
2.38899
0.831914
0.589251
1.08889
0.406488
0.841985
0.254084
0.176691
1.10306
1.11663
1.70859
1.82335
0.942676
1.14744
0.45047
0.66324
0.742176
2.03581
1.37102
0.675821
2.78503
0.419799
1.53203
1.12916
1.09439
0.638188
0.966932
0.88625
1.39675
1.81646
1.31292
4.59211
2.78205
0.509716
0.353225
0.881361
1.43554
2.08411
1.54533
2.11619
0.381362
2.76584
1.43661
0.876014
1.21081
0.920547
2.45162
1.0115
0.935809
1.21167
1.02527
0.899854
1.16883
0.710765
2.86656
0.8255
1.17946
1.56441
3.19388
1.77863
0.332854
1.07242
0.925154
2.02606
0.641489
2.16997
1.57137
2.16442
1.52182
0.754028
1.60868
2.49944
4.32158
0.56514
0.655768
0.868388
1.10071
1.4844
2.76958
1.43721
1.57359
1.45634
2.73457
0.757049
1.52215
1.03564
0.282142
4.47568
0.98035
0.44868
1.03333
0.877321
1.27039
1.61664
0.546616
0.66919
1.6102
1.66744
1.80239
1.31127
3.87846
2.91988
1.4464
3.20139
1.63378
0.517983
1.15744
1.0459
0.898769
2.21636
2.33923
0.221611
0.834293
1.01254
3.44203
1.50028
3.15799
0.668786
0.422692
1.24294
0.680699
0.897026
1.62931
0.694809
0.917924
2.07166
0.649889
0.720828
1.16306
1.50344
0.820006
1.20638
1.25638
0.85336
1.25119
0.902931
1.18881
1.29624
2.23409
1.14515
1.44289
1.95578
0.762351
0.799379
0.793869
3.28234
1.6694
2.41566
0.713033
1.21907
1.17888
1.30302
1.18206
2.8536
0.986256
0.953032
2.75199
0.822327
2.95042
2.11843
1.44414
1.15784
0.976693
0.944193
2.19548
0.272782
0.314877
0.515697
1.09358
0.236639
1.19177
1.037
1.14738
1.38544
0.423719
1.03795
2.01574
0.870564
3.34129
1.17545
0.706145
0.671912
3.07874
1.18439
2.72325
1.87922
1.92085
1.04687
1.6893
1.20577
1.42756
2.667
0.765696
1.32317
2.32314
1.02252
2.7196
2.53689
0.967295
1.56369
1.2157
1.4872
2.43226
2.73689
1.7238
0.882614
0.789986
0.639025
0.442534
2.69388
1.53147
3.06974
2.7343
0.493675
0.505457
0.578034
0.507943
1.0108
1.33096
4.09763
2.03383
1.82235
2.42106
2.88541
0.810978
2.19039
2.42093
1.57431
1.57254
0.972813
1.63422
1.50461
1.54094
2.84992
0.732858
1.52843
2.05982
1.2757
0.502957
1.89837
0.445712
0.225332
0.946446
1.90294
1.24118
1.38775
0.425349
0.161189
0.975796
1.99179
2.1539
0.370446
3.56136
1.36592
1.82167
1.4813
4.24719
1.7363
1.18503
1.70311
2.36075
1.3084
0.818329
0.866938
1.03301
1.22965
1.65459
2.71885
1.05477
1.06175
1.04019
2.38629
1.00761
1.90218
0.771092
1.22969
2.50877
1.39406
2.02605
1.80435
2.05877
2.85428
0.570222
2.8728
2.40081
3.56904
3.34777
3.09309
1.30953
1.67904
1.85797
0.941816
2.65937
0.868655
0.376497
1.1528
0.601151
2.67356
1.27723
1.00871
1.88932
1.70339
2.28833
2.89385
0.323394
1.59475
0.772606
0.923766
3.90001
2.25052
1.95178
1.31427
1.50231
1.76085
0.618129
0.899283
2.74356
2.15738
0.693867
0.811028
1.93782
0.873829
1.22201
1.62644
1.81851
1.11462
1.05696
1.79753
0.486644
1.63285
0.568122
3.04583
2.40507
1.41472
2.68922
1.4478
2.87488
2.13474
3.58986
0.640981
0.989703
0.617942
3.11586
4.1708
1.48533
1.94358
1.14385
1.02788
0.998524
0.209044
0.994411
0.64577
0.712799
1.29696
1.73538
0.903967
2.19702
2.1207
1.8846
2.74786
0.289235
1.49784
3.17756
1.251
1.23617
1.55928
0.695142
1.77355
1.59456
0.518038
2.04544
1.74539
0.830292
2.42774
1.18074
0.833369
1.12736
2.83936
2.73795
1.41153
2.06669
1.13495
2.70985
2.96183
1.13105
1.16653
0.377641
0.231802
1.90762
1.00194
2.69329
0.183573
0.918137
0.806383
2.19831
2.23086
1.1541
1.07153
1.58576
3.9823
2.14541
2.88282
1.19135
0.67571
1.24195
1.27345
0.552413
0.92607
1.34679
1.84407
0.784917
0.824656
1.42761
1.25314
2.45292
0.774086
1.69657
0.337083
1.70146
1.15184
2.05356
1.53605
0.518844
1.28216
1.60971
0.999582
3.11305
0.537221
1.64406
2.11551
0.614154
2.72294
1.44003
3.5997
1.05925
2.14393
1.35664
0.528268
1.21522
1.46248
2.13855
1.74285
1.55441
2.85498
0.922296
0.933265
0.629007
1.67574
1.73244
1.66369
0.25046
0.78038
0.242057
0.974138
0.196955
1.98463
0.513715
1.58121
0.842126
0.471562
0.503392
1.90923
0.828762
0.410026
1.23879
2.57282
0.259644
1.56931
1.20744
0.457737
2.51889
0.808294
0.815799
1.08784
0.680816
0.693094
1.14591
1.60837
2.03379
1.94158
1.47251
0.992808
1.05872
1.89746
1.33496
2.80827
2.51996
0.665267
1.21027
1.04416
0.80714
0.752469
1.79814
2.17762
1.89956
0.494851
2.5622
2.08545
1.72867
1.20772
1.5889
0.689546
0.560771
1.14717
2.09762
0.586059
1.46712
0.965985
2.5216
1.31512
0.708213
2.61076
0.654425
1.02386
1.51545
1.76396
1.4739
0.985019
1.601
1.1698
2.00376
2.13062
1.59181
2.01523
2.64684
2.53987
2.17237
0.944014
3.78088
0.642209
3.79943
1.82459
1.61363
0.669975
2.68162
1.03912
2.39769
2.25827
1.56812
1.17066
1.45412
1.13855
1.99414
1.47249
1.42404
1.91621
1.41422
1.52273
0.79817
0.481652
1.03849
0.933194
0.985325
0.920821
1.00448
1.63026
0.127436
1.42682
2.03021
1.21097
1.2954
0.481261
1.80132
2.4374
0.663443
0.650387
0.413997
1.4089
3.05405
3.7332
0.974895
3.12495
3.33826
2.0342
3.15259
0.694771
1.60692
1.9215
2.43108
1.35069
1.40489
0.605119
1.21205
2.4905
2.48972
1.71462
1.63913
0.434849
0.606267
2.09096
3.3996
1.4405
1.60735
1.92678
0.867231
2.10913
2.7285
1.34575
0.356125
2.71585
2.94394
1.83881
1.92724
0.782415
2.35495
1.0517
2.20823
0.895467
1.48838
1.41519
1.70536
2.00262
1.71156
0.471401
1.38466
1.61418
1.47084
2.2562
0.489869
1.00568
1.56792
2.6386
1.69495
0.67207
2.74837
0.330383
0.677277
1.55013
0.828656
0.786655
0.532102
0.321849
1.81135
2.17226
2.38446
0.76282
2.94001
0.464461
0.659583
1.28261
1.91666
2.19116
1.46075
3.41906
2.46105
1.48843
1.08618
1.07062
1.79675
0.686529
2.70815
0.978974
4.75618
1.33572
0.806075
1.41836
0.779258
2.53239
2.04934
1.08488
1.00399
1.28302
1.3388
4.23168
1.47587
0.734596
1.60638
0.570665
1.29016
2.53313
2.23465
1.43606
0.990649
1.09082
2.25789
0.670315
0.811868
0.875011
3.05827
0.638801
0.335815
0.755789
0.697504
0.772393
2.42095
1.44419
2.6391
3.51159
1.81851
1.95002
1.73741
2.19129
1.39658
2.60222
1.193
2.35183
1.53376
1.63056
3.58365
0.265415
3.07498
1.857
0.281355
0.995023
0.885845
1.8628
0.480471
2.52301
1.34404
4.78596
0.483018
1.91733
2.32897
0.498459
0.774393
1.11962
3.15186
3.25124
0.332193
0.531614
1.65523
0.681688
1.5627
1.72744
0.928398
0.943992
1.75602
2.12104
1.3836
1.49034
0.997517
0.638513
1.94142
1.53792
0.618593
1.16619
2.51389
0.948828
0.705801
0.784803
2.33164
1.95152
1.28355
0.880114
0.959252
0.462603
1.5016
2.03139
1.09752
1.02277
0.692923
0.897872
2.58191
0.274967
2.79109
1.07419
1.12908
2.34925
1.58295
1.62332
1.77202
1.25732
1.51481
1.49531
2.17927
2.70622
0.177518
2.79297
0.780752
3.3522
1.90454
1.12195
0.282295
0.860477
0.191014
1.58069
1.18484
1.38341
1.94096
1.42526
0.848659
0.817369
1.10709
0.374527
0.805121
1.48393
1.44879
1.54548
1.53551
1.67738
1.02349
3.03745
2.67762
0.468052
1.17484
2.94032
0.850881
2.92209
2.10731
0.604418
2.82504
1.53899
5.34956
0.839962
6.1526
3.27516
0.69226
1.80163
1.36237
0.671326
0.398461
4.48006
2.65834
1.33457
0.563853
1.74619
0.948204
1.30744
1.85266
0.779165
3.06201
1.37618
1.2824
1.80577
3.63757
1.2815
1.28644
1.08725
2.02298
0.58963
0.819499
2.78092
3.23053
0.980764
2.55627
2.03617
0.948616
1.66485
1.70164
1.34327
1.04289
1.16767
0.511614
0.79333
1.35283
0.962549
0.476711
1.26069
1.30394
0.188436
0.387382
1.76065
0.616739
0.843542
1.23108
1.69185
0.615614
1.18431
2.82385
0.551385
1.65522
4.67207
0.227051
0.19777
0.976716
0.559088
4.18345
1.49049
0.963541
0.922754
0.919283
1.6274
0.482321
3.53581
2.51262
0.87328
0.434506
0.783269
3.79226
3.63677
1.47209
1.24603
0.600852
3.65587
0.833077
0.940775
3.8423
0.342455
0.972577
1.46319
1.01299
1.82426
1.84472
0.937711
0.917149
0.616373
1.98045
0.408457
0.304986
0.474869
1.13269
2.28012
2.13607
2.45757
0.708904
1.84284
1.15379
1.11984
0.860227
1.05046
0.330889
1.19214
2.61047
0.947586
1.73174
1.1954
1.34727
1.00501
1.72085
3.75983
1.27835
1.01288
0.810738
0.195308
0.602267
0.754797
0.539436
0.649367
0.888838
2.0142
1.71802
2.56724
0.676443
1.07169
2.02173
1.235
2.0038
1.639
1.84173
0.754529
0.709797
1.37341
0.83597
1.26038
1.18121
1.29159
1.6593
0.510452
2.33364
1.63722
0.857059
1.54607
1.46757
2.05683
1.42298
1.44426
2.26366
2.73012
0.692161
1.17363
1.80248
2.32949
1.54756
1.45205
1.71456
1.29001
0.716696
1.50517
1.79507
1.25036
1.06818
1.38923
0.303101
3.28266
0.634777
0.597428
0.708692
0.736312
0.755422
1.36311
0.453845
1.11151
1.32841
0.618728
3.19288
2.85076
0.733556
1.43521
2.2166
0.624391
4.9902
1.75213
0.622927
3.31231
1.92378
1.0566
2.64149
1.47706
0.831333
1.54748
0.727636
1.13422
1.58411
2.06561
0.601668
0.843354
1.7885
2.61413
1.23081
1.87857
0.40373
1.33178
0.555228
1.0781
1.73452
0.699452
1.45991
1.84744
2.00407
1.27939
0.871491
1.50471
0.969066
1.58128
1.15725
1.07949
0.842234
1.65426
1.46905
0.362983
1.22034
1.85819
0.779663
0.96672
1.52606
1.55332
3.45682
0.787663
1.79512
1.05703
1.2793
0.876728
0.679547
0.541706
0.839608
0.560822
1.48672
1.31619
1.50163
2.62591
0.458483
3.16593
1.91517
1.35128
1.97303
1.85598
2.00008
1.89081
3.09088
0.312054
0.955352
0.74633
0.510343
0.493986
1.9433
0.528847
0.566141
1.93916
1.58583
2.44909
3.12968
0.769753
1.55684
1.30712
1.03196
1.2111
0.571797
2.77952
2.43982
1.42196
0.646113
2.36434
1.51108
2.05026
0.491779
0.873568
1.86584
1.01111
2.04503
2.0246
0.453517
0.850887
4.03411
1.40246
1.14352
1.92008
2.67932
1.31173
3.51474
3.12406
1.32841
1.32126
1.68744
1.14573
2.05622
1.72067
1.19488
1.29441
2.09911
1.06036
0.650559
2.51604
1.06799
3.97238
0.660132
3.3294
2.62729
0.404389
1.81478
4.92793
1.49474
0.317091
2.34856
1.64329
0.552597
1.44744
3.00689
3.15841
1.0206
0.298575
2.4683
2.089
1.65053
2.1426
1.92187
3.42784
0.706958
0.485489
0.890364
1.95603
0.877128
1.10772
1.93002
0.909945
0.714725
1.87982
0.868023
0.883279
0.212985
1.18764
1.43397
1.94283
0.343485
1.83721
1.09841
0.444303
1.334
0.997061
1.58832
0.58521
3.84341
1.48852
1.40814
1.73251
1.40021
1.0543
1.44569
2.3283
1.10439
0.579468
1.27465
1.48114
1.75925
1.67014
3.71472
0.541686
2.16904
1.34527
0.43425
3.12975
0.832577
2.08877
1.37594
0.59867
3.81476
1.22279
1.08061
4.6357
1.45668
1.86657
3.31981
0.868529
2.26401
0.694044
5.68515
2.23705
0.734882
0.187459
1.57758
0.87947
0.673724
2.4055
0.915699
2.98289
0.115539
1.8383
1.16807
1.69235
3.75765
1.43644
1.34146
0.915828
2.3903
2.17939
0.813129
1.40432
0.839772
1.13495
3.30918
1.89874
1.83544
1.98912
0.946313
2.64624
1.82607
0.379852
1.02321
1.87661
0.781434
1.38563
0.644334
1.7543
0.928608
1.03185
2.74465
0.998896
0.735567
1.99103
2.33091
1.65648
1.43383
2.51071
1.99152
1.48104
2.08923
0.877056
0.952805
1.18484
1.45112
0.780801
2.31484
0.830302
0.533383
0.132333
1.57033
0.702739
1.47462
1.00416
1.72618
1.51714
1.13422
0.765307
1.7288
2.89324
0.882835
0.463838
2.87116
1.52233
1.9966
1.6386
1.92463
2.36709
2.20256
0.788324
0.992416
0.676592
1.67132
1.05819
1.41078
0.280171
2.04181
1.22268
1.98492
0.214837
2.57927
1.56192
0.805358
1.30681
1.21961
1.42899
1.0454
0.915984
1.89844
0.622983
2.1291
2.09074
0.313219
1.05854
1.79646
1.13633
2.14216
3.15406
2.55439
1.77511
0.971657
1.01404
1.52513
1.49621
1.43343
3.78583
2.86812
1.79776
0.568568
1.52036
2.89316
1.40777
1.91305
1.06034
3.44845
0.535322
0.634081
0.797088
0.620251
1.51985
1.73266
3.50022
3.14019
1.69266
1.571
1.91243
0.621514
0.745751
0.59985
1.21687
1.56306
2.37711
0.977093
0.885432
0.905902
1.41995
0.792224
0.742468
0.680059
1.39247
1.75733
0.984417
1.38781
1.05028
0.627409
1.37061
1.97669
3.53488
1.44002
1.02679
1.61665
3.1573
2.27398
0.360531
0.791982
2.44204
2.15368
0.62581
2.82895
0.638199
1.73522
2.00196
1.17636
0.55147
0.547816
1.05826
1.16495
2.16342
1.2216
1.59755
1.78221
2.17232
3.9848
0.809447
1.09135
1.07256
0.695554
1.71402
2.37695
1.30002
1.51479
1.36543
1.6175
1.47016
2.81476
1.50632
1.19905
1.57648
1.33935
2.57842
2.55951
1.01513
2.53206
1.80675
0.755487
1.29218
2.23494
2.12598
1.06784
1.26226
1.39075
1.31576
2.21428
3.24651
0.350111
1.72257
1.54049
0.688281
0.938556
2.53208
1.11623
2.07393
1.20138
2.21555
2.94745
1.44722
1.06744
0.769891
1.32811
1.30253
1.2092
1.26293
2.53869
1.91217
0.820563
1.77142
2.60581
1.18364
1.67806
0.24773
0.495753
1.12106
1.84355
1.08983
0.5158
0.787214
3.91153
0.361232
0.888772
1.12476
2.4237
2.23378
1.85366
1.57454
0.799251
2.01917
1.97632
1.97117
1.3251
1.38834
1.7933
1.10475
1.77407
2.28821
1.99174
1.15109
2.41933
2.35635
2.81344
0.368247
1.92462
1.88687
4.10568
0.814773
2.17831
2.14417
0.774649
2.14557
2.02284
1.68817
0.983567
0.902554
0.834571
0.913763
1.44969
1.1699
0.412662
1.38306
3.23475
2.10918
3.3983
1.35869
1.06686
1.41425
1.17784
1.41556
1.07142
3.08801
0.949422
1.58127
1.76264
0.29971
0.844254
1.59314
1.83729
2.1867
1.9505
1.86
1.47199
0.831081
1.10656
2.62594
1.36492
1.13257
1.05677
1.11709
1.09153
1.52841
1.22639
1.85855
0.822441
2.30498
1.89323
0.751789
2.60921
2.21291
1.58815
1.11731
1.60735
1.10679
0.941321
0.916891
0.699416
1.15385
0.695202
0.691054
0.593826
2.99084
1.93801
2.22185
0.900685
1.87355
0.433151
1.68389
0.943024
0.255487
1.25337
0.951839
1.72774
1.19935
0.418725
0.437909
0.955191
1.15184
1.33743
1.82164
0.883064
1.28697
0.598627
0.902881
1.14377
1.05704
0.74714
1.94448
0.772085
1.16961
0.700523
1.41678
0.763002
0.674999
1.13265
6.26266
3.00207
0.369386
0.314359
0.62509
1.99659
1.83984
2.24107
1.57874
1.1546
1.20034
1.02099
1.39379
1.19732
0.859856
0.453538
1.33613
2.11328
2.0256
0.745213
3.42953
2.55725
1.67057
1.22376
1.15999
0.521295
1.52918
1.09452
1.77852
1.37521
1.54188
2.17928
0.61564
1.61829
2.10089
2.29579
1.07931
0.382255
1.16118
4.80623
0.724908
2.98268
0.732599
0.686856
0.597493
1.00872
2.97236
1.05521
0.664198
1.17424
0.53377
1.94266
1.18399
2.60665
1.45743
1.87828
0.863108
1.65126
1.55413
2.10185
0.462981
1.53306
2.00909
0.930889
1.38803
2.28922
0.749353
0.84849
0.980295
3.23846
0.658601
2.77399
1.63767
1.44387
0.949625
1.9908
0.297983
1.80105
1.2328
1.0532
1.55169
0.948874
1.70253
0.450525
2.80675
1.84058
2.32374
1.42387
1.41088
2.17257
2.77924
0.817181
1.12282
1.78751
3.35657
3.44218
0.791486
1.46232
1.93984
0.843886
0.398462
0.870772
0.714475
1.00638
1.19537
1.50785
2.65257
0.86415
1.03755
2.96063
1.8224
0.606494
1.39907
2.50819
2.06558
1.51769
1.16323
1.19831
1.46117
1.37183
0.581443
3.29426
1.64444
1.48922
0.576336
2.16302
1.68868
1.03896
1.2147
0.728699
1.83157
1.88801
1.40156
0.709762
0.624562
3.15143
2.06607
1.2609
0.733404
0.743419
0.238842
0.620253
0.609991
1.69719
2.60824
1.25502
1.22883
1.87167
1.57707
0.860375
1.32683
1.23532
1.17649
1.67468
1.83618
0.856023
0.62529
0.616439
2.09201
0.905311
1.10291
0.466566
3.10595
2.10541
0.639596
0.409719
2.13539
0.822874
0.859922
0.784403
3.30535
1.31658
0.917587
2.53302
2.27322
1.97369
1.38706
0.692783
2.3742
2.02842
1.7153
0.666742
1.82607
1.59868
2.29741
0.968321
2.04591
0.663228
1.25087
1.19592
1.68268
1.81786
0.922041
1.16578
1.01234
0.75146
2.23977
1.42488
1.18088
2.47087
0.513637
1.5656
1.92409
0.801991
0.238407
1.90113
1.66429
1.83721
1.97485
0.595495
1.36786
1.3116
0.697859
2.46754
1.92479
0.402541
1.1208
1.55106
0.800528
1.52235
2.11992
0.77276
1.52467
0.684943
2.16571
1.56474
1.29087
1.10245
3.5409
1.21412
2.32719
1.90231
2.62932
1.72916
0.783229
1.85355
1.47252
2.71271
1.66045
1.42332
2.94722
0.485984
1.737
0.420294
2.06914
2.12126
2.85486
1.52177
1.45889
1.12536
0.286497
1.71322
2.21264
0.868949
0.95728
0.738609
1.96447
0.768509
2.63023
2.12561
1.40135
0.519784
2.52063
0.531398
1.24873
1.74373
1.88284
1.17658
0.813969
2.50839
1.37997
1.9304
1.15937
0.984641
1.79625
1.06515
0.989247
1.61412
2.07311
0.355274
1.63573
2.73334
2.39472
1.22395
1.95801
1.44102
1.75149
1.19027
1.73714
1.00205
1.58006
0.30615
1.7041
1.46379
1.11308
0.836185
1.5576
0.50045
1.47889
1.58245
1.7389
1.92408
2.52449
1.81921
2.38928
0.88128
1.52057
1.0669
1.55868
0.547655
0.902535
0.608296
1.184
0.339683
1.17371
0.320624
1.1078
2.66553
1.61979
3.25622
0.481474
1.20239
0.968222
0.781259
1.7312
0.782105
0.905053
0.90281
1.3047
1.3346
1.58682
0.721994
0.687473
1.02134
0.388893
0.292651
0.592969
1.65137
1.28237
1.08149
0.689362
1.15636
3.41801
4.55517
7.46711
0.871164
1.97002
1.72774
2.2986
0.642147
0.504772
1.30827
0.244012
1.18437
0.799303
0.265646
2.0174
0.936591
1.9763
2.95499
0.92701
2.57371
1.32831
0.801762
0.411688
0.837872
1.09262
2.83601
0.585159
0.814204
1.85974
1.37917
1.14857
1.80466
2.04762
2.47261
2.73108
1.97788
2.21647
1.23892
1.45417
2.60739
2.29097
0.768117
1.63719
0.619213
0.425382
1.16044
1.18203
0.496295
1.72369
0.938151
3.43987
0.441856
0.297239
3.12589
2.79183
1.16493
2.38422
5.45541
1.00985
2.48358
3.89573
2.57109
0.34993
1.29234
0.49307
1.32953
0.724187
0.378723
1.62287
0.915538
1.23476
0.710138
1.88595
0.474248
1.1464
1.73242
2.24488
1.4975
2.56971
1.88509
1.22479
1.69329
0.524626
0.505804
2.11686
0.291801
1.96558
2.20969
2.01116
1.88834
0.983855
1.76099
2.0335
0.385045
0.855823
1.47611
0.510794
1.40091
0.471239
1.44761
1.52853
1.23091
0.970259
3.58307
1.43283
2.74457
0.501855
1.48337
1.65648
0.972009
2.20207
0.646979
1.25679
1.21285
1.48347
2.54878
1.54074
1.09519
3.45124
0.803157
2.12219
1.12469
2.00121
2.04852
1.14502
1.35459
1.73417
1.44178
0.976331
1.62574
0.597615
0.697856
0.897135
1.4183
0.36374
4.62789
0.757589
2.50257
0.843642
1.10182
2.06286
3.46307
0.767732
0.621773
1.23916
1.67078
1.7936
0.734369
0.726461
0.830633
0.909294
2.75669
0.537018
0.849495
2.91594
2.45726
3.88221
1.83502
1.06551
2.45331
4.40372
0.246499
1.12766
1.66984
1.56771
1.26094
1.71447
1.53301
0.984933
3.55784
2.59064
2.10398
0.859935
2.95951
0.847654
2.44522
1.47006
2.03874
0.847138
1.67959
1.09819
0.47646
0.334645
1.24669
1.13833
0.848709
1.66685
0.892622
1.02697
1.22783
0.805173
1.15151
1.94475
2.23369
2.27878
1.60635
1.41114
3.99936
2.16123
0.863763
0.455169
0.660588
1.15502
2.29678
0.67873
0.836202
2.53157
0.872984
1.55046
0.861793
2.56903
2.37979
1.09518
2.31312
0.461815
1.63936
1.2073
4.49255
1.14452
0.551433
1.66222
1.08753
2.37391
2.44436
0.612482
1.68371
1.14224
2.14494
1.25787
1.08338
2.49205
0.857276
1.2465
1.87785
2.21755
0.90336
0.782959
0.388518
0.467729
1.28513
0.431174
0.724472
1.25773
0.858603
0.753416
1.45617
1.18478
2.16602
0.785997
0.697121
1.53128
2.47128
2.17501
4.36756
3.47495
1.01624
1.32078
2.01162
1.93424
0.8517
0.90609
2.20108
0.942673
1.64092
0.759469
0.703594
0.663899
1.68478
1.41605
1.39932
0.817281
1.51286
1.70625
0.942733
0.996287
0.77285
0.634139
2.31981
0.780531
2.60589
0.722945
0.591064
3.7747
0.878787
0.41546
0.359116
1.86112
2.23536
0.496461
1.66117
2.10427
2.28328
1.48583
0.852625
0.963107
0.587086
0.671848
1.01369
1.90476
3.93507
0.783515
1.87307
0.628149
0.542935
2.81549
1.3836
1.9048
0.762405
1.98218
2.34062
0.983081
1.51816
2.40627
1.1595
1.60799
1.46331
1.20103
2.95416
3.1573
2.63584
1.42732
0.591726
0.81506
0.604031
2.24538
1.58243
1.32293
0.717202
1.186
1.94086
1.25218
3.0544
2.44027
1.76578
1.7979
0.101472
1.9507
1.58943
1.51934
0.513581
1.62984
0.899644
0.63606
0.478603
2.58426
1.07558
0.704934
1.54448
2.28801
0.599956
2.0014
0.489147
0.851575
0.975721
0.448657
0.980876
0.747914
0.270616
0.371676
1.1818
0.613672
0.789936
2.62501
0.489907
1.15723
1.3508
0.904073
2.87096
0.811676
0.87996
1.18435
0.489027
2.32388
1.75753
1.3282
2.24371
1.84141
0.791246
1.77373
2.78297
1.88836
2.70077
1.28227
1.88021
0.474756
2.702
1.12706
0.805168
0.808825
1.338
0.842309
0.885975
2.87581
1.92733
2.28484
1.91028
0.925214
1.98575
1.29456
0.444565
0.831769
1.42012
1.06101
2.88958
2.70846
3.35283
0.707945
1.27894
1.07718
1.79645
2.00467
0.793008
1.90352
2.01585
1.07609
2.09271
1.13704
2.1676
1.06099
0.616162
2.65411
0.533803
1.58864
1.45065
0.888018
3.57221
3.28961
1.13049
1.49825
1.14667
0.834269
0.290905
0.777949
2.03531
0.402817
0.279241
0.606154
0.63388
1.00482
1.30922
1.5397
1.42681
1.11992
0.60615
0.60897
1.58669
1.88064
0.757979
0.611944
2.27065
0.932244
2.14178
0.976204
2.57769
2.47775
1.55737
1.2197
1.75888
0.763471
1.48937
1.75551
2.86891
2.16919
0.782518
1.13215
2.2664
0.152647
1.93427
0.687698
1.5704
1.37912
1.50023
2.83213
5.08545
2.26645
1.55101
1.3268
0.615623
1.24707
1.10848
0.620565
0.346718
3.64523
2.36485
0.889762
1.99958
1.69847
2.03481
1.03153
1.02771
1.05446
0.897657
1.77463
1.8506
0.790732
2.05686
0.560185
0.412641
0.934362
0.88747
2.32259
1.04937
2.52037
1.91693
3.92559
0.463937
1.11292
1.79706
0.884723
3.55896
1.20824
2.26372
0.299822
0.994314
1.34095
2.54937
0.629264
1.98623
1.65495
2.93088
0.634698
1.00315
2.30996
2.77519
0.87763
2.53226
1.22184
1.68755
2.656
2.04364
1.2222
0.443633
2.46104
1.25878
0.594968
2.46785
2.75014
1.79714
2.07276
2.30133
0.766314
0.838512
1.00898
1.35189
0.957303
0.48463
1.42224
0.509951
2.48645
0.768302
2.98654
0.651828
0.941758
2.29704
1.42878
1.83017
0.920461
1.24721
0.34982
0.426882
1.15026
0.813646
1.2459
2.954
1.04965
1.70258
1.13639
1.21339
1.70087
2.64352
0.8531
0.412618
1.93203
0.719486
0.652917
0.883717
3.39602
1.05883
1.00616
0.301585
2.22675
2.63183
1.59063
0.754105
1.94332
1.69841
0.899504
1.72713
1.35561
1.11478
3.49781
1.6652
2.93078
1.57518
1.41291
0.758429
1.43357
0.309784
0.468138
2.65285
0.951705
1.88466
2.04043
0.241577
1.72331
0.530043
1.33069
0.920249
2.19641
0.567992
0.661868
1.25538
1.69162
1.87386
3.73941
2.03628
1.22817
0.706016
1.19232
1.16039
0.191077
1.33084
1.44664
1.31285
1.67188
2.30942
1.32942
1.17531
1.02396
1.50164
0.952834
1.48892
1.22615
0.819943
3.07597
2.09562
1.32106
1.83014
0.951536
1.84924
0.971046
0.896267
0.851115
1.35721
2.5125
0.783931
1.62852
1.28505
1.19615
2.32372
2.15242
1.62292
1.73806
0.748041
1.96335
3.80277
2.8169
2.67342
1.83241
1.42615
2.73046
1.09631
0.481778
0.604716
0.697346
1.39992
0.17231
0.59302
1.50982
1.73124
1.02939
0.534821
3.38105
0.788384
2.0418
3.69357
1.6432
0.333691
2.64322
2.55672
0.941156
1.80452
3.78169
2.92188
0.940098
1.66881
1.9937
1.27943
0.534556
2.237
0.94222
0.933813
0.689225
2.73617
1.72375
1.68915
4.06491
0.983384
0.949398
3.47828
2.00031
0.268026
0.863312
0.638452
0.689815
1.72504
1.3244
1.80566
1.40024
1.52941
2.85722
1.08913
0.845667
1.53277
1.82967
0.878568
0.861337
2.26238
0.242804
2.34999
0.610271
2.00321
1.84731
4.38465
0.47397
1.37627
1.19517
0.534224
1.03442
1.90853
1.43144
2.3635
1.56401
0.747897
0.474142
1.20857
2.09924
1.87431
0.281812
1.1497
2.8275
2.04596
1.77212
0.977627
1.16415
2.57078
2.69735
0.19926
2.26175
0.330393
1.13141
1.52751
3.79647
0.676215
1.47604
1.38997
1.82759
2.04692
1.41495
0.711798
0.897553
0.416467
0.879013
2.88383
1.71702
0.809966
1.04327
1.9165
0.91189
0.47116
1.57363
2.82019
2.23669
1.02567
2.09682
1.7857
1.83082
1.65571
2.11153
3.49794
2.06666
0.604793
2.71665
0.431429
2.90079
0.881113
1.38288
1.27525
2.02957
0.837343
0.247456
1.37568
1.67648
1.75634
1.20026
0.398569
1.65522
0.957602
1.02799
0.960454
1.24884
1.40312
2.82206
0.863023
0.464569
1.10941
1.53687
0.732106
2.66405
1.69217
2.56335
1.55371
0.222775
1.08415
2.76487
2.89331
2.18278
1.45939
2.36305
0.970951
0.955675
2.54055
1.24478
1.22831
0.204876
1.48054
1.62685
1.04478
0.916897
3.9431
0.44158
4.04166
0.803313
1.1976
2.24745
2.22601
1.78392
0.67671
1.58054
1.63784
0.431398
0.661414
0.375011
2.57876
1.40722
0.301931
0.436491
0.779514
1.63246
2.43386
1.41674
0.846067
0.259551
1.93236
1.60814
1.43027
3.81253
1.23302
0.304234
1.47129
0.648298
1.06126
1.47141
0.708331
1.06748
1.06591
2.95804
0.828833
0.699994
1.30944
1.59392
1.6037
0.6885
1.78393
2.29344
1.00012
0.344853
4.12837
1.24854
1.84581
1.06923
1.0113
1.43021
0.553861
0.374355
1.12224
3.04289
1.84608
0.955892
0.282499
1.14428
0.247116
2.04654
1.44461
1.01442
1.16985
1.06683
0.989626
1.27928
1.60833
1.25926
1.00944
0.267026
0.932847
1.94614
1.35165
1.86773
0.411032
1.44126
0.881102
1.27879
0.635954
0.786513
0.963588
1.43622
1.14219
2.22951
1.37055
0.819387
0.674819
2.18515
2.81295
2.43991
2.14219
0.645309
2.75341
1.97134
0.665626
1.42767
1.58889
1.6055
0.927229
1.63431
1.15388
0.536099
2.46755
1.57944
3.51741
2.20638
1.45695
1.79549
0.653287
2.64617
0.995313
3.11641
1.34744
1.35918
1.53169
1.86454
1.08142
0.624419
2.83757
0.980658
2.60751
1.23095
1.27616
0.43871
0.66814
1.78812
0.348164
2.61903
0.567989
0.830544
1.07324
0.873404
1.87429
0.940881
1.22998
1.26601
0.464879
0.706089
0.809784
1.40531
0.562217
1.44264
0.312682
1.10103
0.939408
0.303394
0.659415
1.46064
2.25677
0.90658
0.54582
3.59406
1.95263
1.77455
1.62753
5.20697
2.05905
0.695452
0.59116
0.493277
1.62088
1.978
1.32778
0.809165
3.27618
1.57756
0.918178
0.491997
4.03187
1.47191
3.26997
0.763001
1.27587
4.44575
0.741625
0.583403
2.26958
3.2122
0.506782
3.35034
0.200971
2.0364
0.993738
0.528784
1.76291
1.56175
1.93672
1.98651
1.15818
1.03789
1.42608
0.161633
2.1535
0.505061
2.64688
0.771712
2.11786
1.56385
1.24114
1.25556
0.866223
1.77034
1.32417
2.01032
1.12679
0.943575
0.725073
0.473499
1.59495
1.17394
1.02156
1.64368
3.62769
1.24206
0.765949
0.725596
2.17603
1.61709
0.482343
0.71966
1.31101
1.43638
4.11881
1.15064
0.710912
1.03439
2.12455
1.73495
0.435112
1.14715
2.89405
2.32928
1.68765
0.997274
1.62489
1.99249
1.78194
2.59678
1.35816
1.19788
1.08922
1.76919
0.661685
0.294185
0.669789
0.796034
0.692985
0.28055
0.939181
0.890044
0.881808
1.91046
1.75486
1.86227
1.49238
2.03826
0.213511
0.912527
1.27215
2.22718
1.46144
1.19948
0.400068
1.34241
2.92204
1.95848
2.85066
0.564858
0.825209
1.07695
0.516603
0.729815
3.52438
0.825969
1.41359
0.119004
0.900812
2.84861
1.95951
0.661231
0.915106
1.28027
0.457873
2.58861
1.57362
2.36244
3.04165
2.99928
1.6868
1.27443
1.18
0.447817
2.09531
1.39678
1.16473
1.11809
2.33007
1.08851
3.14449
1.06474
1.36162
1.59927
0.91305
1.84749
0.937185
1.96766
0.393131
0.350396
0.897141
0.696332
0.438733
1.81178
0.254777
0.982799
1.08082
1.10176
0.656533
1.19898
1.89887
1.00322
2.95641
0.478757
0.229851
1.92964
1.37902
1.4619
2.4748
1.76599
0.653913
1.02872
0.769679
0.968265
0.443664
0.980012
1.82298
0.924729
0.884418
0.426817
1.10826
1.05345
1.0965
0.788722
0.351743
0.593319
1.71716
1.13701
2.74802
1.01567
2.28137
2.71389
0.923756
1.98295
1.01496
1.15771
0.856766
0.915611
0.532499
1.97607
2.97914
0.289312
0.921543
1.07264
0.865808
1.50651
1.46328
1.76768
1.91137
1.99052
0.601705
2.57198
1.15994
1.30695
1.30216
1.33932
2.20801
0.940835
0.45237
0.795427
1.57354
1.56171
0.60736
1.24936
1.3321
0.480951
0.540676
1.91771
1.14111
1.15023
0.732088
0.543603
3.12628
1.49596
2.95117
0.781191
1.60938
2.96133
1.46347
1.48358
0.407443
2.46604
0.286109
0.802972
1.53684
1.98225
2.18991
1.70417
1.45518
0.709639
1.06019
2.81273
1.5191
1.70231
1.86438
2.21997
0.263585
1.29426
1.45002
2.38636
4.07562
2.55436
2.83112
2.96155
0.841789
1.40516
2.46105
2.49574
1.2809
0.81463
2.2838
0.901571
0.937343
0.775191
3.00941
1.40204
0.0977206
0.66247
1.11724
1.20382
0.620514
1.36875
1.13253
1.12159
1.13599
0.34522
0.729874
1.78867
0.534964
2.15485
2.03686
1.68623
3.0718
1.10456
1.42075
1.90693
2.57068
1.24573
1.06064
0.644049
0.805751
1.48731
1.51121
1.49065
1.0107
2.7594
2.18327
1.72614
1.98966
2.82129
0.807253
0.834899
1.91852
0.842537
2.79419
0.574242
2.68493
1.96699
1.92692
0.519609
0.488955
2.62608
0.453253
1.96226
3.69018
0.420158
0.920535
1.06652
0.687673
1.14385
2.84962
1.01038
2.88441
0.471401
3.54193
0.633458
0.271103
0.193069
1.06173
2.03284
0.666096
0.975398
1.8218
1.06115
0.232174
0.488898
1.2273
0.950647
1.28855
2.86857
1.86263
2.87497
3.67756
4.49869
0.200276
2.67022
2.48611
1.27733
1.47895
2.96417
0.889231
0.650681
0.518514
0.897176
2.2949
1.53657
1.22131
2.21989
1.44739
1.28173
0.698204
0.335794
1.1192
0.919437
1.81532
2.72893
1.39017
1.57727
1.32666
0.744173
0.57551
1.01581
0.675058
2.19301
1.24988
0.355358
0.648766
1.38977
1.01439
2.38771
0.366189
0.572657
4.44385
2.15669
1.95933
0.807698
0.352522
0.497566
1.49982
1.43332
3.76711
0.532531
2.29472
1.45953
2.02481
1.2484
0.603996
1.10315
0.615497
1.28394
1.29961
2.37995
1.89333
1.03045
2.63908
1.89111
1.50464
0.820693
2.41652
0.711391
1.40451
1.10247
1.94371
1.05798
0.953291
1.58191
0.504882
2.04902
1.30502
0.673243
1.10479
3.17243
1.84681
0.6729
1.24951
0.895711
0.568768
1.83054
1.26085
1.02858
0.815068
2.39957
1.64847
0.750607
0.775927
1.75455
2.686
0.418121
1.0148
1.07769
1.76857
0.276578
1.49339
3.3021
2.36914
1.10949
1.65223
0.66984
1.40592
2.30606
1.11745
1.76345
1.34119
0.261791
0.78309
1.85826
0.56007
1.84497
1.3391
2.11665
3.17634
0.919677
1.82924
0.663207
1.26545
1.39042
1.75324
0.230838
0.604836
1.24818
0.629406
1.40107
1.12997
1.65881
1.59105
2.39546
0.73751
0.77537
1.59365
0.942859
1.09597
1.34448
1.01496
0.762247
0.938956
3.8572
0.502794
1.21092
1.42101
0.891985
1.60703
0.243715
0.355014
2.74386
1.47261
0.641391
1.85582
2.08809
2.33508
1.76479
1.76547
1.12603
2.13484
0.835708
0.978564
0.965785
1.20194
1.82244
1.53656
1.57385
2.72568
0.385147
0.931252
3.2277
2.12922
2.5015
1.28184
1.27012
3.74254
2.32599
3.16879
3.41996
0.568512
2.34263
1.4651
0.703982
2.12838
0.733248
1.84206
1.18194
2.31485
0.937049
3.66468
2.58289
0.621737
0.60564
2.35229
0.892311
1.57532
1.66547
2.3976
1.87326
3.28035
1.01436
1.35062
2.28842
0.950859
1.85956
1.42036
0.824922
2.12843
1.51357
1.10629
2.14066
0.589126
0.545753
1.82131
4.53595
1.02414
1.13862
1.15792
1.36974
2.03016
1.80962
2.07162
0.200383
0.253073
1.2703
1.19018
2.65593
1.60401
1.31482
1.47109
2.02954
1.18073
0.687162
1.17255
0.737863
0.527272
2.90064
1.14051
3.40486
1.61641
1.22719
1.76139
1.19498
0.991891
1.26148
1.56665
1.41632
0.902867
1.07566
2.27604
1.44279
0.508694
2.2251
0.697657
1.49374
0.784286
2.33779
1.38502
0.790759
2.65607
1.41196
0.842391
1.11933
0.88829
1.21516
1.11338
1.72271
2.0882
1.19639
0.955089
1.14466
1.85242
1.13228
1.58011
1.89077
1.40249
1.12727
0.360701
2.64855
1.04099
0.281321
3.11798
1.10933
1.60488
0.79063
1.2549
2.13292
2.23061
1.30744
1.82086
1.64253
0.949287
1.14525
0.741687
2.6606
3.30309
1.89925
6.84993
1.65161
0.736948
0.72071
0.493699
1.18557
0.763201
0.825413
0.988625
1.5459
0.716454
1.06279
0.688584
0.881498
0.473291
2.08027
2.23393
1.57514
0.945191
3.73483
1.7876
0.538036
0.984812
2.09247
0.271652
0.797183
1.44503
0.799639
0.913517
1.38614
1.12338
0.481854
1.311
1.52078
1.0321
0.894509
1.4501
1.8516
0.292783
0.974315
2.99753
0.918952
0.43661
0.652773
1.92021
0.391887
1.03014
2.76545
0.685609
2.16231
1.83209
2.85515
1.7559
0.432072
0.489322
0.517395
0.975979
1.11323
0.951272
0.506839
0.982521
2.78902
1.84904
0.970524
1.17908
1.48655
1.5218
1.28014
0.780458
2.04178
2.20187
1.12925
0.536452
0.867166
1.26688
2.04402
1.23356
1.65424
1.11898
1.46059
1.46627
1.35279
0.467253
2.84525
1.16814
1.13947
0.389758
1.16577
1.20623
1.77435
2.2558
1.60204
1.94004
1.49008
0.870451
0.933085
1.13062
0.896961
1.02446
0.680949
0.920853
1.38998
1.21617
1.54043
0.645849
0.886442
2.35022
1.02338
1.13002
0.991132
1.7212
1.23182
0.430807
0.75906
1.67445
1.10311
1.53884
0.755592
2.02615
2.8087
1.25326
0.581757
0.924801
1.17397
0.822554
2.00624
2.17964
0.793451
0.804207
1.11775
2.89036
1.14384
0.523618
2.26484
1.81241
1.05403
0.82939
0.594968
0.669963
0.499204
0.363843
1.81805
1.02961
3.92345
0.980481
1.87781
2.31358
0.594627
0.810216
2.16154
2.43855
1.12396
0.860184
3.29027
0.749673
0.265251
1.31194
2.98733
2.995
1.4217
1.0895
1.50896
3.63268
3.10004
1.5359
0.965006
1.33609
0.944702
2.74667
0.847818
2.57622
1.22345
0.679434
1.17265
1.43952
1.87547
2.12458
2.89729
3.1193
0.689908
0.709658
1.48985
3.26704
2.60854
0.452391
2.85098
2.39848
1.48985
1.71993
2.04024
3.36768
2.89313
0.960373
3.41379
1.33321
1.10344
2.95659
1.45792
0.999772
2.04851
1.10199
1.83225
1.03281
0.22456
0.732165
1.3574
1.96705
1.49339
1.09121
5.41663
2.02247
0.861737
0.290882
0.309124
0.828498
0.987198
0.987421
1.50289
0.90813
2.07215
2.3592
2.61997
1.73649
0.701663
1.08215
1.2808
1.88054
2.35013
1.14647
2.77013
1.91988
1.65242
0.76055
1.73792
1.39449
0.540689
1.21871
0.565128
1.05443
0.69245
2.12413
0.697447
1.05795
2.71325
1.19937
2.12125
2.60656
1.77137
2.01928
2.04696
1.6139
2.24951
0.37623
4.74991
0.694233
0.981696
1.00456
1.44731
1.02154
1.38462
0.66674
2.03697
2.66038
1.73551
0.846324
0.95514
0.437416
1.86158
1.49705
1.70144
3.65124
1.28218
1.672
1.45483
0.604389
2.91841
1.16667
1.32614
3.08519
2.17395
1.91725
0.934047
0.939395
1.48588
2.83216
2.28439
1.49295
0.835367
2.82577
1.56158
1.36119
1.29291
1.07396
1.1463
0.825187
0.918074
0.760476
0.662817
1.41216
2.06587
1.99435
1.28026
2.90631
3.23735
1.95548
1.24715
1.54677
0.632879
0.777757
1.22058
1.93497
0.389497
1.64342
1.08078
1.92944
2.38936
1.45915
0.830066
3.29727
0.642591
1.70783
0.400035
0.969839
1.51362
1.04681
1.27137
1.61059
0.676306
1.8751
1.18557
0.983515
0.596635
1.19621
0.913333
2.25087
0.552345
0.663534
1.75824
2.33628
1.47097
0.595663
0.68327
1.1488
2.19726
1.52405
2.52173
1.64349
2.6213
0.967018
1.65058
1.57398
2.72399
2.30713
1.95082
0.54563
1.47363
3.60009
1.81445
2.68337
4.32034
1.33389
1.91538
0.754004
0.588324
0.990512
1.78688
2.65611
2.30391
0.250397
1.47126
1.05319
1.69244
2.43199
0.820062
1.16145
0.998926
1.72662
2.77067
1.97752
0.0993624
0.793978
2.00814
0.466623
0.501307
2.30217
1.79564
0.660453
2.59752
1.73907
1.06738
1.58528
0.95658
1.59574
0.94106
4.97877
0.642389
0.354791
0.527541
1.61037
0.7687
0.483488
1.26979
0.578649
0.238483
1.55232
0.519472
1.82337
1.7545
0.104749
1.07397
1.34034
2.34801
1.91855
1.99516
2.98476
2.54832
1.50912
0.661982
3.9117
1.03729
0.971451
1.72424
0.793223
2.02947
2.58811
1.6155
0.835556
0.389889
0.933986
1.65694
0.72236
1.53006
3.48712
2.22459
1.92784
2.78044
1.97113
1.24147
1.04749
3.24833
0.630093
1.43027
1.62672
1.5347
0.356951
0.705227
0.876424
0.909405
1.48527
1.01883
3.18915
1.14552
2.42352
1.03232
1.57077
0.559519
1.03491
2.0645
2.95214
1.33263
0.770524
1.66972
1.47208
1.14421
3.31363
2.65462
2.39027
2.37815
0.693007
1.41892
0.471705
1.35277
2.12316
2.13024
0.879606
0.597732
2.246
1.91423
0.287245
2.33668
0.758623
3.20709
0.632245
0.709398
0.538284
0.991848
1.10423
1.99181
0.70715
1.25759
0.385644
2.8167
0.575981
2.74856
2.61695
2.80542
0.850332
2.65137
2.74477
0.260795
3.91344
1.13518
2.07858
1.87258
1.32472
0.589636
2.09104
1.53754
0.64548
2.34407
1.33114
2.13194
1.01293
2.10977
1.22511
1.87467
2.58396
0.816237
2.90809
2.37678
1.03367
0.998516
1.21039
1.4998
2.86511
3.18042
0.549927
0.745636
1.73041
2.22632
2.13365
2.27404
1.36439
2.6622
0.404745
0.804488
1.37756
0.749781
3.862
0.74421
1.4143
1.22509
3.37977
0.672341
1.60356
1.27736
0.891821
1.00907
1.97152
3.76653
3.94626
2.51154
0.973391
3.0603
0.770898
0.579435
0.65056
1.43733
1.81424
1.18178
1.53405
0.796366
1.96429
1.10711
1.03447
2.69167
1.37943
2.70313
1.52663
1.16168
1.3135
1.41972
1.13336
1.21126
1.42728
1.57655
2.87442
1.04453
0.535297
1.97367
2.18605
2.28906
1.14924
2.4816
1.94428
2.87906
1.77144
1.68891
3.44931
0.893326
3.84681
1.08837
0.834288
2.45101
0.715147
2.3511
0.736402
3.8572
1.24038
1.19224
0.991033
1.0549
1.36094
0.607289
2.99344
1.68764
0.785299
0.500606
0.688453
0.71942
2.26618
1.17069
1.84709
0.536791
1.92441
0.989373
2.81272
2.43531
0.543769
0.762039
1.89302
0.79741
3.61424
0.877652
1.19997
0.580561
1.50365
1.9696
0.903046
2.82661
1.48861
0.314809
1.38394
1.58338
1.93312
1.75838
1.86957
3.37516
1.69085
0.975727
0.873319
1.86377
1.82404
0.436589
0.384331
2.69044
1.79035
2.86088
0.130974
0.740653
0.409045
1.52009
2.31784
1.3319
1.0722
2.13968
1.16302
1.19897
0.343628
2.21195
1.94077
2.18637
0.84443
1.02699
2.01272
1.84734
1.97665
1.11364
1.16213
0.909494
0.762095
4.16029
0.678077
0.942705
2.72659
1.17615
1.85684
2.7847
2.11943
2.51474
0.99632
1.05605
1.50171
0.593587
0.475575
1.43134
1.91295
1.9562
2.45786
1.18995
0.961355
0.576207
0.767284
2.08551
0.610779
4.80543
1.17071
1.23088
2.20706
0.149587
2.34843
0.936439
0.94074
2.31824
1.21761
1.82396
0.826198
2.29281
2.96381
1.45508
1.95256
2.45366
1.64899
1.08339
0.754109
3.16764
1.29837
0.99841
0.945221
2.41255
0.634869
2.29434
1.69824
4.24003
1.91849
2.73376
1.04681
1.6182
2.29392
2.44899
0.904936
1.95915
2.12998
1.52874
4.14168
0.938742
1.73019
1.82759
0.782337
1.12058
2.01996
1.18987
2.04655
1.17348
1.59166
2.30736
2.28011
1.1508
0.283154
1.94589
1.67219
1.79751
2.76874
0.30396
0.667386
1.22153
2.11994
1.03222
0.209372
0.661384
2.54003
1.74653
0.984253
3.15246
1.54905
0.875405
2.97709
0.910368
1.45529
0.672354
1.56573
1.82779
0.884185
2.77587
1.03363
1.59637
1.75315
0.611655
2.36183
0.665862
1.41558
0.413344
0.979961
1.16581
0.603712
0.850109
0.655
0.867437
1.05142
1.40175
1.29617
1.59548
1.49803
0.50745
0.639416
2.20502
1.30084
2.66553
1.80931
0.559531
0.267003
1.71585
0.803789
1.01264
1.10121
1.32812
0.76521
0.437371
1.09269
2.21255
3.57789
0.630539
2.50029
2.15707
1.23521
2.28338
1.77407
0.405766
2.36827
1.28433
0.693394
1.88796
0.857679
2.56045
0.837954
1.86026
3.28077
0.934103
0.550127
1.59338
0.730423
0.684338
1.29628
1.22457
2.38033
0.507179
1.97632
1.67628
2.80567
1.29108
1.60452
0.706566
1.66264
1.95811
1.37273
0.754539
0.975756
1.84649
1.27622
1.70354
2.43625
0.62218
2.45336
0.466747
1.42285
1.42372
0.481173
2.39363
1.03892
1.35863
2.09186
1.83482
2.27645
0.832753
0.91235
3.38099
0.978651
0.6291
1.42506
1.24283
1.08926
1.24161
1.15376
0.589072
2.35427
0.540909
0.358544
1.04776
1.26555
1.66896
0.176593
1.26809
2.02224
1.09405
1.65237
1.78239
1.60825
1.75829
3.15238
1.10697
0.394752
3.10448
0.549562
3.37772
2.03598
2.2428
1.07252
1.16747
3.42666
1.72382
0.542678
1.47308
1.9503
3.08902
0.323152
2.04188
0.491597
1.64101
0.950013
2.43884
1.27023
0.272278
1.63343
1.24826
2.39301
2.87766
1.75247
1.08547
0.748805
1.82485
1.19331
1.02586
3.10033
0.441338
0.333445
0.874216
2.81078
1.09984
1.39343
1.25982
1.47354
0.731545
3.30273
0.772763
0.649147
3.32761
1.1196
0.93467
2.6017
1.72468
1.36594
3.71884
0.783167
0.624378
1.13252
1.29299
2.50845
1.28185
3.14448
1.27923
2.6154
0.866956
3.3248
1.92484
2.03607
1.58723
0.952222
0.943162
2.00016
2.35457
1.67529
2.96396
1.26206
0.91712
2.34421
1.45999
2.55626
0.627961
0.600901
1.49395
1.36886
1.74705
3.6369
1.5243
3.10292
1.59067
2.19073
0.812371
1.19574
1.07573
2.52465
1.92727
2.08466
1.89076
1.65956
6.32916
2.05326
1.55786
0.88136
1.02113
1.39589
2.84612
1.58516
0.296877
1.10545
0.809186
1.67017
1.23793
0.769168
3.1773
1.58627
1.48234
0.638594
2.27305
1.88867
0.571864
1.73661
3.77566
2.41484
1.7252
1.64018
1.24327
1.44688
2.53323
2.28378
1.12354
2.15827
1.37048
2.84878
2.48959
2.30625
0.918593
2.24934
0.329955
1.40384
0.100297
1.44766
1.56913
2.95092
1.25361
1.09737
3.22054
1.42163
1.81055
1.60564
1.22195
1.69194
0.47609
0.530593
0.880463
0.976909
2.01231
1.43941
1.19859
0.833609
2.49397
1.32786
0.578349
1.99411
0.388431
2.6144
1.72491
1.44105
0.328462
0.217521
1.2636
1.2177
1.00072
0.383501
3.3969
1.36829
2.10001
2.3859
1.13013
3.38377
1.71847
1.94391
1.14696
1.64165
1.38065
0.963217
0.930454
0.346669
1.75561
1.82762
1.35976
0.837393
1.04063
1.684
0.923286
0.46442
1.58532
0.470434
1.79755
4.48996
0.438476
0.56282
1.81509
0.550915
1.10478
1.42313
1.27711
1.3621
2.76308
1.27454
4.78321
1.78898
0.797174
2.35105
2.67641
0.82015
3.22229
2.27745
1.24006
0.632565
1.59198
1.48492
1.88366
0.935202
2.48075
2.90193
1.06982
0.442683
1.02193
1.32217
1.1286
0.427667
3.97515
2.70401
0.22829
1.66079
0.686033
2.79084
1.71731
0.485417
2.24936
2.99992
1.06362
0.309722
0.970966
0.294688
0.705526
1.81188
1.19848
2.08106
1.09743
2.05467
0.455208
2.59709
1.02876
1.90789
1.66692
2.23352
1.91668
3.75396
3.39852
2.15659
1.45105
1.01425
1.84829
1.59114
0.511232
1.51108
2.46197
0.696621
0.837186
3.77254
2.06779
0.58971
0.587994
0.727763
1.32535
0.709175
2.62161
3.10118
1.81823
0.796521
0.90866
2.84793
0.682984
1.11227
1.16012
1.92905
0.726881
0.898606
2.10569
1.99638
0.476046
2.00571
1.68027
3.03538
1.26962
1.22032
1.9906
1.11578
0.403118
1.34623
0.98045
0.695403
1.58615
3.21538
1.43408
1.22937
1.42896
2.61041
1.64503
1.43283
0.882515
1.68268
2.61235
2.36976
1.64485
1.30587
1.6242
3.38334
2.40628
0.826312
1.12484
0.42588
1.98698
1.02676
1.09342
1.77834
1.51567
1.31896
1.21462
1.61689
2.33365
2.91119
3.2527
3.2455
0.864832
1.27573
2.22321
2.56009
2.08105
0.389074
3.29838
1.2157
1.57472
1.64152
3.13498
1.6063
1.22764
3.39625
1.96716
1.96902
1.72807
2.14216
1.93072
2.99864
0.700688
0.289932
1.72918
3.06058
0.558366
1.02278
2.13048
0.717957
1.70289
3.40724
4.6597
0.413183
1.32907
0.584035
1.84684
1.45186
1.61782
3.25202
2.46105
1.00788
1.57706
1.30433
1.77457
0.336662
1.78912
3.33458
1.15772
0.807199
1.55866
0.685549
5.34911
0.890568
1.31931
1.15677
0.75198
1.45207
1.59636
2.29537
0.584336
2.11803
1.15087
1.75416
0.735826
1.15715
0.491215
1.0531
0.472333
0.447685
1.797
1.12502
2.33489
1.20388
0.992107
1.02538
3.57012
1.96008
0.996355
1.05333
0.750005
1.91763
1.63794
1.24469
0.710767
1.04685
0.606105
1.16408
1.51772
0.381891
2.349
2.69494
1.29439
0.321033
1.72198
0.615482
2.74095
0.908576
1.56437
3.12985
0.96064
0.907613
1.70704
5.49543
0.478752
1.55583
2.09738
1.61146
2.32256
2.0956
1.24304
1.27435
3.276
1.72313
2.4708
0.933791
0.864113
1.01039
2.28667
0.885669
0.606202
1.58165
2.47342
1.2035
1.6915
2.92667
2.13508
1.96054
4.13111
2.00857
1.43816
2.04616
0.686765
2.13272
0.731989
1.12206
0.994317
1.06965
0.854927
1.83155
2.89532
1.54994
2.53236
1.61067
0.478838
0.75594
2.46016
1.78867
0.482603
0.803609
0.519254
0.780333
2.01057
0.707532
2.75864
2.19781
1.57949
1.23835
2.19432
1.50115
1.57129
1.28501
1.15706
1.21213
0.7192
0.888241
1.21618
1.69431
0.68408
1.95005
0.818159
0.957367
2.43326
2.61183
1.07673
1.28173
2.11683
0.955209
2.13196
1.37743
1.08416
0.867378
0.632606
2.7417
1.01831
0.771806
2.84642
0.588797
1.72083
1.95606
1.7162
2.42663
1.7116
2.16561
0.813227
1.34608
1.66052
0.671661
2.25167
2.45769
0.638145
3.82027
1.08225
1.1416
0.873322
0.749636
1.52352
2.78105
1.02765
0.558323
0.502591
0.700526
1.33786
1.31894
0.816409
0.755013
2.18788
1.77702
0.763073
2.02799
0.507332
0.735068
2.67935
1.82262
0.650161
2.04635
1.69142
0.826054
2.08407
2.7319
2.61248
0.562972
0.646086
0.746542
1.19777
1.70282
0.843554
0.734653
1.09905
1.51305
1.55845
1.27923
2.43365
2.62651
0.312368
0.977327
1.44342
0.820289
0.392989
1.81495
1.04689
0.524573
3.27028
2.3771
0.48795
1.44812
1.24201
0.914311
3.24313
1.32553
1.34517
2.38279
0.566141
1.98464
1.62363
3.72457
1.81828
0.259036
1.26538
1.05405
1.60917
1.90541
0.33315
0.654311
0.909889
0.804127
0.393425
0.417045
1.85617
1.86845
0.504079
1.57583
2.66676
0.852542
1.18017
1.95905
1.5854
1.26264
1.31766
1.31189
0.750476
0.902
2.70399
0.686645
1.66858
0.978094
0.840446
1.8487
1.27283
1.61875
2.35888
1.19069
2.24393
0.530365
0.46432
0.853506
2.55282
1.3972
1.39235
0.357358
1.42152
2.74867
5.22118
3.59809
2.24233
1.08039
2.10094
2.13826
1.85203
0.614259
4.03043
1.20822
2.18065
1.65257
1.80057
1.06718
0.813146
0.912931
1.26635
2.30649
2.12719
2.24185
3.57931
1.83663
1.99356
1.32149
0.656032
0.918339
0.831323
0.885156
2.02884
1.56316
1.55121
0.871518
2.5322
1.57786
1.43185
0.688706
1.58565
0.933595
1.41062
1.62617
1.4845
2.19132
0.984566
0.820924
1.79071
3.10587
1.21984
0.963145
4.04189
1.25831
1.17987
1.44641
0.325946
0.671132
2.38218
2.44082
0.832605
2.12758
1.51882
1.87936
0.345098
0.839175
2.14485
0.75498
1.8106
0.222089
1.75455
1.40992
2.35802
0.955918
0.710964
1.42153
2.24009
1.48524
1.30717
0.956102
1.72112
3.12011
1.25298
0.418058
1.46757
1.44171
1.7222
0.467608
2.09625
1.01231
2.05651
2.29334
1.32171
3.53846
2.13938
1.04967
0.721297
0.206124
1.11606
2.79237
0.515831
0.990228
1.75474
1.05263
1.95274
0.913761
1.71851
0.769941
0.678209
0.607043
0.593763
1.60228
0.63429
1.35117
2.14673
0.80011
0.177055
0.281275
1.23778
1.28825
1.58726
0.513976
1.14702
1.31383
1.39876
1.61461
0.675016
1.38223
2.08735
1.53599
1.13029
0.838212
0.760777
1.11398
0.63056
2.30228
0.709319
0.675137
1.49493
0.826957
1.02011
4.84677
0.761631
1.29419
1.61571
1.71993
1.96461
1.02176
0.926916
2.15138
1.61797
1.09182
1.36822
0.577387
1.71594
0.768937
3.43542
0.932643
0.983698
0.876852
1.83178
3.81221
4.24769
0.989146
4.13017
2.15611
1.17553
0.658681
0.33713
0.306993
3.75927
1.84963
2.52859
2.06692
0.766924
0.718348
1.43313
0.73879
2.20831
0.433057
0.244582
1.07023
1.64151
0.540049
1.17367
2.66803
4.48688
1.3863
0.590654
1.44654
1.27451
0.758085
3.66883
1.7367
1.57302
0.788454
1.63775
0.82145
3.02794
1.20938
2.96272
1.22256
2.22503
0.526104
0.740653
2.53472
1.40088
0.903292
0.442015
0.708309
0.717186
1.59705
1.4721
1.74205
0.657984
0.421921
0.755138
2.80196
1.57695
1.91463
1.78857
2.22711
1.38128
1.94563
0.917456
1.51446
1.82701
1.25671
0.235781
1.4918
0.732109
2.07354
1.60618
1.91102
2.63515
4.46463
1.792
1.07747
0.666549
2.14081
1.31813
1.96558
1.53152
1.89371
1.17168
2.12315
2.47648
2.37724
0.602697
1.43784
1.01524
1.06981
2.73516
0.552305
0.379371
0.687315
0.813075
0.649241
3.57157
1.21657
1.07279
1.27514
1.266
0.861607
2.22372
0.577759
1.80151
1.89128
1.30967
3.93561
1.20178
0.657038
1.91733
1.9512
0.995828
2.06921
0.24815
0.769698
1.95979
0.582274
2.20138
0.668743
1.05021
0.518111
0.394553
0.813359
2.80519
1.77022
1.62959
1.02971
3.0389
0.465529
0.339873
0.708112
1.36675
1.06133
4.3836
2.53066
0.946256
0.514163
0.61216
1.09409
0.380475
2.22167
1.46698
0.90807
1.13592
0.696093
0.849639
1.26893
0.866783
1.48521
1.90017
2.2202
0.994558
1.19726
2.34282
2.32765
0.850107
0.956626
0.313665
0.563962
1.48188
1.2134
3.04501
1.19431
0.724462
3.6362
1.33493
1.08905
0.815721
2.51476
0.552226
2.46591
0.632199
0.664776
0.980678
1.09082
0.95934
1.31673
0.390926
1.55399
1.60137
1.99508
1.53501
0.607916
1.11517
0.681683
1.48853
1.47145
1.15987
0.879837
2.37349
0.513292
1.16797
1.06661
2.88439
0.849547
0.524239
0.549107
1.83921
1.23389
2.54335
1.48343
1.02547
1.13872
1.83717
1.28727
2.37603
0.658342
1.28695
0.482238
1.20986
0.788347
1.64946
3.99877
0.965877
0.813272
0.670918
0.566311
0.995735
0.619146
1.28119
1.27713
0.507766
0.992851
0.936987
1.38832
1.48597
2.31596
0.603199
0.895079
1.4513
1.73362
3.67824
1.23315
0.710359
1.36676
0.849489
1.2849
1.80849
0.297014
1.91515
0.920265
1.87885
1.81847
2.38958
1.97121
2.59397
1.69407
1.22812
1.58609
1.30011
2.33192
1.09227
3.60633
1.55787
1.72218
1.82904
2.45622
1.64376
0.882661
0.796285
1.82504
1.45119
0.218233
0.28395
2.51786
2.03623
0.942272
0.784131
1.2923
1.04865
2.62109
1.80362
0.341724
0.688168
1.38728
1.33142
0.999117
4.02783
1.7917
3.27927
1.77706
1.09321
2.27521
3.73462
0.812538
2.00317
0.240512
1.12501
3.77145
1.89616
1.95093
1.13109
1.11585
1.68923
0.991324
2.63448
2.01288
1.30643
0.806458
2.53221
2.7691
2.63698
0.92589
1.01877
0.778078
1.04116
0.956251
1.08528
2.16759
1.61391
1.32377
1.56293
0.904356
0.776456
1.31684
1.43338
2.59086
1.49829
2.62708
0.697685
1.95244
0.908702
0.71482
1.60703
2.80386
1.40773
2.00451
0.479366
0.502917
1.43985
1.46108
1.40898
3.71417
2.2718
0.610572
0.538941
1.5438
0.548575
2.82205
0.674004
2.32571
1.2222
1.3592
0.389287
1.41041
1.10441
0.536452
1.88973
1.00277
1.27698
1.09516
1.85118
1.94713
1.57113
2.14929
1.31409
1.31627
1.44471
1.93507
0.744579
1.84795
0.827035
1.78717
0.83762
0.791317
2.68043
1.29972
0.718087
0.219122
2.29207
2.39508
1.28847
1.80564
0.662939
1.16769
1.60643
1.23462
1.81274
1.90258
1.39366
2.00361
1.81797
2.26094
1.9101
1.75643
1.47495
1.6796
0.775524
0.449992
0.351376
0.758185
2.05125
2.17301
0.64768
0.683102
2.19358
2.33851
2.13124
0.512228
2.19647
1.79643
1.36496
0.734087
0.532729
1.0619
0.103293
4.08307
1.07255
1.2042
0.694994
0.691428
1.3271
1.3359
0.905352
0.887289
1.10003
1.4245
1.10826
0.959239
2.1834
2.25205
0.236866
1.94375
1.5333
3.95521
1.64891
1.25677
0.694884
2.39589
3.0941
1.24198
1.27651
0.933826
2.4466
0.914213
1.38916
0.211434
1.10821
0.493399
1.42499
1.8558
0.356175
2.09893
2.43168
0.84231
0.746297
1.19644
0.938061
1.3945
1.03563
2.38936
1.89379
0.56726
4.42474
0.689749
2.25291
5.32985
1.19144
2.31853
2.17231
2.18748
2.93019
0.915581
1.70176
0.242513
0.79211
2.64403
1.48124
1.17076
3.25098
1.45608
0.615445
1.39007
0.788442
2.23417
1.16938
1.99381
0.582878
1.16127
1.11679
1.47526
1.59013
1.21823
0.852378
0.464899
1.76541
0.349539
2.38606
0.907332
1.2353
2.99389
2.90233
2.86802
2.78262
1.19734
0.443453
1.18281
1.04422
1.29667
1.57616
0.662891
1.11983
1.29132
1.81007
0.526936
1.04018
2.84475
2.74655
1.02485
0.494682
0.762739
0.582674
1.37376
1.58177
1.31294
1.74197
1.70431
0.875972
1.73906
1.2425
3.59063
1.18648
1.60006
1.34813
0.908439
0.950109
1.95989
1.01107
3.15748
1.16215
1.14172
2.13424
1.33867
1.6653
0.415823
0.235161
2.32115
1.09659
2.15092
0.743495
1.64941
2.18808
1.98612
3.00346
1.0823
1.65828
0.435919
0.639141
0.406073
2.38791
2.43287
0.938995
1.62182
4.56115
0.981575
1.61439
0.793545
2.13384
0.886742
0.150419
3.35823
2.42818
0.574319
0.534287
1.61983
0.343481
0.413423
0.872506
1.44332
0.869464
1.26488
0.921806
2.05058
4.3528
1.8696
1.56562
2.22047
1.61533
2.18531
1.62023
4.47225
2.08252
0.918462
1.13636
0.583195
3.86848
1.07965
1.22876
1.07866
1.01907
2.19314
1.97216
1.95211
1.50292
0.671711
3.48979
2.72194
0.656056
1.68985
2.24532
1.25994
1.37835
1.22646
1.31501
1.3892
0.207213
0.912669
0.225007
1.70325
0.755158
0.473819
0.552142
1.0087
0.707779
1.0209
1.6369
0.547353
1.94959
3.9072
0.762865
1.36579
2.13057
4.67142
0.826334
1.41607
1.08434
1.5282
1.04308
0.801517
2.96958
0.504779
1.72128
0.826061
1.92502
0.990851
0.391562
1.21486
0.643506
0.72609
0.447208
2.8654
2.09895
2.15198
4.86998
1.01195
1.29426
2.37457
1.16687
0.699358
1.45583
3.10958
1.06633
1.3971
0.878223
1.82879
1.32608
1.19083
0.59741
1.85029
2.99378
3.19893
1.76237
2.60187
1.79681
0.973891
0.639582
2.14635
1.49762
1.72173
0.997859
2.37392
1.93923
2.92193
0.906382
0.813481
1.85469
0.860208
1.90113
1.78411
1.38917
1.7935
1.24723
2.32932
2.67607
1.07162
0.491589
1.23344
0.843256
0.906212
2.49211
3.0043
2.13547
0.402886
1.46743
1.23615
1.73858
1.54012
2.57669
1.55121
1.06803
3.02871
0.831219
1.02204
0.874089
0.541029
0.821608
0.719266
1.37879
0.656716
0.56397
0.19865
1.99225
1.79363
1.38546
1.0508
0.15847
2.0989
2.44005
1.18926
0.615573
1.19745
2.54258
0.834686
0.742787
1.14493
0.723934
1.49448
0.392914
1.21145
1.29937
2.19681
1.77343
2.87227
0.636814
2.18064
0.464752
0.583849
0.823571
1.44252
1.23097
1.11863
1.39429
1.64069
0.686073
1.53605
1.5579
1.06533
1.81433
0.692459
2.50063
1.35967
0.825001
1.79556
0.768436
2.53211
2.67639
2.54483
2.98364
0.810522
1.73976
0.404152
1.53149
1.33145
2.09193
0.700475
1.91377
0.307087
1.93223
2.32306
3.30694
1.28314
1.99708
1.68271
0.778684
0.997387
0.633002
0.720607
1.27295
1.59545
0.990836
3.11721
0.536815
1.63431
0.34019
1.55908
2.67966
1.52514
1.35914
3.48696
1.40895
1.48315
1.98676
3.01386
1.19818
0.633304
1.21676
1.32735
1.30563
1.70334
1.95168
0.228726
2.93993
1.66022
1.80429
1.513
0.75165
1.44578
1.26399
2.26626
1.09817
0.901707
1.47387
0.612688
2.10299
1.22676
1.44234
1.32257
3.61269
0.340123
1.63947
0.524639
1.25079
0.694134
1.30884
1.28681
0.861368
1.42692
2.24081
1.7899
2.04161
1.54169
1.51385
2.35906
1.48128
1.995
0.678977
0.861684
0.397774
1.16439
0.459941
0.898998
0.598053
0.825088
1.34916
2.5004
1.4416
0.902027
3.18588
2.07517
0.952391
1.92692
1.06558
1.6664
2.4866
1.8253
0.996068
0.747683
2.75595
0.453284
0.371822
1.40981
1.01433
1.8809
0.831413
4.08403
0.800501
1.1841
0.996615
1.52673
2.09677
1.75707
0.144988
2.03198
0.607576
4.06538
0.674351
1.61265
1.06711
0.489536
0.838821
0.852161
1.59903
1.18387
3.55469
2.41903
1.43427
1.1539
2.6345
0.96851
0.407128
5.25921
0.587742
1.09821
1.23331
2.64506
0.948932
2.59943
0.979576
2.15116
0.548213
2.64924
3.21784
1.68334
1.65539
2.36508
3.69296
0.497341
1.37384
0.706011
0.915302
1.14214
3.79631
1.79836
1.20767
1.42472
1.7255
2.98374
1.39982
3.29337
0.747017
0.897749
0.699988
1.59201
0.514836
1.30075
1.56615
0.865135
1.46819
2.93989
1.18573
0.415391
0.884147
2.45287
1.21136
0.656629
1.1721
2.14431
1.17662
1.9979
0.650822
1.29704
0.733397
2.14005
0.729799
1.51814
1.31173
0.822858
1.45237
1.65886
1.23413
2.18236
0.915045
1.43872
2.76254
1.85142
2.60082
1.16876
0.323448
2.57418
0.929163
2.0404
2.60308
1.51312
1.9429
0.581444
1.09815
2.49818
0.806597
1.76404
0.90632
1.23267
1.37884
0.987523
0.18367
2.78636
0.94018
0.4652
1.42091
1.38661
0.863488
0.898409
0.836122
1.92964
1.3315
1.4927
2.29948
2.80124
1.20427
1.21057
1.42393
0.50865
1.66864
1.19165
0.267563
0.775752
0.768909
1.38363
0.408118
1.31978
1.64581
1.43962
1.27645
1.80629
1.99871
1.74293
1.26812
1.37745
0.68616
1.25056
2.86336
0.932666
0.550204
0.96979
2.59206
2.30745
1.31008
1.00928
1.80768
1.63644
1.48591
0.317932
1.62687
2.31478
0.53451
0.671218
1.45102
1.14403
0.356683
2.01907
1.88769
1.54567
0.653008
1.02851
0.747117
2.96713
0.969891
1.33646
1.71649
0.708351
1.13846
1.88584
2.14691
1.05745
0.480648
0.375156
0.792397
1.27439
1.64917
0.879531
1.47937
0.841438
1.71961
0.961787
1.37101
4.03621
1.39214
1.07368
0.721094
1.34908
0.885752
2.75804
3.81956
1.60832
1.28569
0.651531
0.9531
0.762218
2.04764
1.3584
1.70414
1.96956
1.04824
2.72112
0.688639
2.19919
0.886241
0.669736
0.845549
0.679931
1.04469
2.20729
0.540867
0.868233
2.48587
1.74846
0.424249
0.185684
0.506765
3.00849
1.92635
1.78112
1.27878
3.11188
2.24873
1.41738
0.236125
0.606857
1.12923
2.40562
1.1428
0.813253
0.390917
1.03396
0.914133
2.65693
0.798771
2.2902
2.67508
0.720431
1.46621
0.778499
2.35284
1.00361
2.35721
1.35406
1.80745
2.01468
2.01446
1.1174
0.357307
1.99583
0.974141
1.95832
1.08173
1.24599
1.61537
2.26101
2.62653
1.10966
1.39075
1.78111
2.63444
1.09554
3.17464
0.29243
0.667497
1.0324
1.72219
4.08179
1.00287
1.85987
1.12921
0.518503
2.66582
1.06933
1.75005
0.24877
0.858577
1.56722
1.13421
1.4428
0.656531
1.91746
0.24254
1.4757
1.13377
1.08663
2.10829
2.24271
0.817928
2.82339
1.12112
1.16285
1.99956
2.18244
1.94126
1.27888
1.28534
1.75694
0.825219
0.117118
1.35991
0.633292
1.4562
0.607697
2.19838
1.41371
2.28562
2.68421
0.632189
0.42642
2.40043
1.08112
0.632336
2.50733
0.723171
0.640172
1.43388
1.33561
0.935059
1.39977
0.68905
1.50574
1.69267
1.30175
1.65299
1.43123
0.263044
0.477083
1.14192
0.682597
1.59851
0.99684
1.5284
1.37688
0.821747
1.29489
1.35098
1.88331
0.819631
3.42613
1.37828
2.9057
1.79448
2.1005
2.3893
1.08383
1.34328
1.61494
0.486174
1.70729
0.983378
0.857735
0.566179
3.42105
0.738825
0.280137
1.61388
0.477226
2.25076
1.44057
0.760778
1.82163
2.13731
0.950615
1.02262
1.39957
1.8233
0.344105
2.01836
0.867626
0.402864
1.38606
2.05932
1.05445
0.90436
2.07264
0.654036
0.876701
0.510624
0.300754
1.49883
1.99039
1.48497
0.333191
1.67334
1.38257
1.74376
0.379982
0.507315
1.54095
1.7022
3.50628
0.672744
0.752364
1.23512
0.50632
2.69509
2.10272
1.14329
1.27316
1.21738
0.894657
2.33836
1.01959
0.942681
2.0793
0.918941
2.25754
1.5015
1.75665
1.86262
0.384716
1.69714
0.700004
0.946639
0.805607
0.424273
0.755389
2.89004
0.436403
3.12633
1.45031
1.20707
2.61916
0.975987
0.884237
1.39159
0.929322
1.37346
1.77222
3.10822
0.467114
2.31176
1.83753
1.80298
2.51191
0.982095
2.03705
0.141334
1.72223
0.991755
1.83403
2.47093
1.71733
1.09238
0.97837
1.55634
0.492052
1.00986
0.594002
0.800656
2.97086
2.42394
2.50078
1.51762
1.22886
1.65276
5.18303
1.72634
2.60264
0.444084
1.22111
0.477619
1.90282
1.61707
0.460211
1.92453
1.96236
1.29765
1.85738
0.995473
2.90662
0.711954
0.229211
1.35668
2.83073
0.881301
1.23667
1.21619
0.480869
0.545659
0.698699
2.73233
1.19063
3.01588
2.30613
1.05227
1.40916
1.71523
1.30846
1.25474
0.729843
1.14159
0.806953
0.421343
1.46951
0.512358
0.584631
0.0632938
3.55252
0.782453
1.18791
0.895117
0.956794
0.924564
3.09848
0.294482
4.08617
1.70639
1.42133
0.905974
1.63099
1.10269
0.741988
1.32246
1.5489
1.5804
1.35327
1.07978
0.215278
1.02008
1.49819
0.887476
0.354645
0.903179
3.97671
0.750192
1.63516
0.946281
0.58218
1.14396
0.785064
1.1796
2.96508
0.715196
1.66317
1.22349
0.666234
1.49226
0.443931
0.414762
1.01351
1.16542
2.67502
1.70059
1.99599
1.30486
1.60476
1.76418
1.2761
0.759281
0.919329
0.891202
2.10009
2.45479
1.69159
0.88283
1.66147
0.76128
1.06694
0.993735
0.680849
1.87548
3.63338
0.556538
1.01627
0.404089
1.9319
1.9653
0.780252
0.644443
1.52623
1.40971
2.53382
1.21244
2.08547
1.22957
0.37943
1.43746
2.24031
0.730289
0.54515
0.903952
0.724259
0.763538
0.90796
1.21305
1.96364
2.80883
2.26514
1.01541
3.25878
1.83868
2.01697
1.30055
1.17952
1.55187
0.812352
0.564607
1.61788
4.13208
1.37992
1.3223
0.55204
0.285116
0.81568
2.90495
0.464997
0.895963
2.4754
0.957874
0.602489
1.34285
1.38736
0.346945
0.65936
0.91614
0.412413
2.07923
1.29695
2.4973
1.96925
4.25958
1.20857
2.06509
3.49013
1.18076
1.11972
2.7235
0.196026
2.55001
1.85582
1.40456
1.62679
0.912842
0.60268
1.69396
0.694672
2.22303
2.17045
0.884713
0.783995
3.23103
1.60796
3.50274
1.63946
2.71892
0.733354
0.690337
0.642889
1.17471
1.22697
1.89184
2.76052
0.349105
0.958083
0.56433
1.47001
2.42242
1.30441
1.15619
2.29035
2.43671
0.385022
1.50157
2.17519
1.49071
2.0748
0.948255
0.547435
0.346887
2.95239
2.0164
0.370153
1.39024
1.12492
1.23767
1.26492
1.34003
3.06071
1.0916
1.56478
0.693154
0.764914
3.46306
2.36736
1.90372
3.41046
1.77834
0.832251
1.68845
1.12461
1.28191
0.926971
0.26509
1.22609
1.75379
1.94141
2.48996
2.29887
1.83763
2.17244
1.02944
1.5151
1.48861
2.86047
1.19043
1.44425
0.545099
1.08395
1.19079
1.28496
0.735797
0.67155
2.26135
0.832569
1.27606
1.98624
1.57337
4.26331
0.948839
1.7789
2.93487
2.59181
0.719196
0.790849
2.41812
1.56847
1.34599
1.07476
2.19932
2.0372
0.122025
0.393894
0.959614
0.451043
3.30971
4.21245
1.73946
2.73091
2.90428
3.22834
1.85429
1.12796
1.76995
1.65154
1.81859
0.970497
2.19181
1.93935
1.49259
1.05324
1.4404
1.10359
1.88376
1.02124
1.64232
0.612238
2.14772
2.72347
3.56153
1.36783
1.87217
2.08597
1.3375
2.18024
1.15051
1.05914
0.345875
1.6866
1.55214
2.90848
0.670305
2.30999
1.771
2.85471
0.066133
0.860749
0.558805
0.725612
2.16886
1.70216
0.581913
3.27089
2.04076
1.94574
2.30373
1.49403
0.98492
0.72312
1.35876
2.43726
2.24241
1.7913
1.052
1.78604
1.44896
2.00548
3.62234
0.750313
2.26412
2.66616
1.60209
0.398432
0.712719
1.5981
1.09932
0.314792
1.09243
0.263939
2.33965
0.804609
1.3114
1.28929
2.6959
0.802508
0.791264
1.48079
1.60542
1.83628
1.60464
0.0992663
0.862959
0.929509
0.465641
2.98015
1.48224
0.593484
0.72175
2.04337
1.18782
1.2293
1.44536
0.410186
3.40705
1.30755
1.52804
0.708338
1.47329
5.76779
3.0546
2.32893
1.01382
1.41189
0.71483
1.31698
1.2582
1.41235
1.61724
2.46008
0.421348
1.23007
0.762408
4.15678
2.52881
0.23921
0.927252
3.20518
0.790213
0.376412
1.25127
1.64075
1.86796
1.85052
1.8123
2.16537
1.06517
1.30971
2.45427
1.05921
1.55106
2.3767
0.367612
1.2084
2.70421
2.31944
0.341974
1.6691
0.477481
1.93649
0.938452
1.38803
1.42334
1.58694
1.22708
1.14761
0.617766
0.485252
1.23551
0.71424
1.56503
2.75316
2.38534
0.573181
0.941602
0.628471
2.89303
1.78412
0.542733
1.78396
2.12394
0.384728
1.78162
1.01599
0.890947
1.80594
0.579642
0.863794
2.07619
2.84883
0.819132
1.0847
1.50392
2.80616
3.16812
2.46194
0.617927
1.00294
0.925282
0.523963
0.790423
2.34706
1.18736
2.17911
1.66863
2.32682
0.708546
3.04461
2.15847
2.47349
3.36521
0.919234
1.44451
1.0956
1.11702
1.07496
1.46057
1.35511
1.4721
0.952339
1.58104
2.43215
0.437802
2.81963
0.720218
2.04685
1.17391
1.28031
0.91803
1.62978
1.31518
1.92723
1.0856
2.32454
5.34913
0.539455
0.432392
1.79773
3.59472
5.01703
1.17524
2.84207
2.55442
1.68958
1.32717
0.741741
3.48782
0.527582
1.45821
2.62723
1.2436
0.759895
0.97716
1.18976
0.889665
2.33109
2.04305
3.79432
1.10228
0.942294
0.512825
0.991671
3.0964
2.02613
1.08693
3.13688
2.22691
1.3202
3.03975
2.64798
1.19994
3.0108
0.462633
0.567417
1.41851
0.9007
1.01293
2.31288
2.57856
1.2189
0.655507
2.32413
0.0805879
1.06875
2.86226
3.72555
1.74329
0.674195
1.77258
0.888689
2.10957
1.55233
1.88866
1.16058
0.655357
1.83184
2.7282
2.22813
3.60984
0.757091
1.15353
1.7298
1.02035
1.50464
1.04664
3.0106
2.5281
1.87941
2.54464
0.694491
1.608
2.15491
4.9509
1.41832
1.75901
1.25231
2.87205
2.2365
0.18905
3.31333
0.409007
1.23302
1.12007
1.5502
2.01971
0.875521
0.61756
1.86391
1.09153
2.17027
1.635
0.791114
0.426262
3.0249
1.05481
0.950149
2.37679
1.21217
1.98471
2.80473
1.7414
0.890348
0.981556
1.39022
1.93115
0.401378
1.25106
1.2776
1.52542
1.59514
1.44318
0.820156
1.33038
0.3403
0.786405
0.646969
2.29404
0.645017
0.902938
1.49861
1.89769
1.65343
3.09745
2.20049
0.776649
0.619162
2.77324
2.15628
1.12206
0.847873
1.43609
0.504563
0.46623
0.6481
1.99204
0.837091
0.704631
1.94432
0.293413
0.914502
1.55604
0.754581
0.627556
0.786837
2.52244
0.355079
1.53298
1.27008
2.24239
1.95502
1.45069
1.27449
0.520534
1.40701
1.67333
1.60587
0.217743
1.33015
1.05131
0.979767
0.16746
1.19257
2.14178
0.975991
0.837901
2.67417
1.124
1.18223
1.08221
0.456241
0.795597
3.00558
1.25819
0.180262
1.7273
1.54514
2.73544
0.892062
0.677587
1.53735
4.71585
1.99173
1.59349
2.89352
1.80879
2.92802
1.69845
2.49432
0.711168
0.993985
1.03255
2.37602
1.07462
1.3732
0.308015
0.968021
0.763497
1.26909
2.33792
0.418034
1.5679
1.94451
1.78207
0.357963
0.642546
0.623502
1.46559
0.515446
3.76607
1.39619
1.00045
1.06498
0.86503
1.37138
2.94698
1.58507
1.71703
0.940614
2.02195
0.489023
0.897075
1.65882
0.865039
0.294762
1.52736
0.770681
1.21526
1.90075
2.31783
1.16743
0.791431
0.644525
1.36564
0.662815
1.3118
3.07638
2.01774
1.2913
2.25805
0.683901
0.706758
1.63257
0.725107
0.539488
0.772964
2.06418
1.55539
0.460207
0.22766
1.15619
2.0576
1.66247
0.738179
1.23026
0.86916
1.72853
1.07808
1.72085
0.703827
0.878276
0.795234
0.513993
1.75176
2.02611
1.41898
2.6244
1.66332
1.53243
1.08587
1.96858
0.195474
0.284719
1.81053
1.49877
0.919188
1.15836
1.03084
1.06299
0.682612
1.14715
0.808236
2.66042
2.79524
1.54886
1.79501
3.44308
1.89963
2.10445
4.61022
2.19764
0.593134
1.38275
1.43175
2.08216
1.92072
0.0936754
2.39349
1.23389
1.49493
1.1071
2.34883
1.24778
1.35481
1.12684
1.30168
1.54143
0.761556
1.68803
0.890695
1.06951
2.22807
1.06665
2.01026
0.806819
0.937254
1.52248
2.9796
0.632265
0.811846
3.33373
1.24445
0.171098
1.84185
2.44509
2.105
0.711265
0.43599
0.968745
0.559124
1.23243
2.20995
0.908788
1.10476
1.8923
3.94403
4.9226
0.788518
0.936924
0.807346
0.69905
2.76577
0.799185
1.34468
0.52472
0.433684
2.56209
1.37915
1.45801
1.70972
4.12521
1.25833
1.84167
0.403381
1.73621
0.806921
0.799003
2.79781
1.8325
2.68864
2.08577
2.05339
0.696792
0.990403
1.15791
0.457236
0.605866
2.53947
3.01588
2.52728
3.23332
0.93775
1.24621
2.16445
4.64721
2.41991
2.66628
3.32871
1.34454
1.72
0.978133
0.990162
3.57176
0.240188
1.29466
3.03288
1.79314
1.1496
1.88788
0.750918
2.2438
0.29915
0.806117
2.42251
4.58681
0.585289
2.73217
2.78064
1.99256
1.58521
2.29094
0.791571
1.5813
1.86239
1.20098
0.527216
1.9996
0.545491
1.17475
2.06106
1.84271
3.19129
1.47553
1.8184
0.484775
1.96889
0.967071
0.7747
0.46177
0.232259
2.69412
1.27252
2.00939
1.99326
1.74976
0.369677
0.324494
0.6803
1.54182
1.54397
2.6044
1.57768
2.62279
1.33852
0.558679
0.422167
0.65388
0.640801
1.98788
1.54673
1.83054
0.923749
0.435269
1.53511
1.13707
1.97335
3.07289
2.82215
2.5323
0.954588
1.93191
0.670716
1.5912
0.556198
1.90652
0.552249
1.42237
3.02842
1.04918
1.65322
0.492097
1.26851
2.16566
1.70339
1.10901
0.780299
0.773602
1.59984
0.865377
1.59641
0.576261
2.01186
2.54902
0.99412
1.20896
1.70098
1.0824
0.750729
2.31903
2.41751
0.479039
0.608386
3.26671
1.70976
1.70167
0.95484
0.636255
2.2984
1.07851
0.933296
1.53612
1.35549
2.08055
2.95198
2.76107
0.595589
0.52893
1.79822
1.81796
0.80816
0.379167
1.7317
0.92241
0.446846
0.581078
1.09458
1.36056
1.94453
2.18373
1.31593
1.0407
0.893503
1.46844
0.789353
0.843052
1.9101
0.296284
3.12032
0.12958
0.538736
5.69424
1.08378
4.75771
2.50196
5.57723
2.70487
1.02601
0.359034
1.31385
1.16126
0.741325
1.19168
0.8772
0.69191
5.18255
0.397696
1.62949
1.56847
1.4307
1.24679
0.450662
0.108187
0.985694
1.1945
1.44303
1.11002
1.14688
1.66766
1.87732
1.31289
0.637619
0.920987
0.935709
0.547997
1.22541
1.44347
0.576617
0.918182
0.879477
2.29369
1.36027
2.37949
1.80613
2.75
2.54503
1.85263
1.45988
0.974622
4.48858
1.19047
0.866617
4.81382
1.80434
2.10519
1.57712
2.22226
0.914496
0.401786
3.03159
1.20922
1.46827
0.474101
1.32787
0.90521
1.11311
0.319815
0.146889
1.61587
0.94244
1.52428
2.0214
0.935264
0.840384
0.417014
1.30434
1.32775
1.37974
0.303177
0.47047
2.64317
1.87284
0.798106
0.768767
0.618728
0.798099
2.7322
1.99776
0.504167
1.342
1.02503
1.48871
0.613222
2.25578
2.30017
2.55242
0.43713
2.84979
2.55263
0.317603
2.10724
0.119701
0.723746
2.14101
3.81471
1.56725
1.61582
2.6069
3.71195
2.01428
1.64746
0.679463
0.550043
1.3455
0.829639
1.54115
0.722174
2.44236
1.73813
1.80554
0.835451
1.20713
1.46594
0.625548
1.81352
2.51501
1.00247
1.74227
0.977721
1.54956
1.39382
1.43274
0.275943
1.50377
1.79951
1.01942
0.845932
0.841636
0.910239
1.00441
2.60311
1.42377
1.08303
1.52067
2.54553
1.76876
1.53528
0.971264
1.14279
0.246026
0.781673
4.20415
2.31236
0.36946
1.85599
1.35801
1.76494
0.744645
1.86309
1.83772
0.668262
4.57651
0.652011
0.871588
0.458983
1.61066
1.02832
1.55047
1.73082
1.33103
0.694634
1.82137
2.19039
1.16577
1.41198
1.57021
3.08751
0.874293
1.55244
1.51962
0.803052
2.31607
1.92455
1.63495
1.2075
1.68359
0.854637
0.384941
1.64426
1.17892
0.461961
1.09579
1.68814
0.748135
0.743723
0.75157
4.18608
1.21761
1.99192
2.47874
0.714291
2.09371
0.892968
1.7065
0.686204
1.01098
0.346527
1.60552
0.674869
1.16554
1.06075
1.0879
1.85944
3.0512
1.09713
1.08494
1.53405
0.894477
3.73331
1.10716
0.601712
0.802318
1.52046
2.0345
0.911787
1.47097
1.40993
1.97632
0.884183
0.875712
1.68079
1.51529
1.79932
1.55003
1.88487
1.33809
1.19665
2.3117
2.90278
1.13068
0.949954
0.567014
2.08342
1.45079
2.4116
1.39269
0.543328
0.916949
1.56239
4.59838
1.02141
2.21804
1.5033
0.903196
3.48152
1.68772
3.33702
2.04743
0.266952
2.63788
1.48603
0.263224
1.67467
1.48491
0.817746
0.728142
1.10143
1.5562
1.95712
1.00196
1.46135
3.53661
0.672519
1.77346
0.169272
1.45552
1.93086
2.04324
1.52228
3.3604
1.35951
1.18997
0.712551
0.31426
2.02575
1.27226
1.08957
2.94094
2.15571
0.485471
1.1743
0.622786
0.960997
1.28655
0.969478
0.826632
2.10285
0.569115
1.43331
0.791886
0.216206
4.28302
2.6791
1.10464
2.79855
0.746233
1.05926
1.14404
1.04696
2.5495
1.84123
0.803501
0.865638
1.73909
1.37477
2.2375
1.19776
1.36695
1.56685
0.626267
1.22998
0.668134
2.67265
1.47392
2.95241
1.32385
2.35429
0.287385
0.78117
1.26339
2.18762
1.15022
3.2866
1.67055
0.925538
1.11249
2.32362
1.66002
0.630484
1.09495
1.18258
2.28385
0.956196
1.50239
0.931184
1.33626
2.49442
1.74504
1.15238
0.332283
1.99013
0.602503
0.772143
2.13225
4.65347
3.18424
0.559269
1.27281
0.564323
2.43097
0.16923
1.3739
2.9547
3.46438
0.28439
0.712596
1.68498
1.29024
2.70878
4.92291
2.74365
0.905804
0.457903
0.690083
0.734795
2.46902
1.64409
1.51978
1.89688
3.16403
2.03559
0.753805
1.46153
0.661103
0.298918
3.16058
1.47017
1.42542
1.46329
2.26167
1.81146
1.21904
1.88383
1.16676
0.911903
1.98653
2.6409
2.42715
4.02132
0.466218
0.87645
0.641857
0.602991
1.24984
0.659909
1.63295
1.96459
1.41382
3.02696
1.17008
1.61394
1.22677
0.519705
3.40661
1.4975
1.52664
1.6636
3.84892
2.16725
2.57274
0.756665
1.62074
1.0987
2.56013
1.10452
1.66245
1.58568
0.572599
1.56327
1.47423
1.90387
0.585142
0.994601
1.72758
1.0308
1.49488
1.61716
0.970799
3.07551
1.83306
3.78454
1.553
1.20695
1.63759
1.16974
1.58379
1.42324
0.63922
1.48125
0.89567
1.2148
3.08674
0.850819
0.874984
0.824606
0.696689
2.52717
1.56467
2.01738
1.07718
2.58066
0.219205
1.17344
1.29369
2.57141
1.48013
0.277568
1.27209
0.453095
2.16548
1.01661
2.18165
1.05156
0.948128
1.65666
1.83972
1.2545
4.05135
2.36515
0.499027
2.58234
0.922512
1.44762
2.01422
0.694928
0.551299
0.24405
0.805428
0.984706
2.55948
1.01327
1.63568
2.88108
3.03226
0.438482
0.268982
1.12378
2.81906
1.07686
1.20053
0.68503
3.13708
1.33971
1.91095
1.23082
1.13432
2.15129
1.11727
1.09901
0.69608
1.19884
2.11923
1.03153
0.826438
0.710287
1.01053
2.21778
1.32106
1.85948
0.996149
1.53428
1.1109
2.22205
1.81423
0.505286
1.82636
1.56368
0.47389
3.93495
0.9805
2.44287
0.85684
0.87763
1.28731
1.90468
0.647029
1.10832
1.77028
2.17951
0.826573
1.25156
1.87166
0.966284
4.9305
1.05947
0.790779
1.59229
1.30211
0.667055
2.46807
0.392939
1.59137
1.48323
1.07719
3.76675
1.2773
1.96931
1.74516
1.36821
0.677456
1.82677
0.442926
0.849956
2.50111
2.44225
0.695475
1.0645
1.92105
1.48833
1.3085
1.596
0.981128
1.63211
1.62942
1.32469
3.45692
0.910542
1.76682
1.72504
0.73693
1.51302
2.08122
0.736092
1.18767
1.27245
1.54047
2.61818
1.62744
2.481
2.01391
0.565407
1.22502
0.453343
1.34198
1.19283
2.19254
1.79675
1.84947
2.27977
0.744313
3.39815
2.71381
0.783622
1.78103
1.09952
1.25709
0.867165
3.0244
0.601712
1.79185
1.25635
0.384401
2.167
0.941717
3.32687
0.641856
1.02792
0.742372
1.27076
1.90973
0.676226
2.61134
1.65026
0.951781
2.48412
2.07018
0.603417
0.716151
0.387935
1.2598
3.76456
0.844333
2.25442
2.06961
1.06182
0.588019
1.41283
1.02816
0.937855
2.03682
1.00175
0.778652
1.22898
0.743072
2.8353
2.88036
2.33185
0.955056
1.65193
1.846
0.430007
1.98808
1.091
0.443199
3.00584
1.15246
2.43509
3.18437
1.29979
1.13259
1.6355
1.42088
1.38763
1.04128
0.71833
1.12457
4.10738
1.21671
0.935034
1.69693
1.0943
1.11667
3.00929
1.34206
0.49389
0.782537
1.14024
3.38263
1.75833
2.63766
0.818505
0.471025
2.1526
0.975366
0.27283
5.05606
2.59584
0.786988
1.91901
0.507742
0.919355
0.655869
0.563911
0.886355
1.3205
3.10859
0.568399
2.68914
0.561762
0.575025
2.15935
4.3773
1.77153
1.64205
2.00683
1.19922
2.56677
0.90904
1.83803
1.50137
3.10689
0.703173
2.0709
1.32875
1.47205
2.17625
1.4424
1.61494
1.55179
1.96016
2.25672
3.25653
1.95843
1.06691
1.33149
0.906939
0.537756
0.885787
2.57254
2.97345
5.08075
2.24673
2.57084
1.62567
2.26
0.895355
2.11773
1.08419
0.317148
4.23018
0.151533
1.34348
1.27097
2.79178
0.85722
1.68497
2.10632
3.35214
1.40182
1.45782
2.29755
2.08343
1.00165
0.855047
2.68499
0.677526
1.06515
1.72016
0.816232
0.897375
1.62883
0.818724
2.03712
3.1481
1.78403
0.471838
0.721571
0.932677
1.82322
0.551205
2.35511
0.514884
2.03472
0.595127
1.2696
0.732854
1.25826
1.41552
1.10351
0.574573
1.06723
0.439098
1.29709
2.55638
1.15381
1.16034
1.30831
1.35125
1.38839
2.17232
0.970364
0.91585
1.1302
1.23142
0.934074
3.99874
3.15306
1.89635
1.48156
1.51951
1.1076
1.84513
1.28814
1.11044
2.22104
3.5138
1.13096
1.02817
2.0786
1.3957
0.834129
1.20964
3.01685
2.51438
0.691949
6.37503
1.36046
1.02425
2.10495
0.570825
0.121072
0.614125
1.67264
1.14457
0.350263
0.313989
0.44412
3.73623
1.73129
0.89493
1.97496
2.90698
2.56878
1.20644
3.72131
0.901385
1.22165
0.738629
1.06295
2.8174
1.83381
1.16857
2.42755
3.90409
1.39253
0.637269
0.86265
0.934793
0.893055
1.39178
1.42779
1.54853
1.55724
0.831206
2.01876
0.587375
0.646144
2.86509
0.414812
0.950742
1.96417
0.976658
0.361905
0.972377
0.970589
1.92689
1.134
1.00957
0.621883
0.670687
0.415286
0.554562
1.46167
0.548034
1.12063
2.46253
1.00314
1.45076
0.654772
1.85028
1.18098
1.72472
1.60772
1.32929
0.721839
2.54668
1.28847
1.01053
1.44978
4.32711
2.61114
1.18708
1.78493
1.22548
0.703209
1.36505
1.7563
1.73729
1.14723
1.17204
3.36027
1.13338
0.380792
0.678665
2.77527
1.91004
2.62084
1.46594
1.41444
1.33207
2.02555
0.878373
2.14787
1.22389
1.48076
0.886099
1.12886
2.17332
1.14347
0.8994
1.03658
1.17044
1.62954
1.28091
1.22271
1.28821
0.279021
2.61535
1.57746
1.03332
3.06106
2.47605
1.95642
1.09274
2.81598
0.650048
2.06389
0.944406
2.94408
0.97013
0.809294
1.72957
1.70597
1.53556
2.12766
0.879013
2.5624
2.27749
0.822689
1.29129
0.961034
2.20619
0.371074
1.10971
1.35477
1.57217
1.10899
1.41074
2.44966
0.31897
1.01685
1.78283
0.630496
0.607962
0.504617
0.562242
1.0038
3.03586
2.88229
0.775394
0.533936
1.09569
0.995631
0.367085
1.73785
0.265201
0.588367
2.11943
0.605447
1.29116
1.81396
0.833554
0.81282
1.54146
1.19436
2.49919
1.96874
1.80149
0.554859
0.669059
0.703887
1.63622
0.837986
0.831615
1.89163
1.48061
1.33749
1.51716
2.80367
0.213671
0.51595
1.94227
1.1658
0.362756
3.99389
0.315518
1.77556
1.07174
1.81294
2.20555
1.97652
1.13247
2.45509
2.7447
1.16056
2.36758
2.56166
2.47319
1.45321
0.916847
1.56561
3.44125
1.38898
2.20705
3.03512
2.71594
2.66436
1.30647
0.85329
1.26525
2.45983
1.04291
0.924853
0.404451
1.15157
2.5937
1.30458
1.31133
1.46074
0.643151
0.709209
0.709278
1.28989
1.24998
3.20986
1.68999
1.77896
2.81709
0.814771
1.25977
2.42515
3.85687
1.32115
1.44315
0.780027
1.44115
0.243606
1.37322
3.30266
2.51285
1.10478
0.942862
0.889871
1.94067
1.3223
0.820409
0.721933
5.87825
2.59234
0.921505
0.871898
1.13343
3.13875
1.27294
0.835586
1.35813
0.4239
2.76205
2.25231
0.59488
2.68126
0.394179
0.463032
0.676859
1.61422
1.8095
1.27699
2.85597
2.35103
1.044
2.03481
3.72282
3.53521
0.920003
1.4937
3.05521
1.82718
2.09622
1.26325
3.11162
2.67509
2.40905
0.989018
0.904985
0.713944
1.00941
0.473393
2.03703
0.382875
0.659796
0.54455
2.04609
0.824413
1.1933
1.81714
1.76987
1.21941
1.46314
0.333051
1.98397
2.18095
0.427055
3.0689
2.1204
3.32998
1.14853
1.41556
1.03188
0.674656
0.799414
1.58101
2.87831
1.64481
2.12229
0.998047
0.690194
1.21857
1.26281
1.92754
1.74282
0.607646
0.629954
0.416125
1.62022
1.19954
0.239163
1.61653
3.50567
2.82971
2.37591
0.86806
0.585647
0.767899
0.295813
0.553068
2.72336
1.76844
0.589977
1.60299
1.85731
0.0983837
2.76223
1.19409
0.704085
1.1649
1.04867
1.84708
2.67907
1.54605
2.20265
3.55523
0.612286
0.882399
0.775154
1.8447
1.64317
1.84821
2.93277
1.53361
1.04519
2.03503
1.46524
1.51576
0.989846
0.536364
1.33551
1.49625
1.43405
1.35368
1.17431
1.19871
1.51146
0.34988
1.41196
2.18208
0.622371
2.71726
0.593458
0.796099
0.680667
0.944846
2.86264
0.923282
2.59985
0.39953
2.53113
2.81799
0.397061
0.618859
2.00472
1.00188
1.86508
3.34882
1.83123
1.41583
2.34783
1.20335
0.4381
2.85654
2.26227
0.38585
0.614148
0.967917
0.720064
1.26248
1.20065
2.00103
1.58805
2.14777
1.2806
1.05703
0.791895
1.24962
0.964526
4.04073
1.56904
0.692411
2.17265
5.6232
1.7412
2.52489
0.552836
0.955005
2.05305
2.63198
1.0557
0.725025
3.06299
3.55886
0.421894
0.956528
0.435273
0.940621
1.4074
1.67824
1.18377
3.41745
0.737881
1.16991
1.24643
1.03665
0.838701
0.292543
1.99199
0.573914
2.2252
0.439249
2.47334
1.20866
0.41026
1.34379
1.95339
1.23373
1.37802
1.41615
0.806141
0.855515
1.88898
3.42651
1.00885
3.19253
3.66498
0.806052
1.69853
1.60844
1.10244
2.09024
1.09459
1.0478
2.40392
1.09121
1.41891
1.63944
1.64939
0.632256
1.77447
0.761115
0.59655
1.05366
1.32268
0.820987
2.05408
0.596325
0.808577
1.36942
1.01186
2.34868
1.25386
1.84854
0.97346
1.79388
2.83788
2.39659
1.13238
0.532435
0.882238
1.73529
0.526181
2.3141
2.10096
1.98806
1.84779
1.51331
0.769993
2.14305
1.30751
1.96228
0.966117
1.56693
1.85155
0.680779
1.82291
0.468089
1.56702
1.41597
0.899784
1.30833
1.1712
0.950641
3.41215
0.444322
0.815414
2.49492
2.33261
2.12899
1.27648
1.12991
1.14776
0.56036
1.37298
0.572766
0.722969
0.700505
1.18961
1.38912
2.47523
0.649597
3.01368
0.69515
0.381435
4.06401
2.36977
1.135
0.720386
1.83545
0.138826
1.15328
1.24215
0.885195
2.16639
1.03036
0.714804
0.562618
1.45358
2.75078
2.89264
1.56237
1.76776
0.776107
1.11839
0.529032
1.48793
1.22014
1.72564
0.465831
1.03875
0.826846
1.84378
1.34731
1.53341
1.21076
0.890534
2.91911
0.907077
2.99739
0.559277
2.09152
1.06182
0.870872
2.68925
3.49607
0.877954
1.70908
1.76596
4.38914
0.662586
2.72124
1.84524
4.86615
1.38523
1.15115
0.907303
3.70763
1.27235
0.93206
2.18482
0.394195
1.91578
1.28884
1.93181
0.555728
1.87773
0.798562
2.39522
0.872458
2.35403
0.495415
0.406136
0.627827
1.35225
1.8842
0.983336
0.811878
1.23363
1.3231
0.938281
1.93465
2.00357
1.551
2.1259
1.45102
0.657679
0.639592
2.48831
1.82217
1.73096
0.788513
2.05113
4.61933
0.701282
0.629742
2.42636
1.55072
0.40919
1.73647
0.340579
0.966223
1.92083
1.89581
0.812322
2.52113
1.29799
2.96136
0.961828
1.54273
1.30989
2.72096
0.915793
1.69516
1.0443
1.77793
1.65819
1.03508
1.00857
1.30369
0.845559
0.607628
3.33127
0.447146
1.34499
0.397713
0.887546
0.874751
0.917886
3.18633
1.1442
2.7467
0.511764
3.59111
1.00441
0.890633
2.14314
1.72591
0.320357
1.21686
1.21006
0.519162
1.44811
2.309
1.80582
1.38826
1.21061
2.38644
0.246412
0.945568
0.703379
2.25982
1.82237
3.43569
1.36415
0.519329
0.403166
1.33895
0.682792
2.03707
0.96438
1.06156
3.02916
1.19192
1.98979
1.56002
2.12645
2.24463
0.561538
1.78481
0.715158
1.38236
0.922877
2.35508
1.81507
0.623079
2.38599
1.06585
1.43051
1.26179
1.3106
4.01761
0.278659
1.16183
0.605328
0.540441
0.895644
1.80917
2.78402
1.13713
1.82686
2.44279
1.88775
2.80301
1.14849
1.79212
1.02292
0.999275
3.3691
0.183301
0.756864
0.712747
0.382278
1.73948
2.43091
0.90165
1.86775
1.7402
0.546708
3.22633
1.62332
1.04133
1.98127
2.61942
1.94145
4.07333
0.584861
0.754047
2.16162
1.39613
1.39771
0.826826
1.0374
0.634311
1.8775
0.879865
1.11758
0.666334
1.34931
1.48854
0.584931
1.15157
2.02694
0.184839
1.22019
0.946948
1.93603
1.34565
2.83472
0.892018
1.55302
1.63037
0.594082
1.04518
1.09001
0.909976
2.80116
1.55612
1.12561
3.92057
3.50249
0.6395
2.32088
0.654799
1.67573
1.10048
3.19832
3.2552
0.426366
3.81547
1.40245
1.41437
1.47124
0.522499
0.578448
2.83007
1.22298
3.73894
0.621054
3.32913
1.61842
1.02583
1.52745
1.59047
1.15208
1.94123
1.72287
1.24681
2.09325
0.155504
2.1387
1.96787
0.707223
2.09085
1.2738
1.14121
3.9621
1.06981
0.901294
0.784375
1.69289
0.459485
1.34465
1.31707
0.931803
0.657426
0.548118
1.98832
1.83905
0.889661
1.71428
1.39924
1.73975
1.46006
2.27897
2.21396
1.40894
1.69616
1.70512
1.13223
0.991948
1.8899
0.909687
1.07301
0.987454
1.27106
1.45717
2.70308
1.79095
1.61688
1.23084
1.28585
1.54231
0.650801
2.59444
0.954557
1.05073
1.47196
0.620262
0.427716
1.23914
0.978438
0.314362
1.40457
2.2583
2.78754
1.39602
0.467831
1.3428
0.761236
1.17177
0.620352
0.50388
0.429036
0.538687
2.35187
1.71128
0.460637
2.52466
1.90191
0.807814
1.85202
2.46147
3.18768
0.535855
0.756404
2.81478
1.74158
1.47045
1.35808
3.2297
2.76701
2.18141
2.22542
1.76341
1.11483
1.02597
2.4484
0.532819
1.78811
3.72796
2.34177
2.28107
1.37431
1.38106
1.88531
1.58754
1.87422
1.92631
1.14131
0.272036
1.75273
0.76338
0.93286
0.980642
0.459742
1.94026
1.94249
0.0922582
2.85261
1.64327
1.97964
1.53278
0.231776
3.26384
1.43586
1.92443
1.50276
1.08416
3.53567
1.11202
1.06401
1.19096
0.731336
2.10992
1.48559
1.2449
1.17533
2.84828
2.88177
2.18206
2.08354
1.12523
0.914644
1.59847
0.916289
2.95597
0.840418
0.70154
0.908206
0.591512
1.09915
0.44301
1.25654
0.949878
0.442698
0.364271
2.08049
2.17726
3.71443
0.352441
0.645077
1.90098
0.795684
0.475338
2.5817
2.3603
1.83745
1.36859
0.826346
5.93878
2.41982
0.530497
3.77685
1.97756
0.812556
1.71265
0.504456
1.49826
0.761893
1.41366
2.91971
1.00649
2.13405
1.93362
0.869077
1.25548
1.441
1.00511
1.25809
0.333557
0.822562
3.81879
0.451653
1.85957
0.728445
4.74149
1.28267
1.22857
1.6736
0.195823
1.21269
1.58684
0.611404
1.15001
2.10433
2.40443
0.545697
1.29136
0.420255
1.00698
0.969969
1.25235
1.30928
1.61423
0.628856
0.787807
1.85489
0.755123
1.13174
1.45009
0.481867
0.533807
0.574518
0.543097
0.65819
1.15641
2.19048
1.99178
2.6097
1.58107
3.53695
1.25698
2.80996
0.568572
2.56016
1.16303
0.618869
1.59634
0.722758
1.11961
0.392939
0.877084
0.572321
1.22682
1.77826
2.36092
0.634264
0.72663
1.04589
0.254338
0.720069
2.15231
0.802202
2.18793
2.75056
0.789844
1.47748
2.4101
0.949554
1.32537
1.39037
0.431354
2.49402
1.57755
1.90012
1.38527
0.163801
2.16403
2.49188
1.30014
1.97292
2.306
1.96125
1.03916
1.24685
2.97013
1.69835
2.2365
1.18901
2.24661
1.15108
2.14521
1.23216
0.313835
0.896435
0.868457
0.60913
0.434123
0.88133
1.46944
0.455134
0.144708
1.75887
2.07312
0.636121
2.21048
4.20883
3.52498
1.99165
2.14798
0.941892
2.24249
0.465914
1.66659
1.60791
0.823332
0.354183
1.37517
1.43509
0.588163
0.835318
0.778256
1.90891
1.49486
3.96681
1.66421
0.548978
4.06677
0.421153
1.19965
2.08571
3.35058
0.928267
2.25553
0.500474
2.59576
1.91235
3.30581
1.08522
1.9248
0.606381
1.88007
1.48129
0.774729
2.73096
0.993141
0.455911
1.71138
0.87011
2.29057
0.763092
0.697736
0.348015
3.02892
1.74948
4.63919
2.24676
0.586819
1.3109
2.7179
2.4375
0.574218
1.47638
1.77326
0.537231
1.14747
0.308175
0.963983
1.36135
0.33152
1.49293
2.5807
1.42426
1.2892
1.21827
0.987811
1.47023
1.67618
2.05834
0.702834
1.20617
1.16102
1.27893
1.32583
1.10954
2.6348
1.54843
2.51759
2.09365
2.31207
0.557033
1.04414
2.0658
0.300768
0.0862396
0.39691
1.73371
3.32167
1.628
2.08844
2.84261
2.50379
1.95125
2.01854
0.277443
2.77818
3.43584
1.13791
2.88236
1.48176
2.00177
2.42115
2.18361
2.13493
2.19572
1.71466
2.65782
2.29951
2.13668
1.58947
0.56131
0.560584
1.49069
1.04447
1.50857
0.708787
1.00897
2.18006
0.689318
0.430984
0.118283
1.01388
0.981337
3.45532
0.323267
0.343332
2.56768
0.696182
1.23926
0.438378
1.67549
1.9434
2.11128
1.3797
1.12707
1.28731
2.06689
0.440565
1.53152
2.64153
1.2646
0.871011
2.15101
2.14642
3.12986
1.17109
0.639604
1.29147
1.43628
1.58066
1.15478
1.01259
0.822084
1.7165
0.311409
1.44195
1.75139
0.731564
0.695627
2.25387
0.6564
1.47931
0.187949
0.928659
1.7153
0.700177
0.953915
0.704665
0.487071
0.743981
1.25987
0.382341
1.66173
2.23505
3.16688
0.574604
0.619165
1.75229
0.395142
0.590101
0.565036
2.7476
0.978208
0.881673
1.03758
4.22139
1.09232
1.5757
0.677346
2.08759
1.23645
0.521885
0.735503
0.561345
2.24772
0.80472
0.497552
0.860425
0.881687
1.41692
2.68649
0.925976
1.40124
2.30612
0.5561
1.11719
1.5696
1.54433
3.23973
0.827602
3.23655
0.945962
1.86706
1.29891
2.24635
1.04716
2.79081
1.17539
1.05287
0.799331
0.86013
2.06779
1.64751
0.42771
1.05889
1.33311
0.571838
0.739605
1.35845
1.73193
1.41668
1.296
2.64188
0.906958
0.775279
0.619748
1.25319
2.69603
2.64341
1.76278
2.42426
0.807059
1.11292
1.64153
1.21177
0.906005
0.671045
1.57335
5.896
2.42538
0.649993
1.55239
0.486534
1.17537
1.01063
1.65821
1.26828
0.709035
0.914656
1.06478
1.07652
3.0315
1.84082
1.72497
0.334733
3.61753
0.865032
1.48839
3.40896
3.24825
2.12148
0.978138
0.624839
1.68156
1.16595
2.74966
1.4788
1.43918
0.985408
0.965066
3.68921
1.59438
1.93757
2.50435
1.03165
0.528093
1.37168
0.507391
0.493305
0.876204
1.76054
2.82903
1.37932
2.59102
1.18605
0.630064
2.30166
0.772396
3.04662
3.82169
0.448368
1.93914
1.09505
1.49752
0.993177
3.00142
