2.20018
1.42679
1.68688
1.49013
1.40013
2.873
0.738071
1.10763
0.584569
0.83535
3.51388
4.1791
0.442325
1.34867
1.72866
0.922688
2.42371
1.98616
0.651177
1.22259
1.56201
3.63473
0.965241
0.608829
1.00895
1.11856
1.39673
0.984551
2.88667
3.00894
1.55736
1.35604
2.1761
0.655861
0.808552
2.57866
0.944215
1.39371
0.544695
3.92417
1.42355
2.62997
2.87168
0.827569
1.3211
0.971095
2.1393
0.290805
2.13434
0.7059
0.969395
1.92725
4.0882
0.90614
2.27847
0.457184
0.73088
0.530969
1.41489
1.05422
0.27692
1.99597
1.93079
0.721636
2.14566
1.16124
2.70924
3.98532
1.26295
1.45773
0.470518
2.42997
1.32938
4.66793
0.945199
3.38983
0.098889
0.367796
5.88506
0.291239
0.521164
0.694629
1.27506
0.731419
1.01077
2.94655
0.121075
1.44809
1.0647
0.385607
0.891013
1.4445
1.0746
2.28992
1.44707
1.56981
0.921314
1.05695
1.64021
0.621815
0.80159
1.9541
2.60234
2.35246
0.430401
0.856525
1.88541
2.02305
1.7948
0.983696
0.99282
1.02336
1.104
3.72927
2.01028
1.40648
2.42345
1.54483
0.759371
2.57151
0.835667
1.33727
0.932188
1.00001
2.01779
1.39269
1.06321
1.17379
1.37411
0.358931
1.45632
1.88674
0.737786
0.982494
1.05655
0.756732
1.4368
1.09337
1.20701
0.302454
1.95606
2.77375
2.32441
1.12306
1.69059
0.89652
0.949359
2.86263
0.93051
1.13808
2.26946
1.44911
0.970381
1.55953
2.05916
1.40786
1.41043
0.404756
2.55541
0.626558
4.46807
1.41149
1.97448
1.58481
1.48842
1.66674
1.47093
0.877415
1.55363
2.66762
0.544267
0.544866
0.702859
0.842452
2.00242
2.8524
2.13429
2.13508
1.98995
1.00795
1.89705
0.729137
1.64044
0.719704
0.753584
2.85619
2.26099
1.66279
0.533717
2.69686
0.850196
1.05208
1.10773
1.22685
1.16282
0.392697
0.816428
0.783756
1.65623
0.582726
0.514862
0.661894
2.04817
1.4798
1.91448
2.42053
1.72892
2.08928
1.97249
0.686273
2.37193
2.86801
1.00039
0.945582
1.21577
3.26012
4.02348
1.49929
2.03369
3.77914
1.8023
0.611528
1.11783
1.39138
1.46353
1.8732
1.08646
0.885154
1.03862
3.06968
2.03121
1.94464
1.87395
0.96094
1.54286
1.21905
2.50466
2.84021
1.94116
1.63084
1.58992
2.07488
1.39663
3.05037
1.78331
2.59214
2.81006
1.62585
1.68084
3.46241
1.73427
1.13272
0.697023
1.02303
0.150925
1.8413
0.403848
0.487906
2.66936
1.6005
2.96609
1.39025
1.2515
1.59278
1.6094
3.61731
0.816718
2.08869
3.93217
0.404191
1.38267
2.66183
4.5735
2.46143
3.34867
1.66178
0.404065
0.635416
0.861876
1.08674
1.3682
0.915402
2.59435
2.5252
0.744057
2.58249
1.95857
2.57427
1.67178
3.19388
0.903452
1.46113
0.596255
2.97929
2.87797
1.99927
1.7312
2.73554
0.735634
3.00444
2.60616
1.21575
0.634644
1.68149
1.79073
1.50098
1.60766
1.32342
1.3577
2.39014
0.229011
0.664234
1.76148
2.06959
0.431267
2.50769
2.59626
3.70903
2.55281
2.32985
1.35412
1.40538
1.78593
1.60721
1.50889
1.204
0.820428
1.43763
3.00307
1.42352
1.52322
0.407009
1.79269
3.17145
3.63213
2.18852
1.1349
3.19305
0.920391
0.722797
1.6318
0.727173
1.58914
1.77572
0.986302
3.26493
1.42475
2.86266
0.702423
3.74015
2.3479
0.958146
1.39718
2.40846
2.80477
2.39283
0.708379
0.83125
0.783016
1.72008
1.95757
2.01258
1.85006
1.42605
1.06352
1.20617
0.808329
2.42848
1.13088
0.689642
1.56944
1.35839
3.68945
0.790403
3.58703
1.79072
1.33009
0.672097
0.611087
3.9213
1.76634
0.847897
0.55454
0.567027
1.42559
0.568003
1.43839
2.053
0.996598
0.484213
2.84363
1.11711
1.6122
1.97731
0.936861
0.96777
0.451351
0.780873
0.46422
1.85294
1.27653
0.897642
3.80087
0.969632
0.779328
1.94651
1.36172
1.6973
1.10448
2.49554
1.80381
2.14376
1.43069
1.12204
1.99565
0.27856
0.922474
1.29956
1.65585
1.79596
2.04774
2.5264
1.03438
2.03989
1.43814
1.23875
3.70698
0.930633
0.48857
1.48022
1.33642
2.80015
2.09416
3.49908
4.55009
0.942463
0.649936
2.45936
0.735005
1.29764
2.38038
0.550918
0.65689
0.957535
5.0282
0.863214
2.11141
1.06899
0.336365
2.07135
1.6813
0.332901
3.06525
0.994553
0.881143
1.27331
1.73022
0.197964
0.666795
1.16864
1.14711
1.1977
0.864993
2.24884
0.398465
0.825044
1.35258
0.779459
0.750031
0.790588
1.556
2.27354
1.41209
1.16094
2.09906
0.953629
1.41104
2.57311
3.41016
0.534817
1.66627
2.16577
2.94292
0.739873
2.21483
0.396403
0.872742
1.42337
0.248267
3.11433
1.17691
0.738023
0.721269
1.50824
1.51265
1.77564
0.815603
0.796607
2.41906
1.0429
1.01865
1.88273
1.19177
1.43503
1.88263
0.966515
3.38752
1.25253
1.18055
0.902016
1.84907
1.99118
1.12262
1.01884
1.69635
1.5357
3.26383
1.33945
1.96574
0.388602
1.90983
2.33762
0.911141
1.22477
0.408383
0.30691
2.36868
1.56565
3.67137
0.96494
2.14604
0.904513
5.01335
0.619163
0.666028
0.807308
2.41905
1.73426
3.57611
0.984095
0.806304
0.289178
1.84503
0.847116
0.903305
0.733441
0.854249
1.26539
2.78531
0.820061
1.00174
0.737042
2.41888
1.6287
1.51728
1.40069
0.232856
3.06818
1.66996
3.74651
2.35476
1.23545
0.294343
0.844149
0.988163
0.641664
1.58315
5.59198
1.59467
0.736765
2.35775
1.18022
0.303926
0.787103
1.9072
1.30126
0.562393
1.26394
2.74846
3.74893
0.692917
0.99514
0.843503
1.98476
2.97757
0.394422
1.1004
1.88077
2.32957
1.36109
0.771099
0.312169
1.47789
0.371176
1.34346
0.92878
1.70396
1.79904
0.677507
1.63489
1.97376
0.963487
1.01097
0.468062
2.22199
1.36727
0.808283
1.76253
0.449723
0.935598
0.973204
2.16072
1.55015
0.818591
0.164074
1.22738
0.944814
1.37101
1.6794
0.0804333
1.18263
1.95566
0.818539
2.02252
0.981804
1.25802
0.588869
1.70033
1.12546
0.770439
2.3655
1.33042
1.58104
3.79017
1.2354
1.40204
1.36954
1.02309
1.7447
1.79647
4.32955
1.13191
1.56517
0.302399
1.45337
1.18402
1.79164
0.498651
1.77044
0.865868
1.69295
1.10517
0.56614
1.00539
2.0361
1.65928
0.893498
2.89651
2.32993
2.84914
0.541071
2.45729
1.01817
0.755922
3.12667
2.34953
1.64414
0.999872
1.24481
0.761233
2.31
3.07487
1.06297
1.30495
1.09648
1.08845
2.29826
1.36966
0.952174
2.10661
0.11707
0.428499
1.95957
0.433117
2.1993
0.977583
1.81924
1.98598
1.00025
0.273327
2.76392
0.403192
1.47489
0.770339
2.01974
2.47195
0.901799
0.936711
2.75534
0.994013
0.942403
0.694258
0.576488
1.72081
0.224406
0.804222
2.51143
2.22339
2.26831
1.35599
1.5254
2.29085
0.778342
2.95425
0.958397
2.44146
2.58984
1.25529
2.64585
0.761227
1.10894
0.846999
1.04377
1.05335
1.87311
3.13859
0.625378
2.14783
1.03027
1.83611
2.78374
1.87872
1.34201
2.20359
0.999762
1.45439
2.00238
0.909414
1.92957
0.70683
0.988897
0.377034
2.58136
1.75801
1.7014
4.82895
0.49689
1.40085
1.42661
2.52162
1.69753
0.678868
2.00993
3.38155
0.637179
1.26765
0.317311
1.20703
0.929351
1.65804
2.76347
0.872545
0.633843
0.326484
1.52831
0.465977
1.83768
1.36179
0.769751
0.654261
1.04946
3.41026
2.26234
0.970761
0.787349
2.25076
3.35838
1.10047
1.38658
2.0688
2.08945
2.5042
1.47436
2.7668
1.75413
1.55118
0.979461
2.44043
0.918184
0.519526
3.6647
1.03829
2.2868
2.33537
1.07912
1.54205
0.622678
1.21658
0.910021
2.2378
0.668482
0.564421
1.31116
0.616132
1.94066
0.17978
1.99261
2.63186
1.60634
1.15495
1.26951
0.371415
1.36532
0.889283
1.04103
0.323514
1.84713
1.73367
2.36501
0.44303
1.20311
1.01057
1.47709
1.8456
0.332206
4.69853
1.44459
1.15473
1.30689
2.9596
1.41599
0.566674
1.35114
1.64107
0.318477
1.11029
0.972383
2.37595
1.38703
1.07326
1.39404
1.68133
1.77413
0.521717
0.437828
2.65059
0.903019
1.35732
3.50269
1.44612
0.753725
0.757046
1.42046
1.84866
0.363632
0.507923
1.47865
0.658852
2.43037
0.247947
1.40058
1.37697
0.52337
3.24859
0.916998
2.01224
1.22677
0.756432
2.64126
1.04895
1.02222
1.15307
1.65402
0.84229
2.46371
1.83107
0.522913
0.385791
2.6959
0.372306
1.6121
1.02122
1.96643
2.84924
1.90359
0.220711
1.34697
2.65338
1.26342
2.26075
1.1224
1.80256
1.47746
2.51274
0.811092
0.885602
1.09252
3.46291
0.429283
3.51919
1.32181
1.69435
0.311802
1.04027
2.42268
1.0129
3.15441
2.43212
2.79531
1.77553
1.66228
1.77739
1.21803
0.394955
1.24788
1.86849
2.09894
1.62524
1.382
0.837612
2.25777
0.770247
1.47412
0.611869
1.3689
1.53404
0.660549
2.11051
0.988953
1.05909
1.12766
1.15572
2.16653
0.906665
2.88345
0.334268
0.742323
1.84245
3.05163
1.2802
0.451298
1.71252
2.35447
1.55125
2.52769
1.65252
0.599194
1.90227
1.19006
3.15066
1.19258
1.9444
0.396901
1.03113
1.52676
1.15773
0.249064
1.11601
2.27861
0.620573
0.418473
3.00806
1.33594
1.84731
0.329489
2.84514
0.5918
0.856467
1.1812
1.87241
1.23795
1.48394
1.94936
2.18
0.939121
0.863191
1.14474
1.17124
3.30857
1.37648
1.29709
0.809156
3.17116
0.512465
1.57415
1.14496
0.482697
0.539928
2.07246
1.20218
2.05273
0.444138
2.06719
2.38351
0.605762
2.81759
2.03977
1.11536
0.353571
0.681963
1.35359
2.01229
1.97608
1.72754
2.14661
2.07253
4.37253
0.569643
2.06678
1.41
0.535117
0.982202
0.527225
2.41484
2.12875
1.91576
1.13235
0.333904
0.710191
2.01761
1.25031
4.07959
2.0926
1.49264
1.77035
0.637869
1.55543
2.21851
3.17539
1.90246
2.84986
2.18674
2.66795
1.19639
0.260871
2.91941
0.243567
0.27906
2.46592
0.932528
2.99943
1.34729
2.28974
1.58762
0.357808
1.67887
1.34367
1.84106
0.417672
3.36457
2.31313
0.28464
0.445461
3.96469
0.768386
0.732762
1.3943
1.49681
1.21859
2.00099
2.23418
0.947212
1.30773
2.3724
0.926303
3.21756
1.24876
2.01049
1.34323
0.680249
1.82104
1.44729
1.54778
1.24676
3.57658
1.46749
1.10789
0.593336
0.992732
1.2289
1.36409
1.26166
0.755052
1.14562
0.390267
0.897909
1.78562
1.43884
1.63826
0.555097
1.19378
1.18074
1.56328
1.27377
0.255876
1.01644
0.59309
1.09814
0.663659
2.47939
1.22452
1.05889
2.80276
0.941695
1.34028
0.455882
3.07734
0.535881
1.78425
1.21827
3.21198
1.54719
1.2853
0.925814
0.981618
3.8039
2.3082
0.951704
0.912023
1.00936
0.801921
2.44089
0.784241
0.610319
3.05267
1.32679
0.89274
0.424202
1.77777
0.904414
0.788437
0.998833
1.07481
0.26221
2.49762
0.540928
2.47702
0.771803
0.315301
2.10759
1.54756
2.23299
0.947386
1.13323
2.31707
1.9224
0.674652
0.803339
1.62544
0.593689
1.17529
0.865134
3.72887
0.613312
1.10495
1.45418
1.31232
3.32624
0.9033
0.438668
1.61994
1.76086
1.23716
0.857625
2.31022
1.55513
3.31525
1.21565
1.01743
1.0186
0.851306
1.50579
1.83676
1.12861
2.45893
0.879186
1.57061
2.38883
1.04774
0.706256
0.719965
1.01462
1.44948
1.80063
2.02727
1.01641
1.2983
2.64255
0.975626
1.40217
0.191065
1.02952
2.21071
1.57581
1.84034
1.09746
1.31103
0.568732
1.80388
0.694938
1.04083
1.39669
1.59725
1.41436
2.03638
2.08825
2.46804
0.86937
2.79472
0.712944
1.3084
0.757702
3.47395
0.780629
0.817725
1.32573
2.75912
2.61597
1.25278
0.530495
2.77025
0.333553
1.9325
1.19004
1.85689
2.03165
1.17822
1.07682
2.60165
0.916074
1.45189
1.59364
1.12979
0.445742
0.986862
0.941623
0.60489
0.429601
1.91389
2.90386
4.71037
3.41774
1.56449
1.73054
0.899097
2.97515
3.46985
0.76198
1.73548
2.28742
1.64288
1.12185
1.70382
1.12266
0.223228
0.4882
1.00762
0.683566
2.67066
1.63365
1.55582
3.1496
0.762249
1.8376
0.893217
0.525312
0.733203
0.688105
1.79338
1.24362
0.46008
1.16047
2.37812
0.777615
0.690407
0.483317
0.732674
3.15451
1.2226
1.15835
0.681763
1.18971
0.874034
1.81158
2.75398
3.53157
0.79751
1.96359
0.82597
0.690214
0.662901
1.18629
1.67991
3.52505
2.84359
1.63818
1.43548
0.928843
1.05627
0.498237
1.12434
0.798245
0.295556
2.32187
0.448226
0.322634
2.86462
0.687227
0.468531
1.97398
2.15878
0.696932
1.35056
0.624014
0.713595
1.74306
1.23304
1.68303
2.22533
1.23198
0.611921
0.907953
1.71814
0.933509
1.62536
0.430725
1.90745
0.837247
1.09975
1.25368
0.369436
0.314046
1.24214
1.39769
0.830978
1.90222
0.792347
1.46509
1.55457
0.357542
1.06117
2.79604
2.50612
2.34355
0.882011
0.793304
2.19792
3.35967
1.96461
2.26471
1.06052
1.32661
0.289195
2.31361
0.738112
1.27891
4.55204
1.09949
1.82213
0.703519
0.867027
4.06969
0.431453
2.21809
1.12302
1.97279
0.433341
1.25284
1.77721
1.91282
0.511642
0.927091
2.33421
0.931262
0.877063
1.15426
0.248936
2.7676
0.936022
0.645593
0.196092
2.12846
0.452663
1.9637
1.58276
3.30158
0.360207
1.7011
1.02029
0.845164
1.09385
1.59675
0.821357
0.761233
1.63226
5.7248
1.79791
1.61806
1.48845
1.60827
1.32407
1.48344
2.1577
0.7629
1.23412
0.731322
0.376152
2.71984
1.1736
0.97778
1.96891
0.81835
0.190145
1.02334
0.764132
1.17037
2.34342
2.13746
1.01505
0.535924
3.49854
1.60444
1.06351
3.25444
0.684433
2.5596
2.2552
1.28703
1.82844
0.860947
1.47788
0.72319
1.96691
1.1102
1.28646
0.866984
0.565589
0.931319
1.64803
1.37686
2.95624
0.529332
1.35394
0.906015
0.700324
0.862414
0.886106
3.21868
0.478166
2.46572
0.710652
2.07245
3.30464
0.833577
2.15754
2.60215
1.36163
1.05693
1.19137
1.21354
1.95056
2.84705
2.22841
2.2356
0.951361
1.34368
1.31601
1.29001
2.14102
1.3506
1.04996
1.04494
1.43058
1.73464
1.11472
0.921283
2.23694
1.7605
0.705935
0.601651
0.710429
3.46599
2.19157
2.72612
1.47819
1.40977
1.37515
1.08467
3.09018
1.89958
2.9306
3.12341
2.5523
1.19054
2.46474
1.07692
0.989808
0.925073
0.353186
1.29927
0.391063
1.07996
1.95049
1.93634
0.640323
0.231609
0.850557
0.735116
2.07253
1.36597
1.621
1.66336
0.673717
1.59198
1.80909
2.1478
1.64742
1.09798
1.45363
1.95206
1.32188
1.50432
1.32773
1.04703
0.87
1.8146
1.1679
3.99888
0.880739
1.3938
2.18201
0.86316
2.08669
0.730842
2.8758
2.22316
1.44264
2.08308
0.71721
1.64583
0.821184
0.955361
1.36707
0.844163
0.609684
2.18349
0.941226
3.6679
1.30564
2.00754
1.10591
1.26983
2.36271
1.35673
2.02698
0.766094
0.977724
1.13093
2.67263
1.16857
1.07608
1.75098
0.744922
2.66786
2.45229
1.01222
0.838697
0.713386
0.93387
1.57656
0.658295
0.824102
0.477172
1.25108
0.913564
2.01396
1.64783
1.74243
1.33703
0.442759
1.81767
1.55543
2.01151
2.5312
3.02388
0.204273
0.652199
1.87102
0.628903
1.5618
0.177322
1.91351
0.696607
1.69728
1.91892
3.407
2.52067
2.21375
0.486713
1.81472
1.78462
1.42489
0.994579
1.37268
1.54388
3.02418
1.13329
1.63165
1.90703
1.41226
0.592364
2.58896
2.00252
3.90268
1.37997
1.13533
4.02231
0.432173
1.28333
0.430554
1.45449
1.08582
0.244272
2.20319
1.2153
0.0777412
0.611642
2.23103
1.1701
0.478912
1.8749
1.116
0.867554
3.53891
0.646672
1.71404
0.365195
0.769891
0.551326
0.708608
0.637813
0.798186
1.36471
0.458191
1.5983
1.13634
0.489272
0.387851
1.31419
1.32591
1.57177
1.79159
0.328576
2.14404
0.948788
1.50727
0.953517
1.59663
3.81583
1.96193
2.22556
1.20271
0.27925
3.92625
1.60068
2.66502
0.758853
1.16691
1.79838
1.75425
1.06539
0.167023
1.87213
3.12663
0.479542
2.11664
1.07112
0.705682
1.55473
1.06878
1.23589
0.771574
2.52588
0.770141
0.887806
3.41536
1.81342
0.91655
1.26072
2.2322
1.14735
1.49994
1.3522
0.705947
0.39848
1.19745
2.15727
2.3356
2.04746
0.559146
2.28609
3.29416
2.59184
0.929165
1.71762
1.07741
0.908402
0.825734
1.68756
2.22263
0.676297
0.775187
0.4765
4.79317
1.3576
1.73222
0.588383
0.711251
2.91118
0.598835
1.68163
2.16474
1.38186
1.95734
0.626246
1.8699
0.809291
2.96811
0.448133
1.62381
1.72414
0.712052
1.27389
1.5785
0.885937
1.46142
3.34706
0.549823
1.75878
0.699513
2.05803
1.26758
1.05297
3.13683
1.68474
2.9898
1.2485
0.379562
1.21996
1.17834
0.671216
1.9686
1.96198
1.1937
2.6499
1.07703
1.2776
0.952542
1.70789
0.852243
1.32444
0.705406
0.470201
1.80253
1.28
2.37325
0.918444
2.54838
0.485351
1.71566
1.22106
0.675316
2.83068
4.38766
1.86968
0.647707
1.23476
1.54187
3.21691
1.45836
0.148538
1.29407
0.543925
1.65216
0.918639
0.593292
0.59818
0.922612
1.48476
1.23007
0.583335
1.78787
2.28918
1.18889
1.32709
2.94798
0.897416
3.38115
0.899519
1.29697
0.448682
2.47441
1.03173
1.91174
1.81921
2.72981
1.5016
1.31897
3.39276
2.30675
1.76763
0.438319
0.455303
1.49278
2.17986
0.841613
2.5695
0.816747
1.6619
2.08787
1.75144
2.02183
1.63483
1.37302
1.62404
2.93848
2.90678
0.913354
0.680764
0.882171
2.01713
1.12986
1.4088
0.884015
1.48556
1.18127
0.591421
1.12613
0.521386
1.08533
2.60989
1.65964
0.663662
0.926967
0.460706
1.55778
1.3505
1.91787
1.00892
0.345973
2.53647
1.22212
0.538199
1.93074
0.915178
0.575831
0.556087
2.31477
1.68843
0.461581
2.0704
1.24437
0.484991
1.65358
0.809194
2.39946
0.437172
1.63615
0.982719
0.741187
1.10326
0.518837
1.10618
0.61125
2.24207
1.89523
1.88148
1.42254
1.31648
0.954687
0.80296
2.41095
0.83409
0.740203
1.05648
3.14611
3.87102
1.2772
1.8722
1.43797
0.967505
1.5597
1.77124
1.36347
1.27547
2.9582
1.92799
1.83115
1.46654
1.38465
0.885599
0.434474
0.966803
0.622754
2.75778
2.03302
1.89911
0.114311
1.19171
1.5568
4.59649
1.06644
0.279651
1.0568
0.826881
1.55389
1.56463
1.73651
0.468122
0.348867
2.04426
1.03253
0.570793
1.19332
1.09258
5.57443
0.777521
0.905094
1.30211
2.20444
1.11941
1.82736
0.931633
1.32667
0.797853
0.743744
1.88717
1.54036
1.13013
1.26003
1.18736
1.95302
1.24575
3.34125
2.68998
1.64301
0.651685
1.28486
0.736825
1.76164
0.836342
0.263478
2.54028
0.175679
0.84781
0.952875
1.66456
3.49319
0.398398
3.16261
0.823502
4.45909
0.978505
0.689996
2.86016
1.67092
1.56177
2.013
1.40566
1.21991
2.3693
1.80463
0.857162
1.64938
2.76306
1.11388
1.22941
2.03581
1.21271
1.23031
1.24225
1.59636
1.10672
1.38868
1.80145
1.74013
1.8556
2.75315
2.27282
0.962017
0.844426
1.08061
0.359346
2.42685
0.773169
0.361541
1.45635
0.32317
1.51978
0.409069
0.926345
1.46992
1.5264
0.369925
2.1337
1.26798
3.93715
1.92524
0.840389
1.93431
2.03971
0.639508
0.825655
0.832155
0.778013
3.33612
1.27514
4.51159
1.67679
0.650998
1.09565
0.977508
0.734858
1.07748
1.03746
1.92185
1.94108
0.981872
1.79482
2.46665
2.59463
1.04626
0.725863
1.04764
1.46238
2.30542
1.42298
1.87363
1.15689
0.454457
2.02018
0.28533
4.25832
1.14424
1.12055
2.02642
1.53749
3.31449
1.58648
0.267715
0.873873
1.6815
2.83042
2.68858
3.8648
1.03125
3.44322
1.19787
2.50239
2.60684
0.861351
1.83246
0.548686
0.716397
1.66763
0.566771
3.16449
0.586339
2.69901
2.0237
1.86271
1.00834
1.3328
0.259643
0.641318
1.42052
1.02724
1.94921
0.804373
0.695214
0.303881
1.79209
0.246586
1.11585
2.91136
0.4924
1.24622
1.75846
2.48804
1.45908
0.610671
2.2975
2.67105
0.563109
0.922314
0.10375
0.899846
1.30754
1.63342
0.559276
0.720517
1.21919
0.975142
2.35814
1.15763
1.519
0.666269
2.14312
2.12412
1.24445
2.68525
0.878628
0.696606
1.63927
0.993971
1.993
1.04704
1.09252
1.44367
0.675534
0.769804
0.798957
0.972774
2.13881
1.57694
0.407571
0.875206
0.712335
0.335663
1.90181
0.608908
2.06239
1.00394
1.30457
2.43298
1.38937
0.73892
1.56871
1.26177
0.584451
1.10485
1.54278
0.320718
4.12172
1.40086
0.488291
0.629648
1.62078
2.52626
1.25446
2.8281
0.893213
0.657361
0.416372
0.918924
2.46292
1.49549
0.239813
0.96274
1.50805
0.568313
2.3409
2.10253
1.43189
1.3616
2.14835
2.96444
0.871983
1.01895
1.1125
0.752398
3.60275
2.39864
1.41076
0.51514
0.802202
1.0251
2.82778
1.40544
0.906134
1.64521
2.19133
2.6899
0.3467
0.249888
2.13195
2.49313
1.5624
0.613241
1.76266
1.38612
1.32368
0.340502
1.08262
1.22874
0.403211
1.94076
0.13253
1.76151
2.05273
2.43798
1.80296
2.11672
1.86231
1.16211
1.62818
2.95703
1.94113
0.39387
1.51569
1.84025
2.57033
1.08804
1.21291
0.313759
1.5411
1.24106
0.481063
1.47144
0.719548
1.82733
0.999515
1.33536
1.23229
2.74183
1.181
1.75428
0.800777
2.15895
1.94811
1.40948
1.16813
1.28841
0.739996
1.04201
1.71255
1.34636
0.675558
0.979026
1.18342
0.670296
0.94436
2.5593
0.854398
2.81358
1.01883
2.15672
0.688173
3.03584
2.95138
0.700749
1.51183
2.32193
1.33487
1.42134
1.44554
2.37467
2.31343
0.744118
0.514074
1.17621
0.407227
0.966542
0.452621
1.60053
1.32594
1.89935
2.19473
0.715601
0.837804
0.713386
2.60006
0.821984
1.19875
0.657549
1.5725
1.56331
0.96285
0.772318
0.759436
1.59494
0.412301
2.27328
0.572971
0.700824
1.23109
2.26179
2.07876
1.58657
2.96986
1.71367
2.64897
0.448501
0.83572
2.51033
2.61267
0.856641
1.02421
0.840025
1.54479
2.92599
1.50201
1.51239
1.56891
1.08112
0.518579
2.01726
3.8381
1.08755
0.820796
1.50107
3.38449
0.982265
1.74289
1.05343
0.60613
1.81999
2.10129
0.502218
1.03652
1.53521
1.46022
2.27037
1.11413
0.677613
1.26291
1.48044
1.47975
1.33506
2.39193
2.90885
0.651516
3.95373
3.99768
0.656976
1.28408
1.1253
3.42716
1.66165
1.66901
1.11532
1.86616
0.527132
0.263254
1.45797
1.6418
0.455193
2.27749
1.50674
0.844689
0.587932
1.16501
0.672212
1.55558
0.488702
0.522396
1.1548
0.984112
2.83223
1.47193
1.24536
1.37955
1.73045
0.928941
1.98315
3.56458
2.05591
3.79802
1.07062
0.945333
3.24247
2.13873
1.67823
1.62926
0.616447
2.89865
2.49196
1.16075
1.56712
0.675662
0.978538
2.10819
1.45525
2.09737
1.60042
3.10111
1.1328
0.554516
0.973849
2.3257
1.64483
3.087
2.04113
1.35633
2.56967
1.19009
1.89939
2.94092
0.943349
2.00709
0.456219
0.276935
0.521734
0.849347
0.530444
0.765031
0.883014
1.30963
1.06961
0.533519
2.30935
1.04792
1.52602
4.13218
1.91509
0.426604
1.65384
1.92208
1.28691
2.71634
1.22013
0.424979
1.65878
3.37664
0.796897
3.65347
0.827358
2.18092
2.91762
0.789425
0.922398
1.63233
1.37248
1.87655
0.99169
1.61613
0.612819
1.43813
0.561893
1.06082
2.9842
0.80369
2.06916
0.743198
2.96028
0.839306
3.66511
1.20377
1.048
0.626409
1.67353
1.88171
2.00565
2.10365
0.788045
2.44125
2.43976
1.60471
1.49127
0.325325
2.46023
1.18246
1.37363
1.4362
1.32282
0.964051
1.51455
1.12373
0.999465
0.182959
1.60378
1.5383
0.751797
0.448858
5.88408
0.771264
0.515621
2.21825
1.1811
1.17091
1.4672
0.969226
1.79963
1.2946
0.863766
1.93324
3.33603
2.25512
0.930562
1.9697
2.9902
0.968704
1.8572
1.19539
1.63515
1.84857
1.45937
2.82875
0.688845
0.912945
1.40788
0.343611
0.963278
1.67479
1.79722
2.94778
2.51808
1.26285
0.986735
0.938497
0.956668
3.23533
1.29716
0.404229
2.22432
0.235142
0.2509
3.87864
2.32257
0.722197
2.30426
0.729659
0.312589
0.663675
1.29203
2.23613
0.881067
2.76891
1.03901
0.888026
1.5291
0.487333
1.3034
0.760058
2.56753
0.821777
1.55733
2.14787
2.67588
0.7381
1.10024
0.844879
0.997734
1.7641
0.284334
1.82297
0.91328
0.814897
0.935856
0.598971
2.06839
1.30079
0.926887
1.03318
1.00916
1.16234
1.82532
0.931253
1.4101
0.385615
1.00772
0.848855
2.72888
1.59082
2.21058
1.38376
0.81486
2.82471
2.99405
0.720908
0.987708
1.49632
1.0044
2.66925
2.12218
0.874439
0.402027
0.899293
1.34095
1.20506
0.975452
2.24601
0.180705
0.426988
1.48906
3.07176
1.32587
0.994309
1.43743
1.64064
1.96822
0.544501
1.06563
0.69656
1.68822
3.10424
1.92059
1.3079
2.56483
1.50393
0.664628
1.50992
1.58454
2.11977
1.97815
1.1513
0.699146
0.545469
0.699399
2.84475
2.87597
1.01191
1.80141
1.59407
0.293343
0.714204
2.44022
1.43375
0.415033
1.97702
0.738276
0.558374
0.448913
0.650788
0.587239
1.63734
0.518536
1.88245
4.05759
0.834254
1.02161
1.32058
2.28282
0.381274
1.18482
0.572249
2.40811
0.72361
0.951246
0.454891
2.0245
1.61309
1.00366
0.416423
1.04526
0.635574
0.891078
0.328323
0.848625
0.636113
1.00224
3.27852
1.61054
0.528096
3.18114
1.28233
2.83786
1.19353
1.17689
1.2
0.733247
1.80234
3.0377
1.22721
1.32653
0.676942
0.593003
1.01295
2.15515
1.20992
2.97809
2.64011
2.21294
1.03337
1.18268
0.672684
1.35418
1.95251
1.26695
1.42037
1.56469
1.26288
2.35765
2.3159
0.883392
2.57071
1.71649
1.43078
1.3466
2.58187
1.22097
0.562239
2.08332
0.75455
1.16085
0.412346
2.50689
0.92609
1.28082
0.339545
1.67261
0.798428
2.38515
3.25555
2.12021
1.02508
0.367585
1.44909
1.23584
1.76466
1.08015
2.25487
1.45875
0.515661
1.67528
1.06914
2.6682
1.40225
1.95767
1.23859
2.9599
0.89475
0.297033
0.444175
0.844971
1.81787
1.20158
2.57556
2.19958
2.64955
1.46148
2.06328
0.914819
0.751802
1.95028
1.81922
4.07101
0.494353
0.51902
1.00982
1.41893
2.76794
0.349214
2.07153
1.98821
0.311549
0.76979
1.67993
2.17937
0.638652
1.18201
1.98895
0.939718
0.288079
2.24557
1.48241
0.607287
1.9879
0.559658
1.57159
2.49535
1.37347
2.38417
1.08075
0.680498
1.57783
1.14186
2.08317
0.469449
2.53367
0.505744
0.595698
0.720661
3.22399
0.657419
0.894156
0.977809
1.09512
2.88346
2.82711
0.703025
1.24044
0.38954
1.04505
2.56818
4.65321
2.35851
2.16327
0.850853
0.622022
0.308902
3.31929
2.69819
1.65831
3.08177
3.06219
1.20844
1.17766
2.9974
1.34293
1.77591
0.700021
4.52267
3.55514
1.11625
3.31235
2.44227
0.948244
0.538119
1.95772
0.498209
2.06362
1.45945
2.26263
2.71385
0.818975
0.746305
2.13077
0.885258
0.57317
0.638101
1.64507
2.2495
1.01915
0.764124
1.0882
1.71835
1.52712
0.673263
2.33463
3.43613
1.122
0.659252
1.9278
2.63511
0.57505
2.6769
0.976139
1.171
2.06304
0.945861
1.27074
1.4777
1.69797
0.667233
2.13689
0.65632
1.34012
2.17102
0.921194
2.12251
2.01196
0.774471
1.39985
0.471424
1.00772
4.58447
1.37222
1.26163
1.8328
1.40803
0.736622
0.790537
0.716845
2.234
2.05866
2.45001
0.498708
1.08316
1.21698
1.43393
2.16106
1.32289
1.0359
4.08444
1.36269
1.3961
1.11715
1.66441
5.70372
0.930132
0.412141
0.732455
1.38317
0.22846
1.73791
1.3795
2.02365
1.09868
2.24821
0.384703
2.72237
1.35525
3.32724
0.580572
1.96614
2.42866
2.02029
0.352932
3.0761
2.80166
0.490617
2.14859
1.2504
2.84918
0.788111
1.96867
1.0253
2.49391
0.520359
1.08029
2.43074
0.974938
2.83245
2.03023
2.56463
1.14617
3.25348
0.687517
1.26451
1.22682
3.26164
2.09157
0.532536
2.22573
2.78543
0.529492
2.56955
0.672524
1.0042
3.09764
3.51696
0.385088
0.36742
1.56161
1.25269
3.09912
1.37627
1.60903
1.52527
1.32841
1.52553
1.50834
1.46254
1.10118
1.57023
1.76993
2.07442
2.13687
1.678
3.53825
0.354541
0.73949
1.87697
2.50609
2.18589
2.06332
1.36807
1.85939
2.31473
1.49777
4.79234
3.44501
1.9226
1.14415
1.78139
1.06355
0.846322
0.56517
0.300023
1.12382
4.22576
1.43796
1.44952
1.68065
3.46527
1.46612
2.63868
3.85169
1.31963
1.19224
0.998329
0.829996
1.51086
1.08121
1.17966
1.53583
0.844964
2.47614
1.65009
1.29496
0.551498
2.06564
1.00523
0.946378
2.2121
3.38172
1.92993
0.712759
0.722606
0.730475
1.4266
0.184454
1.1556
3.24522
1.64783
0.700791
0.571133
1.01568
1.33866
1.11826
1.46417
0.4554
0.289352
0.840828
1.04518
1.91353
0.538013
0.500932
0.575184
1.5739
1.35999
0.456166
1.74303
1.22461
1.39181
2.50319
1.13981
0.305766
0.888975
1.49197
1.23536
1.87799
0.907708
2.44263
0.89785
1.58143
1.47905
1.75971
1.1022
0.668726
2.27596
0.95438
2.24099
2.59582
1.61875
1.23918
2.94617
2.84152
0.946589
2.06173
2.02901
0.959413
3.10368
1.27646
1.58326
0.605506
0.748869
0.890733
0.855991
0.576478
2.40004
1.78448
3.18608
1.17048
1.34505
0.350375
1.0758
0.362053
2.60235
0.312829
0.700307
0.622206
1.65002
2.78544
1.1192
1.08022
0.946553
0.265186
1.92036
0.503858
1.97824
1.04344
1.07865
0.787593
0.681486
2.00297
2.84695
0.418058
0.865227
1.431
2.78995
2.61106
0.880994
0.609748
1.00528
1.23491
2.93713
1.69172
0.680984
1.74986
0.832093
0.076214
2.07248
1.52155
1.60257
1.1661
1.81936
1.33452
2.84325
1.51846
0.704145
0.921488
1.02775
1.61066
1.96599
0.567639
1.13374
1.51633
0.530329
0.471778
2.24922
0.473604
2.86258
0.71505
2.81139
1.45952
1.44819
2.21415
2.4788
1.39581
1.22847
1.64694
1.0573
2.09259
1.94397
1.31282
0.99667
1.44049
0.346731
3.95568
1.90111
1.57859
2.45689
1.70031
1.55601
1.27193
0.961823
0.995663
0.251113
1.12446
4.88923
0.408575
1.03857
0.234888
0.384616
0.390731
3.53122
1.24118
0.908197
1.27135
3.43316
1.5806
3.15945
1.29106
1.33957
1.49656
0.437659
1.30122
1.39304
2.78304
0.947277
1.68558
0.356271
0.901187
1.32481
2.67874
0.544559
2.3023
1.37718
0.647779
3.80378
1.81093
1.29623
1.83464
3.44667
2.40177
1.29259
1.71118
2.39548
1.08566
3.60991
1.87733
4.517
2.01473
0.805001
0.671049
0.444692
1.03713
1.59109
1.62167
3.02612
2.69759
1.47947
0.466139
0.453906
0.935459
0.387192
0.333307
1.54326
2.47582
0.784828
1.69895
1.93875
1.82509
0.555857
0.497456
2.35661
0.431396
3.25949
0.505358
1.60423
1.15209
0.757165
1.30815
0.849808
1.30828
1.04044
2.08626
2.62003
2.56028
1.49635
1.10545
2.18204
1.79142
3.22467
1.78101
1.28628
0.559427
1.76457
2.82814
0.959791
0.499778
2.1155
1.0856
3.87396
2.76703
1.58901
1.13459
2.25117
1.49178
1.19837
0.658502
2.43836
0.607642
0.983843
3.14204
1.06884
0.956525
0.545512
0.402609
1.84339
2.30979
1.01083
0.974212
2.50167
0.849261
0.611854
1.52008
2.96388
0.783692
1.11373
0.600395
0.770172
2.58643
0.849626
0.661736
1.81579
2.37838
0.212885
0.438047
0.576364
1.17807
0.63052
0.917756
1.4831
1.45257
1.51568
1.8
1.28516
2.01896
0.99047
0.918299
1.17001
1.51387
1.9543
1.87816
1.72201
2.62401
0.820241
1.62501
0.677279
0.493309
1.39281
2.19767
0.81916
3.01597
0.677724
0.818497
1.59816
0.734331
1.76276
0.197336
1.48447
1.3523
0.46795
0.299132
2.13603
0.763498
0.741412
0.940326
1.45813
1.27707
1.91177
2.4942
0.80901
1.30412
2.5119
1.55635
1.16329
0.977493
1.31491
1.0812
1.61124
1.00664
1.47156
2.44849
2.51895
0.782961
0.692545
3.89639
1.5236
0.457821
2.30233
1.12772
0.730682
0.262953
3.18555
0.488872
2.00308
1.1478
1.29722
0.800831
1.81966
1.8375
0.416817
1.04517
2.08492
1.95697
0.762849
0.610502
2.24401
2.95243
4.01528
1.02819
1.68464
0.790278
0.740563
0.671555
1.22346
2.00028
0.81609
2.05499
1.97621
0.60864
0.663464
1.4577
2.2851
1.20864
0.84631
2.02703
1.13852
3.06546
1.38549
1.15568
1.37284
2.93969
1.02221
2.30176
0.432738
1.50911
0.812529
0.452208
2.15327
0.849537
0.699236
0.913769
2.03695
2.19073
1.2344
1.07597
0.543797
1.54009
1.01002
2.4535
1.13871
2.85637
1.55139
0.508202
2.83642
1.61471
1.23559
1.1525
1.75134
1.82049
1.13168
1.21313
1.52808
2.36743
2.45823
1.39673
0.871511
0.973083
0.779974
0.751248
0.883701
1.67657
1.28627
1.23403
3.15592
1.10391
1.187
1.08334
3.56945
2.39725
0.822488
0.162856
1.32104
0.996642
4.11012
0.560309
1.23245
2.72393
2.50469
1.61509
0.23363
2.86178
0.590213
1.53458
0.995267
2.7888
0.664929
2.14125
1.17018
1.35115
0.780244
2.94156
2.7354
1.23896
1.25072
0.751364
1.50436
3.09822
2.25876
2.15576
2.17626
1.10633
1.22709
1.30885
1.41908
0.590207
1.24398
1.87661
1.08296
1.90244
2.47152
0.626175
3.01326
3.0089
1.60066
1.72083
0.880885
1.47633
1.66234
1.69784
0.84327
1.33176
1.04367
0.894236
0.585475
2.4023
4.08357
2.43597
1.31134
0.822467
1.09422
1.5187
0.98627
1.78088
1.50998
0.354032
0.999892
1.94361
1.22917
1.02282
0.520061
1.14739
2.12775
0.210956
0.691462
0.430681
1.96058
0.517714
3.32465
0.949122
2.23327
1.2452
0.804483
4.2026
2.2954
1.67471
1.22596
2.31476
4.34388
2.42301
2.4499
3.34714
0.126202
1.51724
0.980103
0.851356
0.869004
0.906808
1.52183
1.61455
1.23804
1.02875
2.0524
1.69754
2.0155
1.51939
1.5506
3.1763
0.623187
2.12309
0.605391
2.19163
0.4394
1.2529
2.48895
0.571191
2.08072
1.38203
1.66988
0.649668
0.304427
0.826095
1.91642
0.274026
1.53741
0.493675
0.976083
3.25653
1.33886
0.603869
4.66785
0.473044
0.866691
1.7161
1.53958
1.96597
2.62168
2.46562
1.93679
1.83346
1.24498
1.57904
2.14716
2.55793
0.50033
0.721616
1.21563
2.24489
1.00329
0.852648
3.6844
1.42608
0.950667
0.495754
0.975081
3.13368
2.01932
0.972915
1.58474
2.21469
2.28863
1.13838
3.16297
2.39443
0.612904
1.21183
1.98413
1.53305
0.408597
2.17908
1.05678
1.04134
0.778511
1.06104
1.98202
0.820419
2.88698
2.56867
0.903883
0.574728
1.96583
0.976479
0.852603
1.43697
1.20282
2.09545
3.81722
1.30269
0.102856
2.19624
0.796382
0.134645
1.3606
1.25609
0.348815
1.59056
2.08516
0.899317
2.94723
0.551373
2.03361
0.734193
0.924332
3.08138
1.83408
2.46005
1.47392
1.64923
1.80413
0.969933
1.43261
1.44129
1.29191
1.98899
1.40939
3.3008
1.50949
2.06285
0.787564
0.76115
1.74745
1.00398
1.66888
2.16286
0.661345
0.661603
0.607769
0.981635
2.61501
1.82588
0.892344
1.56053
1.93772
1.0457
1.19203
0.364066
0.689037
1.26232
0.930927
2.78133
0.538242
1.29777
1.82999
0.882531
0.981173
1.37605
0.952674
0.509132
1.51546
1.16959
0.913728
2.20798
3.49074
1.76961
1.046
1.76231
1.00964
0.494112
2.23083
3.07892
2.29017
2.6182
3.49715
1.18526
2.64323
0.423239
1.88145
1.03047
1.43816
1.26547
1.69648
1.72747
1.39589
1.06017
1.80251
1.13794
2.41573
1.6961
1.04215
3.27054
1.99928
0.304323
0.671396
1.99264
0.541025
0.784747
0.73758
1.99731
0.422562
1.59338
1.27084
1.82641
2.03565
1.12971
0.530459
0.773001
1.74711
1.46666
2.39313
0.523956
1.0304
2.31226
1.04576
1.1193
0.81049
1.15249
0.709298
2.14603
1.15026
1.09624
0.744747
0.485365
1.23507
2.19031
2.98125
0.696681
3.10429
0.616162
1.04037
0.602268
1.79303
1.05274
1.58869
2.95459
1.79663
2.15261
1.75489
1.5105
2.01348
0.345777
2.20665
1.00384
0.585368
0.824244
1.46254
2.60122
2.0309
1.70109
0.809262
2.03039
2.96589
1.05748
1.26905
2.06503
1.29804
4.30574
1.01891
3.22624
2.37957
2.8165
2.37481
0.960982
0.983194
0.320117
0.590878
1.3168
0.503811
1.68396
1.83655
1.79553
3.11036
1.32669
0.851216
0.558787
0.478963
1.35415
0.561726
2.03441
1.02379
0.896805
0.899702
0.820657
0.626714
1.76995
1.29086
1.17307
0.989293
1.40443
0.325047
2.0908
1.96058
3.09752
0.460836
0.759356
1.3776
0.591333
3.0251
3.58844
2.27564
2.01319
0.595298
0.389056
1.31771
1.32296
0.73195
2.02505
2.0939
3.69603
1.3994
0.996452
1.89381
3.48827
1.68658
1.66898
0.710749
3.01318
3.79161
2.38432
2.14821
1.20327
1.40361
0.367104
1.46119
1.65382
0.933945
3.44542
1.1741
1.00133
1.21485
2.26454
0.499571
1.86663
1.02726
0.855031
1.02642
0.22295
0.940771
2.68405
2.2315
2.06427
1.29262
1.61157
0.502428
1.22556
1.86198
2.32159
2.16939
2.12133
0.325724
0.759786
4.35491
2.24687
1.97086
0.567768
1.48038
2.61861
0.541138
0.787024
1.75236
2.65868
1.64824
3.71984
1.32387
0.386297
1.05367
0.989259
1.13788
2.67934
0.555485
0.936509
2.40645
2.63061
0.75264
2.32906
0.999585
1.60152
0.7553
0.331135
2.05669
1.37168
2.62756
0.750073
1.4236
1.11972
1.83852
1.36553
0.999275
1.36099
0.642556
1.75422
3.21061
1.24846
0.461111
0.70915
0.946382
0.808776
1.84332
1.56931
0.678823
2.29346
2.98986
0.85725
2.47457
2.76347
0.993489
1.58951
3.24513
0.89517
2.35144
0.755582
0.754648
2.61297
1.80827
1.63378
0.466295
0.702953
1.05575
1.31281
1.1753
0.977297
1.95528
2.35533
0.756616
1.25353
1.52601
2.3629
0.557082
2.10779
1.35767
1.57967
0.851981
2.12109
1.7815
2.14864
3.34254
2.32651
1.98804
0.916874
1.26904
2.66898
1.31295
1.18159
1.64712
0.634915
0.564474
1.49349
1.34325
1.27448
3.04886
0.532732
0.831257
0.205491
1.31397
4.24395
3.57902
2.5265
1.01041
0.711915
0.694288
1.49922
1.84808
0.657291
0.790755
1.46715
1.92013
4.71637
2.28228
1.15566
1.23037
6.48365
1.69792
0.702739
1.95776
0.588159
0.542558
2.61467
0.411184
1.21468
1.17937
1.07071
0.654164
0.800039
1.2564
1.37994
2.96171
1.45873
2.00406
2.01352
0.517688
0.608528
0.815436
1.07233
0.803193
0.766063
1.28553
2.61058
0.61859
4.09286
2.88965
1.21125
1.73803
1.11081
1.8066
0.670789
0.993708
0.488762
3.04645
1.25492
1.23206
2.28669
0.667608
0.364836
1.64586
1.54753
1.54577
0.385047
1.1671
2.4771
1.42732
0.467692
0.34952
1.09287
3.53936
0.905715
1.73908
0.649139
0.906139
1.86894
0.982272
3.27406
0.631695
0.357389
4.54542
0.730345
0.48198
1.90135
0.71087
1.52897
0.395753
0.589344
2.63523
2.65905
0.371766
0.43747
0.628985
0.75202
1.72049
1.62487
7.5284
0.191958
1.43918
1.09348
1.86096
2.06279
1.33064
0.730895
2.59537
1.14548
1.67548
5.26917
0.586349
0.782592
1.36154
1.52487
0.680588
0.814441
2.70821
4.12816
1.38911
1.26678
2.93953
0.887857
0.946259
3.74021
1.11029
1.49086
1.53795
1.56094
2.86629
0.920396
0.87912
2.23304
2.3064
1.08225
1.31463
2.02996
0.89632
1.19198
0.925545
1.92045
1.19367
1.85625
2.72148
0.927485
3.14712
0.70352
1.23531
1.37825
0.305257
1.27463
1.1346
1.50479
0.341955
1.48335
1.21321
1.37268
1.15699
1.63504
1.40203
2.32893
2.50243
1.9044
0.944324
1.4292
0.874733
1.5817
1.36365
1.36215
3.37484
0.289733
2.25099
2.39106
0.983607
1.501
1.75115
0.778426
0.503495
1.18275
2.44905
1.02319
0.922927
2.04083
0.985942
0.799663
1.66396
0.655591
1.91882
0.715517
0.553183
3.45418
1.21748
2.1712
1.98135
2.201
0.706078
2.49365
1.45748
1.32348
1.64957
2.44647
1.68505
1.91486
0.338833
1.56122
0.840075
0.935295
0.486089
1.52294
2.00647
0.534282
1.98833
1.83556
1.60183
0.708406
1.45392
0.830131
1.52168
1.10237
2.39115
2.4058
1.73315
1.52532
1.03337
2.6416
1.95657
0.283091
0.793953
1.02318
0.969204
2.14886
2.02082
2.68059
0.713106
0.349214
2.86756
0.40914
0.638321
1.10377
1.36486
0.778719
3.09058
0.102743
1.69847
1.56583
2.88082
1.5999
1.47671
0.835651
2.63393
1.76215
2.74749
0.335447
2.44405
0.756812
0.904899
0.642278
1.89458
1.13734
1.51849
2.47361
0.679744
0.509416
1.45155
0.932997
1.55544
0.769134
0.526624
1.71646
0.689092
1.29056
1.61838
1.43204
0.839736
2.68231
0.747194
1.25312
1.91121
3.84277
2.21308
1.11816
0.606484
0.633815
1.19546
1.42793
0.872837
0.886042
0.762191
0.842265
1.2369
1.3951
1.19404
0.338127
1.41601
0.426268
1.13889
2.39202
0.307613
1.51716
1.67874
2.2191
2.79471
0.722861
1.15372
1.64491
1.33025
1.7741
0.787449
1.50797
1.01912
1.64714
0.904345
1.52162
1.75469
2.39648
0.427269
0.885295
1.69892
1.07894
2.38147
3.50799
1.09651
0.980114
1.76436
0.765433
1.28043
2.40755
2.14306
0.435599
1.37111
1.26385
0.820422
2.04024
2.19412
1.61638
2.6307
1.98986
2.07182
0.8054
0.806867
0.914104
1.04535
1.46071
0.963858
0.547271
0.922952
1.13827
1.62258
1.08447
1.72759
2.00766
1.59505
1.83007
2.63302
0.494763
2.19634
3.82843
0.730813
0.324974
2.59095
1.32063
1.56699
0.570687
1.77004
0.709725
0.271723
1.22747
0.540899
0.368857
2.14238
1.95377
1.56807
2.9164
1.32403
0.218645
2.52531
0.437196
0.193846
2.6105
2.47162
1.14396
1.34204
0.289734
0.92562
1.76955
1.30108
1.04984
1.02606
2.23685
0.985389
1.52957
1.79346
0.538838
2.66387
3.37894
0.862217
2.04648
1.0056
2.91324
3.30885
1.77158
0.507934
1.00766
0.303287
0.42132
0.985581
0.934667
2.94666
1.26255
1.40211
1.47576
1.49831
1.62113
2.24702
0.624715
2.71955
1.15024
1.93004
1.41415
1.12787
0.936945
1.56253
1.13957
2.24655
1.78572
0.962379
1.89843
1.28214
3.84748
0.820942
3.84051
0.334083
0.689814
1.21794
0.54334
3.24012
1.54745
3.17655
1.34799
1.60567
1.01739
2.07229
0.721732
3.25341
0.571021
0.26824
0.880815
1.34493
3.15091
2.08538
2.55631
0.757219
0.983266
0.849421
1.18846
1.80985
1.3326
1.38541
0.387219
1.94537
1.24192
2.90642
1.058
1.84314
0.197963
1.06025
2.67776
1.42084
1.89254
2.07262
1.40578
2.80417
1.44551
2.05882
0.438378
2.06683
1.91461
4.21422
2.46432
1.2075
1.214
1.2331
2.12197
0.84284
0.133492
3.74903
0.834011
0.664719
1.97607
2.67547
3.25861
0.495468
2.80928
1.43638
0.516814
2.94499
0.802477
2.4288
1.32442
0.706578
0.711566
1.75215
0.921506
0.778412
1.462
0.460795
2.09376
0.591534
2.84721
2.80538
0.726076
3.36285
3.24926
2.1749
2.48367
3.56328
1.87375
4.26013
1.10468
1.82197
0.952068
2.2759
0.931634
1.61863
1.06144
0.481195
1.87458
0.645923
0.12673
1.91048
0.297988
0.805523
1.47748
0.869468
0.913843
0.221036
1.28204
0.272397
2.37055
1.32466
1.85588
0.403581
1.38447
1.32316
0.746242
1.10669
0.528358
1.20979
1.90033
0.599132
1.08481
1.97219
0.827069
1.03088
1.15692
0.943362
3.13035
1.10213
1.2117
0.218839
0.434965
1.31459
1.38319
1.04268
1.02632
1.5211
2.95982
2.52001
2.84025
0.398517
1.76677
1.19877
0.974527
2.29792
1.42432
2.16739
2.00836
2.00013
1.34395
2.83632
0.687986
1.25511
2.4461
0.629144
0.257889
2.32168
0.58263
1.88667
0.795099
0.979995
0.456308
1.66435
2.2181
2.01111
0.962029
2.0533
1.90746
1.71672
0.302799
1.52442
0.747211
1.31113
2.44538
1.00049
1.75335
2.90592
3.59894
1.42326
1.56101
0.94138
0.603791
0.63686
2.04881
1.68382
0.611556
0.45967
1.67022
1.85696
0.53351
1.15537
0.899965
0.696037
1.27466
2.97217
1.15586
0.999885
0.439272
3.17194
1.61948
3.45407
1.37984
0.705009
4.34685
2.07144
1.82368
1.47233
1.23868
1.0758
0.574514
0.588621
2.68358
1.21489
1.0982
2.07511
1.99069
1.60071
2.36139
3.68462
3.0936
3.38899
1.02676
2.52407
0.679692
0.0819809
1.0565
0.830926
0.854671
0.451292
2.76709
2.29841
1.16231
1.22483
0.440914
1.52396
1.85899
1.62861
0.988698
0.876504
1.02168
1.57782
0.434453
0.898129
1.38704
0.75345
0.873593
0.657907
1.27972
1.92823
3.77604
2.78451
0.738234
1.59754
0.157625
1.12165
0.514995
0.779239
2.34966
2.41339
0.968924
0.575127
1.08932
3.31428
1.977
1.02362
1.34483
2.13744
2.47885
2.11688
1.36234
2.23786
1.2662
1.46188
1.84851
1.27546
1.34449
1.22308
0.522578
2.35806
2.88599
2.44927
0.616228
0.630703
0.514857
1.54265
0.872369
1.07356
0.789719
1.05485
0.799211
1.21376
1.19639
2.43831
1.13746
1.6835
4.08502
1.473
1.86168
1.07734
1.05122
2.40982
0.708905
1.12833
1.41267
1.40466
0.781697
1.3555
1.33956
1.06551
0.639583
2.00152
0.599858
0.46387
1.03372
2.25608
1.16325
0.734564
0.724831
0.833896
1.79559
1.05485
1.93915
1.02531
1.13075
0.931678
1.46022
0.39613
2.37399
0.655523
2.1293
1.45302
2.49546
1.29204
0.799018
0.699181
1.25988
2.00451
0.540021
1.17209
1.62428
0.454083
1.1983
2.94515
0.647115
0.273413
1.83023
0.7313
2.12688
1.73734
0.365717
0.963432
0.718228
0.806133
1.31393
1.58651
0.214008
0.598201
1.91724
0.70043
1.51727
1.27084
3.05454
1.36578
1.62021
0.161296
2.37074
2.32005
1.07078
1.38886
0.325451
2.85654
0.583992
0.656182
1.66268
1.08239
1.20468
3.97148
1.23997
1.5135
1.71101
2.34881
1.42916
1.23586
1.85221
0.492725
1.93992
1.16884
0.682436
0.82144
0.446183
0.677702
1.72426
0.431858
1.13404
1.65018
2.68498
1.02607
1.47142
2.30429
1.30861
3.37004
2.47778
0.831777
2.36901
1.22399
2.21982
0.982816
1.72263
1.18885
2.46963
0.845755
0.924085
1.61882
1.2255
0.972889
1.8784
0.897798
1.1195
1.48708
0.78291
2.08636
0.521714
0.688005
1.30044
2.53669
0.809518
1.59597
1.48779
0.492389
0.503798
3.23806
3.04072
2.40792
3.94045
1.04624
2.80317
1.41097
1.31505
0.488984
1.30178
0.869552
2.70674
0.189535
0.412557
1.09334
0.650778
2.64974
1.68321
2.94878
0.82257
1.6253
1.15461
0.411868
0.554505
1.56858
1.0151
1.53765
3.34584
1.3462
3.45605
1.84537
1.42672
1.06253
0.964853
1.90749
2.40676
1.56262
1.21479
0.661445
0.657453
1.24664
1.61438
1.36788
2.3324
2.50653
2.02497
2.28234
1.68225
1.60993
2.07711
3.20947
2.5207
1.13537
1.24613
0.975436
1.53624
2.27336
2.26671
0.465645
1.10194
2.16161
2.05694
3.19637
1.94344
1.84817
3.42049
1.20008
1.81718
0.625256
0.380007
3.41739
2.07897
2.55347
1.37731
1.80503
2.42751
0.869691
0.747274
0.696994
1.43695
0.540863
0.818265
1.92973
1.89422
0.842116
2.06805
0.619274
0.41819
1.20225
1.43856
0.504666
1.08261
0.941073
0.943232
0.753526
1.47864
1.09313
2.58161
1.46312
4.31539
1.11606
0.657308
3.08644
1.67148
2.33821
0.673208
0.737843
1.1216
0.295972
0.763758
1.53609
0.537189
1.85344
0.450079
2.26375
1.60509
1.32837
0.825644
2.75431
1.18573
2.17803
2.30968
2.80243
1.63822
2.84269
1.6816
0.554648
1.88111
2.84036
1.60086
1.6411
1.9269
3.77637
0.822297
0.804097
1.49461
1.09591
1.51123
0.584119
1.29608
0.500578
3.41379
3.36881
0.707879
0.555817
2.10773
1.22498
1.04553
1.60776
1.4067
0.431939
1.3867
2.25078
1.57523
0.821581
2.12889
2.51541
0.229504
1.7824
1.53677
1.79746
1.18793
1.63073
2.32792
1.61395
1.12619
1.36917
2.58216
2.61554
1.58398
1.26679
0.291347
3.01225
2.0406
0.50613
2.28509
3.99658
1.65133
0.807872
1.34318
0.340106
0.893496
1.6657
1.92982
0.443461
1.71235
2.79579
0.377699
1.31973
2.03239
1.1123
1.89366
1.27433
2.92161
3.57261
1.0343
0.88027
0.370047
0.976162
0.721247
1.11694
1.22027
2.25194
1.02537
1.32823
1.24363
1.16061
0.938642
0.682393
2.69437
2.7049
4.14238
1.68669
0.823148
1.16973
1.45356
1.36799
1.62479
0.389015
1.14292
1.49467
3.49616
1.32923
1.02469
1.05208
2.19124
1.4413
2.47525
1.79586
0.893774
2.22594
1.63151
1.15921
1.84047
1.79779
0.573937
2.91011
2.03406
0.531299
1.09603
1.91781
1.78493
0.964121
1.23545
1.67831
2.42612
0.361273
1.35952
0.85997
2.18108
1.61921
0.710954
0.927319
0.304415
0.567425
1.31877
1.62435
1.88348
1.3631
0.573542
1.27081
1.69786
2.00126
2.07623
1.13988
1.69314
0.246702
0.660945
1.9191
0.42963
1.15376
0.708998
0.767894
1.18285
0.729215
0.586322
1.09931
0.499887
2.88551
1.33477
0.462665
2.75786
0.983854
1.18795
0.808638
2.55532
1.17562
0.753449
2.42182
2.43369
0.788326
2.54998
1.41013
0.879324
1.61835
1.97911
1.52511
1.90027
1.59614
0.826164
0.655106
0.832128
0.628755
1.10696
0.789297
1.35224
1.57581
0.858422
2.16356
1.12547
0.601953
2.44786
1.4063
1.09765
0.788336
1.71509
3.14386
0.513336
0.588455
1.21431
0.318338
0.81125
1.51202
0.196072
1.24558
1.14058
1.91818
1.24149
2.95107
2.84683
1.28282
0.692474
1.11661
0.999863
0.981794
1.1472
2.85197
1.07816
2.51092
1.93653
0.915988
0.447465
5.62529
1.61933
2.36456
1.41739
4.04909
3.34526
1.63525
2.03686
0.715501
2.49765
2.16125
0.816428
1.80649
1.04509
1.11425
2.59677
0.833081
1.11997
1.1452
2.17383
1.71239
1.50684
0.706812
1.85195
1.24578
2.71715
0.400576
2.14634
0.7594
1.87983
2.99042
1.19997
1.63903
1.15761
0.237246
1.64105
1.15162
1.47761
1.71615
3.00789
1.42161
1.10809
0.92533
1.16346
2.60705
2.41614
2.2258
1.08699
0.350936
1.78443
2.55573
1.20836
1.07931
1.05022
1.75923
1.2481
0.977322
0.750432
0.420097
1.05824
1.39109
1.17179
1.53451
1.29996
1.23988
1.16863
0.602829
1.6518
0.80663
0.384747
1.53957
2.44549
0.238301
2.38414
0.878252
1.06768
1.51466
1.88831
1.20989
0.617309
2.07385
0.985488
1.08032
1.22017
1.76445
0.856754
1.33165
0.294397
3.38338
0.665367
0.482359
1.39707
1.40302
1.70467
1.15321
1.40983
1.79671
3.11826
2.4248
0.346026
1.00456
0.996764
0.491938
1.38135
0.866931
1.94727
1.05853
1.99213
1.76814
2.10133
2.2662
1.40718
0.0916326
0.971285
1.59821
2.33528
1.2859
3.40789
1.4643
0.752861
2.0997
0.973717
1.92084
1.33785
1.19497
2.16994
1.13443
0.85056
0.722488
2.00616
0.83054
1.73017
0.37456
1.62149
0.958126
0.976516
0.406223
2.94293
2.85429
1.46627
1.34581
1.50544
1.26405
1.13086
1.25225
1.15573
1.3413
0.0878389
0.976094
0.388963
1.56862
0.544409
0.56327
0.948659
2.02218
1.66454
3.18192
0.771573
0.714895
0.419012
2.35893
0.171397
0.434133
2.07224
0.389648
1.28769
1.56158
1.18902
0.484293
2.86255
2.1877
0.602908
1.55194
2.55944
1.9234
0.959326
0.82362
2.55983
1.41132
1.89799
1.59049
0.610109
1.64139
0.769285
0.454551
1.13058
0.509975
1.20376
0.770413
0.647616
0.437935
3.22433
3.85365
0.487652
1.71169
0.474098
4.75436
0.672461
1.37485
2.29331
0.174393
1.35857
0.98047
2.40464
2.22037
1.38711
3.4354
0.74905
2.03104
0.796133
1.21786
0.0993268
2.68436
1.99054
1.3651
0.546225
2.5228
0.84889
0.417815
1.23103
1.11158
2.0788
0.461111
1.73644
1.56774
1.60864
3.68192
2.01076
1.73984
1.39594
0.45557
1.35151
0.697487
2.49022
0.571815
0.56064
0.358235
0.502705
4.34668
1.59181
0.950369
1.36086
1.08197
1.82799
1.35786
0.658594
0.252755
0.49868
1.51069
2.46351
1.13621
0.381303
1.56005
0.515747
1.54045
1.43319
2.42966
1.42157
1.10038
1.64817
1.3935
2.05188
0.928343
1.45686
0.725354
0.896962
0.631106
0.52168
1.52768
0.947472
0.633247
0.875417
0.345613
1.98001
1.16269
3.66941
1.21862
1.69054
1.43735
1.30575
0.30855
1.86883
0.371196
0.810641
1.33301
0.841901
1.74349
1.30902
2.83677
1.0459
0.92825
1.091
2.69917
1.09325
0.326807
1.82396
3.04453
1.35988
3.10469
0.777206
1.41598
0.95812
2.21676
2.36168
1.81073
3.13459
2.21741
1.27197
0.936841
0.895914
1.25525
1.83271
1.01358
1.97156
2.33427
1.4597
1.96223
0.476483
1.42492
0.606034
0.961796
1.78646
1.74743
0.408798
0.950972
0.410636
0.963413
0.393086
0.587096
1.72734
0.726108
1.91015
1.03891
0.592102
1.53963
2.36472
2.18555
3.40342
0.684985
2.19038
2.25134
1.23505
2.72239
2.36014
0.761685
1.08869
4.15022
2.01344
1.32499
1.57636
2.41085
0.877902
0.876424
2.85044
0.756378
0.621928
1.60811
0.782889
1.09059
1.01365
0.504759
0.983416
1.8391
1.64799
0.718062
2.45719
1.44306
0.394577
1.63929
2.66969
1.31335
1.4865
1.85979
1.21785
0.411502
2.93313
0.876839
1.05861
0.573944
1.23862
1.94977
0.286978
2.8576
0.511456
0.933805
1.78509
1.24241
2.44834
2.99236
2.01453
1.5592
0.654687
1.3127
0.620068
5.13778
2.91308
2.94719
0.375774
1.91553
2.44576
0.675545
2.62195
0.88707
1.30142
1.84723
1.36244
0.345874
1.7696
1.4305
3.40786
0.727957
1.74988
1.23937
1.91547
1.0431
1.65667
2.76765
2.31665
0.317118
0.438212
2.65609
0.645398
0.368997
1.6536
0.905758
1.90669
2.21481
1.01164
1.79471
2.97304
1.50916
0.278352
1.74326
1.58147
3.84041
1.11224
3.24511
0.354904
1.89941
2.21407
2.12026
1.33622
0.549095
2.08656
1.25727
1.01372
0.306109
2.40284
1.36169
2.44739
0.464229
0.836868
2.233
0.603605
1.86193
1.35878
2.38822
0.818464
2.82688
1.30651
1.00384
2.08554
3.86043
2.26066
1.00587
0.572975
2.83251
1.30135
0.731868
2.52348
3.07343
1.84663
1.30304
2.75756
1.0941
3.06342
0.950444
2.25091
1.592
2.7684
1.04413
1.6469
0.578559
0.368985
0.48249
1.36556
2.06219
1.37284
1.18072
0.480267
0.794953
1.25416
0.971752
2.70732
1.26553
1.08524
0.415994
0.676323
1.00414
0.995119
2.65877
2.34335
2.89989
0.801424
2.43856
1.48409
2.39526
1.46699
0.792819
1.28265
0.67436
1.3204
1.28998
0.487258
1.50227
1.08036
0.940057
0.348861
2.68509
1.11536
0.27023
1.54561
2.51406
0.870579
1.81469
0.430433
1.22099
0.706345
0.538739
1.76662
1.16534
1.65438
1.26023
4.38215
2.54122
2.2777
0.946966
3.37631
1.38398
0.955876
0.265008
2.62686
0.879143
2.18657
1.54294
0.602639
2.2396
2.19837
3.95253
0.807238
1.46216
1.44764
1.51424
0.52495
3.69712
2.24226
0.708173
0.370007
0.78503
1.10157
0.319638
1.41422
2.81878
1.68719
1.2283
0.422145
2.68906
1.84378
1.62656
2.28098
3.59332
1.99667
1.31581
1.00072
1.74732
1.33862
3.19897
2.02996
0.566956
2.57267
0.967863
0.626828
0.765678
2.11289
1.3071
1.98827
2.35349
0.478551
0.873536
0.533154
0.704614
1.13501
0.710802
1.45986
1.25099
3.59236
1.34469
0.936169
1.81508
1.13273
1.82653
0.671064
0.823518
0.421236
1.64285
0.801524
0.24558
0.654869
1.03254
1.15647
1.23602
1.72581
1.01466
1.05144
3.20101
0.693844
2.3217
2.26754
1.58792
0.639391
1.29628
1.91025
3.75157
0.619839
3.05302
1.80301
0.872278
1.77603
1.58707
1.11689
1.52993
2.12431
1.4243
2.14633
1.18159
1.4211
1.95783
3.65791
2.89565
1.84231
0.58533
2.56849
0.63882
1.21231
1.33677
1.96455
2.0803
3.06812
1.44566
0.335839
2.04613
0.454962
1.03463
0.893322
2.85705
0.553478
1.09918
0.511335
1.39526
1.10744
1.79934
3.36728
1.0252
0.502268
1.90842
3.84854
1.52079
0.958009
0.18862
1.4009
2.6029
0.342268
0.796274
0.977415
1.35341
1.54995
0.508212
2.69216
0.796143
0.953297
2.813
1.43683
0.573829
3.28772
0.386404
1.13476
0.361735
1.04284
0.573487
0.357591
0.879163
0.936943
1.66605
3.20943
5.04504
1.02218
1.27805
1.00951
1.95913
1.44677
1.56428
1.00719
1.20624
0.306591
1.30549
1.49006
2.3365
3.14597
0.607964
0.375214
1.40116
1.93045
0.929569
0.697247
1.49257
3.31382
1.97306
0.784582
1.93018
0.887504
2.46682
0.222674
0.287196
2.14532
1.55977
1.45401
2.53105
1.30178
2.3144
2.19583
0.792513
2.89906
1.10916
0.32698
1.43356
1.1142
3.3202
1.12357
1.05481
3.09852
0.845177
1.15634
2.11639
1.9584
1.72007
1.19153
2.95834
0.908016
2.1385
1.22349
1.57342
2.75254
1.67258
2.66626
1.64923
2.10774
0.7627
2.93455
4.39104
2.90785
2.87294
1.02197
0.98672
2.42839
1.99276
0.746871
0.634783
1.14812
0.756737
0.856947
0.608499
1.42024
0.13064
1.29036
0.744937
2.16122
1.74621
0.583689
1.09323
0.865879
0.868989
0.769212
1.41955
1.23766
2.21318
2.51845
0.602708
3.06846
1.57372
0.976366
2.0732
1.46469
2.41787
1.12739
2.03878
0.225315
1.1823
0.208581
4.06579
1.02495
0.793374
0.770439
1.57318
1.16025
1.72702
1.00922
0.260296
2.35506
2.23854
1.94534
1.48163
0.893774
4.09689
2.88543
0.678733
3.26171
2.19018
1.81616
1.89551
0.747747
0.9143
1.1205
1.07335
0.757933
4.40014
2.04859
2.95048
3.53292
0.286931
1.24328
2.17161
2.59014
0.66821
1.86633
2.51297
1.25537
1.47548
0.772079
1.56822
0.581128
0.748776
0.766818
1.76923
0.652875
1.55341
2.78196
2.28638
2.14339
1.34139
1.46104
1.63842
1.815
0.134863
0.651644
0.790655
2.32067
2.04591
1.66047
2.50549
0.62064
0.831236
2.11153
1.53719
1.69573
0.494027
0.623525
2.00693
0.713391
1.91898
1.17888
1.04862
1.19076
1.43647
1.08331
1.60313
0.744762
0.193987
0.787173
2.30298
0.795952
0.421603
0.197055
1.781
2.78053
0.330888
1.55824
0.872283
1.05964
1.0522
0.295719
1.47994
3.16072
2.67466
2.20649
2.8207
1.28831
0.751065
1.29991
0.265982
1.70043
0.423514
0.454897
2.38146
0.942094
0.0869217
2.34826
2.6641
1.93353
1.25381
3.16084
1.35186
1.04588
2.84189
1.89637
1.16099
1.04009
1.77087
1.19335
1.76181
1.72817
1.38656
1.57772
3.32706
1.42622
1.01669
1.20781
0.474671
0.769002
1.47367
1.30671
0.976353
0.506344
0.970881
2.68783
2.65467
1.76427
0.824983
0.715708
1.4871
0.940758
0.433056
3.77814
0.78705
5.86537
0.773252
1.75695
1.76415
0.658201
0.87497
1.49646
0.61152
4.01025
1.0913
2.29374
1.61646
1.48294
1.30794
2.06862
1.00949
1.60235
0.716473
0.912776
2.20352
0.7454
2.68469
2.46575
1.45857
1.45315
1.13224
0.391265
2.03568
1.31449
2.42098
1.30421
0.897739
1.17441
3.13238
0.831528
1.1381
0.465495
4.35461
1.53169
2.25254
2.66511
3.33402
1.64064
2.06019
1.27831
0.955295
1.24686
1.22493
2.05724
0.964244
0.602999
0.717507
2.23717
1.22977
1.43791
1.2972
1.64499
1.73759
2.58781
2.38452
0.588918
1.58471
0.985871
0.33133
0.886754
0.631092
0.231711
1.2361
0.881522
1.03873
1.4166
1.0148
2.29306
0.538865
0.806586
1.06296
1.44034
0.935078
0.786906
2.42953
0.973859
1.2557
1.77955
2.3089
2.55727
1.88793
0.452592
2.49606
2.09134
3.11831
1.9541
1.06986
0.663935
2.8839
1.04608
0.594849
1.34519
0.724008
1.98606
3.75961
0.889792
1.99372
1.01193
2.3814
0.663371
1.16944
1.69209
0.560078
1.48706
2.10665
0.479319
0.724248
1.45027
4.2508
0.240088
1.89742
2.02927
0.902367
1.35478
0.559997
1.74365
2.90811
1.4259
0.810579
0.351802
1.74804
0.684892
0.598779
0.51337
3.15707
1.61217
1.01125
1.39585
1.1185
0.989683
1.30611
2.35187
2.78433
1.0405
1.97841
0.67709
1.01311
1.13552
1.87823
3.71197
2.52746
0.490166
1.26946
0.58519
0.573766
0.711353
1.62182
2.69048
0.514059
1.70571
0.439914
1.47237
1.70145
0.240628
1.53302
1.62681
0.433649
3.77026
0.496242
0.896867
3.73575
0.680774
2.0231
0.720013
1.30034
0.588138
0.878713
3.66304
1.50917
2.17406
1.73581
1.70628
0.268157
1.68532
3.35675
1.42932
1.2939
1.22724
0.565242
1.65261
1.61593
0.179874
2.02683
0.903678
2.89725
0.695096
0.838692
1.49137
0.487899
1.67064
3.73134
0.921649
0.867571
1.7819
1.36104
1.77833
0.607181
0.994182
2.64128
2.97357
2.1737
1.29689
2.10862
1.37559
0.481571
3.02605
1.88616
2.08193
0.348222
0.949523
1.5009
2.72371
0.648171
0.950237
1.4657
1.14305
1.42359
1.1053
1.68793
1.03064
0.713967
1.58866
0.695912
3.17806
0.31047
0.804324
0.899071
1.28286
1.29891
0.823001
1.9583
1.07996
1.70163
2.97009
0.887919
1.81244
2.24402
2.13968
3.59815
2.46608
0.798508
2.99864
1.46788
1.29031
2.9204
1.76496
1.33149
0.808911
2.17747
1.47049
1.33419
1.72012
1.11134
1.96625
0.776701
1.83545
0.918848
1.34315
1.46842
1.85877
0.851618
0.923789
1.01342
1.58515
1.50197
1.46093
0.7452
1.39643
1.55413
1.79891
1.64307
1.89883
0.912012
0.721899
2.1826
4.60969
0.933483
1.09325
0.309615
2.28752
0.970658
1.40229
1.40968
1.43785
1.5682
2.91165
2.11728
1.02602
1.03666
1.10929
1.94413
2.91763
0.980006
1.51417
1.49119
1.11568
1.62985
3.88373
1.52454
0.52327
1.63536
1.24712
3.39788
1.69678
1.49172
3.85597
2.85514
0.650403
1.42216
1.74486
1.10385
0.36759
1.8261
0.473444
1.05388
1.20749
0.928447
1.79053
0.96696
1.98025
1.92929
2.59714
1.22501
0.40026
1.9989
1.31099
1.15827
0.712827
3.70143
1.93839
4.56193
1.50767
2.73217
3.19225
0.634822
1.04841
2.36291
1.3115
0.937984
1.66264
0.352434
2.30861
0.888154
2.02664
1.35557
1.50198
0.647433
2.51896
0.572667
1.66527
2.57977
1.86486
0.850716
1.00239
0.31627
2.39455
0.726122
1.06013
1.08799
2.43772
0.962252
0.733689
1.98706
3.89288
0.613449
1.61649
3.25475
1.84861
0.953598
1.5783
1.1108
1.27604
0.661612
2.37309
0.822609
0.867467
2.9174
0.841212
2.8907
3.5658
1.40353
2.36646
0.985093
0.554337
1.1768
2.90858
1.36213
1.03377
0.187451
0.859641
1.69558
1.19492
1.89679
0.375325
0.912638
3.56531
1.98746
2.7639
2.65418
2.22187
0.418437
1.2307
0.806511
2.04575
2.48457
0.543235
2.73172
2.72688
1.77005
0.853423
0.473155
0.440167
1.57969
0.945159
1.85838
0.0960112
0.807146
2.61147
1.08842
0.766506
1.37464
1.5749
1.34034
0.425522
0.924795
1.19098
1.81131
0.868219
1.75516
0.39845
2.42017
0.576726
0.948657
0.481002
0.906482
2.16005
0.36324
3.17162
0.534763
1.76268
1.07637
0.731961
1.65054
0.509002
1.45064
1.15697
0.587293
2.00177
1.71498
1.58756
1.8688
3.83528
3.1749
1.89068
0.982969
1.01094
0.675017
1.48381
1.61748
2.44315
1.24766
3.365
2.20173
1.73162
1.4746
0.460083
0.967335
2.47694
1.76986
0.684489
4.13973
0.929204
1.50229
1.90422
2.58634
3.34034
1.54795
4.55854
0.890543
1.07229
1.50102
0.581627
1.44003
1.22353
1.6612
1.06421
1.07212
1.2272
1.34697
2.31683
1.77537
2.16431
0.846626
0.501584
0.453344
0.651217
1.04713
3.12311
0.991755
0.464827
1.03732
2.12621
1.64376
0.775647
1.03107
0.487323
0.797422
1.882
0.547712
1.74207
1.5828
2.30509
1.84292
0.419031
4.74905
1.93048
0.673187
1.88131
2.3603
1.70514
0.805369
0.707074
0.63599
0.301317
1.35227
0.722901
0.768442
1.04143
2.72172
0.598426
1.27184
1.18817
1.49313
1.5881
2.12083
1.38763
1.73231
0.672033
2.73926
0.793443
1.20038
0.825052
2.23999
0.938146
1.7726
1.32767
0.712008
0.951042
0.846347
2.68319
1.66813
1.53622
0.851785
0.585881
1.65425
0.784371
0.841491
3.29895
0.828831
1.13439
2.01355
1.37276
1.27624
2.15581
3.2017
0.570813
0.34735
1.19636
1.91934
1.7228
0.768701
1.6841
1.31467
3.97491
0.917206
3.16712
1.953
0.868783
2.54509
0.692382
1.76044
0.491048
1.9844
1.62761
2.25003
0.863694
0.903215
1.41808
1.41689
1.3841
1.96227
0.719097
2.56197
0.574832
0.732707
2.53225
1.36871
2.80746
0.558741
2.46685
1.37468
1.36042
0.646396
1.7084
1.69598
1.02363
2.81478
0.837729
1.39251
2.72733
0.951816
2.56492
1.58785
1.78306
2.66456
2.60868
4.05081
1.33336
1.93998
1.62612
0.822593
0.379108
1.29055
0.672641
0.994351
1.0172
0.561001
4.66054
0.582807
1.07258
1.68519
1.09148
3.32137
1.0447
0.911771
1.35883
1.55174
1.82188
0.908946
3.02786
1.70311
3.49199
1.76039
3.45817
0.879933
0.950578
1.86958
2.33958
2.49629
0.653089
0.484489
1.18594
1.96058
1.33268
1.73316
3.67229
0.986335
1.77189
0.703901
0.346487
1.75161
1.56494
0.425034
1.55328
1.37283
0.539077
0.900885
2.78528
1.50261
0.702834
1.66682
1.7568
0.473347
0.567863
0.658918
3.04322
0.382295
2.30618
1.19661
1.89702
0.744481
0.533838
0.905748
0.295277
0.979437
2.03081
1.03727
1.03822
2.45181
0.729749
1.17155
1.64659
1.13268
1.22733
2.93852
0.863936
0.768332
2.31072
1.89879
0.149261
1.43657
2.99735
0.940274
1.67231
1.86735
1.38213
1.02557
0.853733
1.08137
0.561198
2.19763
2.46197
1.71852
1.8413
1.03362
0.861781
1.28457
4.07161
1.44552
2.09642
1.52057
1.79116
1.67841
2.66068
0.969031
0.942968
1.28724
0.787251
1.81234
2.31061
0.61456
2.55978
1.56425
2.36573
1.73095
2.32252
0.45658
1.1461
2.03631
0.865379
1.98411
0.435815
1.87407
2.18579
0.614306
0.329684
1.2919
3.77266
0.302389
2.57615
3.2274
0.924266
2.60931
2.89654
1.26869
2.58338
0.691167
1.61404
0.628764
1.28727
2.12291
0.536355
1.41091
2.57796
0.932052
0.541457
1.24264
1.29474
1.45748
0.292764
2.22869
1.02983
2.26089
2.21004
1.54441
3.45063
1.88407
1.23451
0.93048
0.56702
1.26957
1.28893
1.567
2.15965
1.20158
1.24532
1.67853
1.42524
2.20298
1.15576
1.00221
3.21265
3.28826
1.02002
0.37762
0.590994
1.28626
1.90399
2.95127
1.74283
1.35482
0.492139
2.02902
0.968157
0.716479
0.617935
0.788249
3.3879
1.65114
4.10632
3.41076
0.711249
1.63294
2.07345
2.07115
0.575638
0.225191
0.407669
1.34096
0.537507
0.335674
0.647775
0.609583
1.97705
5.36591
1.44788
1.00479
1.17676
1.08622
2.5877
0.893685
1.72551
1.55776
0.792237
0.384161
1.49976
0.905551
0.602634
2.59769
1.04992
3.31375
2.41503
0.688437
0.857885
2.20688
1.07102
1.88694
0.225036
3.17125
1.8166
0.140666
1.82487
0.748886
0.485318
0.757757
1.47456
2.36359
4.36807
1.19092
1.69402
0.724798
1.61215
0.310419
0.952712
0.344723
3.37567
1.96618
0.813451
2.59127
0.974308
1.21027
1.21009
2.67115
0.998813
1.43242
1.14851
2.31631
0.862995
0.741693
0.838148
2.52765
1.96093
0.981482
0.815585
1.6458
1.06475
0.403547
0.868648
0.725955
1.74797
0.919579
1.8792
1.26495
2.88621
3.86954
0.962178
2.74733
0.711431
0.277316
1.38351
1.18469
0.673763
1.35842
1.36567
1.81657
0.789143
0.696654
0.556867
0.350684
1.17394
0.403707
0.506257
0.373712
0.541947
1.32722
2.53527
0.58928
1.96271
0.572322
0.506741
0.633781
1.88946
1.4221
0.622467
0.348073
2.03741
2.16109
1.34356
1.34686
1.57238
0.391521
1.40766
0.898795
1.75372
1.62444
1.84466
0.925891
0.64184
1.20692
1.2467
0.572065
3.23685
2.18344
0.613316
1.15176
0.854168
0.445497
1.23659
0.559625
0.61857
0.918552
1.26747
1.04686
1.15385
1.12315
1.99669
2.47519
1.86654
1.80599
0.588644
1.91276
2.77591
0.80053
3.71941
0.398993
0.883968
1.08666
1.93489
0.455729
2.18657
1.69956
0.534639
1.90717
1.35033
0.707321
1.77226
1.05188
0.564291
3.15092
2.29923
1.1062
3.47288
1.79365
1.33063
1.92304
0.913704
1.01099
2.38747
0.86356
1.69435
2.90121
1.6584
1.6878
1.95173
1.37076
0.843005
0.785942
1.11052
1.18006
0.141622
1.39715
2.12957
0.526815
0.850985
1.13532
2.31195
2.18513
1.04594
0.842502
1.74819
0.50145
2.50555
2.84826
0.591021
1.33281
2.35711
0.592601
0.675273
0.513698
1.59332
1.44994
0.880936
0.881836
1.6827
1.1652
1.47532
0.887247
2.58772
3.29117
0.902558
0.947642
0.940449
0.979704
3.83597
0.594978
1.77778
1.79365
2.06582
1.31038
0.25469
0.760326
0.390824
2.13624
0.438259
1.64719
1.19419
1.41436
2.40099
1.50498
1.0625
1.6288
1.0886
1.0069
3.05827
2.48501
1.54076
1.36642
1.23085
3.28388
0.851972
0.381822
3.87226
1.40286
1.48062
1.86322
1.8378
2.34708
1.83205
0.837921
1.81786
2.05907
2.13912
1.80322
0.612987
0.847716
0.651458
1.37448
1.50145
1.34991
2.126
1.55258
0.866325
2.31672
0.455734
1.66848
1.13325
2.82464
1.30162
1.96132
1.69209
2.87261
2.40956
2.83425
2.77995
2.39048
0.231174
0.793128
1.78159
1.28919
0.837225
1.19555
1.02785
0.54546
0.996829
4.52572
0.993651
0.719435
1.72051
1.29485
1.13582
1.25628
1.98601
2.66802
1.00172
2.4057
1.67217
1.15322
1.23366
1.7766
1.36105
2.48869
1.82221
0.304976
2.19116
0.961786
2.27162
1.53191
1.21564
2.03842
4.24778
2.73672
0.752192
2.03359
1.73747
1.30469
0.622419
2.29477
2.85719
2.1977
3.34561
1.94318
1.56111
1.68613
1.59056
2.1103
1.46604
1.50022
1.37088
0.481395
1.90438
1.05828
1.46189
0.266426
0.778797
0.985025
1.21807
1.42357
2.81056
1.53978
3.11415
1.27621
0.928284
0.761985
2.11056
1.96753
1.35873
1.37193
1.29135
0.314063
6.86235
1.31405
1.57538
2.19335
1.57707
1.28849
1.79012
1.88075
1.52611
1.17074
3.0161
2.21829
0.508669
0.787958
0.913508
1.23369
0.985288
0.391286
1.00403
0.753985
0.653861
2.46018
4.63517
1.62423
2.24115
1.0691
1.51077
1.7039
0.883134
1.00676
0.331305
1.52378
2.06372
1.98282
1.29313
2.48792
0.419997
2.15625
2.45954
1.1337
1.13658
1.25275
1.31586
1.59451
2.31544
1.13818
1.30885
0.65355
2.56084
1.59715
2.20699
0.796629
1.57492
1.31574
0.254308
1.32809
1.80027
0.535501
0.856836
2.83994
1.14688
1.56659
1.06431
0.931895
0.619422
0.68039
0.745556
1.93939
4.96266
1.47613
0.548909
2.00872
3.23252
0.680386
1.72296
0.959755
1.48627
0.358189
1.77405
2.34085
0.992369
1.5225
2.32742
1.40227
0.905025
1.47461
2.02622
2.51037
0.204176
1.55344
0.325973
1.97486
0.791934
1.28823
2.07293
2.08069
1.57619
1.68599
0.958917
1.25989
4.03658
1.34369
0.746808
1.8987
1.06034
2.42041
1.3661
2.496
1.31235
4.72677
1.34888
2.44981
1.93144
0.86288
1.94614
0.646478
1.76058
1.02483
1.52791
0.82984
0.985617
1.52539
1.54178
1.23225
3.44882
0.786211
0.983696
1.19793
1.39106
2.69547
1.35573
1.10222
2.70997
1.61322
2.28211
0.887382
1.17068
1.45641
1.25617
2.59357
0.687826
1.15375
0.418269
1.48811
1.91229
0.798242
1.3781
1.57092
1.32251
3.70079
0.925495
0.842374
1.80793
3.75114
1.62902
0.948387
1.27376
0.949323
2.56866
0.764474
1.02295
0.726994
0.521143
0.849453
0.711158
2.26745
2.56306
0.0692797
2.46728
1.36479
1.12355
0.73507
1.36574
1.23606
1.0995
1.3618
1.67938
1.81034
0.773917
3.50422
2.1903
1.5188
1.96824
1.31596
0.93296
1.21117
2.45386
1.43178
0.735842
0.654736
0.972937
0.987019
0.729875
0.729039
1.46996
0.818687
1.50365
1.72846
0.800736
1.29218
1.6655
0.970781
0.783798
2.20172
1.88719
0.782068
1.42563
1.67311
1.50574
1.78401
1.60781
2.58574
1.78436
1.39619
1.6712
0.505316
2.44649
0.745188
1.02014
1.64687
0.245337
0.682715
0.679817
0.64095
1.02607
0.4987
2.33335
0.810033
3.54793
0.952853
1.12035
0.257304
1.34287
2.13605
1.84791
1.49309
1.96298
1.29313
0.944671
1.40139
2.03575
0.760292
0.67914
2.98973
0.721444
1.22366
0.720593
1.46521
3.12009
0.502778
1.37842
1.83385
1.63017
0.319416
2.76151
1.30693
2.91008
3.01471
2.12085
3.09958
1.94684
0.406381
1.42685
1.65909
1.10053
4.66847
0.404316
0.898628
0.411476
1.51671
0.109654
0.961538
1.17063
1.73647
0.873461
0.773689
1.71085
2.99602
1.10201
0.493194
1.91275
1.16466
1.63718
1.14905
0.873019
0.7938
0.653047
0.163314
1.08078
0.670188
2.89696
0.562705
1.36593
0.58589
0.483311
0.549307
1.22319
1.73479
2.01874
2.41891
0.993703
2.35784
1.28385
1.66628
1.83836
0.955877
0.857185
0.928687
1.07726
1.69172
4.27763
1.78314
2.75236
0.515149
2.32741
2.76581
2.00484
1.64355
1.51844
0.872273
0.61674
1.71088
1.314
0.825128
0.126827
1.74034
1.03171
1.8367
0.318473
1.06316
1.6306
0.892739
1.8088
1.08462
1.41536
1.95162
0.690949
0.827256
0.845158
1.73866
1.26727
0.55068
0.800668
0.940694
1.27298
1.09783
1.7494
0.863571
1.68097
3.00896
3.79442
1.15299
4.81379
3.09199
0.549409
1.01743
0.471132
2.43569
0.423867
0.77814
1.09207
0.755875
1.29312
1.01325
1.58934
0.55075
1.49677
1.38436
4.48821
1.75469
1.78398
2.53273
0.450046
0.923961
0.867656
0.738584
0.134067
1.93677
0.325252
1.03613
2.76551
0.669847
0.355861
0.677125
1.31066
2.91471
2.13432
1.1157
0.568324
1.55664
0.386615
1.69194
0.415951
1.19009
0.634053
2.50952
1.19904
1.34515
0.333035
1.99166
1.17627
1.43739
1.21559
1.53911
0.724566
1.03576
1.73994
2.5648
1.35998
0.884339
3.48722
3.20926
2.02219
2.13259
0.357429
2.74769
0.473032
1.45099
2.74752
2.68202
1.69222
0.538313
2.3647
2.16165
0.608636
1.98683
1.96993
1.7457
2.25621
0.802708
1.22878
0.715785
2.04958
1.35738
1.07602
2.37734
2.45778
0.599365
0.30472
3.61949
1.48892
0.543847
1.01292
1.1628
1.06592
1.17218
2.14446
1.06686
1.63795
0.424189
1.20422
0.885362
1.28
1.60638
2.11823
2.0587
1.86634
1.11724
1.44397
2.51859
1.55956
0.295458
1.97296
1.57052
0.920774
0.29102
1.18526
1.83121
2.58987
0.411779
0.565401
1.33905
0.648245
0.501124
0.693607
0.746996
1.16773
0.858359
0.258689
1.94621
1.15873
1.00941
1.46535
0.880224
3.72416
1.91601
0.815282
0.551655
0.344318
0.368042
1.1301
1.32346
1.36943
2.92802
1.57803
1.79703
0.937091
0.664347
3.29129
1.1949
0.78968
3.01495
0.713807
1.71565
0.312318
0.698661
0.678565
1.79857
1.09539
1.22718
1.7178
0.46781
2.12825
0.781793
2.16806
0.661653
0.739648
1.23124
1.40908
0.912919
0.163582
1.38317
2.18618
0.492939
0.592552
0.180523
2.34949
0.798423
1.77716
0.876795
0.916044
2.19637
2.35457
3.05696
0.232967
1.03214
0.594526
1.03065
0.873075
1.01591
2.80716
1.25671
2.32391
3.82891
0.658657
0.796547
0.851602
0.746412
1.91094
2.06906
1.42174
1.8273
1.89581
1.01118
1.71827
1.29146
1.55593
4.73149
0.893258
3.49708
0.368093
0.888614
2.44141
4.33046
1.94159
1.07593
1.83996
3.78986
0.683742
0.469334
3.71946
1.12671
0.722305
1.3105
1.23047
2.25108
0.126573
1.585
2.57528
0.715837
2.79718
0.385975
0.174169
0.499056
2.2
1.21461
0.898992
0.514137
2.62716
1.92222
1.50007
2.04241
2.77035
1.34488
3.0255
1.32757
1.28394
2.05805
1.33133
0.425699
1.05712
0.544824
2.95901
2.78398
1.34535
2.77303
0.654717
2.38751
2.61
2.33765
1.02881
1.75376
1.52397
0.956414
4.62009
2.6127
1.43044
1.65652
2.46655
2.09154
2.07946
1.45451
1.26253
2.63908
2.79619
1.56866
1.27089
1.26918
1.52986
0.605314
1.29429
1.54059
1.22517
0.352909
0.502727
0.905198
0.297453
0.604729
1.08603
1.71792
3.90235
1.89821
5.36266
0.535246
0.296391
2.24786
1.2818
0.72921
1.08188
5.32304
1.93588
1.87887
2.36718
1.30781
0.969786
1.78249
1.48804
1.25047
1.60557
3.41545
1.80656
1.60731
0.552419
1.45109
1.55593
0.79225
1.3379
1.19291
2.89353
1.50866
1.53323
0.325673
0.769994
3.98052
0.980617
1.18451
1.78727
1.02357
2.05081
2.44403
0.798065
4.35313
3.14815
3.37366
1.15116
2.16167
1.00533
0.964192
2.81841
3.19774
1.09089
0.344008
1.28625
1.7747
0.563938
1.09163
1.58245
0.842737
0.461812
1.22274
0.889565
0.754276
1.773
1.10553
2.28326
1.16641
1.50937
1.71696
0.432543
2.86853
1.06109
0.773504
2.91468
4.17886
1.41946
1.67354
1.22002
1.69347
1.04879
0.472638
2.69553
1.57787
1.06724
2.12603
1.20972
0.786138
3.1341
1.06696
0.528284
1.78719
1.87257
1.56154
1.94384
1.36865
1.8923
1.56013
2.72182
3.48904
0.986195
0.557424
1.12263
0.652889
0.927658
3.3031
1.16595
0.956912
1.06473
4.19433
1.29317
1.46996
0.935478
2.15691
0.570045
1.15465
1.68345
1.36301
2.41776
0.954008
1.27131
2.07045
3.15542
2.1138
0.536415
2.08973
3.28932
1.18652
2.59439
2.02019
1.27454
0.783576
2.76843
2.85252
1.08176
0.948997
1.29728
1.01752
1.61823
1.65805
1.20872
0.543899
2.97479
0.378992
1.12104
1.88176
0.39048
1.88868
1.43857
1.3862
1.31819
1.4543
3.25853
1.36793
0.336133
0.316282
0.745019
1.63215
1.39364
1.06332
4.00984
2.68927
2.80761
0.821046
0.266957
0.631698
0.724833
4.31873
2.71175
0.917641
1.43161
1.67778
1.15601
0.707597
3.73187
2.29441
0.669861
1.0037
1.78346
1.46192
1.36043
2.1391
1.21276
4.14359
0.394755
0.855129
0.797626
1.85112
0.511809
0.92341
0.63977
3.1614
0.540263
0.630563
0.446043
1.05422
1.11224
0.847798
1.71962
1.35296
1.95843
2.52936
0.811399
1.24172
1.10873
0.842898
1.49778
2.14463
1.33967
1.11634
1.49183
0.851773
2.62713
0.87427
0.81491
2.31532
1.08529
1.51387
0.512865
1.16436
0.23682
2.24226
0.469805
1.6466
1.66307
1.21608
0.985932
2.71407
0.779573
1.54305
1.57294
1.93122
0.273948
0.527048
0.867002
1.29187
0.942393
1.27629
1.89763
2.03913
1.53431
0.421752
1.02862
1.89272
3.27015
3.54092
0.365607
0.839987
2.91841
1.15055
0.34895
1.13997
3.65963
0.791332
0.791282
0.969205
0.626665
2.22487
1.08971
1.13093
0.51311
1.89843
1.27908
2.52444
0.960178
2.26957
2.19647
1.5639
4.38922
0.159208
1.34177
3.04034
1.9742
1.10798
0.583779
1.74388
1.1135
2.46709
1.42505
0.93502
1.84641
0.9443
1.96544
0.879032
1.20737
1.8708
1.18374
3.45699
2.73014
0.91916
1.36575
0.694335
0.064831
0.728166
2.31942
0.476181
1.57863
2.92758
1.87454
0.803876
0.960641
0.853786
1.06328
1.4824
0.491165
1.01108
1.88987
1.42377
2.94288
1.0824
1.71162
1.61026
2.91744
0.243671
0.726351
0.44349
2.31487
2.47214
1.03156
1.21103
1.09386
1.6059
0.324918
1.27562
2.63455
0.775854
0.827978
0.495432
1.43121
0.857459
2.09518
0.51523
2.85127
0.670844
0.249131
1.00075
0.728607
3.87317
1.0542
3.29607
1.58875
1.79911
0.740641
1.0282
1.33959
0.738414
1.03603
1.71627
0.619846
1.50673
1.32268
1.5281
3.27745
3.219
0.685297
0.758124
0.970976
0.653442
0.825939
1.86097
0.896563
2.30645
1.45266
1.83158
0.57636
0.927432
0.879076
0.86812
1.19256
3.37933
0.449875
3.95175
0.665661
1.51449
0.693833
2.17572
1.88684
1.10771
0.889423
1.98336
1.06085
1.18978
3.60314
0.700447
2.37728
1.37823
0.790465
1.29949
2.21699
1.45012
2.24666
1.41307
0.227578
1.39905
1.09482
0.477416
0.683336
1.05949
1.59853
1.28553
0.788708
0.965022
2.42432
1.90607
0.790214
0.655583
1.77593
0.370749
0.655116
1.7298
2.03589
1.70093
1.60234
1.76674
1.024
1.84868
1.80472
2.80089
3.86996
1.09371
2.65671
0.665516
2.20296
0.65581
2.02833
2.5372
1.69556
0.935344
1.09294
1.29529
0.593404
1.57154
0.511534
1.31176
1.85801
1.75202
0.680952
0.69661
2.13759
0.973293
1.73988
0.530719
1.63871
1.89035
0.875658
1.45736
3.36107
1.83304
2.59371
0.665456
2.87401
1.6576
0.722178
1.78232
1.3985
1.17406
2.58757
0.556915
1.53988
1.48537
1.00274
1.65609
2.01166
1.36616
1.46087
2.71806
1.01972
1.43714
1.63225
3.64208
1.3711
2.53202
2.58367
0.503011
0.810575
0.292173
2.10532
0.509574
0.55875
1.27333
1.52558
2.1066
1.91723
1.56814
2.00352
1.58395
1.09539
0.613817
1.63988
2.61264
1.57894
0.415427
1.53694
0.908693
5.01535
0.989312
1.27418
2.09427
2.18318
0.262447
1.73122
1.60898
2.69549
1.10288
1.94239
4.43174
1.73731
1.14462
1.48154
1.59854
2.15956
0.953942
1.4447
0.362216
0.600116
1.16342
1.06335
0.389469
1.70721
0.624514
1.99442
2.08383
1.14615
0.680644
1.24235
0.688154
1.15383
1.59864
1.17002
0.86675
3.23084
0.654997
1.7511
1.62566
0.753575
0.67355
0.598647
0.926929
1.42994
0.551788
1.37034
0.892494
1.23211
2.59259
2.05099
1.01387
0.67701
0.58256
0.634034
1.57336
0.651538
2.4495
0.721623
1.12847
1.14701
0.985299
0.847094
0.865063
1.35926
2.02821
1.1276
1.96097
0.855428
1.3899
1.1038
1.65852
3.50324
0.684389
2.43143
1.12925
0.824773
1.00255
1.23905
2.13761
1.62212
0.455599
1.88716
1.38889
0.739895
0.27786
0.861441
1.61032
1.36071
1.80843
1.79011
0.347297
4.21779
1.34047
1.52959
2.48992
0.36849
0.791739
2.72632
3.11925
0.555172
3.19606
1.2077
1.28986
0.0880098
2.08005
0.714497
2.0776
1.27422
0.454714
2.36435
2.38357
2.09059
0.832595
2.07918
0.979247
0.706592
1.05296
4.35764
0.83261
0.894767
2.11921
2.1891
1.52348
1.59578
0.902411
1.82104
1.82535
1.85492
2.35204
0.10432
3.28304
2.05715
1.86713
2.10916
2.28393
3.5477
2.03336
0.329994
1.97265
1.61259
1.68925
0.742197
1.45275
2.81808
1.2759
1.33417
1.58433
1.94335
3.34127
1.56925
0.691846
0.920677
1.40178
2.00674
0.304586
2.25677
2.3695
0.349527
1.9689
0.520174
1.29612
1.1515
0.771073
0.219549
0.714198
0.619481
1.64746
1.95255
0.823963
1.72979
2.04947
0.98313
0.414027
0.649535
0.375768
1.83804
1.21776
2.25959
0.890704
2.41983
0.717275
0.205411
0.997733
1.45963
1.31138
0.691919
3.03951
1.13415
2.82498
1.00981
1.23065
0.910009
1.63563
0.863038
2.62073
1.73312
1.56669
1.97082
1.7405
2.18001
0.563375
0.63527
1.05597
2.36829
1.90476
2.10319
0.562589
1.57663
1.57537
0.651047
2.17889
0.848465
1.15155
1.04867
1.4115
2.15318
1.33779
1.27725
1.12252
2.53419
3.54262
1.37914
1.91238
2.50549
1.02227
0.978797
2.08971
0.452507
1.5214
0.689412
1.34953
2.68166
0.482622
0.569923
1.75743
1.2821
0.795362
2.03573
3.60902
1.72011
2.1035
0.681951
0.951421
1.18975
0.900184
0.724626
2.27751
0.592087
0.548321
2.02939
1.3904
1.47719
0.840687
3.54833
0.385694
5.53717
0.568975
2.41183
1.83594
0.202925
2.72808
2.07284
1.63575
0.243883
3.058
1.77787
2.31246
0.556669
2.06387
2.40195
2.15098
0.47007
2.58737
2.24654
1.74801
0.455541
4.63568
0.372791
1.30143
1.67265
1.61382
1.55603
0.989413
2.11748
0.781363
1.9234
0.508138
0.628101
3.80813
1.9907
0.617411
1.49662
1.69301
0.77456
1.11878
1.20238
0.527373
0.420407
1.34296
2.07384
3.10931
1.58716
1.29344
0.941233
1.73978
1.637
1.93506
0.594439
0.573283
3.23875
1.53046
2.18993
1.92075
1.14566
2.51674
1.98965
3.31901
1.14249
1.75617
1.5416
0.837577
1.13772
1.28589
1.86493
1.50414
0.723853
1.64987
2.3933
1.33773
0.926726
1.70114
1.61683
0.682805
2.26935
0.889755
1.79843
1.48426
1.47807
1.04599
3.9629
0.704082
0.68549
2.25218
1.70794
0.28749
1.9674
1.35647
0.729942
1.13347
1.12319
1.39581
0.834333
1.12876
0.420626
1.84079
1.9269
1.27335
1.36945
0.780799
3.29594
0.955383
1.46686
0.696332
0.692436
0.827408
1.04856
0.959314
1.71465
0.767036
2.24345
1.34467
1.35475
2.96266
1.73349
2.60272
0.334942
0.992821
0.923414
1.38248
2.58227
3.13573
2.68399
1.48328
0.818004
1.24333
0.344185
1.09227
2.49372
1.31389
1.86455
3.70081
1.06065
0.568366
2.3227
0.89175
0.190726
0.604753
1.42702
0.740902
0.714287
2.1316
1.37103
2.24099
5.03613
0.725048
2.27895
1.71519
0.932902
1.64565
2.25226
2.62417
0.912367
2.50504
0.40359
0.875652
3.13242
1.34306
2.11386
1.41929
0.593896
1.58272
2.54167
0.406023
0.52954
1.53199
1.22891
1.24555
1.31884
2.21529
1.47323
1.87439
0.676325
0.474213
1.92417
1.13089
1.75806
2.57393
1.96601
1.10679
3.30568
0.763818
1.41779
0.733923
1.02501
2.50202
1.88281
0.544578
2.34734
2.78901
3.09752
1.12407
1.41586
1.48156
1.57605
1.9872
1.62014
2.45557
0.524023
1.02536
1.53977
1.88936
1.44983
3.0152
0.609636
2.25629
2.28535
4.19554
0.701158
0.449498
0.492873
0.87775
1.54362
0.504958
2.08857
2.00657
1.45867
0.798264
1.74065
1.97261
0.705164
3.08492
0.798743
0.775676
0.666714
0.885034
1.94295
0.711823
1.56579
0.45612
1.2853
1.10372
1.28525
1.70018
2.80787
1.4465
0.516556
0.884973
2.83552
1.62907
1.24233
0.834965
2.92871
4.14579
1.2634
0.973738
0.475668
1.45353
1.42289
2.92356
0.481477
0.917493
2.14402
0.99815
1.13412
1.82348
1.4975
0.558366
1.46332
0.468858
0.437938
6.52376
1.26092
2.49003
1.58007
0.779368
1.99708
1.12722
1.59021
1.32164
1.32052
1.59517
0.890361
1.22569
1.11017
0.309132
0.58553
0.588556
2.10911
0.741555
0.984853
1.96117
1.17693
2.17047
1.60403
2.07687
1.63457
0.831741
2.55003
1.61061
1.65896
1.75167
1.71475
1.82811
1.02769
0.544649
2.42867
1.73297
2.34863
0.480578
1.67457
1.56725
0.683295
0.958379
1.13173
1.20061
2.51608
0.827711
2.83535
2.85491
0.663635
1.10896
2.75217
0.77572
0.50871
1.43396
1.40576
1.39538
2.93674
1.14865
1.94888
1.43524
1.75427
1.73221
1.95811
2.4341
0.768876
1.48107
0.668194
0.657491
0.450602
0.873543
2.22809
2.19116
1.71257
0.46005
1.78986
3.25145
1.43266
2.91343
2.34268
0.353979
1.41063
0.691296
0.407465
0.625252
1.90975
2.15073
1.24559
2.02076
0.698314
1.47842
1.53533
1.65635
0.557134
2.24693
1.41348
2.96855
2.61651
0.946397
1.38363
2.54931
0.589849
1.64265
1.92096
1.4566
1.66959
0.903923
1.9415
0.190621
2.46242
1.49153
1.31763
2.3543
0.46443
0.788136
0.65882
1.30365
0.79271
1.38154
1.11994
2.55113
1.59515
1.21776
0.698912
1.33264
1.75349
1.11282
1.15376
0.700146
1.01744
1.80092
1.64715
1.42266
0.631159
2.55661
1.28027
1.4627
1.1951
2.32605
1.07199
2.7694
1.38898
0.75716
2.2969
0.791668
0.870143
0.899093
1.79096
0.643385
0.631511
1.54515
0.751249
3.5397
3.06421
2.1563
3.92534
1.03611
1.51173
1.96703
1.77805
0.674928
0.740596
2.37302
2.4939
0.556409
1.94876
2.81965
0.907158
0.885229
1.54217
0.9073
1.74983
1.01564
3.32618
1.61034
2.7268
0.318136
1.40349
1.35811
1.72527
0.979106
2.38524
2.49947
1.99471
2.8404
1.27907
0.920088
2.12819
2.13405
0.398726
2.9433
0.34004
2.13579
0.659339
2.95688
0.0916028
0.749424
3.13732
1.93382
1.45234
0.914828
1.78727
0.595075
1.89575
4.11671
1.12918
1.99825
2.33947
1.45433
2.30628
1.54206
1.37947
2.81826
0.890175
0.832541
1.60937
1.03587
1.02257
0.773821
1.71238
1.08572
2.0814
1.15231
3.05433
1.10906
1.81628
2.73334
2.74951
1.02075
3.25681
0.95863
4.30715
1.39641
0.332085
0.846375
1.08013
0.825198
1.66947
0.698885
0.343283
2.39725
2.21758
2.90248
1.06754
1.67778
0.837263
4.37041
0.269689
3.19666
1.03399
2.32855
1.0055
2.44506
0.563001
1.0804
0.917869
2.50786
1.00977
1.23952
0.816078
0.77821
0.405839
0.777799
0.571858
2.05742
1.32317
1.6388
0.709262
1.43605
0.684321
1.07585
2.07011
0.824577
1.36214
2.10264
1.87779
1.60549
0.673276
1.51441
1.29783
1.27044
0.439705
1.39125
0.931961
1.0328
1.87094
0.393824
2.13357
0.835445
0.738723
1.16957
1.79267
1.89171
1.22859
4.06769
1.59375
1.83572
1.56533
0.737254
0.456119
3.31367
1.24747
2.29807
1.24117
0.616795
2.83249
0.944746
0.673052
1.38473
0.407346
0.94276
0.370496
0.854252
0.218083
1.47188
1.63747
1.04722
2.1711
2.31553
1.37419
0.897416
1.93673
1.62754
0.973864
1.94533
1.6032
1.51502
5.72367
0.346313
0.870872
1.19131
2.39215
1.46351
2.2965
3.34977
0.986331
1.01957
0.641024
1.24028
1.49793
2.51715
3.61139
1.42706
1.37596
1.63019
1.47402
1.72047
0.93561
2.09893
0.924682
0.651231
2.47699
0.426193
1.45299
0.75484
1.51241
2.76045
1.33258
1.51477
0.730488
1.53795
0.7275
2.66428
1.43947
0.803164
0.698967
0.798348
1.60932
0.761368
1.61232
1.12506
0.919307
1.99081
1.01537
0.991841
3.08026
1.00422
1.45612
2.02829
0.495317
1.20052
1.95471
0.503963
0.590303
0.864385
0.772104
0.972975
3.44763
0.529731
2.24905
1.88349
0.862175
0.59522
2.00884
1.85579
0.663138
0.89466
0.249553
0.247967
2.15528
1.11781
0.920698
0.811661
1.4842
1.45907
1.78461
2.29792
2.85316
1.89184
0.46654
0.107618
1.58005
0.56668
1.63052
1.59117
0.819382
1.02691
1.32674
4.35594
0.903401
2.52915
2.3651
1.27786
0.85517
2.03979
1.61238
0.835228
3.88217
0.864696
1.9565
1.53897
1.36763
1.15338
2.26847
1.16618
1.44303
2.04024
1.47568
1.28625
1.92723
2.00122
0.820358
3.20826
1.19071
0.777265
0.980551
1.26722
1.84709
1.93932
0.515773
2.3259
0.981704
2.01623
3.53148
1.22979
0.458507
1.18181
0.554193
0.96397
1.68586
1.17805
0.822415
0.279075
1.07275
0.86404
0.574373
0.856691
1.12617
1.91031
0.655861
0.799283
0.691935
1.00002
0.592641
3.54052
0.996297
1.3341
0.92916
2.35534
0.993431
0.201437
1.21458
1.5344
0.195838
0.953347
0.310696
1.87115
2.41428
2.58572
1.03953
2.53124
3.11931
0.745941
0.495823
2.27703
1.88836
3.01961
0.673411
0.630977
1.14705
0.415863
1.75245
1.81404
0.826354
2.47598
0.40258
0.893406
1.32416
1.09681
2.40437
1.83347
2.53924
0.955187
0.704286
2.01075
6.00322
0.247613
1.22431
2.22436
1.20131
2.0743
1.54341
0.819168
1.106
1.263
0.809694
0.727333
3.16517
2.09493
3.47462
1.8169
0.980897
2.6221
0.946324
1.19755
2.74221
0.52369
0.494898
1.11181
0.915621
2.0028
0.649761
0.835508
1.02721
1.55282
2.13524
1.10725
2.90248
0.851271
0.585521
0.995965
0.726258
1.6249
0.53046
2.03971
0.90732
1.16786
2.42465
1.47498
0.838743
1.35704
1.54187
1.60559
0.964812
1.29662
0.431903
0.713723
2.0793
1.21124
2.24347
0.766675
0.625928
1.38723
4.05985
0.835664
1.89861
0.32104
1.63355
3.21326
1.90167
0.789498
0.597413
0.750377
2.21443
2.51489
3.24566
1.83672
0.634821
2.3753
1.41257
3.21452
1.43874
1.12632
1.37068
1.41442
1.75322
1.34127
1.6203
0.97643
0.592684
1.80575
1.0891
1.29673
1.22237
2.13407
1.02726
0.95401
0.591611
2.20588
1.36344
1.16938
1.49859
0.521381
2.20574
1.07503
2.41856
1.4602
0.320041
3.85908
0.611548
0.780776
1.33356
2.58564
2.50922
1.13004
1.94639
1.47473
1.89235
0.558159
1.54038
0.513225
1.13104
0.433128
0.180164
1.91259
2.93536
1.1746
2.02263
3.30388
0.721731
1.40553
1.44077
2.84931
1.34304
3.49606
1.57835
1.81422
1.37596
2.63312
1.67535
2.62264
1.69859
0.641612
1.63558
1.2778
0.775494
0.613179
1.17275
1.87746
1.36658
1.75326
0.898211
0.714358
2.54191
1.97425
0.812393
5.01851
1.59275
1.6737
0.828189
2.43913
3.73844
3.10064
0.786797
1.61053
2.3415
2.71359
3.59254
2.82777
1.40443
1.62647
1.32403
1.38263
1.14773
0.704785
1.18827
0.731528
1.85545
1.26231
2.00944
4.376
0.968834
0.533564
1.44811
0.460483
1.00288
0.688396
1.13376
0.58113
3.41924
0.588626
3.41639
1.6456
0.800323
1.42132
0.23863
3.48955
1.23271
1.25369
0.30071
1.16355
3.89866
1.78628
2.46256
0.759283
1.69525
1.50699
1.06703
1.41219
0.682158
2.65573
0.651325
0.651686
3.32274
1.17231
3.69301
1.81724
1.76936
0.521734
0.914246
1.59239
1.82596
0.57072
0.280977
1.1424
1.29782
0.825854
0.517067
1.68173
1.00312
1.19146
1.9563
3.02712
1.63016
2.31599
0.581245
0.701727
0.911725
1.51224
1.15796
1.9069
2.59779
0.554521
0.94716
1.00445
1.58548
1.7222
1.18753
1.08662
1.20349
0.446906
1.7196
0.505657
1.03443
0.85002
1.94667
2.62879
1.86011
0.806568
2.80855
0.530519
1.83727
1.11044
2.48903
1.6746
1.37015
0.499852
2.54645
0.740692
0.911278
1.12481
2.58031
0.218036
1.82136
1.35165
0.840666
0.869843
0.695214
2.29011
2.10724
1.02569
2.58139
1.07568
3.49725
1.45268
2.36495
0.567452
1.94955
1.1285
1.07465
1.05375
0.509251
0.94941
0.927543
0.154493
0.929977
2.9722
1.72227
2.13508
3.09026
1.05252
1.07573
1.0758
0.943174
1.27056
2.72416
2.47439
1.98006
2.33505
1.60509
1.86465
0.846048
0.23601
1.75717
1.70725
1.05812
1.46321
2.06743
1.04411
0.914122
0.883581
2.49998
2.32803
1.18205
2.68936
1.4886
1.05196
1.17364
1.18535
1.64975
1.06871
1.11186
2.57231
0.488498
0.674933
1.36696
1.54206
1.94351
2.12399
0.681627
1.09411
0.757125
1.76239
1.28234
0.826723
1.31358
0.769926
1.23096
1.41218
1.31107
1.60956
0.896785
1.10159
0.924146
0.391547
0.49232
1.61038
0.857249
0.477106
2.08684
2.18495
2.76867
1.40474
1.63091
1.37383
1.03812
0.394656
2.24301
1.49178
2.81134
1.05669
1.706
1.72315
1.69844
1.01454
0.795406
2.18815
1.98663
2.46128
1.12503
0.525162
1.55667
0.449308
2.04586
3.65827
1.2352
0.4506
0.934422
0.537895
1.04137
0.564557
1.55944
1.63771
1.15676
1.12345
1.46004
2.58252
1.2127
1.00203
2.27997
2.10854
2.28461
1.93751
0.868848
1.41686
2.12245
1.64651
1.14933
3.31429
1.39399
1.37227
1.54807
1.8509
1.71309
0.606535
2.02932
0.880211
1.22017
2.03691
1.31866
1.38487
2.42883
1.55694
1.04378
1.20752
0.976777
0.891835
2.18077
1.38452
4.17435
1.45467
1.81029
0.309271
0.856233
3.00533
0.65403
3.208
1.0942
1.59381
1.00751
0.824966
3.27051
2.80439
2.23594
1.32383
1.64427
1.55775
1.51997
0.246315
0.665472
0.825497
0.733329
2.21497
2.2538
1.56742
2.02443
1.19078
0.942448
1.35071
1.555
3.6706
1.0997
2.51041
1.95755
1.12649
0.813212
0.807544
1.03784
0.176945
1.94181
0.7311
1.21854
1.58089
0.880336
1.81587
2.41933
0.764919
2.58894
0.616292
2.13038
0.595536
2.15515
1.83413
1.24752
1.09499
2.90378
0.533195
0.925094
0.442052
2.00261
0.638827
3.30895
1.72609
0.552493
1.19523
0.500938
4.29905
0.913354
1.94542
0.88874
2.20485
1.46697
0.815527
0.34109
0.85696
0.155316
0.931341
0.831917
1.50592
3.39788
1.9176
2.38307
0.996524
2.957
2.6509
0.291385
0.781149
0.627857
2.92729
2.76773
2.02731
0.678461
1.53731
3.31259
0.844166
3.48112
1.20497
2.58333
4.23698
1.22192
0.714881
2.00512
0.757235
0.940911
1.34345
1.883
1.37612
2.42052
3.14175
1.69542
2.0168
2.02289
1.00268
0.964698
0.283483
