           1     1.58922     1.58922           0
           2     1.48264     1.53593   0.0532904
           3     1.58039     1.55075    0.034151
           4      1.4625     1.52869   0.0327093
           5     1.56529     1.53601   0.0263727
           6     1.58339      1.5439   0.0229357
           7     1.46064     1.53201   0.0227429
           8     1.54679     1.53386   0.0197824
           9     1.41562     1.52072   0.0218396
          10     1.46879     1.51553   0.0202124
          11     1.52784     1.51665   0.0183171
          12     1.51394     1.51642   0.0167227
          13      1.4754     1.51327   0.0157029
          14     1.46229     1.50962    0.014987
          15     1.47115     1.50706    0.014186
          16     1.45495      1.5038   0.0136635
          17     1.46768     1.50168   0.0130094
          18     1.43039     1.49772    0.012889
          19     1.51738     1.49875   0.0122356
          20     1.47076     1.49735   0.0116918
          21     1.51714      1.4983    0.011161
          22     1.51837     1.49921   0.0106806
          23     1.46835     1.49787   0.0102935
          24     1.55001     1.50004   0.0100919
          25      1.4907     1.49966  0.00968699
          26     1.48365     1.49905  0.00932733
          27     1.50114     1.49913  0.00897556
          28     1.52711     1.50013  0.00870662
          29     1.57703     1.50278  0.00880967
          30     1.50902     1.50299  0.00851349
          31     1.50132     1.50293  0.00823446
          32     1.50685     1.50305  0.00797392
          33     1.53398     1.50399  0.00778511
          34     1.46518     1.50285  0.00763845
          35     1.52199      1.5034  0.00743713
          36     1.51094     1.50361  0.00723062
          37     1.49223      1.5033  0.00703921
          38      1.4305     1.50138  0.00711426
          39     1.59661     1.50382  0.00734704
          40      1.4445     1.50234  0.00731296
          41     1.50929     1.50251  0.00713438
          42     1.48289     1.50204  0.00697809
          43     1.47511     1.50142   0.0068426
          44     1.50654     1.50153   0.0066863
          45     1.49792     1.50145  0.00653652
          46     1.43349     1.49998  0.00656135
          47     1.50832     1.50015  0.00642268
          48     1.49984     1.50015  0.00628746
          49     1.51247      1.5004  0.00616294
          50     1.43305     1.49905  0.00618681
          51     1.49737     1.49902  0.00606438
          52     1.50183     1.49907  0.00594686
          53     1.49233     1.49895  0.00583496
          54     1.46099     1.49824  0.00576887
          55      1.4411      1.4972  0.00575753
          56     1.57378     1.49857  0.00581679
          57     1.47338     1.49813   0.0057309
          58     1.52489     1.49859   0.0056501
          59     1.54379     1.49936   0.0056061
          60     1.55982     1.50036  0.00560324
          61     1.49869     1.50034  0.00551069
          62     1.50791     1.50046  0.00542246
          63      1.4916     1.50032  0.00533754
          64     1.50673     1.50042  0.00525444
          65     1.53053     1.50088  0.00519367
          66     1.43617      1.4999  0.00520751
          67     1.46358     1.49936  0.00515777
          68     1.51463     1.49958  0.00508631
          69     1.49264     1.49948  0.00501306
          70     1.48593     1.49929  0.00494472
          71     1.42842     1.49829  0.00497574
          72     1.45767     1.49773  0.00493847
          73     1.53195      1.4982  0.00489287
          74     1.41642     1.49709  0.00495121
          75     1.48801     1.49697  0.00488625
          76     1.39887     1.49568  0.00499133
          77     1.50216     1.49576   0.0049268
          78     1.49268     1.49572  0.00486339
          79     1.49619     1.49573  0.00480144
          80     1.53069     1.49617  0.00476113
          81     1.50402     1.49626  0.00470299
          82     1.53081     1.49669  0.00466434
          83     1.49337     1.49665  0.00460798
          84      1.5303     1.49705  0.00457039
          85      1.5156     1.49726  0.00452157
          86     1.43205     1.49651  0.00453257
          87     1.53016     1.49689  0.00449684
          88     1.47305     1.49662  0.00445369
          89     1.52245     1.49691  0.00441291
          90     1.52361     1.49721  0.00437368
          91     1.52825     1.49755  0.00433878
          92     1.47251     1.49728  0.00429999
          93     1.55333     1.49788  0.00429599
          94     1.47414     1.49763  0.00425754
          95     1.48385     1.49748  0.00421498
          96     1.49496     1.49746  0.00417093
          97     1.50128      1.4975  0.00412789
          98     1.52526     1.49778  0.00409536
          99     1.56652     1.49847  0.00411282
         100     1.47487     1.49824  0.00407832
