           1     5.12115     5.12115           0
           2     4.97479     5.04797   0.0731799
           3     4.78144     4.95913   0.0983762
           4     5.19287     5.01756   0.0908499
           5     4.88926      4.9919   0.0749044
           6     5.01507     4.99576    0.061281
           7     4.95834     4.99042   0.0520671
           8     4.91533     4.98103    0.046058
           9     4.96217     4.97894   0.0406733
          10     5.00966     4.98201   0.0365089
          11     5.23495       5.005   0.0402408
          12     5.10398     5.01325   0.0376493
          13     5.07483     5.01799   0.0349547
          14      5.1666      5.0286   0.0340584
          15     4.85147      5.0168   0.0338343
          16     5.02719     5.01744   0.0316557
          17     5.00884     5.01694   0.0297397
          18     4.94716     5.01306   0.0283056
          19     4.96345     5.01045   0.0269014
          20     4.94401     5.00713   0.0257363
          21     5.08615     5.01089   0.0247676
          22     5.01973     5.01129   0.0236184
          23     4.88197     5.00567   0.0232581
          24     5.02256     5.00637    0.022279
          25      4.8347     4.99951   0.0224455
          26     5.11949     5.00412   0.0220532
          27     5.08295     5.00704   0.0214206
          28     4.84269     5.00117   0.0214598
          29     4.84403     4.99575   0.0214038
          30     5.11136     4.99961   0.0210341
          31     4.95131     4.99805   0.0204038
          32     4.93113     4.99596   0.0198662
          33     5.07354     4.99831   0.0193978
          34     4.97984     4.99777   0.0188265
          35      4.9371     4.99603   0.0183627
          36     4.98786     4.99581   0.0178468
          37     5.06833     4.99777    0.017468
          38     5.14162     5.00155   0.0174185
          39     4.93948     4.99996   0.0170405
          40     4.98502     4.99959   0.0166132
          41     5.21392     5.00481   0.0170254
          42     5.04857     5.00586   0.0166477
          43     4.95397     5.00465   0.0163006
          44     5.04934     5.00566   0.0159582
          45     4.78567     5.00078   0.0163477
          46     4.73782     4.99506   0.0169795
          47     5.12942     4.99792   0.0168585
          48      4.8468     4.99477   0.0168011
          49     4.72247     4.98921   0.0173677
          50     5.06377      4.9907    0.017082
          51     4.95242     4.98995   0.0167605
          52     5.01844      4.9905   0.0164442
          53     4.92196     4.98921   0.0161827
          54      5.1364     4.99193   0.0161124
          55     4.91393     4.99052   0.0158802
          56      4.9611     4.98999   0.0156029
          57     5.09876      4.9919   0.0154451
          58     5.19993     4.99549   0.0155945
          59     5.04199     4.99627   0.0153482
          60     5.03236     4.99688   0.0151022
          61      5.0937     4.99846   0.0149371
          62     4.89994     4.99687   0.0147799
          63     4.92551     4.99574   0.0145874
          64     5.02095     4.99613   0.0143631
          65     5.00856     4.99633   0.0141417
          66      5.1082     4.99802   0.0140286
          67      5.0847     4.99931    0.013878
          68     4.98882     4.99916   0.0136733
          69     4.78521     4.99606   0.0138258
          70     5.15795     4.99837   0.0138218
          71     5.04079     4.99897   0.0136388
          72     4.85247     4.99693   0.0136011
          73     5.04089     4.99754    0.013427
          74     4.87091     4.99583   0.0133544
          75     5.12484     4.99755   0.0132869
          76     5.08809     4.99874   0.0131649
          77     4.84604     4.99675   0.0131433
          78     5.04727      4.9974   0.0129899
          79     5.06583     4.99827   0.0128536
          80     5.11107     4.99968     0.01277
          81       4.999     4.99967   0.0126114
          82     5.03483      5.0001    0.012464
          83      4.9623     4.99964   0.0123213
          84     4.98431     4.99946   0.0121751
          85     4.99371     4.99939   0.0120312
          86     4.92843     4.99857   0.0119191
          87     5.09682      4.9997   0.0118353
          88     4.98928     4.99958   0.0117007
          89     5.11887     5.00092   0.0116458
          90     4.95135     5.00037   0.0115289
          91     5.04342     5.00084   0.0114113
          92     5.09741     5.00189   0.0113353
          93     4.98897     5.00175   0.0112136
          94     5.18374     5.00369   0.0112613
          95     4.99862     5.00363   0.0111423
          96     5.00598     5.00366   0.0110256
          97     4.97203     5.00333   0.0109162
          98     5.10922     5.00441   0.0108582
          99     5.01744     5.00455   0.0107487
         100     4.98127     5.00431   0.0106433
