           1     1.54279     1.54279           0
           2     1.44139     1.49209    0.050704
           3     1.50584     1.49667   0.0296306
           4     1.51501     1.50126   0.0214478
           5      1.4896     1.49893   0.0167761
           6     1.51773     1.50206   0.0140514
           7     1.42797     1.49147   0.0159079
           8     1.46931      1.4887   0.0140525
           9     1.51333     1.49144   0.0126915
          10     1.54088     1.49638   0.0123814
          11     1.44382      1.4916   0.0121762
          12     1.45998     1.48897   0.0114235
          13     1.54626     1.49338   0.0113949
          14     1.52177      1.4954   0.0107427
          15     1.47852     1.49428   0.0100641
          16     1.50962     1.49524  0.00946284
          17       1.565     1.49934   0.0097903
          18     1.50526     1.49967  0.00923623
          19     1.46377     1.49778  0.00893859
          20      1.5637     1.50108  0.00909797
          21      1.4771     1.49993  0.00872892
          22     1.52419     1.50104  0.00839541
          23      1.5239     1.50203  0.00808345
          24     1.53889     1.50357  0.00789021
          25     1.58755     1.50693  0.00828009
          26     1.56024     1.50898  0.00821526
          27     1.45941     1.50714  0.00811553
          28      1.4559     1.50531  0.00803154
          29     1.50941     1.50545  0.00775093
          30     1.52629     1.50615  0.00752026
          31     1.47207     1.50505  0.00735621
          32        1.49     1.50458  0.00713813
          33      1.4288     1.50228  0.00728957
          34     1.52866     1.50306  0.00711435
          35     1.48444     1.50252  0.00692855
          36     1.47113     1.50165  0.00678959
          37     1.52023     1.50215   0.0066226
          38     1.46102     1.50107  0.00653624
          39     1.48411     1.50064  0.00638128
          40     1.45207     1.49942  0.00633708
          41     1.47892     1.49892  0.00620077
          42     1.48878     1.49868  0.00605615
          43     1.50948     1.49893  0.00591896
          44     1.51101     1.49921  0.00578938
          45     1.47594     1.49869  0.00568284
          46     1.46765     1.49802  0.00559873
          47     1.51419     1.49836  0.00548912
          48      1.5732     1.49992  0.00559521
          49       1.527     1.50047  0.00550763
          50     1.51109     1.50068  0.00540053
          51     1.55123     1.50167  0.00538556
          52     1.52691     1.50216  0.00530323
          53     1.51567     1.50241  0.00520845
          54     1.48145     1.50203  0.00512581
          55     1.50145     1.50202  0.00503176
          56     1.48581     1.50173  0.00494955
          57     1.49861     1.50167  0.00486225
          58     1.44194     1.50064  0.00488742
          59      1.4772     1.50025  0.00482027
          60     1.50933      1.5004  0.00474167
          61     1.50075      1.5004   0.0046633
          62     1.44811     1.49956  0.00466435
          63     1.47797     1.49922  0.00460249
          64     1.47726     1.49887  0.00454298
          65      1.5127     1.49909  0.00447759
          66     1.44556     1.49827  0.00448319
          67     1.45322      1.4976  0.00446668
          68     1.51566     1.49787  0.00440851
          69     1.44315     1.49708  0.00441593
          70     1.51115     1.49728  0.00435703
          71     1.50326     1.49736  0.00429605
          72     1.48788     1.49723  0.00423801
          73     1.61338     1.49882  0.00447218
          74     1.51908     1.49909  0.00441982
          75     1.48783     1.49894  0.00436308
          76     1.47742     1.49866  0.00431459
          77     1.53562     1.49914  0.00428516
          78     1.47853     1.49888  0.00423811
          79     1.51471     1.49908  0.00418891
          80     1.49252     1.49899  0.00413703
          81     1.52959     1.49937  0.00410307
          82     1.64231     1.50112  0.00441168
          83     1.51584     1.50129  0.00436181
          84     1.50229      1.5013  0.00430959
          85     1.49858     1.50127  0.00425871
          86     1.52568     1.50156  0.00421845
          87     1.57215     1.50237  0.00424791
          88     1.51266     1.50248  0.00420099
          89     1.48662     1.50231  0.00415734
          90     1.49302      1.5022  0.00411218
          91      1.4588     1.50173  0.00409462
          92     1.46859     1.50137  0.00406586
          93     1.41896     1.50048  0.00411836
          94     1.58663      1.5014  0.00417611
          95     1.44533     1.50081  0.00417386
          96     1.50861     1.50089  0.00413095
          97     1.46946     1.50056  0.00410096
          98     1.54282     1.50099  0.00408173
          99     1.47329     1.50072  0.00404997
         100     1.50567     1.50076  0.00400958
