           1      4.8689      4.8689           0
           2      4.9281      4.8985   0.0295992
           3     5.03285     4.94328    0.047932
           4     5.11979     4.98741   0.0556417
           5     5.02201     4.99433   0.0436518
           6     5.07862     5.00838   0.0383103
           7     4.88918     4.99135   0.0365831
           8     5.06422     5.00046   0.0329654
           9     4.86605     4.98552   0.0326842
          10     4.92733     4.97971   0.0298073
          11     4.75837     4.95958   0.0336425
          12     4.88652     4.95349   0.0313091
          13     4.97699      4.9553   0.0288568
          14     5.01413      4.9595   0.0270446
          15     4.98619     4.96128     0.02524
          16     5.11434     4.97085   0.0254742
          17     5.21525     4.98523   0.0279156
          18     5.10115     4.99167   0.0270956
          19     4.88864     4.98624   0.0261972
          20     4.98613     4.98624   0.0248529
          21     4.95596      4.9848   0.0236837
          22     5.06197      4.9883   0.0228524
          23     5.19592     4.99733   0.0236284
          24     5.00104     4.99749    0.022623
          25       4.805     4.98979   0.0230247
          26     4.98245      4.9895   0.0221232
          27     5.08427     4.99301   0.0215755
          28     5.07137     4.99581   0.0209782
          29     4.80367     4.98919   0.0212987
          30     5.08854      4.9925   0.0208413
          31     5.02063     4.99341   0.0201782
          32      5.2145     5.00032   0.0207231
          33     5.11406     5.00376    0.020379
          34     5.00893     5.00391   0.0197711
          35     5.00847     5.00404   0.0191983
          36      5.1826       5.009   0.0193054
          37     5.04604        5.01   0.0188031
          38     4.94806     5.00837    0.018374
          39     4.92861     5.00633   0.0180132
          40     4.85788     5.00262    0.017945
          41     5.09161     5.00479    0.017636
          42     4.95498      5.0036   0.0172518
          43     5.03528     5.00434   0.0168619
          44     5.06844      5.0058   0.0165385
          45     4.92979     5.00411   0.0162548
          46     5.08254     5.00581   0.0159887
          47     5.09257     5.00766   0.0157533
          48     4.85688     5.00452   0.0157383
          49     5.08396     5.00614   0.0154988
          50     5.05862     5.00719   0.0152219
          51     5.17242     5.01043   0.0152681
          52      4.8133     5.00664   0.0154441
          53      5.0562     5.00757   0.0151788
          54     4.99264      5.0073   0.0148976
          55     4.88012     5.00498   0.0148059
          56     4.91399     5.00336   0.0146296
          57      5.0387     5.00398    0.014384
          58     5.19029     5.00719   0.0144943
          59     4.89064     5.00522   0.0143828
          60     4.90683     5.00358   0.0142358
          61     5.02554     5.00394   0.0140051
          62     5.16628     5.00655    0.014024
          63     4.96344     5.00587   0.0138165
          64     4.97716     5.00542   0.0136063
          65     4.99193     5.00521    0.013397
          66     5.04789     5.00586   0.0132083
          67     4.93888     5.00486    0.013048
          68     5.01669     5.00503   0.0128559
          69     5.08372     5.00617   0.0127194
          70     5.20199     5.00897   0.0128447
          71     5.06456     5.00976   0.0126867
          72     4.93722     5.00875   0.0125497
          73      4.9975     5.00859   0.0123776
          74     4.96628     5.00802   0.0122225
          75     5.02749     5.00828   0.0120613
          76     5.00691     5.00826   0.0119015
          77     4.90384     5.00691    0.011824
          78     4.92758     5.00589   0.0117156
          79     4.88853      5.0044   0.0116614
          80     5.09188      5.0055   0.0115665
          81     5.04033     5.00593   0.0114309
          82     4.93411     5.00505   0.0113246
          83     4.98774     5.00484   0.0111892
          84     4.98749     5.00464   0.0110572
          85     5.01304     5.00474   0.0109267
          86     4.97212     5.00436   0.0108056
          87     5.03045     5.00466   0.0106849
          88     4.77667     5.00207   0.0108759
          89     4.84019     5.00025   0.0109057
          90     4.94825     4.99967   0.0107993
          91     4.83222     4.99783   0.0108373
          92     4.98855     4.99773   0.0107194
          93     5.06556     4.99846   0.0106285
          94     5.10954     4.99964   0.0105811
          95     5.16932     5.00143   0.0106204
          96     5.16293     5.00311    0.010643
          97     5.00958     5.00317   0.0105329
          98     5.07521     5.00391   0.0104507
          99      5.0796     5.00467   0.0103728
         100     5.02448     5.00487   0.0102705
