           1    0.376897    0.376897           0
           2    0.369459    0.373178   0.0037188
           3    0.367945    0.371433  0.00276629
           4    0.381429    0.373932  0.00317337
           5    0.400624    0.379271  0.00587699
           6    0.367866     0.37737  0.00516126
           7    0.376824    0.377292  0.00436276
           8    0.368659    0.376213  0.00392934
           9    0.390862     0.37784  0.00382859
          10     0.38924     0.37898  0.00360915
          11    0.365708    0.377774  0.00348044
          12     0.39532    0.379236  0.00349749
          13    0.336694    0.375964  0.00458907
          14    0.374187    0.375837  0.00425055
          15    0.368024    0.375316  0.00399118
          16    0.371089    0.375052  0.00374274
          17    0.365205    0.374472  0.00356309
          18    0.328821    0.371936  0.00420919
          19    0.378552    0.372284  0.00399669
          20    0.378166    0.372578  0.00380298
          21    0.387303     0.37328  0.00368468
          22    0.391727    0.374118  0.00361189
          23     0.40565    0.375489   0.0037136
          24    0.385119     0.37589  0.00357808
          25    0.350807    0.374887  0.00357563
          26    0.390928    0.375504  0.00349031
          27    0.352211    0.374641  0.00346758
          28    0.348618    0.373712  0.00346829
          29    0.388687    0.374228  0.00338617
          30    0.389816    0.374748  0.00331236
          31    0.341525    0.373676  0.00337823
          32    0.365444    0.373419  0.00328106
          33    0.369203    0.373291  0.00318264
          34    0.342409    0.372383  0.00321844
          35    0.356058    0.371916  0.00315975
          36    0.371483    0.371904  0.00307075
          37    0.381665    0.372168  0.00299823
          38    0.333984    0.371163  0.00308642
          39    0.344386    0.370477  0.00308365
          40    0.365171    0.370344   0.0030085
          41    0.388509    0.370787  0.00296746
          42    0.340536    0.370067  0.00298417
          43    0.340272    0.369374  0.00299519
          44    0.380003    0.369615  0.00293628
          45    0.396836     0.37022  0.00293334
          46    0.368186    0.370176   0.0028692
          47    0.356955    0.369895  0.00282155
          48    0.354606    0.369576  0.00278045
          49    0.323756    0.368641  0.00287919
          50    0.376828    0.368805  0.00282577
          51    0.353878    0.368512  0.00278523
          52    0.373405    0.368606  0.00273276
          53    0.345319    0.368167  0.00271647
          54    0.371555     0.36823  0.00266643
          55    0.343787    0.367785  0.00265496
          56    0.352822    0.367518  0.00262078
          57    0.359788    0.367382  0.00257796
          58    0.358219    0.367225  0.00253804
          59    0.379037    0.367425  0.00250267
          60    0.330349    0.366807  0.00253701
          61    0.383182    0.367075  0.00250947
          62    0.397789    0.367571  0.00251788
          63    0.383666    0.367826  0.00249073
          64    0.380353    0.368022   0.0024593
          65    0.350995     0.36776   0.0024353
          66    0.361119    0.367659  0.00240023
          67    0.342837    0.367289  0.00239299
          68    0.376302    0.367421  0.00236126
          69    0.356233    0.367259  0.00233243
          70    0.359631     0.36715  0.00230145
          71    0.350445    0.366915  0.00228097
          72    0.366393    0.366908  0.00224908
          73    0.372779    0.366988  0.00221951
          74    0.361684    0.366916  0.00219049
          75    0.360056    0.366825  0.00216302
          76      0.3894    0.367122  0.00215494
          77     0.39165    0.367441  0.00215049
          78    0.355335    0.367285  0.00212841
          79    0.363135    0.367233  0.00210195
          80    0.355402    0.367085  0.00208077
          81    0.350999    0.366886  0.00206449
          82    0.353154    0.366719  0.00204603
          83    0.387334    0.366967  0.00203643
          84    0.368256    0.366983   0.0020121
          85     0.37397    0.367065  0.00198998
          86    0.394932    0.367389  0.00199323
          87    0.378819     0.36752  0.00197456
          88      0.3686    0.367532  0.00195203
          89    0.372234    0.367585  0.00193069
          90    0.369502    0.367607  0.00190924
          91    0.408695    0.368058  0.00194138
          92    0.415881    0.368578  0.00198928
          93    0.365074     0.36854  0.00196813
          94    0.372035    0.368577  0.00194744
          95    0.372829    0.368622  0.00192735
          96    0.360656    0.368539  0.00190897
          97    0.360831     0.36846  0.00189086
          98    0.397357    0.368755  0.00189455
          99    0.344516     0.36851  0.00189123
         100    0.375583     0.36858  0.00187356
