           1    0.947576    0.947576           0
           2    0.949852    0.948714    0.001138
           3    0.948596    0.948675 0.000658201
           4    0.945176      0.9478 0.000990786
           5    0.947916    0.947823  0.00076781
           6    0.949916    0.948172 0.000717414
           7    0.952764    0.948828  0.00089329
           8    0.950608    0.949051 0.000804973
           9    0.946136    0.948727 0.000780291
          10    0.950456      0.9489 0.000719019
          11    0.952628    0.949239 0.000733399
          12    0.947168    0.949066 0.000691376
          13     0.95582    0.949586 0.000821208
          14    0.952624    0.949803 0.000790661
          15    0.947876    0.949674 0.000747187
          16    0.946416     0.94947  0.00072799
          17    0.950604    0.949537  0.00068707
          18     0.95424    0.949798 0.000698481
          19    0.952608    0.949946 0.000677042
          20     0.94852    0.949875 0.000646245
          21    0.945084    0.949647 0.000655673
          22    0.950524    0.949687  0.00062643
          23    0.945384      0.9495 0.000627127
          24    0.949636    0.949505 0.000600456
          25    0.952984    0.949644 0.000592507
          26    0.944516    0.949447 0.000602468
          27     0.95508    0.949656  0.00061612
          28     0.95346    0.949792 0.000609055
          29    0.946076    0.949664 0.000601483
          30     0.94492    0.949505 0.000602217
          31    0.956544    0.949733 0.000625155
          32    0.950412    0.949754 0.000605676
          33    0.950164    0.949766 0.000587167
          34    0.954692    0.949911  0.00058777
          35    0.952336     0.94998  0.00057492
          36    0.951632    0.950026 0.000560602
          37      0.9497    0.950017 0.000545312
          38    0.954392    0.950133 0.000543108
          39    0.953128    0.950209 0.000534546
          40    0.949648    0.950195   0.0005212
          41    0.948384    0.950151 0.000510245
          42     0.95342    0.950229 0.000503994
          43    0.954372    0.950325 0.000501477
          44    0.950124    0.950321 0.000489968
          45    0.945764    0.950219 0.000489544
          46    0.950212    0.950219 0.000478783
          47    0.951444    0.950245  0.00046921
          48    0.953476    0.950313 0.000464235
          49     0.95732    0.950456 0.000476622
          50    0.947348    0.950394 0.000471111
          51      0.9551    0.950486 0.000470912
          52    0.949356    0.950464 0.000462278
          53    0.953256    0.950517 0.000456521
          54     0.94854     0.95048  0.00044948
          55     0.95658    0.950591 0.000454957
          56    0.955236    0.950674 0.000454394
          57    0.951024     0.95068 0.000446393
          58    0.953916    0.950736 0.000442163
          59    0.944964    0.950638 0.000445479
          60    0.954676    0.950705 0.000443131
          61     0.94926    0.950682  0.00043645
          62    0.943528    0.950566 0.000444586
          63    0.949688    0.950552 0.000437694
          64    0.949856    0.950542 0.000430939
          65    0.953648    0.950589  0.00042694
          66     0.95194     0.95061  0.00042092
          67      0.9541    0.950662 0.000417849
          68      0.9524    0.950687 0.000412452
          69    0.950692    0.950687  0.00040643
          70    0.952292     0.95071 0.000401237
          71    0.956428    0.950791  0.00040366
          72    0.952712    0.950818 0.000398907
          73    0.952388    0.950839 0.000393993
          74     0.95234    0.950859 0.000389161
          75    0.950648    0.950857 0.000383947
          76    0.949952    0.950845 0.000379049
          77     0.94912    0.950822 0.000374763
          78     0.95308    0.950851 0.000371058
          79     0.94988    0.950839 0.000366537
          80    0.953428    0.950871 0.000363371
          81    0.952424     0.95089 0.000359368
          82    0.954704    0.950937 0.000357992
          83     0.94788      0.9509 0.000355566
          84    0.952584     0.95092 0.000351879
          85    0.948844    0.950896 0.000348571
          86    0.950068    0.950886 0.000344629
          87    0.947932    0.950852 0.000342332
          88    0.951812    0.950863 0.000338596
          89    0.953436    0.950892 0.000336016
          90     0.95256    0.950911 0.000332778
          91    0.944024    0.950835 0.000337689
          92      0.9454    0.950776 0.000339182
          93      0.9515    0.950784 0.000335606
          94    0.947108    0.950744 0.000334311
          95     0.95118    0.950749 0.000330805
          96    0.950564    0.950747 0.000327347
          97    0.952988     0.95077 0.000324777
          98    0.946764    0.950729 0.000324035
          99    0.951856    0.950741 0.000320947
         100    0.950948    0.950743 0.000317728
