           1    -1.14882    -1.14882           0
           2    -1.15072    -1.14977   0.0009516
           3    -1.14926     -1.1496 0.000575661
           4    -1.14843    -1.14931 0.000501501
           5    -1.14774    -1.14899 0.000499598
           6    -1.15236    -1.14955 0.000693811
           7    -1.15054    -1.14969  0.00060325
           8    -1.15014    -1.14975 0.000525355
           9    -1.14836     -1.1496 0.000488555
          10    -1.14991    -1.14963  0.00043809
          11    -1.15107    -1.14976 0.000417425
          12    -1.14846    -1.14965 0.000396153
          13    -1.15336    -1.14993 0.000462706
          14    -1.15232     -1.1501 0.000460947
          15    -1.14969    -1.15008 0.000430019
          16     -1.1478    -1.14993 0.000426605
          17    -1.15058    -1.14997 0.000402547
          18    -1.15285    -1.15013 0.000411768
          19     -1.1521    -1.15024 0.000402991
          20    -1.14965    -1.15021 0.000383439
          21    -1.14733    -1.15007 0.000389619
          22    -1.15033    -1.15008 0.000371674
          23    -1.14597     -1.1499 0.000397541
          24     -1.1505    -1.14993 0.000381438
          25    -1.15271    -1.15004   0.0003824
          26    -1.14641     -1.1499 0.000393056
          27    -1.15408    -1.15005 0.000408687
          28    -1.15167    -1.15011 0.000398016
          29    -1.14806    -1.15004 0.000390489
          30     -1.1481    -1.14998 0.000382779
          31    -1.15486    -1.15013  0.00040236
          32    -1.15102    -1.15016 0.000390563
          33     -1.1501    -1.15016 0.000378547
          34    -1.15398    -1.15027 0.000384034
          35    -1.15192    -1.15032 0.000375873
          36    -1.15125    -1.15035 0.000366205
          37    -1.14983    -1.15033 0.000356444
          38    -1.15321    -1.15041 0.000355137
          39    -1.15375    -1.15049 0.000356395
          40    -1.14927    -1.15046 0.000348723
          41    -1.14848    -1.15041 0.000343514
          42    -1.15302    -1.15048 0.000340929
          43    -1.15331    -1.15054 0.000339351
          44    -1.15018    -1.15053 0.000331652
          45    -1.14838    -1.15049 0.000327722
          46    -1.15051    -1.15049 0.000320519
          47    -1.15185    -1.15052 0.000314962
          48    -1.15197    -1.15055 0.000309811
          49    -1.15578    -1.15065 0.000321706
          50    -1.14905    -1.15062  0.00031684
          51    -1.15344    -1.15068 0.000315434
          52    -1.14952    -1.15065 0.000310107
          53     -1.1541    -1.15072  0.00031107
          54    -1.14955     -1.1507 0.000306024
          55    -1.15348    -1.15075 0.000304653
          56    -1.15235    -1.15078 0.000300531
          57    -1.15074    -1.15078 0.000295212
          58    -1.15464    -1.15084 0.000297629
          59    -1.14754    -1.15079 0.000297831
          60    -1.15343    -1.15083 0.000296125
          61    -1.14955    -1.15081 0.000291988
          62    -1.14701    -1.15075 0.000293704
          63    -1.15122    -1.15076 0.000289101
          64    -1.14958    -1.15074 0.000285141
          65    -1.15345    -1.15078 0.000283805
          66    -1.15089    -1.15078 0.000279477
          67    -1.15257    -1.15081  0.00027657
          68    -1.15136    -1.15082 0.000272593
          69    -1.15135    -1.15082 0.000268727
          70    -1.15131    -1.15083 0.000264951
          71    -1.15442    -1.15088 0.000266046
          72    -1.15248     -1.1509 0.000263262
          73    -1.15223    -1.15092 0.000260266
          74    -1.15266    -1.15094 0.000257798
          75    -1.15094    -1.15094 0.000254338
          76    -1.14964    -1.15093 0.000251556
          77    -1.14994    -1.15091 0.000248596
          78    -1.15142    -1.15092 0.000245475
          79    -1.15092    -1.15092 0.000242348
          80    -1.15355    -1.15095 0.000241545
          81    -1.15139    -1.15096 0.000238605
          82    -1.15334    -1.15099  0.00023746
          83    -1.14948    -1.15097 0.000235284
          84    -1.15095    -1.15097 0.000232466
          85    -1.14875    -1.15094 0.000231191
          86    -1.15089    -1.15094 0.000228488
          87    -1.14951    -1.15093 0.000226449
          88      -1.151    -1.15093 0.000223863
          89    -1.15197    -1.15094 0.000221641
          90    -1.15193    -1.15095  0.00021944
          91    -1.14756    -1.15091 0.000220181
          92    -1.14714    -1.15087 0.000221594
          93    -1.15081    -1.15087 0.000219199
          94    -1.14869    -1.15085 0.000218097
          95    -1.15108    -1.15085 0.000215803
          96    -1.15012    -1.15084 0.000213678
          97    -1.15227    -1.15086 0.000211975
          98    -1.14674    -1.15082 0.000213957
          99    -1.15101    -1.15082 0.000211794
         100    -1.15086    -1.15082 0.000209666
