           1    0.485293    0.485293           0
           2    0.487594    0.486443  0.00115043
           3    0.475242    0.482709  0.00379242
           4    0.567786    0.503978   0.0214374
           5    0.492864    0.501755   0.0167535
           6    0.598275    0.517842   0.0211162
           7    0.425218     0.50461   0.0222168
           8    0.457487     0.49872   0.0201218
           9    0.538987    0.503194   0.0183011
          10    0.454747    0.498349   0.0170708
          11    0.432813    0.492391   0.0165507
          12    0.513309    0.494134   0.0152088
          13    0.358958    0.483736   0.0174312
          14      0.4383    0.480491   0.0164612
          15    0.514543    0.482761   0.0154918
          16    0.480167    0.482599   0.0144922
          17    0.445212      0.4804   0.0137895
          18    0.376866    0.474648   0.0142164
          19    0.453245    0.473521   0.0134945
          20    0.481923    0.473941   0.0128089
          21    0.545145    0.477332   0.0126467
          22    0.526198    0.479553    0.012261
          23    0.539408    0.482156   0.0120013
          24    0.508477    0.483252   0.0115426
          25    0.425843    0.480956   0.0113069
          26    0.507745    0.481986   0.0109121
          27    0.418067    0.479619   0.0107638
          28    0.412157     0.47721   0.0106484
          29    0.506533    0.478221   0.0103243
          30    0.574527    0.481431   0.0104781
          31    0.391134    0.478518   0.0105447
          32    0.461744    0.477994   0.0102233
          33    0.444523     0.47698  0.00996046
          34    0.428429    0.475552  0.00976801
          35    0.439889    0.474533  0.00953939
          36    0.448144      0.4738  0.00929956
          37    0.463339    0.473517  0.00904914
          38    0.395414    0.471462  0.00904442
          39    0.451168    0.470941  0.00882481
          40    0.430402    0.469928  0.00866086
          41    0.482047    0.470223  0.00845215
          42    0.450744     0.46976  0.00826149
          43     0.38863    0.467873  0.00828477
          44    0.482454    0.468204  0.00810107
          45    0.563264    0.470317  0.00819591
          46    0.452882    0.469938  0.00802471
          47    0.445655    0.469421   0.0078691
          48     0.40697     0.46812  0.00781251
          49    0.372451    0.466168  0.00789659
          50    0.550485    0.467854  0.00791869
          51    0.389389    0.466315  0.00791288
          52    0.487729    0.466727  0.00777013
          53    0.462217    0.466642  0.00762259
          54    0.502982    0.467315  0.00751031
          55    0.349559    0.465174  0.00767709
          56    0.372112    0.463512  0.00771974
          57    0.436004     0.46303  0.00759844
          58    0.476657    0.463265  0.00746998
          59     0.53092    0.464411  0.00743128
          60    0.388118     0.46314   0.0074162
          61    0.470921    0.463267  0.00729472
          62    0.556542    0.464772  0.00733211
          63    0.572234    0.466477  0.00741368
          64    0.479989    0.466689  0.00729998
          65    0.435658    0.466211  0.00720263
          66     0.41873    0.465492  0.00712905
          67    0.390774    0.464377  0.00710985
          68     0.43147    0.463893  0.00702121
          69    0.479195    0.464114  0.00692225
          70    0.429557    0.463621  0.00684049
          71    0.389173    0.462572  0.00682449
          72      0.4501    0.462399  0.00673127
          73    0.504549    0.462976  0.00666348
          74    0.473403    0.463117  0.00657433
          75    0.450214    0.462945  0.00648836
          76     0.47441    0.463096  0.00640419
          77    0.501202    0.463591  0.00633982
          78    0.426827     0.46312  0.00627573
          79    0.489519    0.463454  0.00620479
          80    0.464591    0.463468  0.00612676
          81    0.398773    0.462669  0.00610313
          82    0.402527    0.461936   0.0060727
          83    0.502019    0.462419  0.00601849
          84    0.426003    0.461985   0.0059622
          85    0.464591    0.462016  0.00589172
          86    0.499525    0.462452  0.00583912
          87    0.516088    0.463069  0.00580444
          88     0.45366    0.462962   0.0057391
          89    0.436097     0.46266  0.00568227
          90     0.46158    0.462648  0.00561879
          91    0.656888    0.464782  0.00595257
          92    0.588137    0.466123  0.00603826
          93    0.409474    0.465514  0.00600396
          94    0.497182    0.465851  0.00594929
          95    0.463348    0.465825  0.00588639
          96    0.461365    0.465778  0.00582494
          97    0.451357    0.465629  0.00576649
          98    0.476841    0.465744  0.00570849
          99    0.399895    0.465079  0.00568955
         100    0.447669    0.464905  0.00563506
