           1   -0.823792   -0.823792           0
           2   -0.828968    -0.82638    0.002588
           3   -0.828168   -0.826976  0.00160866
           4      -0.823   -0.825982  0.00151061
           5   -0.824568   -0.825699   0.0012038
           6   -0.828072   -0.826095  0.00105947
           7   -0.825552   -0.826017 0.000898769
           8   -0.830824   -0.826618 0.000983294
           9   -0.828304   -0.826805 0.000887188
          10    -0.82492   -0.826617 0.000815614
          11   -0.824424   -0.826417 0.000764209
          12   -0.831824   -0.826868 0.000830464
          13   -0.826504    -0.82684 0.000764429
          14   -0.832416   -0.827238 0.000812098
          15   -0.821008   -0.826823 0.000862605
          16   -0.826104   -0.826778 0.000808143
          17   -0.826536   -0.826764 0.000759252
          18   -0.822008     -0.8265 0.000763032
          19   -0.829056   -0.826634 0.000734191
          20   -0.824464   -0.826526 0.000704915
          21   -0.828232   -0.826607 0.000675414
          22    -0.82512   -0.826539 0.000647519
          23   -0.827088   -0.826563 0.000619185
          24    -0.82608   -0.826543 0.000593167
          25   -0.827312   -0.826574 0.000569776
          26   -0.830552   -0.826727 0.000568405
          27   -0.823072   -0.826591 0.000563449
          28   -0.823632   -0.826486 0.000553145
          29   -0.825512   -0.826452 0.000534785
          30   -0.824496   -0.826387  0.00052075
          31    -0.82584   -0.826369  0.00050398
          32   -0.832928   -0.826574 0.000529273
          33   -0.826672   -0.826577 0.000512992
          34     -0.8266   -0.826578 0.000497676
          35    -0.82368   -0.826495 0.000490289
          36   -0.826624   -0.826499 0.000476489
          37   -0.825672   -0.826476  0.00046397
          38   -0.825768   -0.826458  0.00045198
          39   -0.825184   -0.826425 0.000441448
          40   -0.825696   -0.826407 0.000430656
          41    -0.82856   -0.826459 0.000423291
          42   -0.824848   -0.826421 0.000414868
          43   -0.824304   -0.826372 0.000408085
          44   -0.826568   -0.826376 0.000398728
          45   -0.820144   -0.826238  0.00041364
          46   -0.824392   -0.826198 0.000406533
          47   -0.825928   -0.826192 0.000397831
          48   -0.823648   -0.826139 0.000393044
          49   -0.832848   -0.826276 0.000408565
          50   -0.826856   -0.826287 0.000400479
          51    -0.82424   -0.826247 0.000394595
          52   -0.827864   -0.826278 0.000388179
          53    -0.82436   -0.826242 0.000382501
          54   -0.827832   -0.826272 0.000376504
          55   -0.827136   -0.826287 0.000369929
          56   -0.825512   -0.826273 0.000363527
          57   -0.826624    -0.82628 0.000357145
          58    -0.82688    -0.82629 0.000351086
          59   -0.824472   -0.826259 0.000346457
          60   -0.825592   -0.826248 0.000340815
          61   -0.825664   -0.826238 0.000335318
          62   -0.827752   -0.826263 0.000330768
          63   -0.826704    -0.82627  0.00032555
          64   -0.831168   -0.826346 0.000329437
          65   -0.825504   -0.826333 0.000324588
          66   -0.826456   -0.826335 0.000319637
          67    -0.82516   -0.826318 0.000315319
          68   -0.820736   -0.826236 0.000321309
          69   -0.824432    -0.82621 0.000317695
          70   -0.823032   -0.826164 0.000316397
          71    -0.82628   -0.826166 0.000311913
          72   -0.829992   -0.826219 0.000312108
          73    -0.83024   -0.826274 0.000312693
          74   -0.826976   -0.826283 0.000308584
          75    -0.82856   -0.826314 0.000305951
          76    -0.82572   -0.826306    0.000302
          77   -0.823048   -0.826264  0.00030104
          78   -0.827288   -0.826277 0.000297446
          79     -0.8234    -0.82624 0.000295906
          80   -0.823112   -0.826201 0.000294789
          81   -0.831968   -0.826272 0.000299705
          82   -0.826744   -0.826278 0.000296084
          83     -0.8218   -0.826224 0.000297429
          84   -0.829128   -0.826259 0.000295893
          85   -0.821824   -0.826207  0.00029701
          86   -0.821352    -0.82615 0.000298915
          87   -0.829256   -0.826186 0.000297608
          88     -0.8244   -0.826166 0.000294906
          89    -0.82436   -0.826145 0.000292278
          90   -0.823352   -0.826114 0.000290674
          91   -0.826592    -0.82612  0.00028751
          92   -0.828392   -0.826144 0.000285439
          93   -0.825464   -0.826137 0.000282448
          94   -0.825896   -0.826134 0.000279438
          95   -0.826896   -0.826142 0.000276597
          96   -0.827376   -0.826155 0.000274003
          97   -0.825424   -0.826148 0.000271268
          98   -0.825264   -0.826139 0.000268637
          99   -0.826192   -0.826139  0.00026591
         100   -0.826648   -0.826144 0.000263287
