           1     12.2273     12.2273           0
           2     12.2108      12.219  0.00824941
           3     11.3103     11.9161    0.302941
           4     11.8132     11.8904    0.215752
           5     12.9597     12.1042    0.271414
           6     12.9478     12.2448    0.262439
           7     12.8028     12.3245     0.23569
           8      12.836     12.3885    0.213892
           9     12.3697     12.3864    0.188647
          10     12.2597     12.3737    0.169206
          11     12.1925     12.3572    0.153937
          12     12.2416     12.3476    0.140855
          13     12.3382     12.3469     0.12957
          14     13.1997     12.4078    0.134539
          15     11.2904     12.3333    0.145728
          16     12.0575     12.3161    0.137402
          17     11.6769     12.2785    0.134432
          18     11.6183     12.2418    0.131944
          19     13.0852     12.2862    0.132466
          20     11.4338     12.2436    0.132698
          21     12.6858     12.2646    0.127966
          22     11.8337      12.245    0.123573
          23     12.2906      12.247    0.118095
          24     12.6561     12.2641    0.114345
          25      11.987      12.253    0.110235
          26     14.8761     12.3539    0.146272
          27     12.1423      12.346    0.140968
          28     12.7691     12.3611    0.136678
          29     12.5549     12.3678     0.13205
          30     13.0355     12.3901    0.129499
          31     11.8179     12.3716    0.126605
          32     13.7908      12.416     0.13036
          33     12.5752     12.4208     0.12644
          34     12.0238     12.4091     0.12322
          35     12.1503     12.4017    0.119875
          36     11.8458     12.3863    0.117517
          37     12.2443     12.3824    0.114361
          38      12.685     12.3904    0.111595
          39     13.6093     12.4217      0.1131
          40     12.1589     12.4151    0.110432
          41     11.3259     12.3885    0.110933
          42     12.1996      12.384    0.108352
          43     11.4452     12.3622    0.108032
          44     11.8513     12.3506    0.106185
          45     10.6249     12.3122    0.110656
          46     12.0652     12.3069    0.108356
          47     12.5965      12.313    0.106205
          48     11.8709     12.3038    0.104376
          49     14.0239     12.3389    0.108083
          50     12.9435      12.351    0.106587
          51     12.0231     12.3446    0.104674
          52     13.2775     12.3625    0.104198
          53     11.7576     12.3511    0.102848
          54     13.0624     12.3643    0.101781
          55     12.6042     12.3686    0.100009
          56     12.2736     12.3669   0.0982214
          57     12.4896     12.3691   0.0965068
          58     12.6155     12.3733   0.0949234
          59     12.4101      12.374   0.0933028
          60     12.8206     12.3814    0.092036
          61     12.1822     12.3781   0.0905736
          62     12.6249     12.3821   0.0891896
          63      11.972     12.3756   0.0880036
          64      11.709     12.3652   0.0872416
          65      12.325     12.3646   0.0858911
          66     13.4973     12.3817   0.0863034
          67      12.661     12.3859   0.0851076
          68     11.2076     12.3686   0.0856185
          69     11.5877     12.3573   0.0851241
          70     12.0809     12.3533   0.0839921
          71     12.4895     12.3552   0.0828229
          72     12.9319     12.3632   0.0820563
          73     12.4632     12.3646    0.080936
          74     11.9649     12.3592   0.0800173
          75     11.7501     12.3511   0.0793599
          76      12.102     12.3478   0.0783773
          77     11.8868     12.3418   0.0775841
          78     13.6879     12.3591   0.0785034
          79     11.7954     12.3519    0.077831
          80     12.6211     12.3553   0.0769256
          81     12.9539     12.3627   0.0763285
          82     12.3418     12.3624   0.0753923
          83     10.8473     12.3442   0.0766828
          84     14.1352     12.3655   0.0787073
          85     11.0146     12.3496   0.0793829
          86      12.858     12.3555   0.0786769
          87     12.7056     12.3596   0.0778713
          88     11.8454     12.3537   0.0772027
          89     12.1411     12.3513   0.0763677
          90     11.4216      12.341   0.0762177
          91     12.1447     12.3388   0.0754064
          92     12.6986     12.3428   0.0746847
          93     12.6255     12.3458   0.0739398
          94     13.1085     12.3539   0.0735976
          95     12.8625     12.3593   0.0730152
          96     13.1541     12.3675   0.0727235
          97     12.0718     12.3645   0.0720345
          98     12.5366     12.3662   0.0713172
          99     12.1163     12.3637   0.0706383
         100     11.7232     12.3573   0.0702211
