           1    0.450681    0.450681           0
           2    0.453308    0.451994   0.0013133
           3    0.459128    0.454372  0.00249595
           4    0.458206    0.455331  0.00200837
           5    0.471204    0.458505  0.00353527
           6    0.437357    0.454981   0.0045559
           7    0.448214    0.454014  0.00396992
           8    0.421977    0.450009  0.00527803
           9     0.44593    0.449556  0.00467681
          10    0.450067    0.449607  0.00418337
          11    0.445649    0.449247  0.00380107
          12    0.408694    0.445868  0.00484361
          13    0.430346    0.444674  0.00461269
          14    0.433611    0.443884  0.00434301
          15    0.425917    0.442686  0.00421681
          16    0.451467    0.443235  0.00398246
          17    0.449185    0.443585  0.00375721
          18     0.44296     0.44355   0.0035425
          19    0.433112    0.443001  0.00339561
          20    0.437984     0.44275   0.0032311
          21    0.439391     0.44259  0.00307755
          22    0.431127    0.442069  0.00298023
          23    0.432255    0.441642   0.0028795
          24    0.433483    0.441302  0.00277779
          25     0.44089    0.441286  0.00266442
          26    0.442531    0.441334  0.00256034
          27    0.457357    0.441927  0.00253415
          28     0.45156    0.442271  0.00246609
          29    0.444901    0.442362  0.00238126
          30    0.444785    0.442443  0.00230193
          31    0.451442    0.442733  0.00224528
          32    0.455479    0.443131  0.00221017
          33    0.436371    0.442926  0.00215192
          34    0.443192    0.442934  0.00208769
          35    0.420488    0.442293  0.00212618
          36    0.432208    0.442013  0.00208518
          37    0.445043    0.442095   0.0020297
          38    0.466669    0.442741  0.00207872
          39    0.455176     0.44306  0.00204966
          40    0.447526    0.443172  0.00200088
          41    0.426763    0.442772  0.00199209
          42     0.45315    0.443019  0.00195972
          43    0.460847    0.443433    0.001958
          44    0.410889    0.442694    0.002051
          45    0.439008    0.442612  0.00200657
          46     0.44496    0.442663  0.00196313
          47    0.438991    0.442585   0.0019225
          48    0.434146    0.442409  0.00189021
          49    0.432014    0.442197  0.00186335
          50    0.442156    0.442196   0.0018257
          51    0.452912    0.442406  0.00180184
          52    0.439668    0.442353  0.00176763
          53    0.443473    0.442374  0.00173409
          54    0.463088    0.442758  0.00174437
          55    0.436149    0.442638  0.00171657
          56    0.419301    0.442221  0.00173639
          57    0.434865    0.442092  0.00171053
          58    0.439498    0.442047  0.00168137
          59    0.443006    0.442064  0.00165271
          60    0.465966    0.442462  0.00167305
          61      0.4433    0.442476  0.00164545
          62    0.450463    0.442605  0.00162382
          63    0.428546    0.442381  0.00161334
          64    0.422095    0.442064  0.00161926
          65    0.441474    0.442055  0.00159418
          66    0.425473    0.441804  0.00158982
          67    0.450564    0.441935  0.00157136
          68     0.43565    0.441842  0.00155083
          69    0.419668    0.441521  0.00156162
          70    0.445349    0.441576  0.00154012
          71    0.433113    0.441457  0.00152294
          72     0.43788    0.441407  0.00150246
          73    0.434543    0.441313  0.00148472
          74    0.426207    0.441109  0.00147868
          75    0.407895    0.440666  0.00152456
          76    0.436634    0.440613   0.0015053
          77    0.459028    0.440852  0.00150475
          78    0.472072    0.441252  0.00153832
          79    0.441774    0.441259  0.00151874
          80    0.442259    0.441271  0.00149969
          81    0.446326    0.441334  0.00148237
          82    0.408113    0.440929  0.00151919
          83    0.432163    0.440823  0.00150449
          84      0.4679    0.441145  0.00152102
          85    0.439709    0.441128  0.00150311
          86    0.458215    0.441327  0.00149876
          87    0.422561    0.441111  0.00149706
          88    0.442984    0.441133   0.0014801
          89    0.428592    0.440992  0.00147014
          90    0.451054    0.441104  0.00145801
          91    0.439146    0.441082  0.00144206
          92     0.45338    0.441216  0.00143255
          93    0.438338    0.441185   0.0014174
          94    0.447344     0.44125  0.00140377
          95    0.469113    0.441544  0.00141954
          96    0.454643     0.44168  0.00141129
          97     0.42404    0.441498  0.00140845
          98    0.433194    0.441413  0.00139658
          99    0.439456    0.441394  0.00138254
         100    0.423084    0.441211  0.00138084
