           1   0.0493492   0.0493492           0
           2   0.0490242   0.0491867 0.000162464
           3   0.0489405   0.0491046 0.000124626
           4   0.0486323   0.0489866 0.000147334
           5   0.0491815   0.0490255 0.000120601
           6   0.0491269   0.0490424 9.99084e-05
           7   0.0484268   0.0489545 0.000121916
           8   0.0496413   0.0490404 0.000136084
           9   0.0488133   0.0490151 0.000122638
          10   0.0490073   0.0490143 0.000109693
          11   0.0493959    0.049049 0.000105111
          12   0.0490915   0.0490526 9.60176e-05
          13   0.0495154   0.0490882 9.52301e-05
          14   0.0491948   0.0490958 8.84942e-05
          15   0.0489883   0.0490886 8.26947e-05
          16   0.0488116   0.0490713 7.92679e-05
          17   0.0494775   0.0490952 7.81983e-05
          18   0.0492648   0.0491046 7.43254e-05
          19   0.0485359   0.0490747 7.64115e-05
          20   0.0486841   0.0490552 7.50747e-05
          21   0.0488215    0.049044 7.22719e-05
          22   0.0490959   0.0490464 6.89489e-05
          23   0.0487812   0.0490349 6.68846e-05
          24   0.0494551   0.0490524 6.63883e-05
          25   0.0491172    0.049055 6.37303e-05
          26   0.0489011    0.049049 6.15155e-05
          27   0.0487667   0.0490386 6.01097e-05
          28   0.0486678   0.0490253 5.94175e-05
          29   0.0490285   0.0490255 5.73321e-05
          30   0.0493075   0.0490349 5.61802e-05
          31   0.0490953   0.0490368 5.43727e-05
          32   0.0491415   0.0490401 5.27477e-05
          33    0.048653   0.0490283 5.24529e-05
          34   0.0488164   0.0490221 5.12673e-05
          35   0.0487483   0.0490143 5.03919e-05
          36   0.0486216   0.0490034 5.01724e-05
          37   0.0487164   0.0489956 4.94101e-05
          38   0.0492097   0.0490013 4.84212e-05
          39   0.0490659   0.0490029 4.71924e-05
          40     0.04922   0.0490083 4.63166e-05
          41   0.0491669   0.0490122  4.5338e-05
          42   0.0485934   0.0490022  4.5355e-05
          43    0.049598   0.0490161 4.64041e-05
          44   0.0490803   0.0490176 4.53607e-05
          45   0.0485862    0.049008 4.53657e-05
          46   0.0493352   0.0490151 4.49352e-05
          47   0.0489553   0.0490138 4.39871e-05
          48   0.0490556   0.0490147 4.30698e-05
          49   0.0486768   0.0490078 4.27415e-05
          50   0.0481605   0.0489908 4.51766e-05
          51   0.0487857   0.0489868 4.44643e-05
          52   0.0495034   0.0489968  4.4718e-05
          53    0.050053   0.0490167 4.81809e-05
          54   0.0491804   0.0490197 4.73774e-05
          55   0.0488163    0.049016 4.66549e-05
          56   0.0488647   0.0490133 4.58939e-05
          57   0.0489346   0.0490119 4.51027e-05
          58   0.0489936   0.0490116 4.43193e-05
          59   0.0486489   0.0490055 4.39933e-05
          60   0.0488822   0.0490034 4.33027e-05
          61   0.0490438   0.0490041  4.2592e-05
          62   0.0487669   0.0490002 4.20737e-05
          63   0.0490128   0.0490004  4.1401e-05
          64   0.0483983    0.048991  4.1821e-05
          65   0.0488819   0.0489894 4.12068e-05
          66   0.0486176   0.0489837 4.09668e-05
          67    0.048927   0.0489829 4.03596e-05
          68   0.0487849     0.04898  3.9868e-05
          69   0.0493714   0.0489856 3.96936e-05
          70    0.049187   0.0489885  3.9228e-05
          71    0.049017   0.0489889 3.86736e-05
          72    0.049201   0.0489919 3.82463e-05
          73   0.0486053   0.0489866 3.80886e-05
          74   0.0491105   0.0489882 3.76077e-05
          75   0.0496234   0.0489967  3.8057e-05
          76   0.0488751   0.0489951  3.7587e-05
          77    0.049225   0.0489981 3.72156e-05
          78   0.0486223   0.0489933 3.70499e-05
          79    0.048866   0.0489917 3.66134e-05
          80   0.0492133   0.0489944 3.62588e-05
          81   0.0493431   0.0489987 3.60661e-05
          82   0.0490895   0.0489999 3.56407e-05
          83   0.0490583   0.0490006 3.52157e-05
          84   0.0491254    0.049002 3.48257e-05
          85   0.0492782   0.0490053 3.45665e-05
          86   0.0488234   0.0490032 3.42277e-05
          87   0.0496352   0.0490104 3.46031e-05
          88   0.0498919   0.0490205 3.56441e-05
          89   0.0490678    0.049021 3.52453e-05
          90   0.0493737   0.0490249 3.50712e-05
          91   0.0496151   0.0490314 3.52848e-05
          92   0.0494788   0.0490363 3.52363e-05
          93   0.0489114   0.0490349 3.48812e-05
          94   0.0488112   0.0490325 3.45901e-05
          95   0.0496842   0.0490394 3.49047e-05
          96   0.0487472   0.0490363 3.46731e-05
          97    0.049252   0.0490386 3.43857e-05
          98   0.0492962   0.0490412 3.41344e-05
          99   0.0489291   0.0490401 3.38068e-05
         100   0.0493845   0.0490435 3.36438e-05
