           0           0           0
    0.064633           0           0
    0.129266           0           0
    0.193899           0           0
    0.258532           0           0
    0.323165           0           0
    0.387798           0           0
    0.452431           0           0
    0.517064           0           0
    0.581697           0           0
     0.64633           0           0
    0.710963           0           0
    0.775596           0           0
     0.84023 0.000921971 9.49159e-05
    0.904863    0.148793  0.00106169
    0.969496     1.06167  0.00318368
     1.03413      2.0538   0.0054743
     1.09876     2.26528  0.00604486
     1.16339     2.08991  0.00490813
     1.22803     1.83243  0.00358573
     1.29266     1.62048  0.00301974
     1.35729     1.44943  0.00349993
     1.42193     1.33607  0.00262719
     1.48656     1.25269  0.00247642
     1.55119     1.18753   0.0022248
     1.61583      1.1463  0.00219522
     1.68046     1.10893  0.00171446
     1.74509     1.09142  0.00203526
     1.80973     1.07777   0.0016997
     1.87436     1.06343  0.00157245
     1.93899     1.06186   0.0019802
     2.00362     1.05786  0.00156485
     2.06826     1.05493  0.00185103
     2.13289     1.05315  0.00159325
     2.19752     1.04843  0.00133986
     2.26216     1.04362  0.00154829
     2.32679     1.03628  0.00139916
     2.39142     1.03175  0.00124476
     2.45606     1.02506  0.00118144
     2.52069     1.02237  0.00127352
     2.58532     1.01832  0.00121208
     2.64995     1.01391   0.0011233
     2.71459     1.01021  0.00117603
     2.77922     1.00643  0.00118627
     2.84385     1.00497  0.00121632
     2.90849     1.00431  0.00105024
     2.97312     1.00275  0.00104733
     3.03775    0.998952  0.00104843
     3.10239    0.999017 0.000997008
     3.16702    0.998464  0.00099063
     3.23165    0.996644 0.000858518
     3.29629      0.9982 0.000965824
     3.36092     0.99645 0.000921135
     3.42555    0.995273   0.0010347
     3.49018    0.993787 0.000853078
     3.55482    0.992802  0.00082212
     3.61945    0.992129 0.000801276
     3.68408    0.990811 0.000794604
     3.74872    0.989978 0.000715124
     3.81335    0.991235 0.000830904
     3.87798    0.989703 0.000782427
     3.94262    0.990111 0.000740758
     4.00725    0.989429 0.000775256
     4.07188    0.989798  0.00070708
     4.13651    0.990223 0.000735127
     4.20115    0.988638 0.000643606
     4.26578    0.989627 0.000655445
     4.33041    0.988525 0.000759237
     4.39505     0.98789 0.000677798
     4.45968    0.987694 0.000728903
     4.52431    0.987223 0.000638334
     4.58895    0.986378 0.000683474
     4.65358    0.988112 0.000674548
     4.71821    0.987685 0.000624854
     4.78285    0.986585 0.000524217
     4.84748    0.987905 0.000613295
     4.91211    0.986623 0.000681635
     4.97674    0.987476  0.00063086
     5.04138    0.987204 0.000533194
     5.10601    0.985891 0.000510692
     5.17064    0.987217 0.000569833
     5.23528    0.986514 0.000614931
     5.29991    0.985574 0.000629404
     5.36454    0.985871 0.000607515
     5.42918    0.986249 0.000509612
     5.49381    0.986499 0.000543769
     5.55844     0.98576 0.000541941
     5.62307    0.987634 0.000529878
     5.68771    0.986463 0.000509997
     5.75234     0.98626 0.000460239
     5.81697      0.9864 0.000514782
     5.88161    0.986303  0.00051578
     5.94624    0.985856 0.000529739
     6.01087    0.986334 0.000531842
     6.07551    0.985643  0.00049074
     6.14014    0.985637 0.000499423
     6.20477    0.985715 0.000477903
      6.2694     0.98586 0.000461217
     6.33404    0.985657 0.000502294
     6.39867    0.985552 0.000455707
