           1   -0.409748   -0.409748           0
           2   -0.415657   -0.412702  0.00295456
           3    -0.40862   -0.411341  0.00218206
           4   -0.419385   -0.413352  0.00253457
           5   -0.409298   -0.412541  0.00212412
           6   -0.419215   -0.413654  0.00206031
           7   -0.415455   -0.413911  0.00176019
           8   -0.414173   -0.413944  0.00152472
           9   -0.419951   -0.414611  0.00150122
          10   -0.418917   -0.415042  0.00141009
          11    -0.41465   -0.415006  0.00127597
          12   -0.414535   -0.414967  0.00116546
          13   -0.407081    -0.41436  0.00123177
          14   -0.415002   -0.414406  0.00114132
          15   -0.414256   -0.414396  0.00106256
          16   -0.415144   -0.414443 0.000995032
          17    -0.41411   -0.414423 0.000934875
          18   -0.404226   -0.413857  0.00104776
          19   -0.413127   -0.413818 0.000991827
          20   -0.412437   -0.413749 0.000943463
          21   -0.417083   -0.413908 0.000911348
          22   -0.409938   -0.413728 0.000887481
          23   -0.415431   -0.413802 0.000851243
          24   -0.415453    -0.41387 0.000817902
          25   -0.406509   -0.413576 0.000837949
          26   -0.407558   -0.413345 0.000837686
          27    -0.42303   -0.413703 0.000882282
          28   -0.410591   -0.413592 0.000857421
          29   -0.415634   -0.413663 0.000830318
          30   -0.418294   -0.413817 0.000816884
          31   -0.418022   -0.413953 0.000801655
          32   -0.412825   -0.413917 0.000776999
          33   -0.415119   -0.413954 0.000753966
          34   -0.416462   -0.414028 0.000735164
          35   -0.417099   -0.414115 0.000719224
          36   -0.422839   -0.414358 0.000739778
          37   -0.417325   -0.414438 0.000723964
          38   -0.408841   -0.414291 0.000719883
          39   -0.414465   -0.414295 0.000701196
          40   -0.414328   -0.414296 0.000683441
          41   -0.414916   -0.414311 0.000666735
          42   -0.421923   -0.414492 0.000675434
          43   -0.412753   -0.414452 0.000660778
          44   -0.418641   -0.414547 0.000652569
          45   -0.417414   -0.414611 0.000641077
          46   -0.410189   -0.414515 0.000634311
          47   -0.418703   -0.414604 0.000627033
          48   -0.415832   -0.414629 0.000614364
          49   -0.419988   -0.414739 0.000611554
          50   -0.419338   -0.414831 0.000606217
          51   -0.411224    -0.41476 0.000598405
          52   -0.404667   -0.414566 0.000618053
          53   -0.409731   -0.414475 0.000613105
          54   -0.416744   -0.414517 0.000603109
          55   -0.418816   -0.414595  0.00059718
          56   -0.413144   -0.414569 0.000586991
          57   -0.411238    -0.41451 0.000579555
          58   -0.414433   -0.414509 0.000569477
          59   -0.415011   -0.414518 0.000559806
          60   -0.417103   -0.414561 0.000552081
          61   -0.412441   -0.414526 0.000544065
          62   -0.423901   -0.414677 0.000556168
          63   -0.413782   -0.414663 0.000547453
          64   -0.413208    -0.41464 0.000539311
          65   -0.413214   -0.414618 0.000531402
          66   -0.415458   -0.414631 0.000523443
          67   -0.417136   -0.414668 0.000516925
          68    -0.41016   -0.414602 0.000513563
          69   -0.416566   -0.414631 0.000506865
          70   -0.411873   -0.414591 0.000501123
          71   -0.407988   -0.414498 0.000502692
          72    -0.41067   -0.414445 0.000498504
          73   -0.425875   -0.414602 0.000515959
          74   -0.413865   -0.414592 0.000509036
          75   -0.415332   -0.414601   0.0005023
          76    -0.41424   -0.414597 0.000495669
          77   -0.415232   -0.414605 0.000489259
          78   -0.412321   -0.414576 0.000483833
          79    -0.41309   -0.414557 0.000478039
          80   -0.419657   -0.414621 0.000476312
          81   -0.410169   -0.414566 0.000473594
          82   -0.419682   -0.414628 0.000471926
          83   -0.416086   -0.414646 0.000466536
          84   -0.411783   -0.414612 0.000462207
          85   -0.412858   -0.414591 0.000457202
          86   -0.416132   -0.414609  0.00045221
          87   -0.416526   -0.414631 0.000447525
          88   -0.410367   -0.414582 0.000445056
          89   -0.414767   -0.414584 0.000440032
          90   -0.417593   -0.414618 0.000436397
          91   -0.416509   -0.414639 0.000432074
          92   -0.417243   -0.414667 0.000428289
          93   -0.416441   -0.414686 0.000424088
          94   -0.412678   -0.414665 0.000420096
          95    -0.41579   -0.414677 0.000415819
          96   -0.416188   -0.414692 0.000411766
          97   -0.410114   -0.414645 0.000410223
          98   -0.415194   -0.414651 0.000406054
          99   -0.409113   -0.414595 0.000405805
         100    -0.41041   -0.414553   0.0004039
