           1     1.69767     1.69767           0
           2     1.87013      1.7839   0.0862286
           3     1.79927     1.78902   0.0500471
           4     1.77915     1.78655   0.0354746
           5     1.83966     1.79717   0.0294601
           6     1.73162     1.78625   0.0264193
           7     1.83584     1.79333   0.0234252
           8     1.72635     1.78496   0.0219467
           9     1.69616     1.77509   0.0217251
          10     1.84488     1.78207   0.0206467
          11     1.76608     1.78062   0.0187321
          12     1.73321     1.77667   0.0175504
          13     1.82684     1.78053   0.0165989
          14     1.79218     1.78136   0.0153902
          15     1.80443      1.7829   0.0144098
          16     1.74314     1.78041   0.0137062
          17     1.80322     1.78175   0.0129445
          18     1.81101     1.78338   0.0123119
          19     1.81589     1.78509    0.011771
          20     1.72987     1.78233   0.0115032
          21     1.76567     1.78154   0.0109704
          22     1.74517     1.77988   0.0105897
          23     1.76154     1.77909   0.0101502
          24     1.77505     1.77892  0.00971951
          25     1.69326     1.77549  0.00993235
          26     1.71892     1.77331  0.00978759
          27      1.8174     1.77495  0.00955862
          28     1.75249     1.77415  0.00924576
          29     1.72931      1.7726  0.00905421
          30     1.81626     1.77406  0.00886745
          31     1.67761     1.77094  0.00912348
          32     1.82833     1.77274  0.00901399
          33     1.76902     1.77262  0.00873729
          34      1.7401     1.77167  0.00853024
          35     1.92688      1.7761  0.00939543
          36     1.80041     1.77678  0.00915564
          37     1.68189     1.77421   0.0092667
          38     1.76617       1.774  0.00902203
          39     1.78284     1.77423  0.00879057
          40     1.77588     1.77427  0.00856809
          41     1.85574     1.77626   0.0085895
          42      1.7166     1.77484  0.00850197
          43     1.73858     1.77399  0.00834461
          44     1.83415     1.77536  0.00826661
          45     1.87007     1.77746  0.00835041
          46     1.81411     1.77826  0.00820561
          47     1.60872     1.77465  0.00880221
          48     1.81563     1.77551  0.00865905
          49      1.8703     1.77744  0.00869837
          50     1.80285     1.77795  0.00853776
          51      1.7643     1.77768  0.00837295
          52      1.8662     1.77939  0.00838498
          53     1.83301      1.7804  0.00828725
          54     1.74499     1.77974  0.00815873
          55     1.88057     1.78157  0.00821616
          56     1.76239     1.78123  0.00807538
          57      1.7682       1.781  0.00793574
          58     1.73949     1.78029   0.0078305
          59     1.74646     1.77971  0.00771796
          60     1.81846     1.78036  0.00761566
          61     1.73177     1.77956  0.00753202
          62     1.76081     1.77926  0.00741571
          63       1.768     1.77908  0.00729924
          64     1.74063     1.77848  0.00720936
          65     1.81949     1.77911  0.00712557
          66     1.75877      1.7788  0.00702354
          67     1.73511     1.77815  0.00694859
          68     1.87062     1.77951  0.00697939
          69     1.88735     1.78107  0.00705282
          70     1.81728     1.78159  0.00697056
          71     1.85277     1.78259  0.00694442
          72     1.87797     1.78392  0.00697425
          73      1.7269     1.78314  0.00692225
          74     1.86474     1.78424  0.00691653
          75     1.69776     1.78309  0.00692042
          76     1.70623     1.78208  0.00690323
          77     1.83249     1.78273  0.00684438
          78     1.78363     1.78274  0.00675607
          79     1.80909     1.78308  0.00667834
          80     1.88785     1.78439  0.00672313
          81     1.80612     1.78465  0.00664503
          82     1.85794     1.78555  0.00662407
          83     1.78024     1.78548  0.00654408
          84     1.72968     1.78482  0.00649975
          85     1.84108     1.78548  0.00645684
          86     1.72408     1.78477  0.00642114
          87      1.8211     1.78519  0.00636062
          88     1.75632     1.78486  0.00629648
          89     1.85344     1.78563  0.00627284
          90     1.83369     1.78616  0.00622569
          91     1.79728     1.78628  0.00615811
          92     1.84243     1.78689   0.0061213
          93      1.7902     1.78693  0.00605523
          94     1.86832      1.7878  0.00605271
          95     1.83845     1.78833  0.00601235
          96      1.7598     1.78803  0.00595681
          97     1.81204     1.78828  0.00590027
          98     1.78677     1.78826  0.00583977
          99      1.8592     1.78898  0.00582473
         100     1.87771     1.78987  0.00583405
