           1    -0.51508    -0.51508           0
           2   -0.517016   -0.516048    0.000968
           3   -0.514488   -0.515528 0.000763375
           4   -0.513376    -0.51499 0.000762112
           5   -0.515944   -0.515181 0.000620398
           6   -0.517672   -0.515596 0.000654971
           7     -0.5172   -0.515825 0.000599104
           8   -0.515464    -0.51578 0.000520799
           9   -0.517592   -0.515981 0.000501491
          10   -0.518432   -0.516226 0.000511128
          11    -0.51648   -0.516249 0.000462908
          12   -0.515272   -0.516168 0.000430354
          13    -0.51732   -0.516257 0.000405665
          14    -0.51728    -0.51633  0.00038262
          15   -0.515664   -0.516285 0.000358954
          16   -0.515952   -0.516264 0.000336417
          17   -0.515096   -0.516196 0.000323397
          18   -0.515544    -0.51616 0.000307045
          19   -0.517224   -0.516216 0.000295789
          20   -0.511904      -0.516 0.000353859
          21     -0.5164   -0.516019 0.000337126
          22   -0.514928   -0.515969  0.00032524
          23   -0.517848   -0.516051 0.000321331
          24   -0.518088   -0.516136 0.000319143
          25   -0.516984    -0.51617 0.000307985
          26   -0.516424    -0.51618 0.000296063
          27   -0.514464   -0.516116 0.000291888
          28    -0.51344   -0.516021 0.000297065
          29   -0.514544    -0.51597 0.000291126
          30   -0.518592   -0.516057 0.000294524
          31   -0.515592   -0.516042  0.00028526
          32    -0.51724    -0.51608 0.000278727
          33   -0.516992   -0.516107  0.00027156
          34   -0.515216   -0.516081 0.000264753
          35   -0.519328   -0.516174 0.000273305
          36   -0.514488   -0.516127 0.000269701
          37   -0.516968    -0.51615 0.000263293
          38   -0.516568   -0.516161 0.000256507
          39   -0.515696   -0.516149 0.000250128
          40   -0.512888   -0.516067 0.000257062
          41   -0.518816   -0.516134 0.000259523
          42    -0.51732   -0.516162 0.000254837
          43   -0.518712   -0.516222 0.000255806
          44   -0.514248   -0.516177 0.000253919
          45   -0.516784    -0.51619 0.000248578
          46   -0.515032   -0.516165 0.000244415
          47   -0.514256   -0.516125 0.000242584
          48   -0.516448   -0.516131 0.000237572
          49     -0.5182   -0.516174 0.000236472
          50   -0.517776   -0.516206   0.0002339
          51   -0.517568   -0.516232 0.000230819
          52   -0.517392   -0.516255 0.000227433
          53   -0.514256   -0.516217 0.000226265
          54   -0.515784   -0.516209  0.00022218
          55   -0.519368   -0.516266  0.00022554
          56   -0.514168   -0.516229 0.000224623
          57   -0.517464   -0.516251 0.000221708
          58   -0.514936   -0.516228 0.000219028
          59   -0.516208   -0.516228 0.000215284
          60    -0.51596   -0.516223 0.000211712
          61    -0.51712   -0.516238 0.000208731
          62   -0.516888   -0.516248 0.000205605
          63    -0.51524   -0.516232 0.000202947
          64   -0.515248   -0.516217 0.000200342
          65   -0.518848   -0.516257 0.000201346
          66   -0.512496     -0.5162   0.0002063
          67   -0.512744   -0.516149 0.000209644
          68    -0.51788   -0.516174 0.000208101
          69    -0.51776   -0.516197 0.000206347
          70    -0.51576   -0.516191 0.000203474
          71   -0.516728   -0.516199  0.00020073
          72   -0.517344   -0.516214 0.000198561
          73   -0.515168     -0.5162 0.000196346
          74   -0.514608   -0.516179 0.000194866
          75   -0.516488   -0.516183 0.000192294
          76   -0.514224   -0.516157 0.000191489
          77   -0.516816   -0.516166  0.00018918
          78   -0.517416   -0.516182 0.000187426
          79   -0.518648   -0.516213 0.000187653
          80    -0.51704   -0.516223 0.000185581
          81   -0.516744    -0.51623 0.000183389
          82   -0.515336   -0.516219 0.000181466
          83    -0.51688   -0.516227 0.000179443
          84   -0.513744   -0.516197 0.000179741
          85    -0.51516   -0.516185 0.000178032
          86   -0.516432   -0.516188 0.000175973
          87    -0.51772   -0.516205 0.000174828
          88     -0.5144   -0.516185 0.000174043
          89   -0.518192   -0.516207 0.000173548
          90   -0.515936   -0.516204 0.000171636
          91   -0.515736   -0.516199 0.000169817
          92   -0.515024   -0.516186 0.000168446
          93   -0.514984   -0.516174 0.000167126
          94   -0.516864   -0.516181 0.000165501
          95   -0.519568   -0.516217 0.000167587
          96   -0.514824   -0.516202 0.000166465
          97   -0.515048    -0.51619 0.000165169
          98   -0.519056   -0.516219  0.00016607
          99    -0.51504   -0.516207 0.000164815
         100    -0.51552   -0.516201 0.000163303
