           1    0.240381    0.240381           0
           2    0.242365    0.241373 0.000992181
           3    0.250185     0.24431  0.00299287
           4    0.239213    0.243036  0.00247033
           5    0.243245    0.243078  0.00191396
           6    0.237971    0.242227  0.00177952
           7    0.235058    0.241202  0.00181956
           8    0.235863    0.240535  0.00171129
           9    0.237066     0.24015  0.00155767
          10    0.236295    0.239764  0.00144556
          11    0.233144    0.239162   0.0014394
          12    0.249146    0.239994  0.00155524
          13    0.245173    0.240393  0.00148503
          14    0.233915     0.23993  0.00145063
          15    0.237909    0.239795  0.00135717
          16    0.251386     0.24052  0.00146165
          17    0.242703    0.240648  0.00137898
          18     0.24321     0.24079  0.00130788
          19    0.240295    0.240764   0.0012374
          20    0.235725    0.240512  0.00120065
          21    0.238548    0.240419  0.00114587
          22    0.236103    0.240223  0.00111001
          23    0.238192    0.240134  0.00106432
          24     0.23685    0.239998  0.00102816
          25    0.242801     0.24011 0.000992528
          26    0.244705    0.240286  0.00096983
          27    0.243233    0.240395 0.000939577
          28      0.2358    0.240231 0.000920157
          29    0.240384    0.240237 0.000887876
          30    0.244641    0.240383 0.000870243
          31    0.248734    0.240653 0.000883758
          32    0.239774    0.240625 0.000856136
          33    0.242498    0.240682 0.000831726
          34    0.235167     0.24052 0.000823034
          35    0.245962    0.240675 0.000814157
          36    0.237856    0.240597 0.000795086
          37    0.235527     0.24046 0.000785347
          38    0.237094    0.240371 0.000769517
          39    0.236471    0.240271 0.000756167
          40    0.242855    0.240336 0.000739845
          41    0.239572    0.240317 0.000721815
          42    0.243145    0.240385  0.00070763
          43    0.238638    0.240344 0.000692171
          44    0.239651    0.240328  0.00067644
          45    0.238862    0.240296  0.00066204
          46    0.237259     0.24023 0.000650844
          47    0.235943    0.240139 0.000643345
          48    0.236819    0.240069 0.000633586
          49    0.241204    0.240092 0.000620952
          50    0.246536    0.240221 0.000621905
          51    0.239478    0.240207 0.000609764
          52    0.236119    0.240128 0.000603067
          53    0.241961    0.240163 0.000592589
          54    0.237226    0.240108  0.00058405
          55    0.240351    0.240113 0.000573349
          56    0.246176    0.240221 0.000573336
          57    0.237766    0.240178 0.000564832
          58     0.23856     0.24015 0.000555709
          59    0.236142    0.240082 0.000550417
          60    0.241199    0.240101 0.000541486
          61    0.240484    0.240107 0.000532572
          62    0.239489    0.240097 0.000524006
          63    0.240469    0.240103 0.000515655
          64    0.238411    0.240077 0.000508222
          65    0.241245    0.240095 0.000500665
          66    0.239658    0.240088 0.000493065
          67    0.237576     0.24005 0.000487096
          68    0.234976    0.239976 0.000485646
          69    0.242105    0.240007 0.000479549
          70    0.233931     0.23992 0.000480552
          71    0.232242    0.239812 0.000485922
          72    0.239208    0.239803 0.000479199
          73    0.234888    0.239736 0.000477361
          74    0.239789    0.239737 0.000470867
          75    0.239216     0.23973 0.000464598
          76    0.228998    0.239589 0.000479697
          77    0.245866     0.23967 0.000480394
          78    0.236613    0.239631 0.000475813
          79    0.238301    0.239614 0.000470053
          80    0.242085    0.239645 0.000465167
          81     0.23216    0.239553  0.00046859
          82    0.246021    0.239631 0.000469515
          83    0.242613    0.239667 0.000465212
          84     0.24742     0.23976 0.000468814
          85    0.236945    0.239727 0.000464448
          86    0.238238    0.239709 0.000459342
          87    0.241151    0.239726 0.000454334
          88    0.235008    0.239672 0.000452329
          89    0.244724    0.239729 0.000450807
          90    0.231614    0.239639 0.000454797
          91    0.239476    0.239637 0.000449775
          92    0.236161    0.239599 0.000446461
          93    0.241703    0.239622 0.000442213
          94    0.240897    0.239635 0.000437694
          95    0.237565    0.239614  0.00043361
          96    0.236284    0.239579 0.000430469
          97     0.24211    0.239605 0.000426806
          98    0.237052    0.239579 0.000423231
          99    0.242433    0.239608 0.000419925
         100     0.23816    0.239593 0.000415956
