           1    0.230112    0.230112           0
           2    0.235646    0.232879  0.00276689
           3    0.238834    0.234864  0.00254804
           4    0.229139    0.233433  0.00230103
           5     0.23286    0.233318  0.00178604
           6    0.227126    0.232286  0.00178652
           7    0.228082    0.231685  0.00162493
           8    0.225074    0.230859  0.00163198
           9    0.226396    0.230363  0.00152231
          10    0.224551    0.229782  0.00148046
          11     0.22319    0.229183  0.00146712
          12    0.236361    0.229781  0.00146682
          13    0.235085    0.230189  0.00140962
          14    0.221458    0.229565  0.00144639
          15    0.228415    0.229489   0.0013487
          16    0.241985     0.23027  0.00148377
          17    0.232787    0.230418  0.00140161
          18    0.233866    0.230609  0.00133527
          19    0.229805    0.230567  0.00126374
          20    0.227363    0.230407  0.00120955
          21    0.227856    0.230285   0.0011569
          22    0.226027    0.230092  0.00111991
          23    0.230872    0.230126  0.00107065
          24    0.227217    0.230004  0.00103221
          25    0.234006    0.230164  0.00100292
          26      0.2355     0.23037 0.000985186
          27    0.233835    0.230498 0.000956642
          28    0.224828    0.230295 0.000943824
          29    0.230998     0.23032 0.000911019
          30    0.239121    0.230613 0.000927739
          31    0.236427    0.230801   0.0009167
          32     0.22905    0.230746 0.000889276
          33    0.230588    0.230741  0.00086192
          34    0.227398    0.230643 0.000841946
          35    0.234771    0.230761 0.000826002
          36     0.22957    0.230728 0.000803411
          37     0.22708    0.230629 0.000787591
          38    0.228915    0.230584  0.00076791
          39    0.227235    0.230498 0.000752875
          40    0.232684    0.230553 0.000735844
          41    0.228107    0.230493 0.000720147
          42    0.230002    0.230481 0.000702889
          43    0.229949    0.230469  0.00068646
          44    0.231393     0.23049 0.000671006
          45    0.228125    0.230438 0.000658027
          46     0.22799    0.230384 0.000645759
          47    0.227362     0.23032 0.000635134
          48    0.228855    0.230289 0.000622509
          49    0.230969    0.230303  0.00060983
          50    0.234237    0.230382 0.000602665
          51      0.2293    0.230361 0.000591111
          52    0.226643    0.230289 0.000584025
          53    0.231722    0.230316 0.000573537
          54    0.228536    0.230283  0.00056378
          55    0.228346    0.230248 0.000554555
          56     0.23461    0.230326 0.000550105
          57    0.227176    0.230271 0.000543187
          58    0.228623    0.230242 0.000534495
          59    0.228442    0.230212 0.000526243
          60    0.233456    0.230266 0.000520215
          61    0.229239    0.230249 0.000511892
          62    0.230666    0.230256 0.000503613
          63    0.228907    0.230234 0.000496017
          64    0.228268    0.230204 0.000489171
          65    0.234711    0.230273 0.000486552
          66    0.230522    0.230277 0.000479139
          67    0.229021    0.230258 0.000472305
          68    0.226836    0.230208 0.000468021
          69    0.231196    0.230222 0.000461411
          70    0.224264    0.230137 0.000462667
          71    0.222937    0.230036 0.000467241
          72    0.228248    0.230011 0.000461374
          73    0.226604    0.229964 0.000457397
          74    0.230219    0.229967 0.000451187
          75    0.229045    0.229955   0.0004453
          76    0.217817    0.229795 0.000467527
          77    0.235039    0.229864 0.000466413
          78     0.22957     0.22986  0.00046041
          79    0.229337    0.229853 0.000454593
          80    0.229896    0.229854 0.000448875
          81    0.225998    0.229806 0.000445846
          82    0.235923    0.229881 0.000446649
          83    0.230711    0.229891 0.000441349
          84    0.237429     0.22998 0.000445201
          85    0.226522     0.22994 0.000441809
          86    0.230469    0.229946 0.000436685
          87    0.231061    0.229959 0.000431827
          88    0.224158    0.229893 0.000431951
          89    0.233103    0.229929 0.000428591
          90    0.221974    0.229841 0.000432921
          91    0.232069    0.229865 0.000428837
          92    0.229037    0.229856 0.000424245
          93    0.231016    0.229868 0.000419844
          94    0.232063    0.229892 0.000416009
          95     0.22692    0.229861 0.000412794
          96    0.228456    0.229846 0.000408733
          97     0.23411     0.22989  0.00040688
          98    0.229163    0.229882 0.000402775
          99    0.231615      0.2299  0.00039907
         100    0.231908     0.22992 0.000395569
