           1   -0.503504   -0.503504           0
           2    -0.50536   -0.504432    0.000928
           3     -0.5026   -0.503821 0.000812389
           4   -0.501992   -0.503364 0.000734262
           5   -0.504928   -0.503677 0.000649098
           6   -0.507288   -0.504279 0.000801953
           7   -0.506128   -0.504543 0.000727444
           8   -0.504256   -0.504507 0.000631005
           9   -0.505792    -0.50465 0.000574518
          10   -0.506776   -0.504862 0.000556116
          11     -0.5058   -0.504948 0.000510196
          12   -0.503872   -0.504858  0.00047429
          13   -0.504392   -0.504822 0.000437754
          14   -0.506136   -0.504916 0.000416005
          15   -0.504488   -0.504887 0.000388329
          16   -0.505488   -0.504925 0.000365183
          17   -0.502632    -0.50479 0.000368595
          18    -0.50388    -0.50474 0.000351174
          19   -0.505528   -0.504781 0.000334759
          20   -0.500576   -0.504571 0.000380872
          21   -0.504312   -0.504558 0.000362491
          22   -0.501744   -0.504431 0.000368539
          23   -0.506776   -0.504533 0.000366619
          24    -0.50644   -0.504612 0.000359896
          25   -0.505736   -0.504657 0.000348116
          26   -0.504496   -0.504651 0.000334516
          27   -0.502856   -0.504584  0.00032868
          28   -0.502288   -0.504502  0.00032717
          29   -0.503096   -0.504454 0.000319389
          30   -0.505512   -0.504489 0.000310569
          31   -0.503376   -0.504453 0.000302522
          32   -0.504248   -0.504447 0.000292986
          33   -0.504928   -0.504461 0.000284343
          34   -0.503704   -0.504439 0.000276751
          35    -0.50724   -0.504519  0.00028039
          36   -0.502656   -0.504467 0.000277361
          37    -0.50432   -0.504463  0.00026979
          38   -0.504584   -0.504467 0.000262614
          39    -0.50344    -0.50444 0.000257142
          40    -0.50192   -0.504377 0.000258429
          41   -0.505752   -0.504411 0.000254268
          42   -0.505728   -0.504442 0.000250114
          43    -0.50572   -0.504472  0.00024603
          44    -0.50348   -0.504449 0.000241428
          45   -0.504688   -0.504455 0.000236062
          46    -0.50416   -0.504448 0.000230962
          47   -0.503208   -0.504422 0.000227529
          48    -0.50632   -0.504461 0.000226222
          49   -0.505024   -0.504473 0.000221855
          50   -0.505744   -0.504498 0.000218854
          51   -0.505592    -0.50452 0.000215589
          52   -0.505024   -0.504529 0.000211625
          53   -0.502488   -0.504491 0.000211136
          54   -0.503168   -0.504466 0.000208633
          55   -0.507176   -0.504516 0.000210647
          56   -0.502736   -0.504484 0.000209278
          57   -0.505152   -0.504496 0.000205907
          58   -0.504656   -0.504498 0.000202345
          59   -0.503976   -0.504489 0.000199083
          60   -0.503632   -0.504475 0.000196258
          61   -0.506528   -0.504509 0.000195925
          62   -0.505032   -0.504517 0.000192924
          63   -0.502416   -0.504484 0.000192745
          64   -0.504552   -0.504485 0.000189712
          65   -0.506648   -0.504518 0.000189712
          66   -0.501904   -0.504479 0.000190969
          67   -0.501008   -0.504427 0.000195099
          68   -0.506736   -0.504461 0.000195185
          69   -0.505568   -0.504477 0.000193004
          70   -0.503368   -0.504461 0.000190885
          71   -0.504808   -0.504466 0.000188241
          72   -0.505448    -0.50448 0.000186109
          73   -0.503136   -0.504461 0.000184462
          74   -0.503024   -0.504442 0.000182986
          75   -0.506256   -0.504466 0.000182143
          76   -0.503048   -0.504447 0.000180696
          77    -0.50492   -0.504453  0.00017844
          78   -0.505824   -0.504471 0.000177011
          79    -0.50684   -0.504501 0.000177311
          80     -0.5038   -0.504492 0.000175299
          81   -0.504208   -0.504489 0.000173157
          82   -0.504328   -0.504487 0.000171044
          83   -0.505152   -0.504495  0.00016916
          84    -0.50308   -0.504478 0.000167981
          85   -0.504008   -0.504472 0.000166085
          86    -0.50404   -0.504467 0.000164219
          87   -0.505488   -0.504479 0.000162744
          88   -0.502656   -0.504458 0.000162212
          89   -0.506464   -0.504481 0.000161955
          90   -0.504568   -0.504482 0.000160148
          91   -0.503392    -0.50447 0.000158831
          92   -0.502992   -0.504454 0.000157914
          93   -0.504208   -0.504451 0.000156229
          94   -0.506456   -0.504473 0.000156023
          95   -0.508424   -0.504514 0.000159877
          96    -0.50292   -0.504497 0.000159072
          97    -0.50308   -0.504483 0.000158101
          98   -0.505864   -0.504497 0.000157112
          99   -0.504488   -0.504497 0.000155517
         100   -0.505112   -0.504503 0.000154077
