           1     1.62243     1.62243           0
           2     1.76335     1.69289     0.07046
           3     1.64488     1.67689   0.0437149
           4     1.70189     1.68314   0.0315369
           5     1.74058     1.69463   0.0269947
           6     1.65039     1.68725   0.0232414
           7     1.71803     1.69165   0.0201285
           8     1.62585     1.68342   0.0192749
           9     1.60547     1.67476   0.0190786
          10     1.71792     1.67908   0.0176016
          11     1.69472      1.6805   0.0159846
          12     1.63429     1.67665   0.0150915
          13     1.72802      1.6806   0.0144335
          14     1.67055     1.67988   0.0133821
          15     1.72252     1.68273   0.0127782
          16     1.65025      1.6807   0.0121241
          17     1.70588     1.68218   0.0114845
          18     1.66775     1.68138   0.0108573
          19      1.7093     1.68285   0.0103746
          20     1.63772     1.68059   0.0100976
          21     1.65598     1.67942  0.00967596
          22     1.66947     1.67896  0.00923674
          23     1.67947     1.67899  0.00882604
          24     1.68273     1.67914  0.00845173
          25     1.60752     1.67628  0.00859789
          26     1.62797     1.67442  0.00846697
          27     1.71768     1.67602  0.00830337
          28     1.65132     1.67514  0.00804983
          29     1.62946     1.67356  0.00792538
          30     1.70462      1.6746  0.00772632
          31     1.58588     1.67174  0.00800215
          32     1.74228     1.67394  0.00805559
          33     1.64958      1.6732  0.00784249
          34     1.64391     1.67234  0.00765698
          35     1.81195     1.67633   0.0084374
          36     1.67344     1.67625  0.00820007
          37     1.58839     1.67388  0.00832141
          38     1.67595     1.67393  0.00809964
          39      1.7085     1.67482  0.00793886
          40     1.64682     1.67412  0.00776943
          41     1.70406     1.67485  0.00761268
          42     1.61021     1.67331  0.00758693
          43     1.62823     1.67226   0.0074822
          44      1.7495     1.67402  0.00751799
          45     1.79069     1.67661  0.00779301
          46     1.69524     1.67701  0.00763247
          47     1.49924     1.67323  0.00837152
          48     1.73997     1.67462  0.00831238
          49     1.76066     1.67638  0.00832817
          50     1.70761       1.677  0.00818378
          51     1.65535     1.67658  0.00803294
          52     1.72527     1.67751   0.0079324
          53     1.75583     1.67899  0.00792035
          54      1.6467     1.67839  0.00779526
          55     1.76255     1.67992  0.00780368
          56     1.62903     1.67901  0.00771677
          57     1.67687     1.67898  0.00758027
          58     1.65077     1.67849  0.00746429
          59     1.65529      1.6781  0.00734722
          60     1.74222     1.67917  0.00730235
          61     1.62337     1.67825  0.00723965
          62     1.65568     1.67789  0.00713122
          63     1.65196     1.67748  0.00702918
          64     1.66191     1.67723  0.00692275
          65     1.68076     1.67729  0.00681563
          66     1.64926     1.67686  0.00672499
          67     1.60868     1.67584  0.00670158
          68     1.75542     1.67701   0.0067052
          69     1.77436     1.67843  0.00675626
          70     1.70802     1.67885  0.00667245
          71     1.74513     1.67978  0.00664372
          72     1.77894     1.68116  0.00669401
          73     1.66237      1.6809  0.00660668
          74     1.74801     1.68181  0.00657959
          75     1.62845      1.6811  0.00653013
          76     1.60929     1.68015  0.00651254
          77     1.70353     1.68046  0.00643458
          78     1.69327     1.68062  0.00635367
          79     1.70289      1.6809  0.00627906
          80     1.78507      1.6822  0.00633533
          81     1.66858     1.68204  0.00625889
          82     1.75218     1.68289  0.00624099
          83     1.66149     1.68263  0.00617072
          84     1.65224     1.68227  0.00610755
          85     1.73689     1.68291  0.00606938
          86     1.61768     1.68216  0.00604616
          87     1.70535     1.68242   0.0059822
          88     1.67091     1.68229  0.00591528
          89     1.74036     1.68294  0.00588471
          90     1.71583     1.68331  0.00583042
          91     1.68112     1.68329  0.00576604
          92     1.75201     1.68403  0.00575174
          93     1.69962      1.6842  0.00569202
          94     1.75776     1.68498  0.00568525
          95     1.73306     1.68549  0.00564781
          96     1.66896     1.68532  0.00559132
          97     1.69521     1.68542  0.00553431
          98     1.66699     1.68523  0.00548078
          99     1.77157      1.6861  0.00549478
         100     1.75406     1.68678  0.00548185
