0.410386   -0.280603   0.319837
-0.0156476   0.273267   0.358716
-0.24278   0.453019   0.431391
-0.191556   -0.347801   -0.0604478
-0.188793   0.28804   -0.477622
-0.0286677   -0.497173   0.327464
0.0166351   -0.420034   -0.21899
-0.0678852   -0.498159   -0.465886
-0.400606   -0.382063   -0.23469
-0.397269   -0.453255   0.323306
0.274489   -0.390876   -0.28934
0.288018   0.287056   -0.273547
0.376108   -0.145389   -0.480691
-0.254741   -0.0119518   -0.226508
0.423314   0.333775   0.491672
-0.380058   -0.0857431   -0.387026
-0.139001   -0.147187   -0.443121
-0.0636565   -0.311344   0.396678
-0.106581   0.0765592   -0.35747
0.0377249   0.0232669   -0.212624
-0.143405   -0.181892   -0.215378
0.348861   -0.0578214   -0.235831
0.200302   0.0669764   -0.315684
0.272766   -0.299514   -0.482454
-0.224613   0.0788617   0.367191
0.49315   -0.323434   0.499456
-0.417961   -0.488611   -0.463926
-0.446023   0.108944   -0.264872
-0.0468071   0.0137349   0.427599
-0.0659567   0.150923   0.213188
-0.113347   0.417137   -0.230045
0.00190681   0.302973   -0.359206
0.246426   0.0568052   0.494229
0.21986   0.407187   0.332462
0.0807187   0.149535   -0.445106
0.262896   0.213289   0.334177
0.0956055   -0.371667   0.0283027
-0.267764   -0.263043   -0.337388
0.103643   -0.194456   -0.130042
0.463869   -0.395901   -0.0900095
-0.365729   -0.162536   0.0735511
-0.161871   -0.0420923   0.174977
0.0434123   -0.343122   0.210183
-0.0850064   -0.476001   0.0940831
0.196091   0.429261   -0.16928
0.42208   0.452736   -0.327526
0.207477   -0.0023765   -0.083755
-0.499772   0.443873   0.0172456
0.316772   -0.226722   -0.0975133
0.367139   0.139651   -0.154217
0.41093   -0.0337576   0.000564213
0.465445   -0.245593   0.0728343
0.426715   -0.256308   -0.307286
-0.0134603   0.0309065   -0.00429906
-0.392169   -0.0173629   -0.0637834
0.29561   -0.466821   0.0309969
0.385249   0.10012   -0.379235
-0.436697   -0.17491   -0.163273
-0.12567   0.128408   -0.155929
0.251391   -0.18871   0.0920692
-0.39291   0.328729   -0.371098
-0.163856   0.309856   0.0802744
0.471628   0.306343   -0.179712
-0.431283   0.251783   0.234567
-0.295349   0.224318   -0.162076
0.0178096   0.43999   -0.0639037
-0.387359   0.44206   -0.174406
-0.187678   -0.102636   -0.0484365
-0.244809   -0.472049   -0.356599
0.451194   0.113627   0.35764
-0.465698   0.181872   -0.0106534
0.268173   0.282999   -0.0489774
0.454006   -0.429791   0.181211
-0.339134   -0.391681   0.0775228
-0.291819   0.110775   -0.444421
-0.318915   0.424314   0.148151
-0.339687   -0.227885   0.269152
-0.276341   -0.315061   0.468198
-0.393204   -0.0753941   0.389309
0.251593   -0.416157   0.236007
0.114727   0.223892   -0.167977
0.478595   -0.0943416   0.215383
0.148677   -0.419221   0.41738
0.229953   0.290639   -0.474217
-0.193497   -0.229022   0.149773
-0.199292   0.294031   0.30717
0.462619   0.415573   0.305595
-0.00169217   -0.284282   -0.37025
-0.183057   -0.131037   0.359677
-0.205881   -0.414383   0.263173
0.0679364   -0.107609   -0.450634
0.21848   -0.186716   -0.325899
0.189211   -0.237975   0.322029
0.203464   0.107426   0.127603
0.273861   -0.0383874   0.282279
0.224614   0.476662   -0.414232
0.347335   0.322194   0.15145
-0.195264   0.107439   0.0382946
-0.378797   0.246676   0.436252
0.130638   0.0740386   0.318845
-0.358589   0.0216265   0.176721
0.0304034   0.249492   0.0281548
0.119023   0.446924   0.162149
0.0380011   -0.10091   0.258258
0.409664   0.125346   0.158296
0.384466   -0.479811   0.468208
0.125271   0.260387   0.213135
0.0381493   -0.160217   0.0423903
