0.410395   -0.280522   0.319763
-0.015536   0.27327   0.358677
-0.242899   0.453108   0.431576
-0.191634   -0.347757   -0.0604425
-0.188587   0.288257   -0.477534
-0.0286968   -0.497415   0.327416
0.0165819   -0.420091   -0.219035
-0.0680522   -0.498228   -0.465752
-0.400693   -0.382054   -0.23471
-0.397374   -0.45328   0.323325
0.27462   -0.390967   -0.289371
0.28809   0.287016   -0.273502
0.376268   -0.145544   -0.480692
-0.254544   -0.0119947   -0.22664
0.42327   0.333829   0.491536
-0.380137   -0.0857061   -0.387155
-0.139148   -0.147155   -0.443105
-0.0636042   -0.311258   0.396616
-0.106422   0.0766139   -0.357536
0.0380173   0.0231581   -0.212761
-0.143287   -0.181778   -0.215356
0.348857   -0.0578532   -0.235799
0.200586   0.0669591   -0.315724
0.272663   -0.299508   -0.482392
-0.224573   0.0790422   0.367249
0.493001   -0.323392   0.499459
-0.418005   -0.488797   -0.46386
-0.445954   0.108831   -0.264925
-0.0466863   0.0135967   0.427668
-0.0658646   0.151114   0.213162
-0.113313   0.417124   -0.230151
0.00183722   0.303067   -0.358995
0.246383   0.0567548   0.494451
0.219922   0.407165   0.332333
0.0808594   0.149583   -0.445077
0.262821   0.21318   0.334264
0.0956363   -0.371579   0.0281641
-0.267826   -0.263049   -0.337352
0.103673   -0.194516   -0.129976
0.463999   -0.395682   -0.0900901
-0.365696   -0.162607   0.0734071
-0.162027   -0.0422593   0.175057
0.0434363   -0.343063   0.210267
-0.0851376   -0.475947   0.0941232
0.196184   0.429212   -0.169302
0.42215   0.452613   -0.327764
0.20735   -0.00237877   -0.0838009
-0.499785   0.443818   0.0172045
0.316885   -0.226504   -0.0974349
0.367228   0.139555   -0.154416
0.410867   -0.0335561   0.000538391
0.465476   -0.245692   0.0730045
0.426627   -0.256233   -0.307188
-0.0134534   0.0307976   -0.00414453
-0.392264   -0.0173579   -0.0638528
0.295721   -0.466714   0.0309786
0.385177   0.100256   -0.379121
-0.436645   -0.174982   -0.163278
-0.125519   0.128519   -0.155833
0.251331   -0.188722   0.0919657
-0.393004   0.328719   -0.371308
-0.163926   0.309982   0.0803986
0.471621   0.306452   -0.179636
-0.431333   0.25177   0.234634
-0.295525   0.224421   -0.162182
0.0179816   0.43993   -0.063885
-0.387249   0.442086   -0.174396
-0.187654   -0.102549   -0.0486126
-0.24478   -0.472032   -0.356558
0.451216   0.113782   0.357719
-0.465652   0.18193   -0.0105245
0.268019   0.282996   -0.0488251
0.453852   -0.429747   0.181467
-0.339064   -0.39192   0.0776103
-0.291961   0.110757   -0.444518
-0.31896   0.42425   0.147901
-0.339667   -0.22811   0.269188
-0.276526   -0.315099   0.468284
-0.393181   -0.0754865   0.389361
0.251442   -0.416159   0.235946
0.114782   0.223708   -0.167947
0.478563   -0.0942815   0.215233
0.148713   -0.419296   0.417454
0.229815   0.290658   -0.474137
-0.193543   -0.228995   0.149667
-0.19917   0.294009   0.307266
0.462785   0.415509   0.305676
-0.00183697   -0.284205   -0.370285
-0.183039   -0.131047   0.359579
-0.205818   -0.414298   0.263057
0.0677432   -0.107619   -0.450691
0.218375   -0.186765   -0.325863
0.189105   -0.237992   0.321873
0.203632   0.107199   0.127672
0.273777   -0.0384614   0.282306
0.224606   0.47671   -0.414197
0.347326   0.32225   0.151398
-0.195284   0.107376   0.0381694
-0.378702   0.246822   0.436193
0.130676   0.0737606   0.319067
-0.358439   0.0216195   0.176893
0.0302806   0.249638   0.028051
0.118938   0.447078   0.16197
0.0381539   -0.100931   0.258319
0.409562   0.125344   0.158105
0.384387   -0.479717   0.468191
0.125119   0.260524   0.213316
0.0381713   -0.160346   0.0423922
