           1    0.875876    0.875876           0
           2     0.86342    0.869648    0.006228
           3    0.862212    0.867169  0.00436728
           4    0.876468    0.869494  0.00386531
           5      0.8665    0.868895  0.00305335
           6    0.865732    0.868368  0.00254818
           7     0.86882    0.868433  0.00215458
           8     0.87284    0.868984  0.00194555
           9    0.871328    0.869244  0.00173548
          10    0.857424    0.868062  0.00195106
          11    0.854676    0.866845  0.00214368
          12     0.87166    0.867246  0.00199762
          13    0.866292    0.867173  0.00183901
          14    0.871752      0.8675  0.00173372
          15    0.848796    0.866253  0.00203957
          16    0.871936    0.866608  0.00194063
          17    0.877892    0.867272  0.00193998
          18    0.863604    0.867068  0.00184035
          19    0.863896    0.866901  0.00174879
          20    0.877392    0.867426  0.00173999
          21    0.869024    0.867502  0.00165681
          22    0.865676    0.867419  0.00158188
          23    0.872296    0.867631  0.00152634
          24      0.8691    0.867692  0.00146264
          25    0.867344    0.867678  0.00140299
          26    0.860416    0.867399  0.00137658
          27    0.866776    0.867376  0.00132482
          28    0.863048    0.867221  0.00128595
          29    0.862736    0.867067  0.00125042
          30    0.872152    0.867236  0.00121985
          31    0.870516    0.867342  0.00118458
          32     0.87064    0.867445  0.00115159
          33     0.87054    0.867539  0.00112008
          34    0.870068    0.867613  0.00108918
          35      0.8537    0.867216  0.00112984
          36    0.862176    0.867076   0.0011069
          37    0.864964    0.867019  0.00107808
          38     0.87262    0.867166  0.00105963
          39    0.857368    0.866915  0.00106224
          40    0.875884    0.867139  0.00105934
          41    0.868624    0.867175  0.00103382
          42    0.863536    0.867089  0.00101262
          43    0.860796    0.866942 0.000999557
          44    0.870924    0.867033 0.000980759
          45    0.863972    0.866965 0.000961127
          46      0.8663     0.86695 0.000940111
          47    0.867812    0.866969 0.000920074
          48    0.869392    0.867019 0.000902116
          49    0.871688    0.867114 0.000888637
          50    0.858796    0.866948 0.000886435
          51     0.86846    0.866978 0.000869385
          52     0.86772    0.866992 0.000852622
          53    0.867408       0.867 0.000836417
          54    0.865252    0.866967  0.00082142
          55    0.866456    0.866958   0.0008064
          56    0.868328    0.866983 0.000792247
          57    0.855392    0.866779 0.000804351
          58    0.876232    0.866942  0.00080699
          59    0.871828    0.867025 0.000797505
          60      0.8648    0.866988 0.000784977
          61    0.864492    0.866947 0.000773085
          62    0.874208    0.867064 0.000769478
          63    0.859672    0.866947 0.000766203
          64    0.871992    0.867026 0.000758245
          65    0.868836    0.867053 0.000747008
          66     0.85602    0.866886  0.00075436
          67    0.870084    0.866934 0.000744547
          68     0.87552     0.86706 0.000744304
          69    0.859472     0.86695 0.000741637
          70    0.866956     0.86695 0.000730965
          71    0.864432    0.866915 0.000721469
          72    0.866388    0.866908 0.000711416
          73    0.870772    0.866961 0.000703597
          74    0.866008    0.866948 0.000694143
          75     0.86988    0.866987  0.00068594
          76    0.868496    0.867007 0.000677146
          77    0.866428    0.866999 0.000668336
          78    0.867828     0.86701 0.000659798
          79    0.867392    0.867015  0.00065141
          80    0.867844    0.867025   0.0006433
          81    0.865512    0.867006 0.000635582
          82    0.861784    0.866943 0.000631006
          83      0.8608    0.866869 0.000627735
          84    0.864564    0.866841 0.000620823
          85    0.864312    0.866811 0.000614197
          86    0.866632    0.866809 0.000607017
          87    0.865488    0.866794 0.000600191
          88    0.871168    0.866844  0.00059541
          89    0.867064    0.866846 0.000588687
          90    0.870008    0.866881 0.000583168
          91    0.874248    0.866962 0.000582378
          92    0.863392    0.866924 0.000577319
          93    0.877476    0.867037 0.000582241
          94    0.868244     0.86705 0.000576156
          95    0.873236    0.867115 0.000573766
          96    0.862676    0.867069 0.000569638
          97    0.868716    0.867086 0.000563991
          98     0.86526    0.867067 0.000558517
          99    0.873032    0.867127  0.00055612
         100    0.869896    0.867155 0.000551226
