           1     -1.0809     -1.0809           0
           2    -1.07618    -1.07854   0.0023576
           3    -1.07544    -1.07751  0.00170799
           4    -1.08065    -1.07829  0.00144039
           5    -1.07722    -1.07808  0.00113609
           6    -1.07783    -1.07804 0.000928494
           7    -1.07957    -1.07826 0.000814812
           8    -1.08202    -1.07873 0.000847867
           9    -1.08074    -1.07895 0.000780449
          10    -1.07217    -1.07827 0.000972873
          11    -1.07052    -1.07757  0.00112742
          12     -1.0814    -1.07789  0.00107753
          13    -1.07789    -1.07789  0.00099118
          14    -1.08327    -1.07827 0.000994983
          15    -1.06531    -1.07741  0.00126667
          16    -1.07956    -1.07754  0.00119244
          17    -1.08399    -1.07792  0.00118268
          18    -1.07526    -1.07777  0.00112476
          19    -1.07713    -1.07774  0.00106446
          20    -1.08401    -1.07805  0.00105733
          21    -1.07996    -1.07814  0.00100983
          22    -1.07669    -1.07808 0.000965113
          23    -1.08092     -1.0782  0.00093046
          24    -1.07855    -1.07822 0.000890965
          25    -1.07738    -1.07818 0.000855236
          26    -1.07526    -1.07807  0.00082934
          27    -1.07684    -1.07802 0.000799325
          28    -1.07602    -1.07795 0.000773576
          29    -1.07489    -1.07785 0.000753854
          30    -1.08238      -1.078 0.000743816
          31    -1.08083    -1.07809 0.000725202
          32    -1.08135    -1.07819 0.000709536
          33    -1.08046    -1.07826 0.000691125
          34    -1.07938    -1.07829   0.0006713
          35    -1.07008    -1.07806 0.000692832
          36    -1.07417    -1.07795 0.000681916
          37    -1.07584    -1.07789 0.000665677
          38     -1.0784    -1.07791 0.000648057
          39    -1.07276    -1.07777 0.000644862
          40    -1.08298    -1.07791 0.000641886
          41    -1.07812    -1.07791 0.000626058
          42    -1.07604    -1.07787 0.000612599
          43    -1.07255    -1.07774 0.000610819
          44    -1.07927    -1.07778 0.000597788
          45    -1.07527    -1.07772  0.00058701
          46    -1.07617    -1.07769 0.000575094
          47    -1.07835     -1.0777 0.000562904
          48    -1.07852    -1.07772 0.000551315
          49    -1.08128    -1.07779  0.00054482
          50    -1.07418    -1.07772 0.000538668
          51    -1.07938    -1.07775 0.000529004
          52    -1.07702    -1.07774  0.00051892
          53     -1.0776    -1.07774 0.000509041
          54     -1.0757     -1.0777 0.000500948
          55    -1.07687    -1.07768 0.000491987
          56    -1.07774    -1.07768 0.000483123
          57    -1.07333    -1.07761 0.000480688
          58    -1.08224    -1.07769  0.00047903
          59    -1.08073    -1.07774 0.000473664
          60    -1.07642    -1.07772 0.000466217
          61     -1.0768     -1.0777 0.000458756
          62    -1.08205    -1.07777 0.000456712
          63    -1.07422    -1.07772 0.000452922
          64    -1.08069    -1.07776 0.000448212
          65    -1.07682    -1.07775 0.000441503
          66     -1.0718    -1.07766 0.000444015
          67    -1.07871    -1.07767 0.000437621
          68    -1.08104    -1.07772 0.000433972
          69    -1.07298    -1.07765 0.000433119
          70    -1.07534    -1.07762  0.00042817
          71    -1.07708    -1.07761 0.000422165
          72    -1.07813    -1.07762 0.000416321
          73    -1.08014    -1.07765 0.000412025
          74     -1.0771    -1.07765 0.000406489
          75    -1.08034    -1.07768 0.000402641
          76    -1.07907     -1.0777 0.000397725
          77    -1.07687    -1.07769 0.000392675
          78    -1.07763    -1.07769 0.000387608
          79    -1.07585    -1.07767 0.000383381
          80    -1.07753    -1.07766 0.000378563
          81     -1.0784    -1.07767 0.000373969
          82    -1.07412    -1.07763 0.000371908
          83    -1.07439    -1.07759 0.000369465
          84    -1.07773    -1.07759 0.000365044
          85    -1.07599    -1.07757 0.000361216
          86     -1.0747    -1.07754  0.00035855
          87    -1.07689    -1.07753 0.000354484
          88    -1.07795    -1.07754 0.000350465
          89     -1.0788    -1.07755 0.000346793
          90    -1.07899    -1.07757 0.000343292
          91     -1.0827    -1.07762 0.000344146
          92    -1.07738    -1.07762 0.000340395
          93    -1.08122    -1.07766 0.000338934
          94    -1.07779    -1.07766 0.000335312
          95    -1.08007    -1.07769 0.000332731
          96    -1.07408    -1.07765 0.000331386
          97    -1.07854    -1.07766 0.000328081
          98    -1.07711    -1.07765 0.000324764
          99    -1.08141    -1.07769 0.000323695
         100    -1.07988    -1.07771 0.000321185
