           1    0.571468    0.571468           0
           2     0.59785    0.584659   0.0131913
           3    0.633425    0.600914   0.0179509
           4    0.591671    0.598604   0.0129018
           5    0.637342    0.606351   0.0126452
           6    0.613218    0.607496    0.010388
           7     0.60397    0.606992  0.00879388
           8    0.555703    0.600581  0.00995502
           9    0.593779    0.599825  0.00881197
          10    0.606438    0.600486  0.00790936
          11    0.618337    0.602109  0.00733601
          12     0.56836    0.599297  0.00726343
          13    0.600545    0.599393  0.00668207
          14    0.570982    0.597363  0.00651075
          15    0.660957    0.601603  0.00739676
          16       0.579     0.60019  0.00706178
          17    0.569772    0.598401  0.00687047
          18    0.589126    0.597886    0.006498
          19    0.592797    0.597618  0.00615233
          20    0.574498    0.596462  0.00594999
          21    0.576735    0.595522    0.005737
          22    0.600821    0.595763  0.00547531
          23    0.574733    0.594849  0.00531114
          24    0.579453    0.594207  0.00512534
          25    0.624185    0.595407  0.00506018
          26    0.616264    0.596209  0.00492741
          27    0.623981    0.597237  0.00485169
          28    0.618707    0.598004  0.00473767
          29    0.613636    0.598543  0.00460305
          30    0.576417    0.597806  0.00450771
          31    0.599847    0.597871  0.00436038
          32    0.570545    0.597018  0.00430741
          33    0.569296    0.596177  0.00425852
          34     0.59437    0.596124  0.00413171
          35    0.627423    0.597019  0.00411038
          36    0.628746      0.5979  0.00409064
          37     0.60097    0.597983  0.00397941
          38    0.583346    0.597598  0.00389238
          39    0.658206    0.599152   0.0040974
          40    0.605452    0.599309  0.00399676
          41    0.603698    0.599416  0.00389953
          42    0.619072    0.599884  0.00383422
          43    0.616198    0.600264  0.00376316
          44    0.588958    0.600007  0.00368561
          45    0.614484    0.600328  0.00361711
          46    0.607264    0.600479  0.00354082
          47    0.600087    0.600471  0.00346467
          48    0.555101    0.599526  0.00352097
          49    0.587837    0.599287   0.0034566
          50    0.605812    0.599418  0.00338928
          51    0.586298     0.59916   0.0033321
          52    0.576274     0.59872  0.00329691
          53    0.605851    0.598855   0.0032369
          54    0.584431    0.598588   0.0031876
          55    0.598409    0.598584  0.00312911
          56    0.586549    0.598369  0.00308023
          57    0.630833    0.598939  0.00307885
          58    0.594243    0.598858  0.00302638
          59    0.578627    0.598515  0.00299434
          60    0.602604    0.598583   0.0029448
          61    0.587204    0.598397  0.00290213
          62    0.610662    0.598595  0.00286178
          63    0.653897    0.599472  0.00294964
          64    0.580012    0.599168  0.00291906
          65    0.607428    0.599295  0.00287661
          66      0.6424    0.599949    0.002907
          67    0.589616    0.599794  0.00286744
          68    0.576783    0.599456  0.00284515
          69    0.611799    0.599635  0.00280932
          70    0.593744    0.599551  0.00277017
          71    0.618448    0.599817  0.00274381
          72    0.602704    0.599857  0.00270573
          73     0.60805    0.599969  0.00267077
          74    0.615545     0.60018  0.00264283
          75    0.601961    0.600203  0.00260746
          76    0.590594    0.600077  0.00257603
          77    0.590336     0.59995   0.0025455
          78    0.587432     0.59979  0.00251777
          79     0.60105    0.599806  0.00248575
          80    0.596348    0.599763  0.00245486
          81    0.594442    0.599697  0.00242525
          82    0.624071    0.599994  0.00241387
          83     0.63514    0.600418  0.00242191
          84    0.609847     0.60053  0.00239553
          85    0.635215    0.600938   0.0024021
          86     0.60742    0.601013   0.0023752
          87    0.644349    0.601511      0.0024
          88    0.587037    0.601347  0.00237826
          89    0.602143    0.601356  0.00235141
          90    0.591232    0.601243  0.00232785
          91     0.57231    0.600925  0.00232398
          92     0.63263     0.60127  0.00232427
          93    0.569822    0.600932  0.00232388
          94    0.583854     0.60075  0.00230619
          95    0.577403    0.600504  0.00229498
          96    0.600582    0.600505  0.00227095
          97    0.577453    0.600268  0.00225995
          98    0.605774    0.600324  0.00223747
          99    0.604065    0.600362  0.00221508
         100    0.583343    0.600191  0.00219941
