           1    0.911501    0.911501           0
           2     1.11399     1.01275    0.101247
           3     1.19892      1.0748   0.0852526
           4    0.935049     1.03987   0.0696759
           5     1.16877     1.06565   0.0598125
           6     1.20248     1.08845   0.0538992
           7      1.1105      1.0916   0.0456619
           8     0.99427     1.07944   0.0413737
           9     1.07158     1.07856   0.0364986
          10     1.17464     1.08817   0.0340298
          11     1.20087     1.09842   0.0324413
          12     1.02149     1.09201   0.0303005
          13     1.11354     1.09366   0.0279216
          14     1.08767     1.09323   0.0258539
          15      1.3369     1.10948   0.0290378
          16     1.00892     1.10319     0.02788
          17    0.933299      1.0932   0.0280307
          18     1.09725     1.09343   0.0264286
          19     1.11479     1.09455   0.0250242
          20    0.974631     1.08855   0.0244855
          21      1.0851     1.08839    0.023291
          22     1.02736     1.08561   0.0223797
          23     1.01148     1.08239   0.0216261
          24     1.07018     1.08188   0.0207116
          25      1.1224      1.0835   0.0199319
          26     1.23517     1.08934   0.0200188
          27     1.08521     1.08918   0.0192637
          28      1.1813     1.09247   0.0188522
          29     1.11952     1.09341   0.0182144
          30      1.0899     1.09329   0.0175972
          31     1.11029     1.09384   0.0170289
          32     1.08256     1.09349   0.0164919
          33     1.01076     1.09098   0.0161798
          34     1.06884     1.09033   0.0157102
          35     1.25317     1.09498   0.0159485
          36     1.16639     1.09696   0.0156255
          37     1.08352      1.0966   0.0152017
          38      0.9499     1.09274   0.0152916
          39     1.31859     1.09853   0.0159805
          40     1.06059     1.09758   0.0156047
          41     1.11674     1.09805   0.0152266
          42     1.13888     1.09902   0.0148914
          43     1.08598     1.09872   0.0145441
          44     1.04563     1.09751   0.0142608
          45     1.09677      1.0975   0.0139403
          46     1.11621      1.0979     0.01364
          47     1.13193     1.09863   0.0133662
          48    0.967787      1.0959   0.0133657
          49     1.03259     1.09461   0.0131537
          50     1.22391     1.09719   0.0131448
          51     1.07042     1.09667   0.0128952
          52    0.996998     1.09475   0.0127892
          53     1.12597     1.09534   0.0125594
          54     1.05177     1.09453    0.012351
          55     1.13189     1.09521   0.0121434
          56     1.06855     1.09474   0.0119341
          57     1.35501      1.0993   0.0125807
          58     1.01131     1.09779   0.0124547
          59     1.02036     1.09647   0.0123119
          60     1.09226      1.0964   0.0121052
          61     1.11109     1.09665   0.0119075
          62     1.08342     1.09643   0.0117158
          63     1.25604     1.09897   0.0118035
          64     1.01808      1.0977   0.0116861
          65     1.06129     1.09714   0.0115185
          66     1.31765     1.10048   0.0118245
          67     1.01274     1.09917   0.0117201
          68    0.957394     1.09709   0.0117332
          69     1.19522     1.09851    0.011649
          70     1.03094     1.09754   0.0115219
          71     1.13737     1.09811   0.0113723
          72      1.1289     1.09853   0.0112214
          73     1.09498     1.09848   0.0110667
          74     1.13073     1.09892   0.0109249
          75     1.17455     1.09993   0.0108253
          76     1.07952     1.09966   0.0106853
          77     1.03784     1.09886   0.0105761
          78     1.08166     1.09864    0.010442
          79     1.01826     1.09762    0.010359
          80     1.07733     1.09737   0.0102318
          81     1.16253     1.09817   0.0101367
          82     1.17145     1.09906   0.0100521
          83     1.20524     1.10034   0.0100123
          84     1.13762     1.10079  0.00990237
          85     1.21201      1.1021  0.00987228
          86     1.10241      1.1021  0.00975681
          87     1.18496     1.10305  0.00969092
          88    0.972181     1.10156  0.00969491
          89     1.15914     1.10221  0.00960716
          90     1.02353     1.10134  0.00953996
          91    0.988423      1.1001  0.00951579
          92     1.24891     1.10171  0.00954978
          93    0.901854     1.09956  0.00968789
          94     1.06564      1.0992  0.00959107
          95    0.958948     1.09773  0.00960373
          96     1.12215     1.09798  0.00950657
          97     1.04436     1.09743  0.00942428
          98     1.16195     1.09809  0.00935083
          99     1.09631     1.09807  0.00925591
         100     1.01758     1.09726  0.00919816
