           1    0.313258    0.313258           0
           2    0.318194    0.315726  0.00246804
           3    0.319717    0.317057  0.00194939
           4    0.317007    0.317044  0.00137848
           5     0.32113    0.317862   0.0013446
           6    0.312393     0.31695  0.00142688
           7    0.314042    0.316535  0.00127547
           8    0.312936    0.316085  0.00119265
           9    0.322277    0.316773  0.00125683
          10    0.310911    0.316187  0.00126779
          11     0.31582    0.316153  0.00114725
          12    0.314136    0.315985   0.0010607
          13    0.316123    0.315996 0.000975758
          14    0.314843    0.315914 0.000907124
          15    0.316026    0.315921  0.00084452
          16    0.330003    0.316801  0.00118267
          17    0.318068    0.316876  0.00111342
          18    0.328216    0.317506  0.00122428
          19    0.313617    0.317301    0.001176
          20     0.31622    0.317247  0.00111696
          21     0.31417      0.3171   0.0010725
          22    0.313799     0.31695  0.00103354
          23    0.311293    0.316704  0.00101775
          24    0.316254    0.316686 0.000974606
          25    0.316196    0.316666 0.000935014
          26    0.314869    0.316597 0.000900987
          27    0.328323    0.317031 0.000969673
          28    0.307726    0.316699 0.000991738
          29    0.327775    0.317081  0.00103033
          30     0.31894    0.317143 0.000997322
          31    0.329011    0.317526  0.00103781
          32     0.31367    0.317405  0.00101205
          33    0.316948    0.317391 0.000981003
          34    0.320162    0.317473 0.000955195
          35    0.326349    0.317726 0.000961547
          36    0.310631    0.317529 0.000955013
          37    0.321419    0.317634 0.000934772
          38    0.310211    0.317439 0.000930574
          39    0.311588    0.317289 0.000918731
          40    0.309332     0.31709 0.000917298
          41    0.315696    0.317056 0.000895291
          42    0.328863    0.317337 0.000917827
          43     0.31448    0.317271 0.000898689
          44    0.324441    0.317434 0.000893021
          45    0.319421    0.317478 0.000874067
          46    0.316557    0.317458 0.000855089
          47    0.317902    0.317467 0.000836751
          48     0.31136     0.31734 0.000828956
          49    0.317462    0.317343 0.000811866
          50    0.333072    0.317657 0.000855414
          51    0.324767    0.317797 0.000849982
          52    0.314599    0.317735 0.000835741
          53     0.32153    0.317807 0.000822942
          54    0.318291    0.317816 0.000807608
          55    0.318403    0.317826  0.00079286
          56    0.322444    0.317909 0.000782928
          57    0.316846     0.31789 0.000769295
          58    0.314929    0.317839 0.000757637
          59     0.31914    0.317861 0.000745012
          60    0.319625    0.317891 0.000733079
          61    0.315934    0.317858 0.000721675
          62    0.321957    0.317925 0.000713011
          63    0.327308    0.318074 0.000717239
          64    0.323333    0.318156  0.00071071
          65    0.322744    0.318226 0.000703241
          66    0.315466    0.318184 0.000693766
          67    0.316714    0.318163 0.000683685
          68    0.321124    0.318206 0.000674962
          69     0.31144    0.318108 0.000672298
          70     0.31361    0.318044 0.000665732
          71    0.305744    0.317871 0.000678769
          72    0.319658    0.317895 0.000669735
          73    0.306263    0.317736 0.000679448
          74    0.319886    0.317765 0.000670833
          75    0.321006    0.317808 0.000663237
          76     0.31237    0.317737 0.000658353
          77    0.327034    0.317857 0.000660871
          78    0.328761    0.317997 0.000667152
          79    0.314124    0.317948 0.000660476
          80    0.318219    0.317952 0.000652176
          81    0.311798    0.317876 0.000648539
          82    0.323003    0.317938 0.000643625
          83    0.328575    0.318066 0.000648609
          84     0.32134    0.318105 0.000642025
          85    0.316803     0.31809 0.000634612
          86    0.321599    0.318131 0.000628515
          87    0.318196    0.318132 0.000621249
          88     0.32306    0.318188 0.000616697
          89    0.324153    0.318255 0.000613402
          90    0.311984    0.318185 0.000610537
          91    0.313373    0.318132 0.000606101
          92    0.308966    0.318032 0.000607699
          93    0.313872    0.317988 0.000602791
          94    0.317963    0.317987 0.000596344
          95    0.310468    0.317908 0.000595319
          96     0.31161    0.317843 0.000592728
          97    0.320161    0.317867 0.000587072
          98    0.311733    0.317804 0.000584412
          99    0.315456     0.31778 0.000578965
         100    0.313718     0.31774 0.000574583
