           1    -0.61348    -0.61348           0
           2   -0.615128   -0.614304    0.000824
           3   -0.612088   -0.613565 0.000878609
           4   -0.612808   -0.613376  0.00064948
           5   -0.612744    -0.61325 0.000518721
           6   -0.614728   -0.613496 0.000489994
           7   -0.613432   -0.613487 0.000414221
           8   -0.614392     -0.6136 0.000376146
           9      -0.617   -0.613978 0.000502753
          10   -0.614592   -0.614039 0.000453851
          11      -0.616   -0.614217 0.000447554
          12   -0.613768    -0.61418 0.000410272
          13   -0.615848   -0.614308 0.000398611
          14   -0.612872   -0.614206 0.000383037
          15   -0.611904   -0.614052 0.000388202
          16   -0.614736   -0.614095 0.000365636
          17   -0.613056   -0.614034 0.000348851
          18   -0.610992   -0.613865 0.000369775
          19   -0.614944   -0.613922 0.000354353
          20   -0.611608   -0.613806 0.000355517
          21   -0.617872      -0.614 0.000389671
          22   -0.612944   -0.613952 0.000374622
          23   -0.614888   -0.613992 0.000360272
          24   -0.616656   -0.614103 0.000362349
          25   -0.613096   -0.614063 0.000349881
          26   -0.614272   -0.614071 0.000336251
          27   -0.611488   -0.613975 0.000337405
          28   -0.608608   -0.613784 0.000377435
          29   -0.611336   -0.613699  0.00037384
          30   -0.613504   -0.613693 0.000361222
          31   -0.614904   -0.613732 0.000351554
          32   -0.614304    -0.61375  0.00034086
          33   -0.613552   -0.613744 0.000330424
          34   -0.612752   -0.613715 0.000321882
          35   -0.615224   -0.613758 0.000315512
          36   -0.612128   -0.613712 0.000309946
          37   -0.614088   -0.613723 0.000301624
          38   -0.613304   -0.613712 0.000293785
          39   -0.612112   -0.613671 0.000289078
          40   -0.606808   -0.613499 0.000329882
          41   -0.615872   -0.613557   0.0003269
          42   -0.614336   -0.613575  0.00031956
          43   -0.614224   -0.613591 0.000312404
          44   -0.612496   -0.613566 0.000306234
          45   -0.615168   -0.613601 0.000301462
          46   -0.612208   -0.613571 0.000296387
          47   -0.612888   -0.613556 0.000290376
          48   -0.611432   -0.613512 0.000287687
          49   -0.615848    -0.61356 0.000285759
          50   -0.612272   -0.613534 0.000281168
          51    -0.61584   -0.613579 0.000279284
          52   -0.614616   -0.613599 0.000274585
          53   -0.613128    -0.61359 0.000269501
          54   -0.612256   -0.613566 0.000265615
          55   -0.616624   -0.613621 0.000266604
          56   -0.609408   -0.613546 0.000272397
          57   -0.612904   -0.613535 0.000267812
          58   -0.614144   -0.613545 0.000263364
          59   -0.614744   -0.613566 0.000259657
          60   -0.614016   -0.613573 0.000255404
          61   -0.613648   -0.613574 0.000251185
          62   -0.613928    -0.61358 0.000247166
          63   -0.613632   -0.613581 0.000243212
          64   -0.612544   -0.613565  0.00023993
          65    -0.61488   -0.613585 0.000237075
          66   -0.607744   -0.613496 0.000249666
          67   -0.609608   -0.613438 0.000252667
          68   -0.610312   -0.613392 0.000253134
          69   -0.613104   -0.613388 0.000249473
          70    -0.61248   -0.613375 0.000246225
          71   -0.611952   -0.613355 0.000243559
          72   -0.615408   -0.613384 0.000241839
          73   -0.611904   -0.613363 0.000239363
          74     -0.6152   -0.613388 0.000237407
          75   -0.613008   -0.613383 0.000234275
          76   -0.611408   -0.613357 0.000232628
          77   -0.614536   -0.613372 0.000230097
          78    -0.61476    -0.61339 0.000227823
          79   -0.612848   -0.613383 0.000225026
          80     -0.6158   -0.613414 0.000224239
          81   -0.610256   -0.613375 0.000224858
          82    -0.61224   -0.613361  0.00022253
          83   -0.613944   -0.613368 0.000219945
          84   -0.611112   -0.613341 0.000218964
          85   -0.614856   -0.613359 0.000217105
          86    -0.61576   -0.613387 0.000216375
          87   -0.613728   -0.613391 0.000213909
          88   -0.614368   -0.613402 0.000211756
          89   -0.617864   -0.613452 0.000215283
          90   -0.611056   -0.613425 0.000214536
          91   -0.615552   -0.613449 0.000213448
          92   -0.612568   -0.613439 0.000211332
          93   -0.614408   -0.613449 0.000209307
          94   -0.614768   -0.613463 0.000207543
          95   -0.615816   -0.613488 0.000206834
          96   -0.610304   -0.613455 0.000207339
          97   -0.616592   -0.613487 0.000207723
          98   -0.615208   -0.613505 0.000206341
          99   -0.610472   -0.613474 0.000206531
         100    -0.61392   -0.613479 0.000204504
