           1     2.92475     2.92475           0
           2     2.96606     2.94541   0.0206514
           3     3.00481     2.96521   0.0231128
           4     2.95737     2.96325   0.0164603
           5     2.95746     2.96209   0.0128025
           6     2.83781     2.94138    0.023202
           7     2.96957      2.9454   0.0200186
           8     2.94536      2.9454   0.0173366
           9     2.99696     2.95113   0.0163276
          10     3.03745     2.95976   0.0169642
          11     3.02901     2.96605    0.016586
          12     3.05423      2.9734   0.0168299
          13     3.07582     2.98128   0.0173704
          14     3.14865     2.99324   0.0200387
          15     3.04654     2.99679   0.0189905
          16     3.11705      3.0043   0.0192886
          17     2.88276     2.99716   0.0194781
          18     3.06268      3.0008   0.0187215
          19     2.96162     2.99873   0.0178283
          20     2.76195     2.98689   0.0206452
          21     2.88487     2.98204   0.0202296
          22     3.03582     2.98448   0.0194425
          23     3.02566     2.98627    0.018664
          24      2.9315     2.98399   0.0180146
          25     2.85616     2.97888   0.0180196
          26     2.81385     2.97253   0.0184396
          27     3.18288     2.98032   0.0193785
          28      2.8341      2.9751     0.01939
          29     2.88657     2.97204   0.0189569
          30     3.10326     2.97642   0.0188291
          31      2.7751     2.96992   0.0193348
          32     2.99941     2.97085   0.0187435
          33     3.05202     2.97331   0.0183325
          34     2.92338     2.97184   0.0178456
          35      2.9421     2.97099   0.0173491
          36     3.03347     2.97272   0.0169494
          37     2.67669     2.96472   0.0183239
          38      2.9975     2.96558    0.017856
          39      2.8876     2.96359   0.0175067
          40     2.92361     2.96259   0.0170927
          41     2.87485     2.96045   0.0168074
          42     2.87834     2.95849   0.0165184
          43     3.03483     2.96027   0.0162271
          44      3.0974     2.96338   0.0161574
          45     3.05165     2.96534   0.0159156
          46     2.97773     2.96561   0.0155681
          47     2.75378     2.96111   0.0158861
          48     2.92592     2.96037   0.0155689
          49     3.09041     2.96303    0.015477
          50     2.85773     2.96092   0.0153099
          51      3.0391     2.96245   0.0150848
          52     3.02214      2.9636   0.0148363
          53     3.16135     2.96733   0.0150243
          54     2.88699     2.96585   0.0148183
          55     3.10267     2.96833   0.0147576
          56     3.03672     2.96955   0.0145431
          57     2.73442     2.96543   0.0148693
          58     2.95615     2.96527   0.0146115
          59      2.8115     2.96266   0.0145963
          60     2.96797     2.96275   0.0143513
          61     2.91414     2.96195   0.0141365
          62     3.12205     2.96454   0.0141443
          63     3.08819      2.9665   0.0140557
          64     2.94009     2.96609   0.0138405
          65     2.84689     2.96425   0.0137488
          66     2.75773     2.96112   0.0138958
          67     2.88207     2.95994   0.0137376
          68     2.98655     2.96033   0.0135397
          69     3.19505     2.96374   0.0137688
          70      2.9746     2.96389   0.0135716
          71     3.02089     2.96469   0.0134031
          72     3.19295     2.96786   0.0135906
          73     2.90504       2.967   0.0134307
          74     3.00373      2.9675   0.0132573
          75     2.76749     2.96483   0.0133484
          76     2.94922     2.96463   0.0131732
          77     3.08586      2.9662    0.013096
          78     3.03377     2.96707    0.012956
          79      2.9504     2.96686   0.0127927
          80     3.11583     2.96872   0.0127683
          81     2.95903      2.9686   0.0126102
          82     2.97448     2.96867   0.0124557
          83     3.12603     2.97057   0.0124499
          84     2.73469     2.96776   0.0126173
          85     3.22202     2.97075   0.0128218
          86     2.99879     2.97108    0.012676
          87     3.14462     2.97307   0.0126872
          88      2.9515     2.97283   0.0125446
          89     3.12634     2.97455   0.0125222
          90      2.8421     2.97308   0.0124695
          91     3.06171     2.97405   0.0123701
          92     3.11427     2.97558   0.0123294
          93     2.81757     2.97388   0.0123139
          94     2.94078     2.97353   0.0121873
          95     2.94523     2.97323    0.012062
          96     2.89617     2.97243   0.0119627
          97     2.95913     2.97229   0.0118395
          98     2.97184     2.97228   0.0117181
          99     3.06698     2.97324   0.0116385
         100     3.17553     2.97526   0.0116977
