           1    0.052116    0.052116           0
           2    0.053564     0.05284 0.000723967
           3    0.102554   0.0694113   0.0165766
           4   0.0970411   0.0763187   0.0136053
           5   0.0519118   0.0714374   0.0116142
           6   0.0486007   0.0676313   0.0102183
           7   0.0775614   0.0690498  0.00875177
           8   0.0374727   0.0651027  0.00854547
           9   0.0859907   0.0674236  0.00788567
          10   0.0533258   0.0660138  0.00719267
          11   0.0667385   0.0660797  0.00650635
          12   0.0792581   0.0671779  0.00604013
          13   0.0362557   0.0647993  0.00604386
          14   0.0421949   0.0631847  0.00582382
          15   0.0516066   0.0624128  0.00547635
          16   0.0624942   0.0624179  0.00512266
          17   0.0794243   0.0634183  0.00491478
          18   0.0687814   0.0637162  0.00464327
          19   0.0444257   0.0627009  0.00450792
          20   0.0693481   0.0630333  0.00428948
          21   0.0505286   0.0624378  0.00412333
          22   0.0557318    0.062133  0.00394324
          23    0.075145   0.0626987  0.00381014
          24   0.0581623   0.0625097  0.00365282
          25   0.0888216   0.0635622  0.00365833
          26    0.094808    0.064764  0.00371458
          27   0.0799167   0.0653252  0.00361815
          28   0.0510029   0.0648137  0.00352385
          29   0.0508461    0.064332  0.00343411
          30    0.100267   0.0655299  0.00352729
          31    0.041544   0.0647561  0.00349825
          32   0.0716725   0.0649723  0.00339405
          33   0.0487366   0.0644803  0.00332618
          34   0.0720918   0.0647041  0.00323463
          35   0.0534958   0.0643839  0.00315713
          36   0.0782164   0.0647681  0.00309215
          37   0.0606327   0.0646564  0.00300949
          38   0.0433621    0.064096  0.00298234
          39   0.0446172   0.0635965  0.00294749
          40   0.0684828   0.0637187  0.00287545
          41   0.0425033   0.0632012  0.00285178
          42   0.0470252   0.0628161  0.00280958
          43   0.0670314   0.0629141  0.00274521
          44   0.0579436   0.0628012  0.00268447
          45   0.0653683   0.0628582  0.00262476
          46   0.0467482    0.062508  0.00259084
          47   0.0408172   0.0620465  0.00257679
          48   0.0725449   0.0622652    0.002532
          49   0.0306581   0.0616202  0.00256231
          50   0.0758504   0.0619048  0.00252662
          51   0.0351818   0.0613808   0.0025314
          52   0.0506688   0.0611748  0.00249078
          53   0.0630893   0.0612109   0.0024436
          54   0.0540525   0.0610783  0.00240158
          55   0.0551867   0.0609712  0.00235994
          56   0.0481333    0.060742  0.00232873
          57   0.0321251   0.0602399  0.00234196
          58   0.0335081    0.059779  0.00234692
          59   0.0614203   0.0598068  0.00230697
          60   0.0760868   0.0600782  0.00228437
          61   0.0454467   0.0598383  0.00225937
          62    0.108634   0.0606254  0.00235786
          63   0.0449188    0.060376  0.00233349
          64   0.0495387   0.0602067  0.00230298
          65   0.0430816   0.0599432  0.00228252
          66   0.0390437   0.0596266  0.00226987
          67   0.0527248   0.0595236  0.00223811
          68   0.0497988   0.0593806  0.00220958
          69   0.0595096   0.0593824  0.00217732
          70   0.0502099   0.0592514  0.00214999
          71   0.0616194   0.0592848  0.00211976
          72   0.0482162    0.059131  0.00209575
          73   0.0461594   0.0589533  0.00207447
          74   0.0922055   0.0594027    0.002095
          75   0.0507908   0.0592879  0.00207007
          76   0.0484211   0.0591449  0.00204765
          77   0.0720533   0.0593125  0.00202782
          78   0.0567361   0.0592795  0.00200193
          79   0.0701301   0.0594168  0.00198119
          80   0.0603168   0.0594281   0.0019563
          81   0.0616428   0.0594554  0.00193219
          82   0.0334292    0.059138  0.00193469
          83   0.0521977   0.0590544  0.00191307
          84   0.0566772   0.0590261  0.00189037
          85   0.0576808   0.0590103  0.00186807
          86   0.0327564    0.058705  0.00187129
          87   0.0755228   0.0588983  0.00185972
          88   0.0584586   0.0588933  0.00183848
          89   0.0680898   0.0589967  0.00182064
          90   0.0715151   0.0591357  0.00180566
          91   0.0383234    0.058907  0.00180029
          92   0.0630636   0.0589522  0.00178119
          93   0.0319673   0.0586621  0.00178567
          94   0.0535187   0.0586073  0.00176741
          95   0.0334683   0.0583427  0.00176862
          96   0.0496927   0.0582526  0.00175242
          97   0.0452737   0.0581188  0.00173941
          98   0.0508757   0.0580449  0.00172316
          99   0.0556258   0.0580205  0.00170584
         100   0.0908288   0.0583486  0.00172027
