           1   0.0872795   0.0872795           0
           2   0.0798332   0.0835563  0.00372319
           3    0.104522   0.0905448  0.00731155
           4    0.111342   0.0957441  0.00733225
           5   0.0846206   0.0935194   0.0060997
           6   0.0769838   0.0907634  0.00569205
           7    0.106661   0.0930345  0.00531979
           8   0.0709329   0.0902718  0.00537194
           9    0.106495   0.0920743  0.00506892
          10   0.0961451   0.0924814  0.00455202
          11   0.0950021   0.0927106  0.00412383
          12   0.0961994   0.0930013  0.00377573
          13   0.0660502   0.0909281  0.00404486
          14   0.0786534   0.0900514  0.00384608
          15    0.090228   0.0900631  0.00358053
          16    0.102484   0.0908395  0.00343807
          17   0.0932291     0.09098  0.00323256
          18   0.0932299    0.091105  0.00305025
          19   0.0818898     0.09062  0.00292573
          20    0.101257   0.0911519  0.00282609
          21   0.0857207   0.0908932  0.00270056
          22   0.0899242   0.0908492  0.00257526
          23   0.0939919   0.0909858  0.00246454
          24   0.0893605   0.0909181  0.00236059
          25    0.089873   0.0908763  0.00226458
          26    0.107798   0.0915271    0.002271
          27   0.0880988   0.0914002  0.00218895
          28   0.0950371   0.0915301  0.00211332
          29   0.0793688   0.0911107  0.00208182
          30    0.116388   0.0919533   0.0021806
          31   0.0789445   0.0915337  0.00215042
          32   0.0901271   0.0914897   0.0020826
          33   0.0822875   0.0912108  0.00203768
          34   0.0978138    0.091405  0.00198635
          35   0.0795115   0.0910652  0.00195847
          36    0.103283   0.0914046  0.00193331
          37    0.098031   0.0915837  0.00188884
          38   0.0821689   0.0913359  0.00185509
          39   0.0785204   0.0910073  0.00183653
          40   0.0981777   0.0911866  0.00179898
          41    0.083676   0.0910034  0.00176409
          42   0.0762447    0.090652  0.00175707
          43   0.0924314   0.0906934  0.00171622
          44   0.0901873   0.0906819  0.00167681
          45   0.0958823   0.0907975  0.00164319
          46   0.0727293   0.0904047  0.00165437
          47   0.0772318   0.0901244  0.00164288
          48   0.0938068   0.0902011  0.00161011
          49   0.0640056   0.0896665  0.00166507
          50   0.0920508   0.0897142  0.00163212
          51   0.0700643   0.0893289  0.00164554
          52   0.0894148   0.0893306  0.00161359
          53   0.0956058    0.089449  0.00158727
          54   0.0918235   0.0894929  0.00155822
          55   0.0809313   0.0893373  0.00153753
          56   0.0915239   0.0893763  0.00151033
          57   0.0729397   0.0890879  0.00151136
          58   0.0682954   0.0887295  0.00152773
          59   0.0930084    0.088802  0.00150336
          60    0.091837   0.0888526  0.00147896
          61   0.0839871   0.0887728   0.0014567
          62    0.117565   0.0892372  0.00150638
          63   0.0824417   0.0891293   0.0014862
          64    0.089777   0.0891394  0.00146282
          65   0.0744765   0.0889139   0.0014577
          66   0.0791979   0.0887667  0.00144298
          67   0.0893895   0.0887759  0.00142131
          68   0.0826609    0.088686  0.00140313
          69   0.0788972   0.0885442  0.00138991
          70   0.0801038   0.0884236  0.00137521
          71   0.0963638   0.0885354   0.0013603
          72   0.0802577   0.0884204  0.00134619
          73   0.0859384   0.0883864  0.00132806
          74    0.112998    0.088719  0.00135155
          75   0.0821041   0.0886308  0.00133632
          76   0.0870075   0.0886095   0.0013188
          77   0.0978557   0.0887296  0.00130708
          78   0.0874269   0.0887129  0.00129033
          79    0.101743   0.0888778  0.00128452
          80   0.0865177   0.0888483  0.00126871
          81   0.0847182   0.0887973  0.00125398
          82   0.0682551   0.0885468  0.00126368
          83   0.0875647    0.088535  0.00124841
          84   0.0859782   0.0885045  0.00123384
          85   0.0876112    0.088494  0.00121928
          86   0.0707419   0.0882876  0.00122257
          87    0.108268   0.0885172  0.00123007
          88   0.0893171   0.0885263  0.00121604
          89   0.0912601   0.0885571  0.00120269
          90     0.10087   0.0886939   0.0011971
          91   0.0664267   0.0884492  0.00120889
          92    0.107286   0.0886539  0.00121309
          93   0.0644582   0.0883938  0.00122785
          94   0.0834419   0.0883411  0.00121586
          95   0.0704073   0.0881523  0.00121772
          96    0.088824   0.0881593  0.00120498
          97   0.0807958   0.0880834  0.00119491
          98   0.0907657   0.0881107  0.00118297
          99   0.0840611   0.0880698  0.00117168
         100   0.0955214   0.0881444  0.00116229
