           1    -1.19357    -1.19357           0
           2    -1.19396    -1.19377   0.0001956
           3     -1.1924    -1.19331 0.000469387
           4    -1.19242    -1.19309 0.000400199
           5     -1.1935    -1.19317 0.000320614
           6    -1.19439    -1.19337 0.000331324
           7    -1.19258    -1.19326 0.000302171
           8    -1.19455    -1.19342 0.000307631
           9    -1.19222    -1.19329 0.000302372
          10    -1.19273    -1.19323 0.000276122
          11    -1.19311    -1.19322 0.000250011
          12    -1.19326    -1.19323 0.000228254
          13    -1.19489    -1.19335 0.000246037
          14    -1.19392    -1.19339  0.00023141
          15     -1.1934    -1.19339 0.000215431
          16    -1.19227    -1.19332 0.000213485
          17    -1.19319    -1.19332 0.000200683
          18     -1.1931     -1.1933 0.000189605
          19    -1.19371    -1.19333 0.000180593
          20    -1.19262    -1.19329 0.000174886
          21    -1.19351     -1.1933 0.000166666
          22    -1.19295    -1.19328 0.000159687
          23    -1.19297    -1.19327  0.00015321
          24    -1.19385     -1.1933 0.000148666
          25    -1.19384    -1.19332  0.00014427
          26    -1.19223    -1.19328 0.000144801
          27    -1.19376    -1.19329 0.000140495
          28    -1.19287    -1.19328 0.000136211
          29    -1.19415    -1.19331 0.000134833
          30    -1.19142    -1.19325 0.000144649
          31    -1.19392    -1.19327 0.000141607
          32    -1.19358    -1.19328 0.000137458
          33    -1.19394     -1.1933 0.000134737
          34    -1.19276    -1.19328 0.000131663
          35    -1.19406     -1.1933 0.000129771
          36    -1.19228    -1.19328 0.000129286
          37    -1.19273    -1.19326 0.000126605
          38    -1.19359    -1.19327 0.000123536
          39    -1.19413    -1.19329 0.000122318
          40    -1.19258    -1.19327 0.000120548
          41    -1.19366    -1.19328 0.000117941
          42    -1.19424    -1.19331 0.000117345
          43    -1.19358    -1.19331 0.000114755
          44    -1.19354    -1.19332 0.000112231
          45    -1.19337    -1.19332 0.000109715
          46    -1.19468    -1.19335 0.000111295
          47    -1.19418    -1.19337  0.00011034
          48    -1.19325    -1.19336 0.000108043
          49     -1.1951     -1.1934 0.000111569
          50    -1.19322    -1.19339 0.000109373
          51    -1.19458    -1.19342  0.00010971
          52    -1.19324    -1.19341 0.000107635
          53    -1.19313    -1.19341 0.000105724
          54    -1.19341    -1.19341 0.000103748
          55    -1.19396    -1.19342 0.000102335
          56    -1.19314    -1.19341 0.000100618
          57    -1.19441    -1.19343 0.000100371
          58    -1.19488    -1.19346  0.00010174
          59    -1.19304    -1.19345 0.000100248
          60    -1.19314    -1.19344 9.86977e-05
          61    -1.19371    -1.19345 9.71646e-05
          62    -1.19212    -1.19343 9.79667e-05
          63    -1.19355    -1.19343 9.64199e-05
          64    -1.19327    -1.19343 9.49352e-05
          65    -1.19453    -1.19344 9.50015e-05
          66    -1.19381    -1.19345 9.37114e-05
          67    -1.19327    -1.19345 9.23401e-05
          68    -1.19372    -1.19345 9.10623e-05
          69    -1.19418    -1.19346 9.03557e-05
          70    -1.19404    -1.19347 8.94405e-05
          71    -1.19292    -1.19346  8.8509e-05
          72    -1.19398    -1.19347 8.75699e-05
          73    -1.19352    -1.19347 8.63654e-05
          74    -1.19202    -1.19345 8.74242e-05
          75    -1.19374    -1.19345 8.63381e-05
          76    -1.19338    -1.19345 8.52005e-05
          77    -1.19285    -1.19345 8.44532e-05
          78    -1.19375    -1.19345 8.34551e-05
          79    -1.19251    -1.19344 8.32417e-05
          80    -1.19394    -1.19344 8.24306e-05
          81    -1.19401    -1.19345  8.1711e-05
          82    -1.19475    -1.19347 8.22558e-05
          83    -1.19363    -1.19347 8.12818e-05
          84    -1.19347    -1.19347 8.03083e-05
          85    -1.19342    -1.19347 7.93599e-05
          86    -1.19461    -1.19348 7.95503e-05
          87    -1.19283    -1.19347 7.89822e-05
          88    -1.19336    -1.19347  7.8091e-05
          89     -1.1934    -1.19347 7.72123e-05
          90    -1.19268    -1.19346 7.68536e-05
          91    -1.19486    -1.19348 7.75343e-05
          92      -1.192    -1.19346 7.83467e-05
          93    -1.19502    -1.19348 7.92856e-05
          94    -1.19364    -1.19348 7.84571e-05
          95    -1.19446    -1.19349 7.83106e-05
          96    -1.19331    -1.19349 7.75136e-05
          97    -1.19414     -1.1935 7.70061e-05
          98    -1.19304    -1.19349 7.63551e-05
          99    -1.19364    -1.19349 7.55957e-05
         100    -1.19297    -1.19349 7.50197e-05
