           1    0.994704    0.994704           0
           2     0.99482    0.994762     5.8e-05
           3    0.992448    0.993991  0.00077206
           4    0.992812    0.993696 0.000620376
           5    0.994492    0.993855 0.000506226
           6    0.995268    0.994091 0.000475697
           7    0.993296    0.993977 0.000417758
           8    0.995572    0.994177 0.000413079
           9    0.992704    0.994013 0.000399355
          10      0.9941    0.994022   0.0003573
          11    0.993952    0.994015 0.000323252
          12     0.99368    0.993987 0.000296407
          13    0.995944    0.994138  0.00031144
          14    0.995144     0.99421 0.000297159
          15    0.994552    0.994233 0.000277579
          16    0.993416    0.994181 0.000264619
          17    0.993724    0.994155 0.000250019
          18    0.993876    0.994139 0.000236228
          19    0.994892    0.994179 0.000226936
          20    0.993356    0.994138 0.000219185
          21    0.994688    0.994164 0.000210127
          22    0.994052    0.994159 0.000200413
          23    0.993636    0.994136 0.000192845
          24    0.994696    0.994159 0.000186104
          25    0.993696    0.994141 0.000179464
          26     0.99262    0.994082 0.000182075
          27    0.994368    0.994093 0.000175521
          28    0.994248    0.994098 0.000169227
          29    0.994916    0.994127 0.000165703
          30    0.991468    0.994038 0.000182977
          31     0.99518    0.994075  0.00018077
          32      0.9941    0.994076 0.000175031
          33    0.995024    0.994104 0.000172061
          34    0.993524    0.994087 0.000167794
          35    0.995104    0.994116 0.000165499
          36    0.992836    0.994081 0.000164722
          37    0.993848    0.994074 0.000160331
          38     0.99488    0.994096 0.000157488
          39    0.995272    0.994126 0.000156334
          40    0.993528    0.994111 0.000153107
          41       0.995    0.994133 0.000150892
          42    0.995132    0.994156 0.000149166
          43    0.994236    0.994158 0.000145667
          44    0.994556    0.994167 0.000142605
          45    0.994452    0.994174 0.000139544
          46    0.995584    0.994204 0.000139878
          47    0.995392     0.99423 0.000139183
          48    0.993932    0.994223 0.000136393
          49     0.99632    0.994266 0.000140267
          50    0.993944     0.99426 0.000137584
          51    0.995836    0.994291 0.000138356
          52    0.994388    0.994292 0.000135682
          53    0.993996    0.994287 0.000133215
          54      0.9945    0.994291 0.000130784
          55      0.9948      0.9943 0.000128717
          56      0.9944    0.994302 0.000126411
          57    0.995812    0.994328 0.000126968
          58    0.996124    0.994359 0.000128544
          59    0.993888    0.994351 0.000126598
          60    0.993784    0.994342 0.000124829
          61    0.994996    0.994353 0.000123233
          62    0.992188    0.994318 0.000126156
          63    0.994768    0.994325 0.000124343
          64    0.994536    0.994328  0.00012243
          65    0.995548    0.994347 0.000121984
          66    0.995188     0.99436 0.000120795
          67     0.99432    0.994359  0.00011898
          68    0.994692    0.994364  0.00011732
          69    0.994548    0.994367 0.000115638
          70    0.994968    0.994375 0.000114297
          71    0.993848    0.994368  0.00011292
          72    0.995072    0.994378  0.00011177
          73    0.994784    0.994383 0.000110368
          74    0.992564    0.994359 0.000111608
          75    0.994668    0.994363 0.000110187
          76    0.994568    0.994365 0.000108761
          77      0.9936    0.994355 0.000107798
          78    0.994592    0.994358 0.000106451
          79     0.99328    0.994345 0.000105977
          80     0.99472    0.994349 0.000104749
          81    0.994592    0.994352 0.000103491
          82    0.995964    0.994372 0.000104093
          83    0.994616    0.994375 0.000102874
          84     0.99444    0.994376 0.000101644
          85    0.994344    0.994375 0.000100442
          86    0.995896    0.994393  0.00010083
          87    0.993528    0.994383 0.000100159
          88     0.99442    0.994384  9.9015e-05
          89    0.994104     0.99438 9.79466e-05
          90    0.993484    0.994371 9.73631e-05
          91    0.995848    0.994387 9.76465e-05
          92    0.993292    0.994375 9.73096e-05
          93    0.996092    0.994393 9.80124e-05
          94    0.994456    0.994394 9.69664e-05
          95    0.995788    0.994409 9.70559e-05
          96    0.994428    0.994409 9.60398e-05
          97    0.995276    0.994418  9.5464e-05
          98    0.994424    0.994418 9.44849e-05
          99      0.9945    0.994419 9.35293e-05
         100     0.99312    0.994406 9.34957e-05
