           1     27.2583     27.2583           0
           2      23.082     25.1702     2.08817
           3     27.4393     25.9266     1.42324
           4     22.4882      25.067     1.32351
           5     23.8836     24.8303     1.05215
           6     26.2854     25.0728    0.892654
           7     22.2043      24.663    0.858539
           8     26.4674     24.8886    0.776973
           9     22.0755      24.576    0.753149
          10     21.7956      24.298    0.728761
          11     22.9464     24.1751    0.670543
          12     29.4329     24.6132    0.752771
          13     21.3668     24.3635    0.736103
          14     20.8338     24.1114    0.726642
          15     23.9459     24.1004    0.676557
          16     21.3576     23.9289    0.655666
          17     23.0142     23.8751    0.618237
          18     29.4326     24.1839    0.659601
          19     22.1219     24.0754    0.633289
          20     28.2944     24.2863     0.63675
          21     26.8973     24.4106      0.6183
          22     24.4222     24.4112    0.589526
          23      26.098     24.4845    0.568066
          24     19.3424     24.2702    0.584561
          25     21.9723     24.1783    0.568176
          26     28.8731     24.3589    0.574975
          27      20.696     24.2232     0.56966
          28     22.9743     24.1786    0.550747
          29     22.0453     24.1051    0.536484
          30     25.3975     24.1481     0.52008
          31     22.5908     24.0979    0.505526
          32     22.5639       24.05    0.491816
          33     28.7464     24.1923     0.49747
          34     30.1276     24.3669    0.513218
          35     18.6486     24.2035    0.524437
          36     23.2248     24.1763    0.510386
          37     21.8718      24.114    0.500292
          38     26.1776     24.1683    0.489968
          39     28.0418     24.2676    0.487464
          40     20.7941     24.1808    0.482992
          41      22.985     24.1516    0.471966
          42     29.7653     24.2853    0.479593
          43     24.7674     24.2965    0.468441
          44     26.8458     24.3544    0.461324
          45     21.7916     24.2975    0.454538
          46     25.3017     24.3193    0.445082
          47     22.1123     24.2724    0.438034
          48     28.9023     24.3688    0.439526
          49     28.4147     24.4514     0.43831
          50     25.2223     24.4668    0.429731
          51      25.834     24.4936    0.422073
          52     25.2915      24.509     0.41416
          53     26.3369     24.5434    0.407732
          54     24.1076     24.5354    0.400192
          55     20.3694     24.4596    0.400084
          56     25.6781     24.4814    0.393477
          57     21.8663     24.4355    0.389225
          58     26.4122     24.4696    0.383971
          59     23.7278      24.457    0.377616
          60     24.9464     24.4652    0.371359
          61     23.7355     24.4532    0.365416
          62     21.0607     24.3985    0.363615
          63     19.3191     24.3179    0.366768
          64     23.5362     24.3057    0.361198
          65     29.0527     24.3787     0.36302
          66     22.9925     24.3577    0.358094
          67     28.3234     24.4169    0.357641
          68     22.2865     24.3855    0.353732
          69     24.4459     24.3864    0.348569
          70      31.338     24.4857    0.357619
          71     22.5699     24.4587    0.353577
          72     24.4651     24.4588    0.348631
          73     24.0704     24.4535    0.343864
          74      24.854     24.4589    0.339228
          75     22.1241     24.4278    0.336119
          76     21.1456     24.3846    0.334467
          77     20.2004     24.3303    0.334538
          78       24.58     24.3335    0.330236
          79      26.198     24.3571    0.326882
          80     27.3792     24.3948    0.324974
          81     22.4577     24.3709    0.321826
          82     28.6296     24.4229    0.322092
          83     25.2921     24.4333     0.31836
          84     22.4059     24.4092    0.315472
          85     23.1137      24.394    0.312111
          86     25.2854     24.4043    0.308634
          87     19.9401      24.353    0.309352
          88     23.2202     24.3401    0.306087
          89     22.9543     24.3246    0.303028
          90     22.5938     24.3053    0.300259
          91     19.7885     24.2557    0.301061
          92     29.0098     24.3074    0.302221
          93     23.1071     24.2945    0.299232
          94     26.5309     24.3183    0.296986
          95     27.5449     24.3522      0.2958
          96     24.2855     24.3515    0.292703
          97     25.9004     24.3675     0.29011
          98     23.3379      24.357    0.287326
          99     27.0235     24.3839    0.285682
         100     23.3915      24.374    0.282985
