           1   -0.895496   -0.895496           0
           2   -0.889408   -0.892452    0.003044
           3   -0.894656   -0.893187  0.00190483
           4   -0.890152   -0.892428  0.00154589
           5   -0.891584   -0.892259  0.00120928
           6   -0.895848   -0.892857  0.00115441
           7   -0.886056   -0.891886  0.00137693
           8   -0.894416   -0.892202  0.00123369
           9   -0.886312   -0.891548  0.00126967
          10   -0.887512   -0.891144   0.0012052
          11   -0.890064   -0.891046  0.00109456
          12   -0.899904   -0.891784   0.0012423
          13   -0.887288   -0.891438  0.00119393
          14   -0.885792   -0.891035  0.00117664
          15   -0.888792   -0.890885  0.00110555
          16   -0.883464   -0.890421   0.0011334
          17   -0.887512    -0.89025  0.00107832
          18    -0.90204   -0.890905  0.00120937
          19   -0.890216   -0.890869  0.00114452
          20   -0.900192   -0.891335  0.00118162
          21     -0.8968   -0.891595  0.00115368
          22   -0.890704   -0.891555  0.00110074
          23   -0.893216   -0.891627  0.00105427
          24   -0.885256   -0.891362  0.00104371
          25   -0.889304   -0.891279  0.00100447
          26   -0.895296   -0.891434 0.000977347
          27   -0.885224   -0.891204 0.000968168
          28   -0.891392   -0.891211 0.000932974
          29   -0.888032   -0.891101 0.000906876
          30   -0.892384   -0.891144 0.000877169
          31   -0.890408    -0.89112 0.000848733
          32   -0.891472   -0.891131 0.000821856
          33    -0.89856   -0.891356 0.000827762
          34      -0.903   -0.891699 0.000873023
          35   -0.883288   -0.891458 0.000881114
          36   -0.891128   -0.891449 0.000856338
          37    -0.88744   -0.891341 0.000839891
          38   -0.894592   -0.891426 0.000821955
          39   -0.900824   -0.891667 0.000836079
          40   -0.883104   -0.891453  0.00084256
          41   -0.890712   -0.891435 0.000821952
          42   -0.897864   -0.891588 0.000816617
          43   -0.895512   -0.891679 0.000802604
          44   -0.896896   -0.891798 0.000793063
          45   -0.885864   -0.891666 0.000786374
          46   -0.895288   -0.891745 0.000773109
          47   -0.889096   -0.891689 0.000758577
          48   -0.896552    -0.89179 0.000749486
          49   -0.897912   -0.891915 0.000744588
          50   -0.891824   -0.891913 0.000729547
          51   -0.896288   -0.891999 0.000720226
          52   -0.893208   -0.892022 0.000706623
          53   -0.897984   -0.892134  0.00070223
          54   -0.895528   -0.892197 0.000691963
          55   -0.885408   -0.892074 0.000690391
          56    -0.89376   -0.892104 0.000678619
          57   -0.888184   -0.892035 0.000670145
          58   -0.895496   -0.892095 0.000661187
          59   -0.885864   -0.891989 0.000658409
          60    -0.89284   -0.892003 0.000647498
          61   -0.886224   -0.891909 0.000643804
          62   -0.889216   -0.891865 0.000634823
          63   -0.882992   -0.891724 0.000640346
          64   -0.891248   -0.891717 0.000630306
          65   -0.899352   -0.891834 0.000631552
          66   -0.888888    -0.89179  0.00062351
          67     -0.8986   -0.891891 0.000622488
          68   -0.885736   -0.891801  0.00061991
          69   -0.890176   -0.891777 0.000611314
          70   -0.901568   -0.891917 0.000618538
          71    -0.89384   -0.891944 0.000610365
          72   -0.893848   -0.891971 0.000602409
          73   -0.889992   -0.891944 0.000594717
          74   -0.893616   -0.891966 0.000587061
          75    -0.89188   -0.891965 0.000579182
          76   -0.887872   -0.891911 0.000574042
          77   -0.885144   -0.891823 0.000573314
          78   -0.888184   -0.891777 0.000567836
          79   -0.894864   -0.891816 0.000561963
          80   -0.895304   -0.891859 0.000556605
          81    -0.89244   -0.891867 0.000549737
          82   -0.896984   -0.891929 0.000546566
          83   -0.887408   -0.891875 0.000542681
          84   -0.888856   -0.891839 0.000537384
          85   -0.889592   -0.891812 0.000531682
          86   -0.889336   -0.891783 0.000526251
          87    -0.88148   -0.891665 0.000533479
          88   -0.894352   -0.891695 0.000528265
          89   -0.888488   -0.891659 0.000523538
          90   -0.887392   -0.891612 0.000519855
          91    -0.88568   -0.891547 0.000518226
          92   -0.894392   -0.891578 0.000513495
          93   -0.890392   -0.891565 0.000508103
          94    -0.89044   -0.891553 0.000502811
          95     -0.8958   -0.891598 0.000499495
          96    -0.88832   -0.891564 0.000495442
          97   -0.892232    -0.89157 0.000490357
          98   -0.884616     -0.8915 0.000490488
          99    -0.89328   -0.891517 0.000485841
         100   -0.895272   -0.891555 0.000482421
