           1    0.456673    0.456673           0
           2    0.438707     0.44769  0.00898288
           3    0.453119    0.449499  0.00549288
           4    0.422594    0.442773  0.00776733
           5    0.399042    0.434027   0.0106158
           6    0.473833    0.440661   0.0109153
           7    0.466592    0.444366  0.00994113
           8    0.473031    0.447949  0.00932514
           9    0.417028    0.444513  0.00891277
          10    0.403972    0.440459  0.00894346
          11    0.414808    0.438127  0.00841906
          12    0.426905    0.437192   0.0077422
          13    0.409666    0.435075  0.00742989
          14     0.40892    0.433206  0.00712792
          15    0.402757    0.431176  0.00693928
          16    0.418433     0.43038  0.00653979
          17    0.442111     0.43107   0.0061817
          18    0.427951    0.430897  0.00583074
          19    0.432126    0.430961   0.0055157
          20    0.398037    0.429315   0.0054855
          21    0.403918    0.428106  0.00535607
          22    0.441794    0.428728  0.00514458
          23    0.421949    0.428433  0.00492464
          24    0.381312     0.42647  0.00510745
          25    0.399853    0.425405  0.00501326
          26    0.458607    0.426682  0.00498299
          27    0.399501    0.425675  0.00489943
          28    0.409419    0.425095  0.00475677
          29    0.373499    0.423316  0.00492259
          30    0.463567    0.424657  0.00494132
          31    0.398677    0.423819  0.00485219
          32    0.434048    0.424139  0.00470897
          33    0.472801    0.425614  0.00479635
          34    0.404992    0.425007   0.0046925
          35    0.397656    0.424226  0.00462299
          36    0.426091    0.424277  0.00449303
          37    0.429421    0.424416  0.00437212
          38    0.441554    0.424867  0.00427935
          39    0.439016     0.42523  0.00418393
          40    0.396339    0.424508  0.00414146
          41    0.404683    0.424024  0.00406803
          42     0.45462    0.424753  0.00403627
          43    0.411039    0.424434  0.00395417
          44    0.460535    0.425254  0.00394942
          45    0.447234    0.425743  0.00389144
          46    0.416967    0.425552  0.00381068
          47    0.406121    0.425139  0.00375157
          48    0.454003     0.42574  0.00372149
          49    0.450527    0.426246  0.00367968
          50    0.434518    0.426411  0.00360913
          51      0.4191    0.426268  0.00354056
          52    0.419227    0.426133  0.00347444
          53    0.413169    0.425888  0.00341702
          54    0.376506    0.424973  0.00347561
          55    0.391987    0.424374  0.00346414
          56    0.452582    0.424877  0.00343881
          57    0.396104    0.424373  0.00341545
          58    0.468428    0.425132  0.00344093
          59     0.43365    0.425277  0.00338519
          60    0.407928    0.424987  0.00334083
          61    0.450317    0.425403  0.00331174
          62    0.360182    0.424351  0.00342351
          63    0.384393    0.423716  0.00342792
          64    0.395123     0.42327  0.00340338
          65    0.465688    0.423922  0.00341357
          66    0.389131    0.423395  0.00340254
          67    0.448224    0.423766  0.00337179
          68    0.436284     0.42395  0.00332694
          69    0.441874     0.42421  0.00328864
          70    0.444157    0.424495  0.00325382
          71    0.424536    0.424495  0.00320767
          72     0.40884    0.424278  0.00317027
          73    0.412604    0.424118  0.00313062
          74    0.445931    0.424413  0.00310207
          75    0.394676    0.424016    0.003086
          76    0.430052    0.424096  0.00304616
          77    0.385871    0.423599  0.00304705
          78    0.431761    0.423704  0.00300955
          79    0.406908    0.423491  0.00297881
          80    0.464721    0.424007  0.00298615
          81    0.376176    0.423416  0.00300759
          82    0.463627    0.423906  0.00301089
          83    0.466563     0.42442  0.00301846
          84    0.396895    0.424093  0.00300026
          85    0.415101    0.423987  0.00296664
          86    0.448771    0.424275  0.00294607
          87    0.445295    0.424517  0.00292202
          88     0.39668      0.4242  0.00290589
          89     0.44091    0.424388  0.00287918
          90    0.424922    0.424394  0.00284702
          91    0.400953    0.424136  0.00282732
          92    0.444236    0.424355  0.00280494
          93    0.433715    0.424456  0.00277644
          94    0.458168    0.424814  0.00277006
          95    0.453351    0.425115  0.00275716
          96      0.4331    0.425198  0.00272955
          97    0.407002     0.42501  0.00270777
          98     0.42532    0.425013     0.00268
          99    0.450902    0.425275  0.00266565
         100    0.404348    0.425066  0.00264714
